# Pesos da Rede Treinada TxH=  0.8999999999999999 TxOut=0.02
12,21,12
12,21
1.3848295821076118,-0.9514457139532322,-0.7164532370534237,-0.771717075211118,-0.7784480633232187,-1.0778542227803967,-1.2674760753607028,-0.996404758967342,-0.8178254662244907,-0.9057757130478984,-1.059121516760576,1.2185562982486757,-0.9150271344713219,1.634728531036515,-0.6220274895890485,-0.7538128297587297,1.5787744820782297,-0.8846457786471198,-0.9391706558566446,1.4191508900881071,1.4414136042784778,
-2.563279804077475,2.6162945505169315,0.17395761914870345,2.2644099766691492,1.517563950151876,2.628783879136205,2.329722142380538,2.483109160200124,2.7153035184910714,2.5889916453076203,2.1850739080965997,-2.427456662542544,2.4637222569821855,-2.4853095513415835,2.244657390551801,2.0727123120094415,-2.8921585138592993,2.2670981568506448,2.2814445528436016,-2.19425308305858,-2.264865721455066,
-2.875159783914052,2.900976063914433,0.14671352754284475,2.562638337572215,1.8547355483538424,2.642172476736428,2.3636025614358847,2.813642442888951,2.8209428390949025,2.648783392369112,2.426448833723212,-2.4529077251117766,2.7232156605832936,-2.522201303915859,2.4356783510751874,2.3848172226106383,-2.7494795776605154,2.4099363429628498,2.852411529404626,-2.4986857755310803,-2.5161822018709943,
-0.34850509326387386,0.6274850172745268,-0.5025254760889494,0.300210585124916,-0.010417760750811763,0.2795651113383731,0.12451802256660141,0.41461437633618775,0.2888840226668237,0.533684789226353,0.6978412118720728,-0.4855282863647188,0.42069529218969176,-0.5510227831656875,0.5967598554416512,0.31170151178187616,-0.31555448070991504,0.30923405610463095,0.553591819085959,-0.6638338281021062,-0.32152239825445855,
0.8947733113497418,-0.3505516167879693,-0.8299618604769325,-0.1768396681217559,-0.8209540161495846,-0.3404866994703626,-0.8385492292465444,-0.901643543853779,-0.645331849573896,-0.6635205150637085,-0.619287677140215,0.6400362086805736,-0.2834484674220504,0.8989173648427584,-0.3361349268498417,-0.6129615210257229,0.9664935892015647,-0.5232639766624189,-0.4908391935639789,0.8388289312571647,0.5884924573051044,
0.981013464381291,-0.7586301725142743,-0.4378414520205858,-0.5509271003816367,-0.7881361462576215,-0.6600184972657454,-0.6436316751499671,-0.8740385836675258,-0.812183069284993,-0.6959859056542793,-0.7960500512445428,0.36002428737201747,-0.7466640761172249,0.8611780937475408,-0.8551229030587846,-0.6859386415880262,0.8664601206537887,-0.44731178688007805,-0.6905802304902549,0.44251766369000717,0.5936583952588482,
2.1848902001874273,-2.065200254062493,-0.5213602421815574,-1.9736704907052514,-1.6042006433150087,-2.0929938013957563,-2.2320607785108377,-1.8687965517554979,-2.2489859763435667,-2.191167240237367,-2.077669323120432,1.8240680091502652,-2.159166090784676,2.0799155844927424,-1.899182348462807,-1.4434773898629178,2.260841363392678,-1.956674896449076,-2.0637171085906587,1.78279358187077,1.7218129327560912,
-0.9906708050538232,0.48115333793724335,0.26507482833464485,0.4940292979308876,0.754317997387633,0.693219054812788,0.841720983756581,0.7102189679534392,0.5824488057847109,0.5631898317672233,0.6229885529256635,-0.7497617845486837,0.6712852395307551,-0.8867704939824589,0.7539375466102226,0.5131898075945687,-0.8570367889251325,0.4650113545101302,0.6304597834055686,-0.7491820891120827,-0.7354562047703861,
0.985319719304053,-1.3522247896142752,-0.5122208479938788,-1.1371024663356701,-0.7409398450322964,-1.3352826540190468,-0.745326846835762,-1.231432844076133,-1.1411057391146562,-0.8694573436250105,-1.1388046571696409,0.7344812869702237,-1.1888873836559952,0.733128974012379,-1.265485877236147,-0.955029633385189,0.860337888173193,-1.133109506189687,-1.1319522482973388,0.9620011405963936,0.763601993691579,
1.2144052257185862,-1.0386885994250246,-0.1314267329751761,-0.9690469826129424,-0.656880468550633,-1.1282763486337914,-0.9149395582251746,-1.2880860797981468,-1.324800221783577,-1.2419246962508228,-0.9717481482872344,1.0671675808288212,-1.0166330431272437,1.0318645916690228,-1.1536176871405683,-1.122881369370026,0.9942155651310963,-0.7332416531621546,-1.2697705267901704,1.0451374209403437,0.9089561312781916,
1.042826319051519,-1.211510703355372,-0.23607907475256149,-0.9227317839513123,-0.7640175166587994,-0.9676039670257586,-0.7267142727342871,-0.976253298071048,-0.9379657539937625,-1.10258942370559,-0.9684066129964205,0.8168637949645815,-1.224114957662244,0.6764668167334673,-1.0827463186139152,-0.9492450445505989,1.1072847959045995,-0.7646555393972934,-0.8810868126257809,0.8794255217356163,1.0261877198931928,
0.6202150933172569,-0.964690178153684,-0.31720395034102444,-1.0337896502552044,-0.8497060506074327,-0.8091985598871975,-1.038215350815621,-0.7550496026233543,-1.0476797467315766,-1.0302865128329826,-0.6930115450684924,0.7734833525937806,-0.9244460275570006,0.726648555680705,-0.9284512883784064,-0.8659652059951671,0.973919566572285,-1.0789327835277505,-0.9771847977091727,0.6243913652936627,0.5219536079392697,
21,12
0.39946885280640215,0.08602450051797862,0.1352328279065595,0.1934976039814487,0.34759479095732276,0.10276236833698721,0.0885844932411837,0.22115517646988955,0.10051868643568708,0.06648426476828344,0.3464371480841195,0.17591951624476843,
0.06174264552027066,4.886391861044304E-5,-0.09197110072117032,-0.1112882998878251,-0.08969995001108752,-0.1580195199786705,0.07217299387558188,-0.07671381508223404,-0.19537360209340693,-0.23170428943751298,-0.17395835980436794,0.002277185612319515,
0.015110019602122713,-0.14762262821346336,-0.12624886288603845,-0.3049463768985319,-0.14443391740183603,0.09373571029904508,0.08787246914889142,-0.12962827047862877,-0.12465109595465518,0.11092849816129932,0.027703769821981042,-0.06910748142021908,
-0.03801676330901498,0.01215975889296986,0.019421362241889287,0.1436090072563869,-0.19591811878775228,-0.1775041886659252,0.001372853662989336,-0.20500535485225146,-0.29285507874123723,-0.15842832487972514,0.049418931384033485,0.07353527794110361,
-0.0017340702432723143,-0.1163551756059057,-0.19713246885168362,-0.11734980182018537,-0.04411398294480711,-0.25065472306455533,-0.18282853779276365,0.04248939237090803,0.037823986699827485,-0.03338251809669605,-0.07814409073799665,-0.02182648700877998,
-0.14307885224949504,-0.10637069349009962,-0.11970258656982309,0.13136223689063403,0.033024359701784724,-0.1602163510480431,-0.3473448115057775,-0.029332395615523185,-0.04635623353486391,0.04762588546342923,-0.17991506010750996,-0.0882421774422198,
-0.014576941918946847,0.05156277022426189,-0.21255740864776337,-0.15428575655789917,-0.2670734696211112,-0.20889948251564097,-0.07292022318679543,-0.14356618400682875,0.1054761696467762,-0.160843214451328,-0.015723906999222444,-0.11440210848498801,
-0.10846347189496668,-0.12488407243019657,-0.17943987788519164,-0.06745728222673186,0.03709779310998991,-0.307321102648301,0.01523040392166382,0.027416372506228085,-0.1161745526730764,-0.08290287622361059,-0.09447800007742496,-0.11326286532242627,
-0.2370933208564232,-0.17627838872194534,-0.011019610107075334,-0.24146880532239662,-0.0908609081777664,-0.09473168868169894,0.016172713370349586,-0.07491044813745613,-0.19473387839484096,0.0016395205979262122,-0.03236922446890543,-0.14891815562122823,
0.046433073719855236,0.06693673634961725,-0.14727659196436305,-0.13870733748725125,-0.22650121699640882,0.16326214788577156,-0.2826147936502772,-0.20496286350273243,-0.12238742581855831,-0.02358091728206564,-0.001466956893559586,-0.2113940545050361,
-0.08642325961033338,0.050184721692585116,-0.06460578549551606,-0.1522931683176249,-0.025112043159845,-0.07442884251614847,-0.11341569483290369,-0.3017776363805156,0.12745940491457733,-0.08122408674055774,-0.1306937103425722,-0.1263685208051942,
-0.015975074164871438,0.07011342570135719,0.13275748136997387,0.1775767747977415,-0.015263554115094845,0.13859775909046956,0.035310376239644975,0.2045799443543163,0.2065595025895877,0.09956754336443405,0.32768163210365425,0.25014758085085886,
-0.04559423139362014,-0.22376897110104063,0.0553006429173012,-0.028289118952551342,-0.07892986354863872,-0.014793152557496277,-0.22634026255323883,-0.068582663746288,-0.3223588827050866,0.021228157571345704,0.05081715892693627,-0.11628710800164152,
0.03186706973562059,0.10982973865806775,0.2095998772349344,0.19190015928581797,0.30527547676225136,0.1658029367341421,0.17050146370296615,0.07511349449818061,0.25013796396690197,0.3117882614350242,0.09328323673335924,0.16292860543475826,
-0.01931951950911885,-0.18762850904859174,-0.07846356057697912,0.12879090134569565,0.06324141524396801,-0.015583143607294537,-0.23661797463510975,-0.012380311754086212,0.06561676513932618,-0.25570625018794835,-0.250899401641563,-0.04047643694081752,
-0.11945397859588432,0.11723056446069553,-0.08979552024238219,-0.05594671506561707,-0.09694844141372583,-0.07059407872143653,-0.04300483465709163,-0.12727576115128783,-0.21395381001967373,-0.07772434298820687,-0.11641664267392444,0.1250631819077798,
0.2925314630755184,0.2478059744239041,0.20721749763586428,0.26230596611725643,0.2497327524793355,0.28980334386727724,0.23385868627332548,-0.006433391385473844,0.09855254965524239,0.3250850699132663,0.16210800635008474,0.1904551844607258,
-0.23953091480110333,-0.2399300641264946,0.1115249698706182,-0.2338041392218163,0.1708481000031338,0.0850138170227275,0.024717607802540963,0.018744328762961244,-0.06287677705358444,-0.22160585198264,-0.13212333572762266,-0.15344119828823394,
-0.2770963521557046,-0.03063479360194144,-0.011720506037736488,0.10119034611843092,-0.21627239912033505,0.02103981701373206,0.0546685895053434,-0.011602899557895221,0.07249050543584211,-0.18627196338769558,-0.22383252942407464,-0.24671177513909368,
0.10317453527910293,0.2584917208102625,0.15764168252459307,-0.037213970620518934,0.08706221078325624,-0.012508647865080831,0.2519186870421406,0.236530628301327,0.22425405509945123,0.24078543338788916,0.10182203129793964,0.14308824382914312,
0.15361844313585793,0.09292278751455015,0.09649830543819017,0.09344473875270777,-0.029630549656968905,0.29220324745927045,0.23548046248722798,0.3542677385063975,0.1923363480164168,0.055338569044569706,0.047046256414605934,0.12449987476468723,
