# Pesos da Rede Treinada TxH=  0.2 TxOut=0.03
12,21,12
12,21
-0.46897330333533516,-0.3337317224076489,-0.25935962733390083,-0.40234095041387075,0.12718391690243244,-0.009167189821216313,-0.34563685899855817,-0.04285528112565233,-0.41965137248480955,-0.4639538751513286,-0.2951960981516819,-0.06057339494944801,-0.4375154465516098,0.008502419901877459,-0.27203257960189936,-0.3969996917588535,-0.397710464673894,-0.12633987050029194,0.18082245530502514,0.3213718028279608,-0.36661942065067077,
-0.11649325023575054,-0.3701089344615216,-0.46220128592951926,-0.4371682277985924,0.07135890115110301,0.2524584751144861,-0.45514431679209266,-0.049601526662740966,-0.454984829018524,-0.40708815502639756,-0.31506586397542796,-0.18752079686914144,-0.4561537242116624,-0.3402494193624051,-0.017289649753883134,-0.37879324309959805,-0.21938157603729197,-0.21835590382991538,0.14358316363827883,0.2810611936671011,-0.29304396226415197,
-0.27401716734811327,-0.15003734311955763,-0.36534390200974864,-0.11526733539141593,-0.008040296662198364,0.09036268925171012,-0.4946120622635405,0.07060796794159432,-0.35568798456623235,-0.4844743641031807,-0.5230732650207874,-0.06110766901608947,-0.3233190820879252,-0.061882711631821574,-0.1997660271158514,-0.16189273460929354,-0.07707095944211138,-0.45454523245476336,-0.02536691455987418,-0.050334709288579055,-0.2030456801410368,
-0.49036869785854276,-0.10736234455229894,-0.21700847618984667,-0.4880018716859779,0.06290865485153703,0.19092356564279087,-0.4466251130014492,0.04457239383095859,-0.14523347370260567,-0.5518045975127053,-0.30906013258444714,0.20079811495405284,-0.6185369674785763,-0.1848935358779797,-0.3387514831015474,-0.518404082827626,-0.08332579216635982,-0.5756961317138799,-0.05357815099876314,0.018059626509708042,-0.21725871191290272,
-0.14397746607676284,0.021700380627073766,-0.2505680411565324,-0.17874524044113616,-0.23130237854256377,0.30970798636981434,-0.3724796503570823,0.20612952451396543,-0.46175143968612054,-0.3048803644219198,-0.36923108216789446,0.0974926078346559,-0.37658697686681203,-0.38850302574617707,-0.49653539910945776,-0.14000102322315952,-0.04735861510806844,-0.514742316214553,-0.0076718688628611715,0.004980057977004777,-0.2606228901385782,
-0.23936926007447887,-0.018821586156066304,-0.4266531737854402,-0.30473043774025343,-0.10126475972935536,0.23006918390262673,-0.3504089074509682,0.03464973161649816,-0.23202399093255716,-0.40727442284927146,-0.14932290755400818,0.22164775495553965,-0.2386625789131766,-0.4142547908560301,-0.30568666262111993,-0.3222584787502114,-0.22405660319954576,-0.15504705235231037,0.10254989043589663,-0.08327390999977181,-0.2817348259316089,
-0.4559856376752136,-0.16378978695943675,-0.22415779367482294,-0.27625002457816067,0.10489090483006439,0.24034984789848066,-0.39892579635992126,0.3046157367564756,-0.5857056861233699,-0.3770252412488986,-0.21418959355392161,0.00903897273598054,-0.3420601360858575,-0.36912661105209926,-0.43359029270329336,-0.3290178411552878,-0.2659388682858263,-0.1968450011335932,0.08120166886569734,0.20140475133495836,-0.10058131260256528,
-0.3001737601228204,-0.11583226976132228,-0.5090883084938476,-0.38079777048362823,0.09952719908504268,0.05450550995457995,-0.29085808363453197,0.10998855298760264,-0.36753558482776566,-0.3092049993287475,-0.47894816255373224,-0.21780601502089278,-0.6220718703367248,-0.08733277870562646,-0.12522184763512495,-0.5481903567032342,-0.3143332119818166,-0.15343056463824115,0.13373414406557066,0.33519621513782927,-0.06515774349274514,
-0.3987222295283493,-0.10349257991310662,-0.22973382978902898,-0.398275759345059,-0.10328465145043293,0.3412419815126782,-0.38949076059130266,0.3539335604466409,-0.26454048291256754,-0.5548711881862359,-0.2425460984725086,0.00963621619979501,-0.22791973141775546,-0.40613449966731235,-0.4129783987083589,-0.25867549358832864,-0.4743999500494022,-0.3550687091029311,0.11401185695181107,0.004893310433342565,-0.48047851725104873,
-0.3023283656840118,-0.30859648102767784,-0.6048478717449255,-0.3602562734200041,0.014594452824804184,0.4600599496648876,-0.3945086743116326,0.09986015965427217,-0.5477558761101045,-0.4745243979606819,-0.4942479088493925,0.2582222861360065,-0.6125409621966419,-0.3780623004901508,-0.40006342650618226,-0.43486226962339725,-0.34907842623133123,-0.43766859450512313,0.13872773606355013,0.27907873588052373,-0.37513352169618863,
-0.5049495686381215,-0.3133562619583256,-0.6538010958554796,-0.173884752009306,-0.08393930648638917,-0.011735171561293868,-0.43871608723369393,-0.046240339422044544,-0.4546484166008907,-0.5566541467241002,-0.6011128499472179,0.1748487084548486,-0.4478793186789613,-0.3893708761562118,-0.4789409002397199,-0.20386946850496923,-0.25069047343042905,-0.2375650532748223,-0.016544798129074903,-0.02350170311965253,-0.45671173067193,
-0.3356391658010447,-0.03577223279004315,-0.4643502196655245,-0.5087480141083409,-0.3503774507997495,0.28286968616480285,-0.06919700625491344,-0.16181605192156553,-0.2581650118929994,-0.16900905353016626,-0.5908227186070694,0.19953962241819667,-0.40084061890077405,-0.18375690642446366,-0.33674378181621706,-0.5188940824190528,-0.25835482364259055,-0.45130623109351026,-0.15254447643119204,0.2647655586889699,-0.34086824755911094,
21,12
0.11027725665496114,-0.1632183354058114,0.14223369209339456,0.18020123639518687,0.14585469816719815,-0.2942458582938472,-0.16488319126031498,-0.23615332903926994,-0.25913701810634354,-0.18529400580312155,-0.09557277214766607,0.1462073389189768,
0.19995313264157272,-0.146228914897459,0.047093131098448385,-0.03887591206095313,0.1604564538257652,0.2396886411990212,-0.045392774166752865,-0.16572904933027738,0.03158601785354703,-0.11936618743368722,0.27478560686620335,-0.06581096946570857,
-0.24364806190084234,-0.22905551222094622,0.01060115995123785,-0.05777199943883328,-0.28570194355046347,-0.3276399566293275,0.03769446958940999,0.1397741305211731,-0.13130666257101983,-0.2165343673089986,0.09026795539148967,-0.018435867318691516,
0.12188870186508366,-0.11015758185279087,0.0630818924774566,-0.034572614254958625,-0.10075374242457563,0.15994108629736142,-0.14592685385760348,-0.11004885422976596,-0.12700765162345778,-0.09717193913662722,-0.2266854741625258,-0.15105924002008553,
-0.0014092051004024133,0.08604960085264263,0.16484061877101636,0.2847721322839127,0.14076170768229485,-0.0419283375476088,-0.011278329609015189,0.31153554887300816,0.07396156126565664,0.21878539663321145,-0.05505191857737758,-0.09350558579579278,
0.32018651018828875,0.3344498694889481,0.24469762824095623,0.1458323960696783,0.3485161186606114,0.20005125160571802,0.34303834783360876,0.2389073153374493,0.23770952629057243,0.22691718422235443,0.38167175749421844,0.2666787789058477,
-0.1800137316879049,-0.23732909656464546,-0.27194533015941175,-0.2745713357575286,-0.06375595746081252,0.04462613337630231,-0.00440792919878957,-0.03979331900616547,-0.17261989014939025,0.12453441843174495,-0.24949360202440451,0.049818194758619136,
-0.002787205473504692,0.27232989531499885,0.3002102745288811,0.006356942994702353,0.37666577485595404,0.08583490192810536,0.1067311226859032,0.12174315954270411,0.3756158656197911,0.07796772064513921,0.14027425350210895,0.1452776098612437,
-0.11872946031334558,0.03154222734730192,-0.07732273033775215,-0.12501554821749922,-0.1922215224154121,-0.17516920161666566,-0.19302267237513762,-0.08283305811671675,0.040014107315139255,-0.1411698511783233,-0.2373697366609303,0.10771512600075943,
0.08709206694070083,0.025332820590688643,0.11611905040993631,-0.12558613563824061,-0.3416091006793976,-0.24287372983526936,-0.22494176367614688,-0.13577190083241117,0.06347787393635271,-0.15852154270166166,-0.2520192768322013,-0.11815844425038986,
-0.1731310959252637,-0.05425066636741881,-0.14821649005958962,0.09139515945040158,0.14828777957480682,-0.3057853250993203,-0.1627742503615234,-0.22136295202992348,-0.17292247348450546,0.11305581625893489,0.10034447225469799,-0.19760402482433598,
0.029964630159714324,0.2193387610828629,0.22396062715069162,0.06837713147413373,-0.036363419837708355,0.0708418392877436,0.07594631852830573,0.18484716605833157,0.28523401416363614,0.1261460411904188,0.28148994332433847,0.31343195628776854,
-0.11143186238339634,-0.07645413290274504,-0.28056396471445,-0.2753621553754345,-0.07878276894546918,0.008601120566239729,-0.04004764214864659,-0.21930932976787584,-0.10438719051244978,-0.061572266514894315,0.01191644623276435,-0.36548917873035147,
-0.03243671302286775,0.18159010779072768,-0.031402547462977125,-0.1318226288548431,0.16895557096383693,0.02169931840108141,0.001821270398099378,-0.11064420894277385,0.030380312958456144,0.020633170807821278,-0.2666605311147105,-0.07310097514822313,
-0.13931872886805957,0.03376252985674551,-0.22298912966397488,0.03094285317289137,0.0410287087568751,-0.012802838276222564,-0.1907503983270344,-0.15015816326514736,0.03691811845288562,-0.16200749698856803,-0.04498549105204921,0.06756708940055663,
-0.028430624742434175,-0.26068982025490883,0.16536336869669985,-0.19811421662615908,-0.26351301662373605,0.07556179924952268,-0.04981312245105838,-0.10794760779122345,-0.025192252487197087,-0.1125221416525617,-0.18600680764148997,0.047960500057685464,
-0.17314184399775603,0.1463463961034159,-0.1398769801979922,0.1886521190520557,0.018658531448983693,-0.06332457613975852,0.08225999088682301,0.15252453389014142,-0.1997863777751781,0.01632481058965732,0.0014888312244912421,-0.22885341209585652,
-0.030709494012338474,0.15350497699203375,-0.14000418096947365,-0.21283930022804023,-0.2515774912667422,-0.08112094458560935,0.060229189435549335,0.03096923816347287,-0.20109938111231493,-0.03864120223030917,0.06870877947056402,0.05992524578908654,
0.2931398191783904,0.0594610437859106,0.08466305196044964,0.031176281773408143,0.1669117089591439,0.5181171162296581,0.051938767363972786,0.04153447055320622,0.2663650185782598,0.18345027713475284,0.07545006159678494,0.16907669437416845,
0.3368964003833708,-0.004360657276927268,0.1237597489762105,0.5271811284092509,0.025241292428148914,0.1563336809207447,0.41034705517450626,0.3347156055030327,-0.0343927399418676,0.4182607058499362,0.1637605525324073,0.3421055597845394,
-0.18332570730425457,-0.18909619821167456,-0.24196188250383732,-0.00600911960166419,-0.08914401810694418,0.043642528558703604,0.15025625374272325,0.12555933892322999,0.12291418264750711,-0.09754011026446238,0.11681898463824925,-0.2215395097934367,
