# Pesos da Rede Treinada TxH=  0.8999999999999999 TxOut=0.09999999999999999
12,18,12
12,18
-0.8865047479195796,-0.655094831689803,-0.8258856213546103,0.6144599037671545,-0.7974326355836552,0.8966902996750357,-0.9782680952243807,-0.4709221928562489,-0.5917258277426148,-0.9232921294836953,-0.4568745967245658,-0.9882755613314809,-0.5139171706282007,-0.19191707910329361,-0.5482971861361915,-0.6445543573974348,-0.4101445567530888,-0.34269524764349285,
-0.39849288372110175,-0.25238885723980853,-0.4671178645409679,-0.2863221445917535,-0.39414455515561847,0.4091571206137199,-0.514582942146727,-0.3848247771300683,-0.2565953866232758,-0.561140253519149,-0.7250236806114215,-0.4934119763799416,-0.3791632868956026,-0.18180134702446255,-0.5985823022758502,-0.29013435689624717,-0.5621594763510337,-0.27192808908858673,
-0.32582259857036067,-0.2386831507728135,-0.5647813618998433,-0.43104978257800136,-0.07252049140510959,0.3549461360033383,-0.4306620206195067,-0.029520348840636312,-0.19537730614836177,-0.6384365436028315,-0.49364134968419354,-0.18408752090056452,-0.0022280906210163267,0.019855944775738953,-0.49186366795425196,-0.14436446289560195,-0.5612487092306998,-0.2161521372514689,
-0.8232576065762345,-0.8762382719508202,-0.7430334603906448,0.3557226337120625,-0.913304974745734,0.9400207947915044,-0.799212393215367,-0.29417524273711965,-0.6518860004409917,-0.9841019898909007,-0.3816665419758956,-0.7504322867158426,-0.517753286962178,-0.610071118924354,-0.6752128482600245,-0.5387147237609542,-0.5858127742642473,-0.5723516373284293,
-1.0007562495258924,-0.9072223727847681,-0.9781943044029888,0.19602986181218385,-0.8291525763567343,1.4053450289901706,-1.0460957850623784,-0.7735284239232176,-0.5791199874480846,-0.7045358585798,-0.6437669494118864,-0.8273559258892036,-0.7573032188164615,-0.4813683636369785,-0.9743500783762268,-0.4703105498688308,-0.4221555434055663,-0.6062870585960972,
-0.6410142075675606,-0.7320958452043246,-0.6067871437866036,-0.3099152299447193,-0.45209322308385147,0.6713597517775024,-0.2074405916862739,-0.6523466782026731,-0.5598238077830525,-0.49679544102969697,-0.3035292314925831,-0.34662928646066865,-0.46665789633954236,-0.5687753055393902,-0.30286262160933064,-0.39618388230499435,-0.6436342472769392,-0.5260464103664497,
-0.5804565958392214,-0.8103893298193253,-0.5862737843691088,0.07816066182498656,-0.5686280206751911,0.7138813397138734,-0.4673684929986778,-0.5433297492736697,-0.551165622205297,-0.734100972360008,-0.4868319906000545,-0.5832533371256036,-0.5953516367757953,-0.6284783367831775,-0.7165686292204959,-0.5074606986107213,-0.6456744024040091,-0.4253216478915295,
0.013095258560630388,-0.29002854518165083,-0.40664937405967655,-0.5010668207444698,-0.05589731568856804,-0.19815976854454143,-0.2298413274574314,-0.4061473551379821,-0.3017484007025174,-0.07096920149616406,-0.7720398147722874,-0.07254802777839481,-0.11509690265236225,-0.24454316661495726,-0.4028969349429698,-0.2638625658792907,-0.32717880364063756,-0.33432315076051633,
-0.39303914169192483,-0.5097173396728221,-0.13465748861086688,-0.48238943322702765,-0.4283945542902848,-0.19990376921426153,-0.23945336449656882,-0.5538829357149769,-0.5205759899744545,-0.31905888853170916,-0.6288646710984254,-0.09919514238776066,-0.3655919746768965,-0.6500816359651505,-0.2632542359347262,-0.3637234100814948,-0.48797383071410644,-0.7384563454395962,
-0.3253304068278485,-0.12338086700720491,-0.3565743981777039,-0.698310648665913,-0.4990348971744206,0.16816421760412995,-0.32144940915662,-0.18807007417213856,-0.41391166686126757,-0.09408894154434928,-0.3872896250656093,-0.5823617389918424,-0.5532324824573028,-0.44963640691118845,-0.3850031320977192,-0.6122605823095624,-0.5940112253534903,-0.571394451164933,
-0.48963260309582396,-0.17259175378802075,-0.3569220489639796,-0.04094215589675384,-0.4589159741888613,-0.09112665365891522,-0.48874110300929297,-0.49340864482978797,-0.2397914766127768,-0.27823542725899203,-0.31607030996899893,-0.5814486977299899,-0.47481004152875117,-0.7316665332631278,-0.46529994422463,-0.6654674124571097,-0.25655436592375735,-0.5464977376013163,
-0.24797639264582644,-0.4771483573732143,-0.19095333916111518,-0.3122202195055241,-0.5137733439765662,0.26417640537996034,-0.49924708013690156,-0.6868661053375024,-0.7111828255438867,-0.5256426291209776,-0.4806592879957703,-0.44556834137298784,-0.6968089334744673,-0.7430994363967147,-0.23654708305792366,-0.53293556344367,-0.5836099777601366,-0.6045486309995008,
18,12
0.022075099570617235,-0.27417914944586363,-0.2804505573168071,-0.21453535522744058,-0.14795484486440738,-0.3932611672792234,-0.3291311336501038,-0.28132639296966727,-0.226311105378967,-0.45997507547424554,-0.22961732146810399,-0.23109736215525012,
-0.40692721003643495,-0.2971799411377003,-0.10876318552235321,-0.22174725637747109,-0.08784708646414245,-0.21932192456638916,-0.2781476336402749,-0.2409959790102212,-0.40195309750568814,-0.23725037173725377,-0.17411921276806552,-0.21501857755586523,
-0.3370088340661537,-0.2900950949340224,-0.16314307092477137,0.015608976462487845,-0.34589144964934304,-0.3244661123407761,-0.3454162626628342,-0.4728602136594183,-0.31217513109755424,-0.16887573593095695,-0.166520528115529,-0.213722257454113,
-0.07813711998880478,-0.08264234671650582,-0.1574936508394316,-0.2532487517406829,-0.12852349435550237,-0.07673990601633567,0.02019803776240998,0.11864547802201071,0.20682404671047977,0.12409466233242493,0.1961098363575501,-0.0060457754812539045,
-0.27302357578010905,-0.18590139119211652,-0.012428010497416032,-0.05903969621285118,-0.2751013717271185,-0.23149830382193112,-0.39132688869338444,-0.1481074234624809,-0.1158705072517544,-0.24204655762766925,-0.42924838076772753,-0.3014605966068837,
0.7811174880850783,0.6982678084708371,0.7851836593809315,0.7827096358927736,0.7942790047136554,0.7832592696151242,0.7817128591794248,0.7946169673483654,0.8212397511988179,0.8470765765679389,0.7873146606932611,0.8243492646309486,
-0.3386137620828687,-0.049601122486774014,-0.29486440640430295,-0.22786692393876082,-0.10389185433188922,-0.3689559057202435,-0.2582725773715185,-0.41365977582134766,-0.26720067496356154,-0.31948269663063295,-0.2957634192500417,-0.44136620813457184,
0.024068261555130848,-0.22742255126061345,-0.1389894417738266,0.10571086453965324,-0.042243135301038084,-0.07111407862330006,-0.08097566127401881,-0.18062956072474076,-0.17748944411875392,-0.3476910244074091,-0.15688314755385763,-0.21770180366868977,
-0.19726646072095827,0.15691500723025853,-0.07242266783635373,-0.2736539395943199,0.017392971716049123,-0.06952800122325278,-0.22950477257792334,-0.06790356923477904,-0.4213119451817668,-0.40290654231526307,-0.022623101261134246,-0.3095602927120071,
-0.17752164610945093,-0.19966764786266128,-0.42170592669155355,-0.4071021292790494,-0.41469360208795475,-0.214662712245612,-0.16304165964212114,-0.22227410588241883,-0.1554494305442957,-0.3140938951496178,-0.42933210496423524,-0.3061912646054633,
-0.34631830609716546,-0.2577197262646813,-0.2521515203198568,-0.3345663232848172,-0.35996074270587824,-0.2193355198766393,-0.19151367090584173,-0.22198343837394674,-0.04682442342983118,-0.07937702212987821,-0.23534741226081865,-0.24226540788224,
-0.25086883368155305,-0.18027833796239295,-0.206891697228194,-0.09402063642942571,-0.053756448542925425,-0.34752271973194115,-0.2505790392001578,-0.056625161441526344,-0.4035480283131555,-0.4441315853079753,-0.30738591088714307,-0.15796248334288643,
0.08680387463050845,-0.033436438204599836,-0.09335307097690261,-0.14890136585870234,0.10930812682687155,-0.02692825602454588,0.0932050842033165,-0.3385146698714433,-0.3964574233144268,-0.2608714002846952,-0.27980104850417775,-0.15339790260486755,
-0.10256189153650172,-0.09194656581202558,-0.12676897315178523,-0.16534299902966532,-0.24201702354228027,-0.026711190408561604,-0.17900150250169286,-0.12456359452838905,0.06737209510449613,-0.16080032260272809,-0.19909489143208134,0.006535911225902556,
-0.37921639159463116,-0.04657396132891712,-0.0789542021936567,-0.1766160376581044,-0.3540789581735211,-0.34610013829120023,-0.1875883361947216,-0.16617725740366915,-0.4197853616896063,-0.15583423796357737,-0.16791519718105088,-0.3099869577717066,
0.072737996313894,-0.002215101532701572,-0.06434627971543506,-0.06070089062759498,0.0356882065532783,-0.0285319507289417,-0.17805937425640142,-0.21095320948266524,-0.30151527512166826,-0.18612018187036922,-0.3733549928048264,-0.14426959364932665,
-0.2770963382156106,-0.3620180567908864,-0.346391648353504,-0.35054353089634366,-0.31579101964358675,-0.23545013046912794,-0.1857688317189067,-0.13687877569582763,-0.2344013046914994,-0.20107274673950332,-0.16298820435419514,-0.10888429760892533,
-0.32253389195331805,-0.2707687219106415,-0.17725821047178927,-0.014191876429658313,-0.35035340718396224,-0.10014570758760975,-0.2540778819019369,-0.3034141419594159,-0.07501245393616182,0.06595878260633439,-0.1802482113533499,-0.12809295986310018,
