# Pesos da Rede Treinada TxH=  0.30000000000000004 TxOut=0.01
12,14,12
12,14
0.1506466592231615,0.3246732788868872,0.2896160908931063,-0.5387163267888845,0.22979445650728075,0.12870983457169277,0.3923108906834713,0.30564706615395315,0.09756432155778869,-0.31751768544189185,0.010998118054176815,-0.31915905744291634,-0.3645373819489942,-0.085679402199529,
-0.06714965986620205,0.1230218594202284,-0.061936417959010566,0.19591981674950504,0.02616521420431329,-0.1674343790012722,-0.034503871959006414,0.07439546359829335,0.07531887713629838,0.16996907048853238,0.0613720545686574,0.014742834692504841,-0.22605790960603164,-0.13068901017483894,
0.1117435573979145,-0.1787239253216474,0.05411840752882022,0.1272231614602174,0.2886270018767814,0.01088775925860499,0.2507682140049114,0.23233393837766575,0.09398769615615869,0.2055098093317315,0.17975654686675493,-0.08962882221161274,-0.08717353088696012,0.08138665107790302,
-0.0020674407641515817,-0.08185525549616451,0.24165136703890777,0.10090479047358594,0.05832406344652439,0.1448118579073708,0.21482498144191192,0.14333466390918642,-0.11222683833280374,-0.14911574614006384,-0.06126342732499512,0.07608454654083106,-0.1986605966440998,0.1411223281508369,
-0.024237164675287984,0.1681992218413728,-0.022946813142524065,-0.172400623623923,0.3552059035488318,0.012943542372135089,0.11388823865494219,0.06749879255957789,0.1523099133794008,0.08698368440252549,0.2828414617797787,0.11911303844628886,-0.24468189055134953,-0.22739231192188197,
0.199726950377907,0.3173953029743486,0.17308970136236027,-0.35308912097714124,0.17871477044665715,0.22120257676909322,-0.054556309963919386,0.039350710241940055,0.12082680110409033,-0.05359865781398558,0.30382076096596533,-0.08263194060712352,-0.21122861870614257,-0.2052565897297165,
0.1362160165496682,0.09907912539496512,0.26695478200260986,-0.14891829734295467,0.3106426830263063,0.18287134183760745,0.14455776001147463,0.24782057365034368,0.4395067854985876,-0.2923753734867521,0.2646605964162161,-0.3474175055913742,-0.2756456912746782,-0.1594225856746921,
0.25301674354325415,0.278903881332658,0.44152963039035853,-0.37315550610259357,0.31581196420918695,0.4616221023963367,0.22257762764157749,0.070361061242181,0.2898161598518963,-0.2654714815349392,0.46490869726415773,-0.264079974842446,-0.021220137050359612,-0.42656809980949734,
0.20494310893929601,0.502482488016417,0.3586263950512594,-0.39369945755802244,0.07725369991810149,0.31492332639785425,0.19824037787922688,0.49661820602193046,0.5225193776817135,-0.6552353970098742,0.48813880608741583,-0.3576087560267954,-0.16179677805617373,-0.45555823425844016,
0.4888615578160939,0.6092756939271169,0.17335927138058738,-0.8089924179909836,0.1220273181436596,0.3960330349642612,0.46534893216928114,0.2499997980955681,0.42808477600068756,-0.7601166716900041,0.049152609496390345,-0.6521618831376305,-0.39112176463619797,-0.5909100772858165,
0.5020218886082908,0.4064507113236691,0.19190283265801492,-0.3549131835562107,0.2634800580616125,0.36309205899847297,0.38785197720712516,0.5564088261617781,0.32040516401866026,-0.5301208869598478,0.07345417121258035,-0.6306406436551831,-0.35321245926569117,-0.3780417108951192,
0.331886515127197,0.044812779933583624,0.3126414288891251,-0.05905974919952439,0.24059636154710123,0.3628804928626563,0.042551443861076454,0.10083441229468362,0.017359475985664945,-0.09488109581534038,0.3040800393001169,-0.1541173605634912,-0.1682120692143034,-0.3694769859046735,
14,12
0.08781719897258801,0.30590981778718784,0.09278514342485825,-0.09672816422559875,0.12246747867425564,-0.11300214552801008,-0.04279212577755893,-0.02095399050511869,0.11966863672044742,0.1604311148510053,0.1274007982094852,0.2143983622801261,
0.20109042644240036,0.25764705591187453,0.0949018111524711,0.23193366005826466,0.21841395294442226,0.2008284739852854,0.28841732914715523,0.34078613731847013,0.3094196657727796,0.01829229535072812,0.20141764033460705,0.1446739077393161,
-0.06673427782240586,0.04407715530766688,-0.05078271808679213,0.10257016062875082,0.12711505942192608,0.05051538735490935,0.2070800968682723,-0.044359066872591814,0.25566095385789767,0.12304395746304475,0.27342468206688614,0.11399785726615135,
-0.3006810529991071,-0.19320319289294458,-0.3803397940541792,-0.32505763980232893,-0.2911056936939044,-0.35198439102774587,-0.3818639778565556,-0.3065456731342574,-0.18747066948699811,-0.24700289906428133,-0.2847795522204026,-0.42969519318920973,
0.16664150513115178,0.06704576204160996,0.016064442865220345,0.322343208757586,0.1256330158678158,0.010673843828272975,-0.0031792831153590853,0.2492922077872515,-0.04718395394822934,0.18613367404404235,0.2024471823532675,-0.12578605388060002,
0.27655990925137003,0.3019950261002359,0.3239594084726576,-0.015549552720651684,-0.01998929007568332,0.2634825365753417,0.12695127486675575,0.1531775324404412,0.016163595543773137,0.18435533182377523,0.024607909529975675,0.03635686759708878,
0.0025528880832713027,-0.03134009767473385,-0.03757324205607672,-0.0475173201977113,-0.13031576527344516,-0.13426764675509034,0.24650857050451583,-0.0927221539627043,0.22103600613619262,0.30250187007794965,0.2944044629076637,0.2022657882181769,
0.19954983458444206,-0.03028910526502915,-0.044676291820417297,0.24542695304938564,0.26892983285835287,0.2969059221981621,0.27033731929471344,-0.07950639052191283,0.25897619481593387,0.2690352561638406,0.07771391219905252,0.1369252931865053,
0.00728421730122933,0.0011926652252752896,0.3074470700702639,0.0782759330287186,0.2631798768463624,0.22762161371478315,-0.12498903673059285,0.31599721345525206,0.025951722324860385,-0.10043050626370459,0.013932593641693358,0.27507341328923857,
-0.41902577568579025,-0.22578409404115726,-0.3399293283439966,-0.042305942918724485,-0.17040175164754792,-0.14952456910822903,-0.4129302760013055,-0.09826351836933075,-0.10037642036652868,-0.4115609986394438,-0.4315190486669093,-0.20840397788709975,
0.12790164438674853,-0.014485464858249976,0.2938925219892957,0.14121581763419308,0.05019066321341642,0.18774868339802347,0.06310328378254192,0.24489066158192474,-0.10732118152482954,-0.042421641131030516,-0.14430018039019862,0.07247376236603616,
0.019609881149688316,-0.28349322281529865,-0.1988057450331118,-0.12565103895564364,-0.11082276862117639,-0.3546865324563564,-0.12660344516550778,-0.44032702859335726,-0.4989134882274697,-0.32625522345878527,-0.17628853570967543,-0.27788690999003,
-0.18665335727659307,-0.21485786901836837,-0.20085560357368998,-0.3437594452836389,-0.23077749044427828,-0.14014744328088358,0.054567313820280704,-0.13043713492437076,0.013829844394685546,-0.20249606867142728,-0.03152544279895287,-0.12355191366786675,
-0.34512519423727867,-0.16793726129197473,-0.06603604294179438,-0.321810844746486,-0.4325753824680524,-0.18314657788636454,-0.394531448273804,-0.31884531734205374,-0.5092348141948161,-0.13589025898769536,-0.36903947924251246,-0.21778717074522722,
