# Pesos da Rede Treinada TxH=  0.7999999999999999 TxOut=0.07
12,15,12
12,15
-0.4509002929708186,-0.9307276258069228,0.00781388617802797,-0.46904593669365124,-0.6043913904043554,-0.6463169956802419,-0.3190113370820858,-0.7634946595117575,-0.5858563280691699,1.7813217216430315,-0.35694858851012395,-0.36906493325228024,-0.38831475194899884,-0.5164012971892743,-0.252295004633524,
0.47812404293090427,-0.05517167230970991,-0.43906171372705594,0.3646858217495709,-0.09587988354452502,0.06314052615754195,0.3067034375195346,-0.03333452045904546,0.2582457076083602,0.2119737405925249,0.2198461932657392,0.3850441783270092,0.08248223556863278,0.1324119811301053,0.19892477905877556,
0.30451470428305566,0.18282830158300858,-0.2716868636456762,0.3436541760534593,0.17833418915908034,0.5725667786649619,0.47557445205273524,0.24033954884432845,0.3190781827083858,0.2002949306585228,0.6755911031669184,0.40664876286568813,0.5195740007911869,0.39141385193434286,0.24831447706399415,
-0.261634903625538,-0.22936684003961097,-0.015664287203004154,-0.16767061299557443,-0.4161291913917942,-0.34626259597454107,-0.18876612478257732,-0.07814258556449849,0.19246354503324206,1.26594448843025,-0.038456140418090944,-0.1548194252300154,-0.04985390129872119,-0.15773726463908494,0.03574856823632866,
-0.026147456694561495,-0.5218929884959026,-0.21862365196609732,-0.014755773265804385,-0.7382206475062888,-0.46809969455595263,-0.3200793570387731,-0.5473071145749298,-0.03281335926487507,1.4799370600146387,-0.39324093481017125,-0.08816572561144917,-0.5672802432481201,0.022533051289854604,-0.11244140947955202,
-0.4858597266915224,-0.9261763709255125,-0.32347904221164325,-0.5566369536194642,-0.8011614679947691,-0.3017397598071128,-0.7335837491286057,-0.6514393596658699,-0.7248641966311969,1.5447294838964125,-0.38549658245250573,-0.7028472867536122,-0.2921208001529994,-0.6706073391481383,-0.3469700880814636,
-0.7665489679361587,-1.1594316256666832,-0.4258171791991796,-0.6817456645727373,-1.3836302752015175,-1.0395178769602311,-0.7457648488155664,-0.8273642033980758,-0.668634167488932,2.5487475281407903,-0.9919568097994134,-0.742015679945657,-0.7164176881511277,-0.8212146796595227,-1.0035086278981071,
-0.6080983877421231,-0.6915654340053281,-0.44493467033262285,-0.3319939248604442,-0.5645591744643359,-0.5061939381082244,-0.599423764669954,-0.28734652792648585,-0.51037486229189,1.5062168218652512,-0.14557509857629158,-0.09112975691878916,-0.5523062117462739,-0.36089398374889603,-0.1968884440917034,
-0.6314748356137284,-0.8509810029492619,-0.8382074395447892,-1.0751427875916062,-0.9361696857728896,-0.8161792106641398,-0.7767872564804866,-0.8273310724646857,-0.788170383606298,2.1132660069716565,-0.8757159142902893,-0.9596352275598689,-0.8611049952589093,-0.9792399397994305,-0.950473363905004,
-0.7217124141983585,-1.1808573128310733,-0.5352734077903945,-0.8189119542126765,-0.9486789231676993,-0.8966958808506663,-0.8842374057387262,-1.0541980143054173,-0.7556332833424433,2.3064199909540646,-0.9564747686437999,-0.9551562969828219,-1.0257377067889988,-0.57758339251788,-0.9065025477411549,
-0.8195354762845608,-0.8526622857250908,-0.6180538442340153,-0.7202869080950438,-0.9139227602251723,-0.5777080959161862,-0.7452180310792564,-0.8632178859658044,-0.676749497866669,1.811690339869467,-0.6390317050042769,-0.7945866574204263,-0.8473077247208288,-0.5258545144469594,-0.7425971256084136,
-0.544793187035497,-0.8109594929335688,-0.3818150917480764,-0.4567224531990228,-0.9580277895024907,-0.8779249980662907,-0.5554582313106637,-0.7877460476036882,-0.5534197089750248,1.8070852628650798,-0.6538854102280581,-0.5801738111867102,-0.4971192316137193,-0.5338307691587207,-0.5616492090614971,
15,12
-0.13301416254484758,-0.17902089529369603,-0.2546943278619655,-0.1388241273577159,-0.001867444925875281,-0.22749948515024285,-0.3516853248213505,-0.27320045563899753,-0.062049282509568066,-0.12665568242145245,-0.17016198191194537,-0.25780537514287327,
-0.061420655099910654,0.06305943116490899,-0.24974155810965407,-0.23611011943665192,-0.22373095465923626,-0.10861193991657621,-0.24140731486249548,-0.13196378751825855,-0.15296833999812653,-0.36609662024282896,-0.11167520416908817,-0.24685746438111789,
-0.10501185653370827,-0.20780771982217047,-0.19001759661745934,-0.2510742874146888,-0.2657142043747008,-0.07275503317279425,-0.08959133452600215,-0.11218027812925294,-0.13828874282970796,-0.10990090321613741,-0.08031368836588394,-0.10368296427139215,
-0.4341054601085732,0.02442709017754312,-0.03978309128156771,-0.1942807164744878,-0.04925516428437033,-0.3113721424713557,-0.2260930362119566,-0.37855183200089004,-0.08711149800806821,-0.1369176884277437,-0.05297338574257488,-0.3018925933714798,
-0.12632907113655042,-0.1248348449527327,-0.16866700597557716,-0.16244948503997536,0.030734731439846022,-0.06980161651729377,-0.26145108957484187,-0.19574721080847315,-0.33929897817376553,-0.25435262467784314,-0.13751178151581078,-0.2075588100559455,
-0.15925045056527734,-0.1966110859302012,0.031349870814345544,-0.17273269904641764,-0.36017104448659987,-0.14510664151478406,-0.047497997344775285,-0.1582500390882328,-0.4053344788271501,-0.2492071290176227,-0.17526066623136768,0.0030869322002478306,
-0.1849591447349948,-0.2325825791527907,-0.20861380798747614,-0.14164722750777273,-0.2498877878583948,-0.1429946704385658,-0.07167518701582085,-0.15225921047963048,-0.1423895919058916,-0.1046537653513201,-0.2539853099206301,-0.2794551221013457,
-0.1779083261672636,-0.0722845802945429,-0.33448348952626933,-0.280938855136881,-0.11100389432311057,-0.1666538721492833,-0.2938982551817048,-0.23928314100216683,-0.008991118455921281,-0.07055154145838556,-0.26975547118414356,-0.0852352697628549,
-0.29405983101410943,-0.12204004515518936,-0.17778599265888242,-0.12705241390620842,-0.1432429556511079,-0.10167346282555428,-0.13587738523828075,-0.12361897515354851,-0.14676884873369278,-0.3977955679424552,-0.31037520529505874,-0.07591723641155071,
0.7844773613736262,0.7095777983891116,0.7451511926563715,0.7110560773101267,0.8023748101802055,0.7818313569202894,0.7557484547397941,0.82546402980021,0.7510304896178132,0.8120671937447831,0.7813917961033159,0.8264129569073881,
-0.2913292121084356,-0.15176835412068423,-0.08966988298444349,-0.19950131598145424,-0.393747558698144,-0.005337466031619206,-0.1859820976095982,-0.16784961113159322,-0.28773087742546216,-0.273666496332963,-0.0068149826380981505,-0.16419235871525098,
-0.2090393002850329,-0.2137696704769065,-0.1036230900585729,0.024677894754990624,-0.18432166683127463,-0.37412223362033065,0.004396604234022376,-0.4006678564217496,-0.05233751490107664,-0.12088467111816922,-0.12926787171216814,-0.42727027275103485,
-0.19536742624133277,-0.19734762387147775,-0.0992779921372284,-0.12234653623874425,0.046142041275175454,-0.20924369548582802,-0.2438356927279108,-0.026663275943311752,-0.3225750886081467,-0.11960396929476859,-0.3826741315591135,-0.20054848271051814,
-0.015966953053931705,-0.21096797376671614,-0.24296465085227817,-0.1079511962056291,-0.28148855659430316,-0.2924925457535679,-0.13433852380636294,-0.25253487299717714,-0.27115208399910745,-0.11205585562545348,-0.19417069041549254,-0.04228492641742064,
-0.07586520689609935,-0.2968497592542909,-0.2838245728720166,-0.2136604775147292,-0.2850604551707623,-0.15373614688129186,-0.24287188506142682,-0.023413249202329664,-0.0449257962795732,-0.274962240264523,-0.19124723116048312,-0.19552113043274763,
