# Pesos da Rede Treinada TxH=  0.5 TxOut=0.09999999999999999
12,18,12
12,18
-0.371848513513857,-0.4652768252213674,-0.2490826319687543,-0.4064262117405664,-0.26631694423302404,0.6206197167820859,-0.35376128145932634,0.1550292557613853,-0.5387857698618269,-0.608465489460229,-0.6785690008221068,-0.4468210951245343,-0.640762228636122,-0.2436542733458102,-0.5207582786596446,-0.26963791585234453,-0.39886914536892015,-0.3932817395619095,
-0.24684870750408786,-0.01733915947473804,-0.016851623993484322,-0.10536455747458642,-0.21690246415330058,0.008575546272167146,0.10576469209179551,-0.0627201515364478,-0.10817386110584644,0.1496676693288548,-0.011422921138245445,-0.11036001979943884,-0.09483448891336352,0.04889706640202484,-0.21310530660761712,0.1233150421292737,-0.1882427232904488,-0.24200693314138524,
-0.009054146763714438,0.08026623903950882,-0.0752940282083963,0.05251569853784172,-0.13274840153387618,-0.3758575535812355,0.04443668857956742,-0.5222993610883464,-0.03921823772460533,0.20358300712827038,0.07425857131295621,-0.1061842980651262,0.20432823321859667,0.10593122736754308,0.010879188126401856,0.06353941818252065,-0.21855014495764724,-0.14997622708460312,
0.004158334400662142,-0.39267075654576195,-0.39880020812302464,-0.3017902074347413,-0.48080242847207777,0.02148720244775488,0.030765512025135378,-0.2924937496397593,-0.28670311416539485,-0.31810759642145825,-0.11610562092060883,-0.4615640494178198,-0.010181825102191025,-0.11308658769079213,-0.4165070746465534,-0.4387543973163782,-0.08141041069216733,-0.2560165783542721,
-0.12774431088565852,-0.059632718516772744,-0.11277316180676455,-0.16533147625818034,-0.5267640029013382,0.2662914452313521,-0.5258735464337791,-0.295357900288919,-0.24248067980787452,-0.23415144303744345,-0.1961233074733238,-0.47668658437611733,-0.22007468851972084,-0.28650547925959075,-0.2709276693158857,-0.5633223095463346,-0.5139918408084212,-0.3236348306890156,
-0.5856427154861543,-0.5055945730975883,-0.4401972457619532,-0.6401850712886816,-0.4100313986865208,0.6408735376342525,-0.7055686091648469,-0.17841615468272726,-0.3751147029977468,-0.6754981947191021,-0.5242982414060761,-0.31815183872434094,-0.5099366468902768,-0.505194939332549,-0.24502476506085788,-0.43355454883545236,-0.4509998319291158,-0.42397140676825207,
-0.6709874088481169,-0.7709049456740897,-0.7668077032734376,-0.7315080883524543,-0.8023106900022895,1.253705339602372,-0.5308456203946695,-0.34419541396479086,-0.48476718591232965,-0.4924555515311396,-0.6846636973700094,-0.6954716481498391,-0.5003322819243526,-0.6534619609806943,-0.8695384651786411,-0.6391657834538536,-0.7245836018771172,-0.5152544139015585,
-0.5257278347993651,-0.37330622753152115,-0.09949697031167505,-0.18045353082947668,-0.4428273656880696,0.10110638578933641,-0.5366319972300877,-0.6800040660322877,-0.14403669821470982,-0.431731766032362,-0.3061275017620578,-0.1327113276394692,-0.4138752196618295,-0.4524053808878582,-0.16088825153076824,-0.47724042268385697,-0.37554885427851425,-0.4354851266028358,
-0.49694262058102606,-0.35281336581803213,-0.4888980856035636,-0.5582620430168863,-0.3744017597071072,0.5864924820340969,-0.3977510526264505,-0.6417274257772129,-0.3806998577697564,-0.7465548131914838,-0.5717511847081288,-0.47955850233535474,-0.7120100337746161,-0.6683447522236808,-0.5740354858825978,-0.5810153781072527,-0.5617089670119347,-0.4566070491815783,
-0.7560229409668815,-0.504971230856747,-0.6495519919095663,-0.517669803122664,-0.797175245690174,0.7566178070055491,-0.4743184274311876,-0.6832005145747261,-0.7717122680920973,-0.4397709206590922,-0.5966436356972926,-0.42207387585582007,-0.404962960402301,-0.5864311457341003,-0.3877190540477545,-0.6835546641948745,-0.4215624193135758,-0.7457880160818172,
-0.49693134389613547,-0.6229239692871821,-0.6706884386219463,-0.6046704050905951,-0.8166522694731615,0.9541298068308739,-0.4007404801049042,-0.6493982453799853,-0.714389668829977,-0.28742573501949464,-0.5540792477582328,-0.6668765601311979,-0.4394440893389309,-0.3468686918855309,-0.786464181817042,-0.6569484604215121,-0.41743130027625863,-0.5145383681057943,
-0.4448406828893289,-0.5599780175468659,-0.5724847279427412,-0.47520717511531496,-0.7677687908280945,0.8821696661058406,-0.6580767589044705,-0.39990780864470205,-0.38764098982339723,-0.6213807736650182,-0.41228048346785934,-0.3106261619731269,-0.7049952613632449,-0.6986308821898846,-0.5560018852876734,-0.5507369005903062,-0.5833429166947363,-0.4853393459701132,
18,12
0.10861115941480495,-0.010562189854855046,-0.07190130162669106,-0.2628145778563784,-0.1493837577663229,0.1350996337189452,0.1187333651848814,-0.20712934036935626,-0.2701256317979506,-0.1997721329406337,-0.14689166285380156,-0.05160448910042097,
-0.0021905277389623764,-0.07180316773142129,-0.2999667828313175,-0.25542769626450423,0.030496961714375714,0.02612759897610128,-0.23463830988508708,-0.21371517744877824,-0.05767943059874138,0.08764521221452791,-0.2455566106890661,0.029533309106036118,
-0.11908113154071855,-0.11135545085208104,-0.12579885353229928,0.06471094790655058,0.065224061439108,-0.27663699244813117,-0.3324988898292984,0.07619081485422062,-0.0862849344179409,-0.13117825340008324,-0.20449790136744025,0.04267750503524028,
-0.07122466327563892,-0.15222862364667944,0.16268981111371786,-0.16638223040839112,-0.08728007160247542,-0.260761559886841,-0.0504093157628223,-0.10849176558306295,-0.11286124550278666,-0.1128656194953937,-0.09250387111679904,-0.11116928696731272,
-0.14390199438551995,0.05843856783898649,0.07251106155466432,-0.1957140476816776,-0.03913363665491223,-0.1530161710770349,-0.1368426075257743,-0.13680793364965535,0.0434981062078687,0.11603172300456303,-0.21281372797106624,0.01687405053832455,
0.7571516359037422,0.6838755928193895,0.7612732828083039,0.7140888993559807,0.7643568275878327,0.7321223434043276,0.785669036830317,0.8110273886395253,0.8057026726809741,0.8565005186295956,0.8033685674865705,0.808070403945074,
-0.15278246434341297,-0.21899085131922735,-0.21500901776644693,0.02750621580859357,2.068430727069975E-4,0.04297671232598772,-0.2452248072485367,-0.10610366109459658,-0.11573898609881017,-0.21562793303283456,-0.011265896645204259,-0.07700357485342618,
-0.2632463206190126,-0.02139360232245987,-0.14072339532171793,-0.30372966075715235,-0.16105402400122235,-0.08381002088689146,-0.03380421977546874,-0.10165737321362923,0.002734598961469713,0.030600852562841174,-0.03272873542089109,0.01976768087037026,
0.1408445442908271,-0.13898984038733905,-0.21377862964073552,-0.03344169804534535,-0.17816149268509193,-0.0788255549277641,-0.15040248073160556,-0.1842588044616807,-0.1787386399607646,-0.3144673030045418,-0.07156301102900785,0.08328299541131173,
-0.2929857104698575,-0.0625693750892209,-0.07970936255872377,-0.02771677955694389,-0.13452220291208472,0.10031582831170596,0.05260062465540585,0.02124040540534781,-0.053480039053593345,-0.2606341300658862,-0.10648497560733476,-0.31887061568585023,
-0.2097269917838997,-0.16085323411807548,0.03671095363290129,-0.018722888408853004,-0.10708163694794225,-0.22650607545163837,-0.006211876923537604,-0.3348249565863372,0.035056014398105455,0.022199677238468222,0.009411825750197876,-0.18639198708462656,
-0.01086242629507775,-0.10223535652265701,-0.09547385024659343,-0.16126815164215946,-0.14561846796799233,-0.14458309863319663,-0.21647898922647646,0.04721931293658813,0.11545798174622088,-0.22832954455049265,-0.1323675930682144,-0.31151008586164786,
-0.14939068646163647,-0.28295119364947613,0.07621609993333871,-0.01396298581188824,0.04639580960684001,0.04325004046821763,-0.1472631650883981,0.010832194598142556,-0.1919343749220546,-0.21814728657031146,-0.12752882169184454,-0.1977549666468922,
-0.08375996594623597,-0.13403645698220104,-0.24653376502825305,-0.0763483985979965,-0.24799807264299192,-0.08012671258505694,0.05167052515477924,-0.06430718240512168,-0.40072433451606876,0.012965197253300587,-0.11316414514050253,-0.13184533699745543,
-0.11995682290671542,-0.010524804432888984,-0.24091073593866952,-0.017775740108818872,-0.11114130356349937,0.05017619737997074,-0.20767881636205932,-0.1710908251710275,-0.1428333196680954,-0.2248611801044483,0.11348922306508145,0.03415270428993225,
-0.18453218197925347,0.025348022484393818,-0.07858314523063734,-0.14955696275617525,-2.3650612575016185E-4,-0.1782126541954682,0.09383448386095897,-0.17158838696549225,-0.12934538710538454,0.036040378760981505,-0.012232739083766543,-0.19403368132814328,
-0.2615414880634034,-0.01040670794732058,0.11884834885104816,-0.14696018340752742,-0.18128566727735274,-0.2640507070946163,-0.17834816055615874,0.029008991908506837,-0.020382978792487842,0.09493425621893606,-0.17243503011463387,-0.0703876419349174,
0.10198372821648245,0.11154247554512799,-0.11123476422534628,0.20258768910941735,-0.18432319117324633,-0.26761648761125395,0.003954020752033461,-0.07815701884954293,-0.025820693919447347,-0.14907071417903536,-0.1445350392871315,-0.22994190126408792,
