# Pesos da Rede Treinada TxH=  0.1 TxOut=0.060000000000000005
12,28,12
12,28
-0.3498011750607006,-0.468957112481871,-0.2970797721125682,-0.4418467797225607,-0.39655191859941635,-0.061164023748126586,0.4119873017313019,0.014831798327529502,-0.33641621509941194,-0.27690509723866263,-0.06358804293568764,-0.11118175017465601,-0.2545543990238861,-0.38214993340039694,-0.3504625290527079,-0.09106820518605761,-0.04057230769149347,0.0536549404606188,-0.25621808919538175,-0.38193895920180404,-0.4737634979775573,-0.2527179068019827,-0.5657156985997543,-0.2064399062851931,-0.2661525976518218,-0.3637712393208686,0.1815024620003812,-0.3491951748338623,
-0.5993231237028561,0.0031745698091739994,-0.7448826146242351,-0.13038921349390092,-0.736078207235056,-0.14043525488419287,-0.9607039620790727,-0.06018986439830492,0.1932432984593904,-0.015030240355594178,0.002074950823195088,-0.12498131587777103,0.16916442833617623,-0.43691302786950387,-0.6937939767093584,0.021799483049098525,0.17867230235143486,-0.43528630309974686,-0.27899460315359026,-0.8413773395953418,0.17205068657974876,-0.0628817813423452,-0.6762582478000988,-0.2812684336161644,-0.09157776051457092,-0.09912932551009734,-0.4026639748778798,0.0686128506194579,
-0.5837922589269985,-0.1709056353222133,-0.7334353557287766,-0.12882372426588898,-0.5369187742193575,0.09969768473601204,-0.9122419999552256,0.21900041088750213,0.13220700589530723,0.013641461323909462,-0.030647708968404328,-0.38777069080015847,0.2230957664006083,-0.7224137234087998,-0.34921924702047163,0.22330794345639096,-0.1187599208480147,-0.29032926692833333,-0.13094594580725186,-1.112242622344765,0.06277944786812618,-0.04900857133320376,-0.6150279037664861,-0.09472718771702138,0.03915038678903655,-0.219523548791275,-0.33741864287656526,-0.05717919936841018,
-0.41346312753337217,-0.27207569098772183,-0.38959248759156556,-0.09366316578944593,-0.346998579336775,-0.2425920041692225,-0.6675152204496257,0.026280595597827156,0.20286599044217005,-0.11824519143874437,0.025176830990038326,-0.19694559711262358,0.023892498666327654,-0.3140902199728955,-0.3430117475844761,0.1556102375724261,0.20050762391085403,-0.4174079034870802,-0.22023912057817152,-0.7349100987353877,-0.2332272137549441,-0.2928295154581251,-0.41852508123357535,-0.08554759007908279,0.03596027789181408,-0.2463899707042677,-0.647804970944622,0.11841662017040551,
-0.6456741931642708,0.06619162237574387,-0.44684294838842253,-0.2575544395465338,-0.35196817962221383,-0.17698966695925927,-0.3268167283208402,-0.17712659694780733,-0.2603147429438341,0.12984107864964817,-0.23789822575850317,-0.43917685125236106,-0.28572142223352354,-0.4257124039655679,-0.6084379204292939,-0.036285812348597575,-0.16839918310379293,0.006901940318979279,0.04041418094960462,-0.6703921416511823,-0.12007854841837554,-0.0011875321925522582,-0.6466294120609567,-0.3294292857537253,-0.23715901792434438,0.05389200818165935,-0.020826925102263947,-0.33232579871015955,
-0.35287162616666834,-0.5207822524985468,-0.45397462865407606,-0.1621105620618985,-0.6920053243423006,-0.2716880940018638,0.3881111526452129,-0.45351804330399115,-0.014910433555941884,-0.2215991215640715,-0.28022332705362385,-0.5392144613387468,-0.3632756240484922,-0.5609626344632858,-0.5639413958439803,-0.4566457741931923,-0.36157036339875925,0.4621429235373766,-0.1880793541211484,-0.2534089865912964,-0.45554418439841976,-0.34737227346239147,-0.28685552527011116,-0.1366791348514034,-0.48432016722342697,-0.15731321936800502,0.41406159723633224,-0.24260309816132955,
-0.3786569142613358,-0.31509035906967614,-0.24422057311065165,-0.4886752433893726,-0.40692682587263035,-0.4927756786273315,0.36510707598152925,-0.5429249078566829,-0.559473635834211,-0.6110285355609509,-0.30394295654214143,-0.3416930373106931,-0.3599804614010605,-0.3690116672676424,-0.5874033032212264,-0.5262281841343709,-0.3876870163954033,0.5973152255870448,-0.5121294772419274,-0.3498675595526758,-0.1963723164013805,-0.3797938657054968,-0.6584582321742686,-0.18112142872979314,-0.21578583741786117,-0.3154785314344382,0.15856169907016013,-0.3454549422796149,
-0.4678400610546787,-0.08006355230796619,-0.6632929314598173,-0.1368325629919732,-0.7991994776423829,-0.24565520073459,0.2916679053395014,-0.23381732601163854,-0.29019868262487886,-0.10767985194272459,-0.20084509428231875,-0.1402206976660493,0.05673803424055882,-0.6896732029687159,-0.6886631772838434,-0.3191121608844768,-0.27871389995265183,-0.11893001366679766,-0.1394169124140883,-0.6307214334030733,-0.05693862673848692,-0.14372649636447402,-0.7030107751133817,-0.10671174700919575,-0.057338676410547525,-0.28141092009398205,0.1643947371131647,-0.3421444125405127,
-0.31382862481309537,-0.2415351587697117,-0.3402069069534848,-0.17526259121467924,-0.45341469330345086,-0.15807528486868028,0.5984124398586608,-0.5051477271179132,-0.3449935312407972,-0.45628716732436597,-0.5487295311840414,-0.3385064052752051,-0.3161410660835963,-0.6991081748595699,-0.31314992230295413,-0.5053400439301992,-0.35824135542539376,0.4229536533678498,-0.1075371147028091,-0.2606011085687035,-0.562976148776708,-0.5153417918259257,-0.4576695677973888,-0.5486067111140356,-0.5340935113904384,-0.5138662188132437,0.4717256728858978,-0.2066172124040311,
-0.6241753398814409,-0.5622448712905205,-0.6321816868607221,-0.2574908917218878,-0.307960920260816,-0.5999295149429348,0.8270763139543962,-0.13455109579222335,-0.5622779953861242,-0.38592747462400195,-0.20381311446949865,-0.2655040157340664,-0.3560337368130963,-0.5246584233418627,-0.6729515883652221,-0.18710128421925165,-0.28743898983352617,0.30138384282070607,-0.3826769455349888,-0.31691895620278226,-0.42861698899138595,-0.2591733334501704,-0.37834899411438594,-0.5767908260185018,-0.41907472310874383,-0.46003623542985517,0.4351582374792429,-0.12312172004567236,
-0.49028011150234213,-0.15863209082684623,-0.6586121737013748,-0.33725522045299494,-0.47079027839538634,-0.39451809627319634,0.6324425354148878,-0.257262546422709,-0.3414840442046721,-0.2608979202326185,-0.30849663305063946,-0.24437795254827518,-0.5196908148595406,-0.7015496252983797,-0.6209437666232924,-0.28657219674992696,-0.48361332809294527,0.27633877263012285,-0.43358317833753646,-0.3279391125313875,-0.3179001149264282,-0.4528967632800398,-0.38957456953638675,-0.5106498788845931,-0.3437923731867198,-0.4474155469497372,0.6198860234584207,-0.46619763461748714,
-0.6460212901986402,-0.06883661974770663,-0.47455292926577947,-0.19436126962062314,-0.6329080639811997,-0.2348229842657693,0.3875894800054201,-0.38221573002591663,-0.1288381758528167,-0.198914709255394,-0.42508044313617926,-0.49624922398515536,-0.4398021861877597,-0.6047513926584693,-0.7342766401969242,-0.4447052541393112,-0.298086140685744,0.3115720326061651,-0.4176047806437057,-0.7585498406861331,-0.12404643447006093,-0.5197453231381962,-0.5225905427506367,-0.3532723786565584,-0.0813464617061855,-0.15948341089231105,0.05920860968313342,-0.2564999724381899,
28,12
0.2421769324307393,0.1577124038610049,0.023306393922249476,-0.12929809742623152,0.15652988203707785,0.21414783079973645,0.19118000092763254,0.11071544152043956,0.012126174469565673,0.03215833663144802,0.29313031564159403,0.3361019959319364,
-0.07233340621239591,-0.22821905842036078,-0.27354917769701487,-0.11599411180025374,0.051633041028161596,0.02710635234017013,-0.31548733426739006,-0.2211741025991176,0.15048598181402853,0.0038849779658292243,-0.3620066719070394,-0.28068521292606835,
0.19180513234306798,-0.09109339743532237,0.05055176531722183,0.26454898365536006,0.022018971416295163,0.043419279725735234,-0.012437928054739717,0.2960835927243493,0.3849982443607291,0.2497039554897109,0.1501616561394021,0.27357835543767006,
-0.07613450414504702,-0.19207110962145643,-0.25258826091694186,-0.3577951181793098,-0.13831521465414992,-0.020447102729242796,-0.11244115596146467,-0.21146798963558405,0.003853163034330083,0.032945256074419005,-0.27255487039604454,-0.1019529740759898,
-0.020310918209689714,0.20685079637691364,0.05389895730472798,0.19817137673277704,0.04574221654775058,0.3480257410998932,0.10337927636460964,0.14677628253746733,0.18254793756472468,0.30074816132207133,0.26305737739553875,0.093361618359616,
0.03938365428974751,-0.22038246356123414,0.1539444064198805,-0.18928977775863517,0.002142924236576016,-0.26231264516501956,-0.3177446352677913,-0.2584276490929809,-0.15621963860436264,-0.03175643493430305,-0.046601992672948206,0.02371012123288105,
0.8147733710636863,0.4166113335361431,0.5588291495472627,0.6017769489666545,0.5764499729327185,0.5931185935465034,0.7556205216016335,0.7585657348977446,0.5735197628102802,0.6579257117361488,0.5110011802958032,0.8324309665418409,
-0.3791738842937669,0.0797931467378834,0.044474450931633484,0.07711760091325948,-0.2883757621349113,-0.04920045129459652,-0.30536615731303324,-0.14080268422877798,-0.2748809660059354,-0.34976880782490893,-0.023262651914418477,-0.17487699148958835,
-0.08917494511029367,-0.3172065385252104,-0.12899808083364092,-0.3536444297255455,-0.33685193855680595,-0.008683011220039904,-0.22382666961905665,-0.2329066872453938,-0.34795839431422565,-0.2518876517331185,-0.08630966450898434,0.04259670389945143,
-0.2979393444087718,0.15299618468884932,-0.07652575065553027,0.1515447475308878,-0.09478269589968867,0.006114346055779265,-0.22394992635205435,-0.34419388166408815,-0.22238281937546617,-0.34274466928081243,-0.24640573330124188,-0.15644743902643285,
-0.1479849481695621,-0.22871425723902564,-0.06948668071329743,-0.2698207331495188,-0.020817710702053124,-0.33448375695865157,-0.07754406694913968,0.018171869571896718,-0.10367120554530729,-0.2766924134899749,-0.150255175270104,-0.25578499556045237,
0.0038452421790207943,-0.14750396592354753,-0.15854177387010676,0.04301300494878124,-0.21503774342962065,-0.16328340303855,-0.16425566427806892,0.17297627598850582,0.10565147968374576,0.06327032481007999,0.028114588676899935,-0.09004899853731085,
-0.37945283632759896,-0.061294398220399594,-0.22731075743972678,-0.02352690884791215,-0.0691798591632187,-0.2684643593551197,-0.17886574115750675,-0.4050590213717284,-0.3301079007873484,0.04524801590951389,-0.05571440680025584,-0.28508830497839827,
0.20077928990784347,0.30573938260034905,0.20724883634063718,0.2540633572304926,0.13529854221471227,0.31304992346825844,0.11923492920252857,0.3474532742210867,0.1641898482634004,-0.02873037185396735,0.2552222216709277,0.1517667829224414,
0.39319184053881834,0.2647447902783002,0.3435368316925704,0.03448198595858711,0.09545743581526137,0.3037476212001884,0.36189002368195095,0.24994307446521902,0.052023451192996895,0.25270178121665376,0.04330562789883222,0.0805570554076894,
-0.34433873080092164,-0.15153300438824538,-0.2441917299699231,0.02470303671579754,-0.008730001190350384,-0.17700263154930504,-0.14918383064825386,-0.23075174834569895,-0.13526051921903956,-0.059227271829594,-0.34288134826225747,-0.26855844680116,
-0.22405768289095565,-0.23375343400117587,-0.15145580555071167,-0.38280260492387674,-0.15369847686636343,-0.371817315668812,-0.10483062828868099,-0.0026563112252943693,-0.34445673329163606,-0.07484781223824606,-0.1634537986993357,-0.10694041131570303,
0.2622027476484158,0.30453591283534637,0.4389219689847795,0.35472463185620623,0.45885035165495025,0.5828289701109123,0.20142383120054994,0.43311689957391386,0.37234190762879715,0.42727755553048175,0.6087425393558135,0.3009577109442479,
-0.05458115453529149,-0.1895191805250927,0.060519188770445514,-0.034965754725101064,-0.3350479320342677,-0.12599357904202027,-0.18859651857070522,-0.34031691062600655,0.06737334921892899,-0.11745911669205038,0.11925358002990198,-0.07004328246469287,
0.1109810073117998,0.12253212745920465,-0.06682880261855081,0.14961236352917714,0.03247209578589728,0.13082719304407456,0.362249378223178,0.17443206164286526,0.4296923277307012,0.45580437478207053,0.49184277665686826,0.4651332289065493,
0.15156122743034744,0.18765158686528322,0.23664550327539785,-0.10573920134940877,-0.22443310008453624,-0.26524310030575177,-0.006351088428258681,-0.2647068987426303,-0.17234604599454445,-0.2962363925834568,-0.33531193750046534,-0.18010474292011122,
-0.036870356041688986,0.10381737594065489,-0.09923416148908833,-0.08141099760859365,-0.03241124378971561,0.021189365872020464,0.10358044136482648,-0.06404860526350292,-0.08957695507117756,-0.2028729805543084,-0.21061431091422475,-0.13526983975718856,
0.16993134656342715,-0.08592767826866399,0.23678713487734124,0.023386193737333333,0.3229700206514626,0.15541118032915194,0.1767196951731614,0.2947086596758368,0.14186423091608613,0.22611212800760652,0.14787036099883813,0.298005005524924,
-0.17177514042892997,0.016520176066317335,-0.07194910635232364,-0.045954754368601476,-0.11813387371683375,-0.1282169086922673,0.18360274706187066,0.05556909688789756,-0.06831813464437207,-0.011704942085573421,-0.10087639983480605,-0.21730541045025828,
-0.18974162276787615,-0.17116598522023388,-0.2507696887980748,0.029868109675747948,0.09895117353060007,-0.1745099449724692,-0.22980077701022888,0.04721338484284405,-0.3152726036387558,-0.2521913184867952,-0.13037314189812918,-0.018958144996784273,
0.08600748581125223,-0.20321373562246753,-0.15136233106544209,0.012003870789885938,-0.015369395154403073,-0.1447804283880664,0.03411382900128398,-0.24771305957000242,-0.06145544751234996,-0.11128941695985936,0.04043552697564266,-0.18789888012633696,
0.379186681658068,0.464070643382728,0.29346962769509405,0.31898000883300137,0.28803325854266315,0.23723238083346587,0.5012969837682147,0.34125615194176334,0.5723612949733348,0.474310064736691,0.4266258669485827,0.3835043906250691,
-0.19681868340094855,-0.015406499550812138,-0.24121790190104506,-0.22595700366730395,-0.05768599128630654,-0.0100987514516448,-0.08354590338059048,0.05272808091657138,-0.1577949332033632,-0.3591906119485662,-0.33841033473920945,-0.20764078257413016,
