# Pesos da Rede Treinada TxH=  0.7999999999999999 TxOut=0.02
12,26,12
12,26
-0.2585889360337538,1.0111889176012439,-0.8813230167606909,-0.3614619198148577,-0.6728704337275548,-0.5366705709048437,-0.20791010174152422,-0.6082213462407693,-0.6785809357814797,-0.49992258550608953,1.1179723741707444,1.0242478370420671,-0.6406528693099112,-0.36082689383595085,-0.6675758080790284,-0.6062987594438708,-0.24753238204904043,1.2011612661166933,-0.43488483244284437,-0.591873762865376,1.1478690647844316,-0.7325261825591645,-0.733022249225716,0.9834407558223567,-0.4340585888579387,-0.3603954172529086,
2.3755890825524055,-2.5351373090304845,1.2533296449197995,1.5320538585988852,1.3447981492854708,1.584375022459928,-0.38279226206576344,1.6492460915240088,1.888379282940751,1.6143874736310326,-2.2403533126465427,-2.3151650343389543,1.8958666972201963,1.926046244206244,1.933899605662061,1.4986588273774524,0.23965307612667583,-2.5504817087013087,1.2181183392502595,1.833185039991029,-2.010370099222739,1.4533067766988206,1.986259382378356,-2.3823963771701977,1.7997212564985359,1.5124676180087206,
2.4806716530540354,-2.589308894303698,1.1892966983771218,1.5149851342631622,1.1788086971140306,1.508554284981757,-0.6351231001355532,1.973342251389503,1.9558058694212785,1.663156335167282,-2.1555362479436684,-2.4406560860111686,2.090384105529898,2.0314587120226633,1.7738791323568082,1.9454917892543302,0.26241796707466625,-2.979466008024613,1.2913076537320058,1.9217589115391869,-2.047802124416782,1.9253388297361258,1.8175057044298957,-2.719432463241319,1.7424970185206452,1.9525361916250352,
1.0436475638903382,-0.6246041587606617,0.22870915077401752,0.6682929846532858,0.34468948734040666,0.5183494806474808,-0.749800053776645,0.8066625418281937,0.7147641581173526,0.8654767272763525,-0.7711311875920381,-0.8366100604045371,0.5203757056788133,0.6094974174841448,0.48066009123086045,0.34512245228905813,-0.05181947844772519,-0.6042735829510665,0.49892434260076507,0.5308885692886485,-0.7742368018805428,0.5434719269517824,0.2535054426798154,-0.7598316828495121,0.36793457021119885,0.5373095230209519,
-0.012582366203822087,0.15820745064917963,-0.19342797158467503,0.1784875753546963,-0.091726615892945,-0.21961035275169205,-0.6994332701620225,0.013022218474466827,-0.51790469654322,0.17432984696363718,0.3415295043082448,0.04940950838050397,0.028824763190343754,0.03662840727939938,0.12353515551632722,-0.25497220815049754,-0.2570400265875249,0.17114850854527605,0.10489056456111255,-0.22320411494852677,0.28465680769086593,-0.1874327204663586,-0.16147444005125297,0.578964760312382,0.08352028683440382,-0.06827439762367803,
-0.8861173688583424,0.7478439064128259,-0.6322888405652513,-0.5992455566291806,-0.8355090526525294,-0.735720445283988,-0.21269781269445925,-0.7007384041685836,-0.5253418601143071,-0.6741146484965084,0.872639031841977,0.9305127992807719,-0.7851554137449309,-0.6089217803086729,-0.4749998952654613,-0.6483923569663107,-0.6917463894107827,0.928925411830927,-0.6643044106766212,-0.45095224075947377,0.46683017336946564,-0.7581375217029515,-0.6691680372414309,0.8314487267042588,-0.8369223689611884,-0.4212474423646906,
-1.8240753255884554,1.7035665702001768,-1.1830974599274575,-1.356732080243436,-1.0476554353733416,-1.3619870677019028,-0.03303412122164408,-1.4067542422612747,-1.8861949633805104,-1.1384542428439086,1.6108939434849103,1.9360962814804232,-1.4755257628810405,-1.2964715771503441,-1.700312357605431,-1.4540348173901678,-0.6165495912309373,2.1349328356276636,-1.0023046796654913,-1.3839601449704804,1.5704476139635257,-1.441991648931233,-1.8578259823056869,2.0363153101104636,-1.473948039619061,-1.290397266859314,
0.3752116698530587,-0.7996696527648829,0.41730632336434914,0.2270143463558021,0.32380822430984346,0.4535762293328398,-0.14287656144962113,0.2467719971445546,0.5402325389307482,0.13396993575303298,-0.6039578959454837,-0.656188304096325,0.5598939746392251,0.13121918712124994,0.2371034162935151,0.42175713390692476,-0.25662723314797853,-0.8253584971195932,-0.05331871066479286,0.2721224152451997,-0.7490106107426636,0.23179938162617897,0.35929530606429416,-0.5158525298348285,0.039411621468916795,0.20582969940354504,
-1.1662799419745988,1.0506776537331857,-0.81636922619298,-1.0518536551542836,-0.8533659227727595,-0.9690158572180879,-0.08034951718739025,-0.9465539195125677,-1.2425662097086871,-1.1004791551201671,0.8136572613141422,1.2864736186728156,-1.403543072526874,-1.1924310998923626,-1.0475044985271744,-1.0126581241710717,-0.2901879012331781,1.2593003475481561,-0.9248921568819101,-1.1616024794007718,0.903563205508682,-1.1938056921106786,-0.9741748422261773,1.4921917544400085,-0.8001061653576411,-1.2877945914297722,
-1.5803605396082665,1.4832152534584677,-0.7779076369455649,-1.1293274994716231,-0.7386905755571805,-0.9864729982617221,0.1033071300367466,-0.9570478315282195,-1.0640394601560141,-1.164493911884872,1.2975021978200971,1.3894746748577531,-1.0775243488659412,-1.2897726930750377,-1.1657602654714483,-0.9371569969050324,-0.5082563593585192,1.4154948917638328,-0.7346510802195759,-1.0834741467042397,1.1520610203366388,-1.1840402695152155,-0.9358800064664261,1.0544693271136096,-0.9988481679153499,-1.099557411242146,
-1.2765104490558408,1.2749567365901195,-0.8773750719202991,-0.9519500676167222,-1.0370510773928376,-1.0240219749544734,-0.2621577452314571,-1.2471200783441296,-1.0250400384925549,-1.1516103959030894,1.0160294481201957,1.0333962829891394,-1.3450141086334695,-1.1240791456708183,-1.0296361713002962,-1.1249070641296228,-0.2680364304489121,1.0764431654227489,-0.984153482854632,-0.9858270048880808,0.9748439163448469,-0.7874181323865705,-1.1147923456020548,1.081341151448894,-1.0796188020043282,-1.006955665090559,
-0.9542902975301131,1.067991914744054,-0.5537895818544739,-0.5117073619826892,-0.6461492444870615,-0.715954486849847,-0.23423929350183642,-1.0009660926069461,-0.7993979208508389,-0.6337523058442249,0.7186353824108728,0.7282966847134617,-0.9735098889217672,-0.9200358063376812,-0.9830138275908091,-0.7479342980255089,-0.28822788840637886,1.2417936865362589,-0.9613419730866982,-0.8989240009189743,0.8400586578558661,-0.7145856302202072,-0.8224682471245447,0.9184975686829226,-0.8982585685130952,-1.035450660615215,
26,12
-0.1858676657263577,0.03544552082697325,0.05054966658084696,0.07757504839700946,-0.08858039209536865,0.12701048798344355,-0.046197227413004555,-0.1909639311190948,-0.20884329799744944,-0.08965132932918816,-0.11470804033917775,-0.09445584836309939,
0.2554601116796113,0.11630725480781236,0.25174573471689826,-0.022732621731362306,0.18792264525133373,0.16189416344211036,0.14446364002381185,0.15628888476981054,0.3647800591221478,0.17402145323062176,0.2155609365521667,-0.04562186759704628,
-0.14928727501600542,-0.21481875139016743,-0.0751807017419638,-0.23400173266380014,-0.11967404167164618,0.013145120773540603,-0.03513587865220948,0.013568020058050844,-0.0571265249746581,-0.20180630994687762,0.06880889450572066,0.05289390456052348,
-0.041990616624022196,0.0588357292789677,-0.05560812806238455,0.1416410807718941,0.11638475222743862,-0.1447549401374181,-0.21795704845098207,2.6079089958340733E-4,-0.14248106398439417,0.06794482742062496,-0.1717156769946609,-0.06750466140031197,
0.04931313827115248,-0.26484968844201506,0.08197349028293222,0.08066990869048332,-0.2912957285471762,0.10621027945455251,0.02009582536061877,-0.21058700539356942,-0.03657644371226735,-0.03604111723166301,-0.17827371390655292,-0.06660009904025417,
-0.16438015991690577,-0.11268679637029762,-0.13109265691622013,-0.07608385781164305,0.054180909257151647,-0.15035147381224856,0.10435648088053487,0.006519959991324824,-0.19784491311648628,0.025326642853010447,-0.09548900076410573,-0.09217012178872275,
-0.09825470630430362,-0.188564200553159,-0.1764432161171585,-0.18674803758173733,-0.19386021674690757,0.1309772414926019,0.020793732958635267,0.10947518068603738,0.060793315265776464,-0.1441960321433838,0.16628167102306574,-0.03735968196926507,
0.07884259507329672,-0.1285654199870003,0.1541456814830092,-0.11719480260286903,-9.944419969431881E-4,-0.09956955910040925,0.07007464973725339,0.08538466112906977,-0.13548455952921554,-0.15729103150180143,-0.2242274047123561,-0.19214976224534566,
-0.2170424715346278,-0.0063814161488584,-0.16703355085359672,-0.2707903017129213,-0.15952340165534837,0.01343862698210377,-0.18243544474514645,-0.05293325215518929,0.012702244405840868,-0.11762982202598687,0.013538068601606213,0.0036336709960966994,
-0.14264875647188255,-0.10834043685024268,-0.017532547089699504,0.10028983642820904,0.009035713752442909,-0.07897684461998349,0.02344318921940322,0.0953791940970585,-0.19090897516860497,-0.18894867828935594,0.05470597630175151,-0.1651715176469815,
0.17923016170068562,0.054786449160784734,0.24269661057117375,0.09958408371961919,0.14235543168174028,0.06308186780764359,-0.05210241203788804,0.15833474359852293,0.2683893598461108,0.2309037837125127,0.12210382887422966,0.285086882473983,
0.195313315687921,0.0889761263556946,-0.005030491233400959,0.21597456550587021,0.23821375611843035,0.12228954846348634,0.23209213556260136,0.019573863377073737,0.16169814253386897,0.2481237341616265,0.1501771308731259,0.24691558888837362,
-0.08300415012219692,0.010656413984661882,0.09015335131396528,-0.18405910350542382,-0.07655331017251263,-0.22969429526995264,0.07969416083746772,-0.1804334108862719,-0.17450375955582886,-0.09602992682969493,-0.1472708414503321,0.07964635267045209,
0.09555541088326144,-0.18162080258935492,0.1027234766973785,0.13937590789147616,-0.026655683512124283,-0.13903534029912454,-0.14113278547349176,-0.10601004658632222,-0.13393395212990575,-0.13940601219778426,-0.03652028413497478,-0.05393549220930215,
-0.09768924077123557,0.14589368894521668,-0.10648620497087295,-0.042311199506774005,-0.006585022923373695,-0.29235850514219197,0.00418266751249282,-0.16287626749247494,0.12368006602039833,-0.19110144037748586,-0.04331877437320162,-0.10857301899466593,
-0.062398458573348865,-0.1489368718416796,-0.16800567099415492,-0.035382672206294534,-0.07200062920685937,-0.0405048305532316,-0.2159896650155754,-0.008958403708461259,0.00972808047775888,0.0310909121830524,0.03427100654971209,-0.25389066592209436,
-0.20196648190241503,-0.07617847767552484,-0.1464137931815163,0.030823502687394824,-0.06632829686158198,0.03289616558550712,-0.0820522080750279,-0.045521131270754064,0.04977375687163917,0.15114540650255648,-0.0804369524342805,-0.10695897289230495,
-0.05402749401588637,0.19210875359406668,0.10158650991119389,0.35901636764350014,0.20444173950189193,0.29032810269013615,0.3166730483992959,0.19977913565252683,0.234152715762069,0.25850128022537866,0.05349114438608004,0.25531999030209745,
0.013487386010461047,-0.026630927811251433,-0.1266077308902964,-0.13302345001158686,0.11761859669069175,-0.08420477339988812,-0.09889111669863879,-0.04324134571978435,-0.25948672907035036,0.02114091772940796,-0.03360631862880889,0.012755008571778647,
-0.12430054497753902,0.0585306359458824,-0.14032071627780393,0.08157725997729744,-0.1374874773544324,0.040281658777123794,-0.15396332428419598,-0.1278498360757004,-0.08335421274425873,-0.0851624060538455,-0.1803901642223667,0.07116272566757943,
0.14605994649352586,0.12767423703095798,-0.020970629757443793,0.0044463765640925315,0.1258584086796276,-0.01883978347519419,0.2554406959760944,0.2573457701534985,-0.008412744131228916,0.25420286538136944,0.25525703483064915,0.018921602705699234,
0.10149030478281802,0.10791199596681872,-0.20433913420763708,-0.20461631839772287,-0.2324003743444668,-0.1447266866269517,-0.044821607190004345,0.021693692178770922,-0.13870476365209197,0.039388092381479216,-0.1266900572860793,-0.10233889747030378,
-0.08120132797280773,-0.19958710982913874,-0.15949330938067172,-0.19662979067706918,-0.10251261924519671,-0.17604228781929054,-0.11041246343949111,-0.13342504463409197,0.0021665404084080103,0.0742679225053984,-0.03576585151667703,-0.042219189247891344,
0.2723494798711577,0.2635734182330673,0.32878883613587656,0.21842286385954535,0.07022897898121389,0.3615836940531119,0.14686401359705942,0.28639415450272143,0.053102001116828654,-0.023797573231983716,0.30575935178005453,0.3035110467876881,
0.049687919314499805,0.07908517931879491,-0.08941331931413399,0.05671075758614924,-0.185410285238168,-0.01096199627407052,-0.2082386034758705,-0.22301764433259808,0.05433758810265496,-0.16479377896180275,-0.07835406060237536,0.018689572226730497,
0.009523631700792802,0.08108737348787468,0.1306073139478571,-0.2585715762303215,0.2383254157693757,-0.11965702860674203,-0.10331679288762796,-0.19057080780663135,0.17626333775458428,-0.21888759249197431,-0.13145933429031884,-0.18771548122792103,
