# Pesos da Rede Treinada TxH=  0.1 TxOut=0.05
12,11,12
12,11
-0.20383436645549405,-0.029908703691593725,0.12222366493143498,-0.33392493418428654,-0.253912586226456,-0.09958529257230186,-0.34883099272923407,-0.404467964690402,0.037019915962212095,0.18806554340897788,-0.23093835986140607,
0.2024894886367589,0.5160206822598843,-0.653182617738917,0.32889239382637686,0.06295022607994874,-1.0299241821587257,0.5017423653705175,0.4991774930279932,-0.586728454498871,-0.9627726339787078,0.3599471408548679,
-0.1479065001235745,0.3598647723721707,-0.5478954218603673,0.3131544781646549,0.2625557037278747,-0.8753618092656825,0.23726959516363366,0.4598963537278733,-0.4857490994606196,-0.6633865254582845,0.24241930679195065,
-0.10645973623766797,0.5113518088920874,-0.44825959336404375,0.6300370861708751,0.34723063991175995,-0.9831000417060849,0.11365746428850998,0.7597901264102039,-0.5853441976563487,-0.5880887855643727,-0.14380717541880902,
0.17104690258485228,0.2765847947258618,-0.6043604563052726,0.05957946299664948,0.06363036546718753,-0.4704434823857971,0.13822941820355678,0.3728626391465033,-0.5203220926421445,-0.759446467486157,-0.001157189391613488,
-0.3567325755801021,-0.5125484101757615,0.10104491623646586,-0.192796579655659,-0.16736646815912803,0.1013295258527031,-0.19458187929167187,-0.1881619416941227,0.14063800562907786,0.2983428878480007,-0.35917213884094373,
-0.19139982436770478,-0.5471026464253671,0.527287024226082,-0.19277971801004962,-0.1819821276950688,0.5586307716865462,-0.6104682748187723,-0.49348556386114506,0.143239648471385,0.45989199810379555,-0.4175653676898293,
-0.41939803825429445,-0.20302829060703648,-0.14047294440499644,-0.30385091976910233,-0.5120048455278292,0.36779963036435664,-0.0815842499622944,-0.42540565311440265,0.07661077473059903,0.1185839634678045,-0.29165488280424884,
-0.30546620664091223,-0.6609378820389301,0.7457007241841416,-0.7512574504655039,-0.5516631342368411,0.8312005746192683,-0.7215856688395565,-0.8221119289523152,0.6031995855014575,0.5665322454411328,-0.23170392912027282,
-0.5474625231128301,-0.864762283051316,0.4884791029743016,-0.2894700517799395,-0.48705590478984523,0.9320264321635883,-0.41483829989598225,-0.7999340735263586,0.4439977706398537,0.8693757460313677,-0.59869141892221,
-0.5222385117467252,-0.6958686704183052,0.5365520520964522,-0.743443760404099,-0.5252635392609425,0.9119093468843742,-0.4918934181816124,-0.6346762727910441,0.6121421472171433,0.5614936913464259,-0.5911869070492233,
-0.3149681822389788,-0.23228295340006638,0.1697843929346836,-0.45419378127549553,-0.43176604606276636,0.3074000109745679,-0.34601654268685916,-0.4249586668433596,0.16833785193282863,0.17470110047943993,-0.15611278911471804,
11,12
-0.07937307833398514,-0.12246300649745248,-0.35119966672689923,-0.4390462308272819,-0.49346310345150185,0.04199925070339983,-0.17608602001427717,-0.21901553322064748,0.11909258072374705,-0.35909068487364504,-0.06819862114378106,-0.08684046074318211,
-0.12167522345002693,-0.24272667518750302,-0.1964590707823821,-0.27351851199423693,-0.14363173506507515,-0.38970105948986866,-0.2309527609764279,-0.4047129683386335,-0.4803754787671939,-0.12634050482416212,-0.3045975245503439,-0.4374745502413537,
0.47053449059549335,0.28568949063357174,0.2553486322210299,0.38814160164550987,0.42465135541427707,0.27791281747317687,0.4607784917847029,0.18983715620960154,0.4245370071617372,0.19384330778527084,0.448310920112256,0.486306416739006,
-0.365834699161166,-0.12620503256859358,-0.10993184250213535,0.048510835518316635,-0.21750548863320615,-0.2957332780048419,-0.1821604345103357,-0.28090295196297743,-0.282141337874972,-0.33976848177098273,-0.4913307679073953,-0.23271649468566696,
-0.14098696708619085,-0.3358427523675082,-0.13354309263405933,-0.3599363312313501,-0.013676505822741625,-0.21627305664752125,-0.049574765638443104,-0.3338402670753271,-0.28063758971490266,-0.2777855244524657,-0.03562348814492388,-0.1701800686155152,
0.4945397024868464,0.44622500974666696,0.3382123645065182,0.6157052971395632,0.5591712136637774,0.4954617209148737,0.552375113172162,0.4061169203741397,0.4512934229581362,0.5316401894012122,0.360915446032131,0.5827910756468331,
-0.36449905711260056,-0.17899845204837767,-0.10998203053109307,-0.17259006819171316,-0.43486909775924076,-0.2535355482925599,-0.1817301307618834,0.10924661842127269,-0.24469393829361422,-0.40797063677635403,-0.29011731483990033,-0.11711103589858253,
-0.27249380239064863,-0.1680287286899288,-0.3600169809239875,-0.2677794798405861,-0.3047426959875724,-0.21165913543937534,-0.4467665237958921,-0.34239167681733346,-0.3356000176972629,-0.3517859831228069,-0.5358159917033488,-0.528786393972182,
0.18671006498302029,0.17990893472555855,0.3712860910651057,0.18584945419882332,0.30857671154996036,0.5687735811362863,0.04178540101892583,0.5342919427529711,0.5171990031781235,0.3462469237618708,0.22619364928432928,0.3981843313277102,
0.42315378899522016,0.46787584559898465,0.5825634721593964,0.2515023845345804,0.2880772657974478,0.2645639509901307,0.5102526683166544,0.5650670133364292,0.30698170090182536,0.6300360175994981,0.6836591180809927,0.21777942580006995,
-0.28206536529957954,-0.23462249544899558,-0.3137376607150919,-0.01516937122915755,-0.007398051877974441,-0.29094572670975277,-0.33669802050329856,-0.26043354214337816,-0.22456656230503524,0.11611429950179827,-0.020871668513514068,-0.11752398434120248,
