# Pesos da Rede Treinada TxH=  0.4 TxOut=0.05
12,12,12
12,12
0.5991576552797332,-0.24591776427190135,0.13889815472868025,-0.35011751465857766,0.4617139340553769,-0.025925303602745177,-0.4197085072120938,-0.2886737469253748,-0.24093315371192736,-0.31489815343006644,0.16363871496791052,0.3355626456981375,
0.3157981835701638,-0.5042939532276692,0.06244836616198733,-0.3355893772270944,0.01581208862721535,-0.39824288933322743,-0.35490098951655996,-0.1710148988652425,-0.38095292384978463,-0.11003570881332701,0.3788508611160256,0.2259401169717421,
0.5377530257352082,-0.2621458203700901,0.06299550664844618,-0.5542652343667211,0.14006907622204692,-0.1977068635911879,-0.4667245197517703,-0.3995676712490415,-0.5804604406725253,-0.1521095101480985,0.3347455314019681,0.6623021141293538,
0.4377444765443253,-0.4681972053283619,0.05091475740203507,-0.25039446735487997,0.10247976310472094,-0.3797558997494878,-0.5389102011620367,-0.39557071965732976,-0.509589030010911,0.019267858430859798,0.3808157329726109,0.6411013763041679,
0.2614441204241511,-0.5908651619357126,-0.2415327375805619,-0.29430421664592843,0.4567030892639085,-0.3501697590968478,-0.38796926744242743,-0.6007289121939372,-0.5018871892424318,0.07357293541988044,0.45918520058366086,0.34319397067192603,
0.3845170886792228,-0.23244855377895418,-0.057047223179963844,-0.6356853324986107,-0.03262884666504899,-0.25409623827960515,-0.16763682014872477,-0.5800268790982742,-0.11648421784814468,0.0038144668067577586,0.3145787881121035,0.6189619947858033,
0.20455463512723177,-0.5790735594757788,0.15113185451843383,-0.5728855748041305,0.15232264680956686,-0.38362779485096904,-0.230519060535765,-0.560770002980953,-0.47366763856779226,-0.2826402870377724,0.2992938740910979,0.21152568833204072,
0.39352023312212264,-0.4379976748424324,0.11301875442101701,-0.2052429510050448,0.0871981619465595,-0.46472193394064454,-0.5290970435546496,-0.40423283821730804,-0.4972316377880378,-0.21438534948525506,0.20324910255729942,0.3172317568560716,
0.4686071602456541,-0.2315544532213083,-0.23315446241656607,-0.16830495418775276,0.4304655273175768,-0.44869856590624224,-0.39303958537407735,-0.4420845864737943,-0.19551677096580397,-0.19270389018560782,0.2049556057704011,0.20431787163664417,
0.18711805810619814,-0.5123775937289947,0.11897948795586626,-0.6189622790201089,0.42538614521513096,-0.11158262219957797,-0.43168948871048557,-0.2554075361356626,-0.5196948468937409,-0.328929609390878,0.3462921525044383,0.2745080760499176,
0.41240156235291775,-0.4490795740583828,-0.29970304337401765,-0.22499065242723668,0.07462821473304078,-0.31179207899912137,-0.48479018493761655,-0.22702209729144812,-0.15767473616555222,-0.40816011465246277,0.07540150264410002,0.3947190803376421,
0.24581908366396968,-0.3294613939316996,-0.18022556843472984,-0.4193908733378623,0.04044575066895547,-0.21028406576381797,-0.31224217673501925,-0.5461394620606875,-0.3112311415679607,-0.22683828492275968,0.22517184033828883,0.2263571075611386,
12,12
0.1202371051813223,0.03602219153234107,0.2877108500718895,0.3570223746062362,0.16864749695434963,0.023577909349299174,0.4150076565106834,0.3509820498341772,0.3931653216401459,0.30163729825394897,0.4250483441956354,0.09567022181305962,
-0.06771126510785035,-0.09723629451369181,-0.4016996923412846,-0.33296699785527056,-0.10694238578874142,-0.43007892394107305,-0.1522051208387555,-0.16302381052564874,-0.286279715014736,-0.11470236171852617,-0.24560611419173575,-0.1646532672579515,
-0.12632270187689418,-0.1815754081037247,-0.012815511725375584,0.1270344490280538,0.19819592118206292,0.11186268669306491,0.03323138136388691,0.23336279567602147,0.07207827313674996,-0.14175219096417035,0.07376045207316209,-0.21480755377715027,
0.09866519224207915,-0.04876451451308359,-0.3527476596729399,-0.22800944392034678,-0.2336078976525108,-0.07957694378642496,-0.45965286379335923,0.02846139460971448,-0.364658398024826,-0.23909590584931814,-0.020179292228968176,-0.1282941095860328,
0.2966826986020129,0.035444634191746004,0.20288445067440852,0.03601256288176005,0.11969915397357359,0.03876337944102663,0.05584932071000532,0.19784224169997633,-0.09642824413586547,0.060048902706930314,0.28888228286291373,0.22669721358603254,
-0.06117618779535572,-0.07861140139026075,-0.07994737413252737,0.08187955193067412,-0.09370760333514223,-0.0826131722955982,0.03306839439077044,-0.31378132023536875,0.0504325533775033,0.03948482531409027,-0.34658308608111454,-0.295196374265848,
-0.14489780197407534,-0.3681330377371297,-0.02588554754129844,-0.1435906904416414,-0.16262963566990996,-0.12190371707053954,-0.1872533267661382,-0.2275057361158003,-0.3377296931225176,-0.2722625027740518,-0.07577776099593733,-0.02444899501183761,
-0.26889912499910434,-0.15200350032550286,-0.19478400008892216,-0.13976471534677595,-0.2283095255606486,-0.3699781516723701,-0.1517789787623692,-0.2423623131330071,-0.07783214080605741,-0.10727819315602746,-0.2550302275417654,-0.25047306988455575,
-0.1632926246922865,-0.2654206115787141,-0.007057476747391853,-0.06802996033699131,-0.11406129108868197,-0.3161058776729644,-0.36090849517170076,-0.012894000803630823,0.1055744133225635,-0.1751432651743385,-0.18444083291380187,-0.22868350081183744,
-0.14249464873237172,0.1918380035719887,-0.04344651617016929,-0.2384200314356153,-0.11553136132150817,0.07718078975039425,0.04749551107888524,-0.19873163681055386,-0.19112077742706135,-0.16054471749373664,-0.014504347490605857,0.1599821290575599,
0.22035997668756074,0.31469095774318134,0.027644474738809106,0.039108346069393986,0.19586096535878192,0.2792929303462146,0.041871620322245666,-0.09278177069078372,0.36157400400809797,0.17052224298690957,0.21442645270971755,0.23753901141487047,
0.3018137260021964,0.31177500338107283,0.2952205603215327,0.2708860934844161,0.23192435990919652,0.3279150029328487,0.32728674635388183,0.382339359294232,0.20213356348771977,0.35990421413548557,-0.002033406484262127,0.38207041041894785,
