# Pesos da Rede Treinada TxH=  0.4 TxOut=0.060000000000000005
12,12,12
12,12
-0.897106815010172,-0.6792673390522822,1.9120134288551014,-1.0341562768191326,-1.1373559842299883,-0.6767290112149044,-0.6743780042072531,1.6678022145720046,-0.7807910904814813,-0.723256372136023,-0.061950770379252264,-1.0034989180944531,
1.826095664312906,2.1028885690569252,-3.0171094916478984,2.119350345909618,2.2171750632355205,1.9325563357884579,1.812720438961034,-3.8644769306494604,2.4476818885543716,2.019227103291033,-0.356443414362396,1.858699350137269,
2.0687995157287746,2.564921624394773,-2.84987377525601,2.2993069607194165,2.438991061380985,2.25114471055619,2.0570549790719728,-4.08199439150785,2.371853033999146,2.446476459622203,-0.15554322470336984,2.592866578293119,
0.19260783544163682,0.2707252316148553,-0.8840150249282608,0.23748153945060865,0.6557677718049947,0.47739947725794557,0.36489621253915844,-0.4953733317710867,0.564334639998585,0.5918289851427742,-0.2869387938125042,0.14571471173931524,
-0.18788714873097742,-0.6324600178953232,0.3955282986830493,-0.5057557148325075,-0.6159968754605872,-0.33801066109630445,-0.2741871336184157,0.8619719248013419,-0.27084711240957765,-0.2545935580388528,-0.34467886676859666,-0.6545806455393294,
-0.9634511700326955,-0.8914193917470417,1.0224078516853414,-0.8328796869875954,-0.87566900042375,-0.7794478981940383,-0.9503078324112901,1.3633204786753033,-0.7304872158709707,-0.791984524216758,-0.4369657359830053,-0.6267992758720011,
-1.6044635643295135,-1.7680023233351838,2.0872653053897547,-1.6195760235257946,-1.8642434777967738,-1.6410772275430923,-1.6573474155691452,3.191643981242047,-1.9991871162257793,-1.9833230599042475,-0.44022794470069737,-1.7381808358694928,
0.4843830529028648,0.4233809308960054,-1.0611214583979098,0.7609887371232762,0.4119162806446589,0.4584221035280402,0.4632868264279924,-1.5129740202664272,0.424020369515197,0.3671089192002278,-0.2981954350418918,0.8332771173862072,
-0.9548192098907764,-0.98115324816344,0.880465618649817,-0.9110037109973016,-1.056232266138159,-1.2388268086797158,-0.8684047536248262,1.4170392070607898,-1.2965779285476355,-0.9953357966358164,-0.26569843766665,-0.9225205946259353,
-0.9124115415567802,-1.0976588111063572,1.2093332116745197,-1.223380040810315,-1.0200648205429335,-1.1388836747154978,-1.1424322847351716,1.7567356449284464,-1.1300404386877971,-1.0959913726585049,-0.4791307119798791,-1.32185995203878,
-0.8701264029541177,-1.0410359595654695,1.1201380840574007,-1.2354456800534024,-1.0035684246952332,-1.1453049093122774,-0.9606187537852867,1.543495599933408,-1.2575372877691142,-1.2660098775878252,-0.18806302196941452,-1.2161281388024971,
-0.8820393683142183,-0.9036973668927426,0.6598772955563422,-0.6624948009070676,-0.7079134970758602,-0.7421009095124949,-0.8228903819191369,1.4434616489343308,-0.7837779266317397,-0.8640850391414548,-0.3080498172916966,-0.6819925589812484,
12,12
-0.08544385500703955,-0.08730489264127969,-0.07626518400459961,-0.16306653183356729,-0.15630951366021736,-0.12579179425427492,-0.016868865790511892,-0.0574968203025219,-0.06967688836883781,-0.1409777715221352,-0.37597675247276324,-0.23140447152892146,
-0.1193559954580305,-0.12836053087798968,-0.27159778945244606,0.04306660756162592,-0.09457649511553524,-0.24940774149697786,0.10697284029832753,-0.319145488896834,-0.0642406799214061,0.005517213195945821,-0.3439810221104447,-0.2713964781645983,
0.3083290657634743,0.05331378371124108,0.009189426819474189,0.08495130930799125,0.13740982290066042,0.24134904543782357,0.31703428979875803,0.27911482346745564,0.411523953393332,0.4473484135076277,0.42125952885224754,0.350083337876566,
0.050900073807725904,0.08111318075657563,-0.20586752674732683,-0.2876720879886209,-0.09939993453741386,-0.23946561919688783,-0.2785167846146128,0.007496936727857875,-0.15472212271782404,-0.20783732693963491,-0.3749481828029803,0.014501608288954963,
-0.1953047910408285,-0.08458666187672163,-0.175434327508805,0.09246856654294594,0.02821696506478395,-0.1960734019024798,-0.2762842211809225,-0.36030632341262997,-0.33652096065716325,0.10565978746369993,-0.040530305111780573,-0.2467030930156217,
-0.10852270560174963,0.0532396987066189,-0.06922978245124065,-0.18604928879456265,-0.029361098062490973,-0.023796448441048192,-0.19250336013383754,-0.14571499498169468,-0.14311871607427984,-0.24457477970324903,-0.2690168222908816,-0.10339955010627737,
-0.3332439148772491,-0.18325249484706949,0.15410161217291252,-0.023525706737638406,-0.35287377762704614,-0.15898105455530845,-0.08735315011408137,-0.02093314324110385,-0.2627094303127441,-0.04998750165594548,-0.06118892871211291,-0.20973374320601854,
0.6315032943424821,0.7326839416472394,0.8489403986497944,0.765216374718855,0.7784164949567142,0.6914647905545175,0.6650310060257688,0.7208290274901851,0.6100830120377252,0.6109180541619854,0.6136469817085002,0.6650694285765545,
-0.26637508409328564,-0.15307125067023905,-0.0787957268986216,0.009038572607678621,-0.0072903918287696,-0.1585952684618062,-0.1968892262591194,-0.15700865698852212,-0.2466123705002744,-0.2882759974783252,-0.07546106211579326,0.022029881119905226,
0.010552615830509182,-0.12388508536667961,-0.09312427881913696,-0.0028821806307569534,-0.0739654199466344,-0.08476810052404755,-0.33488999900514754,-0.10546645314632219,-0.12958117926849508,-0.3301958349507449,-0.04638594844306606,-0.2148676660560767,
-0.22277067992523839,-0.26854725234429494,-0.34335642700761737,-0.33485308157102317,-0.3192584323902377,-0.010930817244686857,0.04941116722355168,-0.003824925514785782,0.14070582856355526,-0.003405866320982604,0.1260575603830713,0.0385198663982771,
-0.06383757842746367,-0.2377405336895388,-0.07396069526049577,-0.3629502427083372,-0.1974689334940357,-0.03588307224245498,-0.13592052959141135,-0.23135432518593024,-0.13149695684775492,-0.3017936069069708,0.04258113471760234,-0.1720014197928905,
