# Pesos da Rede Treinada TxH=  0.5 TxOut=0.02
12,19,12
12,19
0.1946759480363203,-0.7061675446466883,0.19760593399843837,0.3966350479112532,-0.41095387947100953,-0.2096611265784101,0.5823425535919322,-0.5108732610486042,-0.6206053799911521,-0.47826426954962453,-0.29325204135114435,0.45397268780384964,-0.46832509035378767,-0.5315162767027503,-0.2683915033918503,0.6338203535850587,-0.51010230845157,-0.32227659345011406,0.6376292980665956,
-1.510134709596379,1.3747036198054388,-1.5463029274479092,-1.2176998700104416,1.3037473804324307,1.3036157171658111,-1.6349333334775702,1.2857708623380377,1.202716539389961,1.4270499600383395,1.1111759894374857,-1.594587959400508,1.2171229047445884,1.0253021168697556,1.1163253538588882,-1.216472553875817,1.057081687741467,1.1132054295459375,-1.486409590713249,
-1.695953745712534,1.1082531184567965,-1.4566801841288004,-1.5006781810386312,1.3081982557507386,1.4572402658353891,-1.3892979702884733,1.0483971343000618,1.2067599848910817,1.4719173127803864,1.309544938485439,-1.5445106984245283,0.9831986506534643,1.3740753578129616,1.1706571880892107,-1.4228746877529805,1.3017396767470424,1.2116547871873782,-1.2070119071075989,
-1.261123648592009,0.6914293167609716,-0.782953950551176,-0.859521348775216,0.5567666727339372,0.6248344186731144,-1.1672063495325693,0.6464477404641725,0.7762370777192468,0.5538520472865968,0.7423095259789573,-1.0532249127399906,0.2877284012332707,0.7075059596382982,0.6760980829136995,-0.9327165564167992,0.4272642380551566,0.6079373048127332,-1.002167853259397,
-0.8175309008285538,0.3035112692982287,-0.7102100121585709,-0.23745927871942285,0.38140560861787826,0.25319663352319344,-0.5159226346424711,0.11247154124682238,0.103974238487093,0.3654396502916683,0.3511327382736487,-0.41776644374037797,0.016515442073081768,0.23093299739398304,-0.040581222582056625,-0.16920188895176624,0.21319034520854094,0.06640579994961357,-0.2033618971254932,
0.3228601382599001,-0.6554878101242132,0.20818295799979927,0.30861141754243343,-0.4558418236639644,-0.6010542628183819,0.5095904245914076,-0.44127137102533937,-0.6472353026337254,-0.6805371986371409,-0.5300517735203382,0.394595188112176,-0.4721087333378511,-0.4765200008363303,-0.4298574105106779,0.3576149094040085,-0.5310743636275812,-0.44726614957445254,0.4810968277371766,
0.918893980106569,-1.045319950434426,1.0166643912020363,1.1817663501240483,-1.0074404482338855,-0.9656888399676182,1.0549990679363943,-1.0472667080180367,-0.7721118270120266,-1.1915433754955942,-0.8015354173792955,0.7767860529117261,-1.0603319065953052,-0.9515501350049622,-0.8535035977375875,1.2588276423068994,-0.7791270891870051,-1.0436544822362521,0.8851196780991472,
0.2654123628019894,-0.04330421915013673,0.11194270323249897,0.12176833395080842,-0.27131483889515384,-0.11228635108495383,-0.06712699138814261,-0.19881576476293283,-0.14436440635413442,-0.025154279754535824,-0.37696454143278174,-0.12518171872713818,-0.02410890046372851,0.09893836959312448,-0.37095987323124513,0.16390095616791972,-0.33779664785234015,-0.01098554189789067,-0.2364986638934736,
1.1691391693283817,-1.1669400914663817,1.0464279088770125,1.0122765827092233,-0.9430884196294392,-0.9858635383262304,1.0250107974655163,-0.9685182054158572,-0.9884623833293461,-0.8814330585379181,-1.1629639583327243,0.8272474588456638,-0.9992860475484815,-0.7711204306805314,-0.7284705437833447,0.8887384954159995,-1.0564205458458469,-1.1786051995443119,1.0179905030617873,
1.1748904344726685,-1.0328077095881483,0.7842290600844537,1.0905990278796465,-0.9409089072640092,-1.3116723374705892,0.9729727451936117,-1.2178330373730537,-0.93971918694349,-0.8609211820455291,-0.7902527689167933,1.2818188546919307,-0.9322642214892938,-0.9075841924562433,-1.0388216128236214,0.9419897526354719,-0.8567184774253845,-0.878639764605712,1.1420694282863735,
0.9388498822563559,-0.9002404695837565,1.1368399037378905,0.7826847819423781,-1.0016027466429192,-1.127345378644288,0.7845090921913891,-0.9922713645701255,-0.8502483657972175,-1.0426040035833666,-1.0130753477589585,1.2692525036815179,-0.724392956567192,-1.1411275998795272,-0.7524339435446815,0.927818773740885,-0.8484510887243516,-0.9127129906750684,0.843812421382414,
0.5912339472425706,-0.958846175080819,0.392630163467861,0.6917731166351888,-0.9141130122333804,-0.855795695104616,0.4343353061536028,-0.7228240746957579,-0.7640908940169946,-0.9278041173338117,-0.5746976143903583,0.7297012738664282,-0.5718424066555907,-1.0014172684833793,-0.7633655525119684,0.43789114800774304,-0.9498561247608971,-0.8170796897904036,0.4628329175336655,
19,12
0.3187542323906588,0.18719478540912504,-0.07823073891350515,-0.05346421594885122,-0.0792772985324861,0.27016559684256936,0.2269674490209624,0.04606242199304855,0.09268166108542193,0.22110861838819726,0.20478348354297182,0.3257134333141318,
-0.1958918516699748,-0.1843472041398544,-0.24151770269164138,-0.14664449739887284,-0.023952601483760463,-0.15397959902296446,-0.1610220619815243,-0.07997855528993032,-0.008079971122215222,0.07751097097808567,-0.25094478043622387,-0.16101959201825825,
0.06199389361322905,-0.0565114214451441,0.08865847815712509,0.019162498038052457,0.2833891911909964,0.08185664170766493,0.32831790314976245,0.27068340006287644,0.08981016230588504,0.14559867495371911,0.3068575851517619,0.0784709445348054,
-0.040193545810619145,0.1638421282525525,0.4598339085276139,0.24096053955715316,0.28695764520035755,0.3767506082729966,0.0899759625510406,0.02049373539154786,0.26288855379214426,0.1270159998414343,0.14888849462468243,0.17944648687497977,
-0.2634922787586253,-0.167435516047075,-0.008321340319931725,0.0734526041258671,-0.24339727387050597,-0.08180610057347841,-0.18669704323636138,0.07880201869244591,-0.3075560858529693,-0.14431413376803298,0.10159520616616945,-0.12452349207082777,
-0.31572038956750237,-0.14565310638891465,0.04761841515284386,-0.18952763976201123,0.09963114221727473,-0.2834996885520525,0.07137850809082723,-0.020234954768006064,-0.24072934599486928,-0.05680986478656961,-0.04122534125484778,-0.31841993209860325,
0.3107605857475516,0.021304496437999476,0.0754836271953056,0.26059509842921247,-0.01934263386107194,-0.11561071298908984,0.08679916330650397,0.2819169662511974,0.289562239789953,0.17190239611839142,0.2976269864677659,0.1325827153718853,
-0.021322614784631107,-0.2816745002975579,-0.24545131848491844,-0.22370979952270506,-0.15321767097548983,-0.069005297421734,-0.20917054812432045,-0.020684743397871585,0.08309477906741981,-0.29762314605249435,-0.012061131441222688,-0.06762093486437737,
0.11651285991049792,-0.04889010971948256,-0.214428954664294,0.016453904553567683,-0.082217904334227,-0.29125920350084616,-0.10008183848678688,-0.4380157813483912,-0.2408363643453834,0.06211232684426477,0.17211012687084792,-0.23720344125328613,
-0.1513189658598425,-0.02156205958209204,-0.11778693043508481,-0.14170938862920648,0.032168495272221126,-0.004164313120571476,-0.24473638901098888,-0.07902242900312877,-0.12002544930879988,-0.23317676840017804,-0.2743786290056432,0.06894314334646753,
-0.012441627859327115,0.043614279461224335,0.1720103028611562,-0.1508745746030469,0.06937703254011175,-0.2715932841668599,-0.2855321398702131,-0.11330550848012204,-0.11221922232360941,-0.09571333650088251,-0.11607143475596585,-0.16753659433313117,
0.21133774743429112,0.13975256337217595,0.23249900008210916,-0.028643508541390535,0.10280122572519358,0.293428857830072,0.04867538875963198,0.282175683239279,0.048243931048869905,0.20673178998783412,0.25504822342064376,0.20007551471459448,
0.037985818975296425,-0.1984732568728125,-0.11392824230593004,-0.11022652702158282,-0.2209930030037364,0.14405879704256253,-0.24840355620822877,-0.4305358211828566,0.14804789627235607,-0.29196698281322536,-0.1752655694028846,0.1439834956700565,
0.08825916892548862,-0.13037414087972277,-0.1309576897906287,-0.1304677349015238,-0.14049698922720757,-0.14889194106970727,-0.06320793215992664,-0.043657310435714476,-0.23482321909360254,-0.14718904153648127,-0.2962084077346861,0.07599542919166764,
-0.17203531397717825,0.16120505918843844,-0.18269542119523668,0.23616149464122102,-0.27282790653517863,-0.1525687509464195,0.012724794326007562,-0.191712628299123,-0.2254818689227148,0.044010270551577295,-0.20683063318125966,-0.046208248899327446,
0.1931898030346048,0.15884485139632082,0.11944202245535973,0.3295361632111368,0.24678586830427288,0.20425830978234655,0.22857517463396818,0.18539472691831024,0.2215757631620542,0.08614927237083239,0.07093134436565077,0.17235062341063076,
-0.24861167621214028,-0.2260908621137535,0.05513633157126454,-0.18687623465936648,-0.04609327037620309,0.042386176480113065,-0.10361010481246807,-0.10952514789252057,0.07849342197096454,-0.11302403332461791,-0.199277382916642,-0.28079771388785646,
-0.2282424770516441,0.12699865928878873,-0.16838629980716732,-0.18582652392164462,-0.24486334600712395,0.037636591243752876,0.15631026049741695,0.04992774008827628,-0.1627546180533862,-0.23283262554456186,-0.14986518208318533,-0.2411282126480256,
0.14534471677100902,0.3191579634213315,0.11778403854413533,0.23098282358046632,0.2737155505827026,0.012878557901563236,0.20911789394437386,0.1740569206490386,0.2122216223447582,0.31322113445582994,0.0168328168126365,0.14135198610519326,
