# Pesos da Rede Treinada TxH=  0.1 TxOut=0.01
12,23,12
12,23
-0.09557436276776167,0.005768299327171062,0.09875558888504088,-0.1395289257674277,0.45045678565447483,-0.0060670209450453105,0.1736942383761228,-0.34120498050235026,0.17705209812374942,-0.1498373050970802,0.07546866327644257,-0.19058358977188006,0.32291935402131183,-0.20396710432241766,-0.17392065695319894,0.06511539366712456,0.04461248459625581,0.11252855612264921,0.2727954547961577,-0.22584669299911816,-0.3677999094698866,0.1843090706542753,-0.00944576279382085,
-0.3358213101686176,-0.13375607679755586,0.10923991933284564,-0.19523353756975176,0.06923381538258679,-0.1617281242371313,-0.19891763026000392,-0.23101368241309567,0.16667049519180607,0.009441321512435083,0.3094628007652591,-0.31314552081845853,0.04265790770659689,0.02556457068836064,0.05163050945596147,-0.25181119390671375,0.09955815864000878,-0.21397051028822758,-0.1352760860150647,-0.08639106977206612,-0.3990174555109618,0.3125940185672959,0.1414132655302581,
-0.34343640285627614,-0.4353682652720387,0.3960525618328118,-0.35520052560605925,0.012394453634392741,-0.2257749567141928,-0.12934416719393904,-0.10140218356947865,0.08943456959193223,0.07439122247342715,0.08262289668633047,0.03732040687523745,0.17527284039560695,0.21187366935348276,-0.3701688955974581,0.1425159202158962,0.35750343853450023,-0.25188794665299286,-0.12447738630109022,0.05893666181114566,-0.29055129389798534,0.0325331545115809,0.1037118028083034,
-0.13480635676780117,-0.42064294598005486,0.29612943760295757,-0.10062815058899753,0.2892191533036864,0.0019015714574709677,-0.19274209914074017,-0.1027488916658948,0.4025570356646785,0.08443793613024769,0.2057360467483775,-0.051253914614184,0.3980902011852518,0.02654449382277353,-0.3242685134764965,0.07414024047357998,0.15216339734498904,-0.21260108477879322,0.20932899487132614,-0.3402912503881222,-0.07234494186420057,0.13218838411858516,0.01210570191755348,
-0.033888801059441656,-0.2336223501205881,0.4543816293069453,-0.2796797927338142,0.43553235199492535,0.03486187881867523,-0.1464246277136385,-0.1707077655646247,0.2360247081024396,0.2970196576838827,0.34057677005852854,0.027290912436211304,-0.0680600288507607,0.02423287262517645,-0.3051550873345407,0.23137107243663743,0.1265338213734227,-0.013215476192559496,0.2178519020645064,-0.278220336940796,-0.2726136376527543,0.5218886696978118,0.1904632396710451,
-0.45812562217095687,-0.06497544654784719,0.32812870129624166,-0.24731402581322212,0.3557917694693755,-0.18958266105823982,-0.003194516906162352,0.03582414719503728,0.27330582251999375,-0.15717678233376406,0.20896186176189224,-0.4208460474081751,0.06460615879040016,0.2555742954463006,0.04957261144529709,0.09859809997834589,0.15577119596659164,-0.27764301822313997,0.22680689278685923,-0.08333775977115253,-0.20692763352762597,0.17460620704040797,0.4224066428456225,
-0.31646889262249306,-0.2887339340881768,0.3049691061654913,-0.017293619307077235,0.24295129680917693,-0.1922406066464172,-0.2697437994363414,-0.27877362705981534,0.18563624670639994,-0.054924659717637964,0.4082268380083821,-0.24100383467324069,0.39582573182979564,0.1745523985522847,-0.034891327991420334,0.1010541580321587,0.31418687776026644,-0.06373047360792712,-0.04934911600002367,-0.005235956410989914,-0.36182256619590225,0.2607514182189872,0.4052568056724764,
-0.2622271442247947,-0.09407985777617543,0.029751390493039098,0.07314631231854447,0.06274151200027939,-0.15689886941497236,-0.293787526044144,5.340998998820679E-4,0.17556777438526633,0.12952753641878467,0.10962228054502411,-0.33865874660886214,0.3553343584267533,0.008625884247686035,-0.09936549678641263,0.039418929151810764,-0.007961465309727203,-0.362269546140364,0.020843681794351535,-0.30517756100686183,-0.2525127268603949,0.3521815845483902,0.3213530051292035,
-0.267054567734019,-0.09384364375656253,0.47704242743408753,-0.18480662265935727,0.1951081701354894,0.09070508695180693,-0.011615169865785594,0.0322200244299609,0.4798920135040155,0.11941437947844032,0.18732580621411804,-0.36078133627331416,-0.0825770499697816,-0.09351981934290271,-0.06298580466355336,0.19907263869540634,-0.0398399965115943,-0.16819161053365927,-0.015812107566444786,-0.0774820734239028,0.013917311376464736,0.38314046199603424,0.44086278423308617,
-0.16416102452194428,-0.047969528816903806,0.16669722295550685,-0.09696740152547835,0.4833534146744186,-0.013565242871123161,-0.11277560121271325,-0.35310982788906414,0.49401478104251784,0.0024175529294432467,-0.02202276676761392,-0.24261134830449768,0.34040376779869463,-0.1314855352074405,-0.04339937415105579,0.19939537465533236,0.30943914119486704,-0.28473375412300567,0.12021488236552387,-0.09438613490415021,-0.44507490785391873,0.20314586296263182,0.3292471185944922,
-0.11310170790926519,-0.10325004822378356,0.08657065363982905,-0.13497576546190918,0.38653995198069285,-0.06821642191291913,-0.09937654430673419,-0.12079375638863366,0.14129444227678042,0.09329407509042194,0.4315481050468861,-0.4559841747959096,0.24808755904955024,0.2583537372861682,-0.3329665353539291,0.009004745716914436,0.1405792661846093,-0.16789912787952746,0.11956257049673263,-0.08553664726470171,-0.3928711713338657,0.4425877846190526,0.3059891648530522,
-0.3618375425514131,-0.2758071299748007,0.4202736565138438,-0.24290936914837644,0.34514950321881943,-0.16571813095077195,-0.15533522616756812,-0.43472371438309265,0.4653583614946607,-0.08840911433536312,-0.020817139566260374,-0.375374640493308,0.27138455786021726,0.033173293245372985,0.0494996218099793,0.13399252483525115,-0.07395237086602995,0.023933415965334114,0.01998058040835592,0.0055888751391379304,-0.27948313159230037,0.3293378256525152,0.2895764653746955,
23,12
-0.15935881156217913,-0.25916134841635186,-0.28658998899165544,-0.24777587054918232,-0.023910741311498212,-0.22462581536128987,0.06904067765444155,-0.06794539042112827,-0.18873609599051036,0.13719818022890176,0.15711977733252785,-0.09759528397813273,
-0.08251242986586665,-0.18082755686113064,0.015245034070370528,0.037293756508706595,-0.19501747373561001,-0.3190545369718249,-0.10482994799141408,0.11570746352075906,0.045509814987933384,-0.06609093409184927,0.06071442488122755,-0.22355657321112968,
-0.039508576534531555,0.3054253691499423,-0.11035839264118343,0.3527069634014262,0.2686768172015454,0.32021160343279625,-0.1211248695872217,-0.02193751882890775,0.18808592220494097,0.16151633586178793,0.09581863300294417,0.21531666752576745,
-0.27214327111763803,-0.04234670845205542,-0.06078160870861468,-0.005835327522555007,0.0735836364978202,0.16156823006926124,-0.07584808186472693,-0.1941325242292133,0.058683928358726864,-0.2671594963389806,0.14185843139151494,-0.11121740252675126,
0.25901722859275456,0.20897890822926105,0.06213538338021612,-0.02171724245224927,0.08406732110813576,0.31990857195737554,0.3447909511583828,0.22983009724550219,-0.08782082811072203,0.027461449389753433,0.275947936718102,0.27419878747182014,
-0.15633029574938384,-0.02305035920410956,0.10148389007351886,0.07862998327427408,0.09249878208548137,-0.13314409739082445,-0.05669641789799827,0.16620761234342965,0.020459385160154987,-0.16719904924970655,-0.2280637489548097,-0.02266455650542695,
-0.11493166597074689,0.17220584443980502,0.012505416311643081,-0.16165031393564155,-0.2643616519240972,0.1463652135199735,-0.052061296596066814,-0.14560226569256268,0.05147067571384235,0.01200130062440381,-0.1817082215967388,0.011490698351386722,
0.13991217829618666,-0.07116787317212532,-0.08204531914941164,-0.25048158862623887,-0.07520286033934634,-0.047214728057555486,-0.14938068164528645,-0.3004002592781231,-0.14645125444403848,0.12026184498411968,0.051081222570967325,-0.01756144230018389,
-0.07816483123748894,0.0945953255140066,0.14736627836095872,0.36497989301923395,0.2106378470052541,0.17902283834562485,0.20180338445300106,0.3070621892541622,0.23248677305121887,0.007098874065959494,-0.14396783015458217,0.3100724405071615,
-0.028547440129540046,-0.10658454068638895,0.2269795477300837,-0.16369383495690795,-0.01978469624449135,0.11806141910476103,0.010644367811727028,0.11416895087297589,-0.10346660178790446,-0.14241004218812278,0.2421705602956975,0.0318337505458323,
-0.15519738983778977,7.605671142954995E-5,-0.06817738861805653,0.31977221969939124,0.2805675410571853,-0.034007330058269704,-0.11803567167536821,0.1385653331512041,0.08227561384961732,0.12659898427842087,0.2961652132546471,0.16727601256531466,
-0.05620034757134471,-0.27706532636192216,-0.13049005637654162,-0.2943613017782202,-0.09874555603480151,0.046306388637432,0.04454409325532822,-0.3531644409238618,-0.07806755521690906,0.026729040440401926,-0.12052695607252273,-0.053387454196343206,
0.2322464956645549,0.06257802544762997,0.2614700637907672,-0.04317145938505374,-0.16265043371605112,-0.11351828522840114,0.04131762128676937,0.08792484798159611,0.10939358750144902,0.2351708128546264,0.16881518844902002,-0.007167667064910842,
0.20581165427239972,-0.11489504111811917,0.048330686710607466,0.02934240388990529,-0.23151782725806688,0.06315911179035776,-0.14622850984374755,0.16295111629726713,-0.06169592043579488,0.24983200850526013,-0.20915435223452952,-0.2155362809397046,
-0.24238896957903255,0.09359821860915996,-0.19625908358587188,0.11423011234773077,0.07144547280243203,0.045186213120070026,0.1282686858579726,-0.08862427399060706,0.056648809604810606,-0.14595490947929166,-0.24641958316912912,-0.22413783040043145,
0.06510997714201815,0.016164766948773834,0.22357945279908642,-0.018314517038901038,-0.011748054152836203,-0.17413096563253455,-0.08492308285710963,-0.20569079029139797,0.057714575349461714,0.2277271770445057,0.059726429582476814,0.2456927509872025,
0.20413277551091344,-0.03700564386199699,0.06383107971234836,-0.013992745260602391,0.10647529450322832,-0.1463131389459835,0.06788804961765127,0.08075426185470766,0.03687728991966403,0.14461110097401753,0.08536107984498563,-0.16291803418681447,
0.13430517843456868,-0.07183424681266506,-0.08031500606722461,0.15577219235380318,-0.21059037292990176,0.09608361974409417,-0.19522291690234084,-0.15458574948189457,-0.15691236220913188,-0.04235972838850776,-0.26814834810968036,-0.15580838913125364,
0.25981728125114556,0.017636394699540446,-0.12185990479388645,-0.16246005990284546,-0.06829163970903207,0.11254129972420257,0.27745598895567686,0.05797541351026726,0.17172858552837733,-0.1269700891826578,-0.21167744637714633,-0.14068145957073364,
0.08724331248310288,0.09076707421237584,0.009091094545510998,0.05058116515858315,0.1185520340017688,0.06726556087410954,-0.19796064255319923,0.08002743894258056,-0.259564912087615,-0.2807272884391115,-0.2568909164534669,-0.11615295590416018,
-0.07309584840693893,-0.04683335562046164,-0.11415967961440163,0.1337982931831645,-0.269924739139744,-0.25313681985931474,-0.2473732526710655,0.03254435172605262,-0.1843920031824827,-0.25711528387159716,-0.2617528948439494,-0.13068252203737907,
0.12488714850185613,0.2997491253840001,0.1264190754864833,0.08757214748975645,0.18750562458781173,-0.05957085543624903,0.3104869809535412,0.2463648961125325,0.22804107473319807,0.11789636515914206,0.18962988347146123,0.2805555812480396,
0.10814383773783427,-0.08043544180284973,0.1788319883060755,-0.03177453172488765,0.19424914161478796,0.2268329273869324,0.21000881252067896,-0.1218498203295966,0.11355000230346353,0.17453506482858544,0.31504615224869326,0.02010177655603947,
