# Pesos da Rede Treinada TxH=  0.7999999999999999 TxOut=0.08
12,28,12
12,28
-0.7825031642397874,-0.35245884191528876,-0.234389383047474,-0.6600129178364879,-0.34764590795669753,0.39939789752709676,-0.23992791261114607,-0.4614381935580461,-0.560226495367998,-0.2861229218631029,-0.5830952472823215,-0.576213763290418,-0.47083581207177794,-0.3317837745984998,-0.49574724789021446,-0.5090257703249623,-0.4004158615232973,-0.36265215122714367,-0.7864045650882743,-0.6780811477418184,0.5930220459574579,-0.0705662107756602,-0.45952425960103443,-0.5585118988940562,-0.4339015879525071,-0.6988753436373747,-0.49421501943269175,-0.6663614318688009,
-0.3742749081692843,-0.5064013097781769,-0.30135508068988026,-0.4977163801123654,-0.6078657675204748,0.2290749479077752,-0.5176490973629474,-0.5070844303699946,-0.2773419871705511,-0.5142716518145244,-0.2723367248516169,-0.435415302482092,-0.3684518817521389,0.06642799762186863,-0.6070204580745477,-0.2091004045570144,-0.42871429233646163,-0.3885982256159594,-0.492990300788355,-0.3287711466763879,0.5113414587231816,-0.369485096034488,-0.3619403231804307,-0.0930838941976304,-0.4984280000110795,-0.5903584755169139,-0.2334157446645139,-0.30581211658345364,
-0.3300504270694891,-0.25484336134226254,-0.42881585170202435,-0.2893321600948854,-0.5319296809526209,-0.09968303283017854,-0.41662187754258906,-0.5711556521584655,-0.35634236582677625,-0.26575159375416896,-0.4059926029705981,-0.5823324843751791,-0.23751773866295545,-0.11727775985063837,-0.3845661535449573,-0.5454783389400154,-0.5213941867316009,-0.5883630162886013,-0.2630598790935417,-0.4521894369056841,0.19181819019924123,-0.32575133806535245,-0.510527800925748,-0.338730742376654,-0.6457187700748802,-0.5493773949040169,-0.5565166511731471,-0.5420071149334414,
-0.28005317395514406,-0.5697045297720279,-0.3899610927313414,-0.5795403888872189,-0.7861437988640814,0.4213579509864471,-0.689366106362248,-0.47316221439982364,-0.4792032093645783,-0.6669726398521953,-0.4871293533279539,-0.715367973243948,-0.2884704750154855,-0.09704754076754697,-0.34958109341228905,-0.25095743744702625,-0.5850935378798093,-0.3781266363023243,-0.3618901052070656,-0.2730203242145191,0.6470276846355004,-0.5177713365995591,-0.38192177844321096,-0.31283072338095685,-0.4138996910710246,-0.23176449111909592,-0.5731732621282994,-0.5428084972961168,
-0.7566363364619131,-0.7399588416821992,-0.3658904450043985,-0.7374515918290626,-0.7008523756465632,0.3809395928301276,-0.5883177215677154,-0.4148622519185246,-0.5830735771546044,-0.5232444738053575,-0.6865211471559485,-0.4586248894009352,-0.5164912477605098,-0.04149356083637581,-0.7204277467033225,-0.7196229007281856,-0.7417916208566308,-0.7482350911847206,-0.46242423160891477,-0.3790981752890897,0.571601938997084,-0.26940712998482375,-0.8070493405502742,-0.31702502373485353,-0.48348838303988895,-0.6954833667793152,-0.4066632173948312,-0.3553572987742928,
-0.5543180828604453,-0.4569109363667549,-0.2609425715217592,-0.21968558078789358,-0.4007089273507093,-0.03655148517366895,-0.3361903806362227,-0.516755434266841,-0.3273993332857456,-0.35612508554964856,-0.7130405446059431,-0.5131346280689562,-0.7570852361430341,-0.4775264509022788,-0.4435235830354975,-0.4298123190203116,-0.5635738076980689,-0.4047991699428797,-0.4534526990448163,-0.6240236520163094,0.7252721067884147,-0.10384938024159428,-0.33049897187554833,-0.31976972577842333,-0.6805836898744418,-0.496995618539114,-0.30565497714072204,-0.6082869499032428,
-0.43374722885039746,-0.5546050376552644,-0.405110109850748,-0.5963532609326212,-0.6816244326187594,0.31490882276841314,-0.4898537913745669,-0.48008177831300003,-0.6017263241560454,-0.3433549631965565,-0.5318391972504639,-0.5289983386788863,-0.3836590770462481,-0.6280584477265041,-0.4893730473920565,-0.6983627333327226,-0.4374037919024494,-0.38596395278599155,-0.3419254734331229,-0.638887315538911,0.6627589390298578,-0.4522525730603522,-0.3259342516861439,-0.7398670732088888,-0.5828326864196041,-0.5362824405558094,-0.5505593843128894,-0.6240204435319107,
-0.3236389204410168,-0.6213766612913211,-0.6317076948607634,-0.5222739793975226,-0.3301780375599707,0.08383822700362507,-0.545035486777347,-0.6163351093820107,-0.25469057447598326,-0.34290944568558634,-0.40768107403832415,-0.4525043400711186,-0.5234382811596275,-0.1752577807520243,-0.3426460938971648,-0.4864878905035214,-0.5440973747871357,-0.5309909541320877,-0.3166908106165746,-0.4415051656266222,0.14673876427761312,-0.6211883012624657,-0.7287253107981125,-0.3073893066784415,-0.30535621914635847,-0.2336037656939451,-0.3470185802942401,-0.5542937686584251,
-0.616463440677377,-0.47861749465358405,-0.4600253467005422,-0.46465932384162445,-0.6863128922861493,0.09803740258167104,-0.5328770606577932,-0.3941668733405492,-0.6305269756174535,-0.5703638746936808,-0.24738453305894273,-0.36415183982011357,-0.4461540848283041,-0.38306420357250637,-0.684898563459014,-0.6382306366491117,-0.2374905861705265,-0.3250143529138656,-0.7128065984780112,-0.27892716163531167,0.2682308654431226,-0.3698650515068702,-0.5435433281103828,-0.5122538843415546,-0.5482155735967935,-0.2523714753727125,-0.5667102067166013,-0.18517543878398857,
-0.35687491919239267,-0.6174649091932151,-0.6089334525191717,-0.35827295250963287,-0.30584858223484884,-0.0813460979149147,-0.6411089632821263,-0.5151840041008545,-0.5859081079537983,-0.5316109787753701,-0.39185953422395603,-0.3014379852546276,-0.41612214520996815,-0.3931964643760524,-0.3622541244112719,-0.27800730868839224,-0.44921892587372236,-0.5631864644635622,-0.656562564193176,-0.27659148719941135,0.43652868151860913,-0.4631657031966029,-0.43098822639282663,-0.6424621307978113,-0.5983062889755749,-0.31779266409986184,-0.6153421154652184,-0.4340740924404027,
-0.706125542171772,-0.2830528578466194,-0.5930024231621256,-0.42643372134375274,-0.4711925524722435,0.3956041892445625,-0.2353960554465567,-0.3903150281765407,-0.2227747241369525,-0.6424374827404473,-0.7551203484963914,-0.6747390758260534,-0.5762530898047667,-0.40264888651430414,-0.5256355965870201,-0.2475884639835176,-0.5132457638453236,-0.33424683665945903,-0.3226552471597842,-0.5113278998527994,0.7318873683184298,-0.37961616016897515,-0.4515160528889703,-0.6538369330452886,-0.29978589856544596,-0.5308355222203143,-0.3248395011076077,-0.5204007154402468,
-0.296745926996366,-0.36791022827572467,-0.587114038568171,-0.30594660264799356,-0.2755183652719385,0.23004145681511687,-0.5609899267880775,-0.5389269654825426,-0.591962457094551,-0.6357311180812841,-0.5180053063216216,-0.331384080005741,-0.6099689747438272,-0.6513020933965102,-0.38101423542175306,-0.4782036397596085,-0.40672074898359123,-0.7669031889458062,-0.578283798263534,-0.46501369720870583,0.2640982828799872,-0.4408575430037695,-0.4204531911152321,-0.3377357198481715,-0.40493026513745123,-0.637873043301776,-0.5789893234963154,-0.279699764204448,
28,12
-0.36053261398660846,-0.17630771147876276,-0.24000121291252646,-0.19068112426071032,-0.14357031211439317,0.0968439164442987,0.023005082153689387,-0.09456792203926764,-0.286978519217644,-0.03666420943921406,-0.19458817163353234,-0.1987700752052103,
-0.319568224417517,-0.30956044954573225,-0.11220811214151127,0.014103199514392819,-0.1510285035932041,-0.04709858149773717,-0.07293839559277229,-0.20954009819270608,-0.31635695110682704,0.053343889986865387,0.08814934937902377,-0.34717173140698177,
-0.06949280419666012,-0.09513553503967886,0.04194710100834776,-0.2335999262464607,0.1829144404566213,0.05048485426220291,-0.014336607042115253,0.004158529562993647,0.09537041830693954,-0.2972841349041834,-0.21466144145095062,-0.24015764729896005,
-0.2894692423095979,-0.19230188118346087,0.12515116029423598,0.08592777598318985,-0.32225141005879826,0.047705900191874095,-0.1321443334998127,-0.27242900751366544,-0.12205668310330356,-0.1537250274751188,-0.09149408248091499,-0.04657072440033209,
-0.35571663517162067,-0.13596175605617522,-0.3085392868335133,-0.10341025797873624,-0.2737795855504461,-0.27965805699646296,-0.33259290260357477,-0.16116551233046497,-0.1112074438855449,-0.426971650734034,0.04237632628357744,0.025391026063792958,
0.06968670431363169,0.03575805040652847,0.07744873279362746,0.02579281784154633,-0.10165364613523203,-0.025604580358636057,0.1969972398774908,0.2848868056890751,0.36616503471702844,0.3224714171581911,0.1852319663849038,0.19828160140564233,
0.045290584268942724,-0.2812213709094889,-0.13941874366219834,-0.19635991351235077,-0.007973680078300413,-0.3078480866174101,-0.2664612225403235,0.0041055450303939985,0.05387438715188621,-0.35702298566611007,-0.09175192586480987,-0.05232029678192951,
0.03005639139175187,-0.1594596598489685,-0.01351717272013827,-0.28793433305705735,-0.1562330000264321,-0.26199393144481353,-0.2443010987339231,-0.1397629787296376,-0.16910591433276165,0.09530012416280986,-0.10260858338139786,-0.3486642563682118,
-0.040086546870854826,0.10571530561065835,0.10956213103585653,-0.1401066523841225,-0.285889722898274,-0.031962390911162125,-0.08755936169214598,-0.30922961075203664,-0.3985199899686308,-0.14557910445215733,0.09361826239450755,-0.007483199474755394,
0.08578638907929481,0.016897829027416187,-0.08077413183800856,-0.20235794132604332,0.017467499160697963,-0.2562940911635443,-0.30399213735861375,-0.20805238945866109,-0.0752881353670055,-0.21680465494602486,0.08125991919145606,-0.3427217151010113,
-0.37389324587345285,-0.32216181460075544,-0.25812333321912956,-0.15122428208358712,-0.2328574181822442,-0.15829112781873517,-0.14082091534277438,0.1001151611230579,-0.14120902634400473,-0.24997436137549567,-0.3079783499412598,0.03316259463157141,
-0.391613098601071,-0.13286325621207531,-0.24213624031351932,0.04439552738359306,-0.2785357419814785,-0.05861031389272247,-0.1526870228157729,-0.155468633394059,0.01758777330372065,-0.11245352968539783,-0.1877468016357776,-0.22330332468215458,
-0.22291866414419398,0.17771708222885754,-0.18014183289734537,0.13288129089845271,-0.24816366646611393,-0.16135732730220392,0.09633325423718231,-0.13243784214148158,-0.2305581599869237,-0.1926610017707168,-0.2330488699931412,-0.1480569188835181,
0.17567633000499885,-0.03746009417898471,0.0307404654161362,0.17373238354771636,0.2461840235650192,0.13816859740501605,0.11628898129855136,-0.14554559295128916,-0.09995679299980856,-0.11690950140918722,-0.003898935689189292,-0.06126271032381808,
-0.1065845552478612,-0.020355743928032407,-0.3044202564364046,-0.22880388913265967,0.15458214484158156,-0.0327514734078248,-0.15301711495505382,-0.16176139147360769,-0.21629734841883252,-0.06580131184969684,-0.29061001961331745,-0.3340180695633636,
-0.15323001136990677,-0.14684541033298873,-2.3100381109291546E-4,0.07277082993002931,0.023182336564476023,-0.22339945118609972,-0.0484754458280206,-0.18485234882342033,-0.3390444351351365,0.0077721160664640816,-0.22885733791612586,-0.014791175941662434,
-0.1285881918615668,0.1349617907011174,0.06459403743500808,-0.15419936355902117,-0.2901788108623197,-0.1997387019337304,-0.2352416163651094,-0.33137285230307467,-0.06826167925156375,-0.07734746281273057,-0.36783710184468044,-0.0678164972201721,
-0.12022198537439943,0.11029328979514778,-0.21527715830974656,-0.31718900187971416,0.02605698024372874,-0.047992353858213,-0.37972390234653125,-0.382756924002549,0.01541458292913665,-0.08618954800110118,-0.1540166558985928,-0.1782080451312003,
-0.3187761683412705,0.07376361313977342,-0.016364615752742243,-0.25336978335197136,-0.013874438097887595,-0.2853542681091712,-0.17309323801196785,-0.004579527025605728,-0.15067879064539794,-0.09199412997317295,-0.3613768450800488,0.0408409909230042,
-0.014637902493642309,-0.2320961619617986,0.023109761665136074,0.13375120477839217,-0.16496445956127995,0.07001450664474997,-0.0708427899366177,-0.15146502662640732,-0.28374836944329374,-0.1392785389596655,-0.051068142398234075,-0.12474618740959868,
0.7512287374377417,0.6248708902380925,0.7667757672562138,0.7829629927264711,0.8282837491706321,0.708800847388854,0.7080360908400789,0.6546375484147305,0.5965714058743061,0.6636541155811387,0.6825722567324424,0.653457028704897,
-0.09916868892941551,-0.13324704692677683,-0.25363092630740675,-0.29068334844852733,-0.08202424467268037,0.15792596999933878,-0.06563015080062792,-0.08367324670334515,-0.07642311010790401,0.09398028974261106,0.18205840518085323,0.05498075060161121,
0.036468528876839164,0.1767838477778181,-0.2665028104158448,-0.2645358911356224,-0.2558098042467347,-0.2150433446805495,0.01676195129616015,0.052316994553169294,0.030722396136341912,-0.1865791143476913,-0.22272229999541093,-0.2725622358273934,
-0.16782997637858926,-0.1634573355287479,0.14782862362579208,0.1302375643956742,0.07501669185679571,-0.06210280618378555,-0.14141433370422868,-0.10520004868398788,-0.3349273095793334,-0.047344738917260015,-0.20116024379422245,0.11076135210501832,
-0.1204684529220137,-0.10499392299882987,-0.35490004655046575,-0.17581251406615636,-0.1426695139632186,-0.06545093173794715,-0.28922627427225617,-0.053196510787811756,-0.03382664005159586,-0.33839055512863947,-0.12394359713544713,-0.036276982356560385,
-0.06318065902878456,0.09818525275761256,-0.028702521287425942,-0.23446484165131537,-0.15715757748765208,-0.1698408182582036,-0.3092033810317388,-0.15036928716366907,-0.08544357891581705,-0.06556589848082944,-0.24228974350811272,-0.10942869450927678,
-0.24733824414777575,-0.04085764297750242,-0.16889573597140192,0.07327987682932054,0.03917364088950639,0.0060730509149991944,-0.23808322889776615,-0.06922192645457247,-0.052690623307559505,-0.39575843015090423,-0.18712568502902854,0.08771901955951285,
0.147045368865034,0.005811934415953546,-0.3199872513541555,-0.044877188958423624,0.043794809310058885,-0.25362519696749014,-0.11819259034754463,-0.23801276308941624,-0.22107023208140153,-0.190292571004613,-0.08127437358534995,-0.11024034684035734,
