# Pesos da Rede Treinada TxH=  0.5 TxOut=0.08
12,27,12
12,27
-0.6429401707130733,-0.32962323939850524,-0.2978555343576657,-0.3953165374834945,-0.5566672480761878,-0.41769329369329095,-0.6876019690152287,-0.4090281372211447,-0.5453376074881618,-0.6186818961899991,0.18557796586650915,-0.4704635703634772,-0.5085188061791485,-0.6918235605009901,1.1305663595564654,-0.7686081457965497,-0.5445413095539346,-0.6082295857263172,-0.36870697171624284,-0.5631205004401352,-0.4013276453755913,-0.5219249076075333,-0.30577892897696096,-0.7084345527458932,-0.7826863037842257,-0.3640344367698142,-0.5006541426977209,
0.06294944003091396,-0.22735322898578228,-0.29871152996814326,-0.2225451466158722,-0.3014547390569322,-0.26678722625137014,-0.43672633693970425,-0.14585651623673795,-0.09717902872708219,-0.05194060825591098,-0.36550245261554226,-0.27137064121975396,-0.379223641323143,-0.14010371410803474,0.2721006190045543,0.013664856085438555,-0.1486836277363926,-0.32704839480479925,-0.16347355062221736,-0.08946080373298737,-0.45287369197193333,-0.14273099478499576,-0.06667354942367018,-0.38467484026637255,-0.012737055729633559,-0.43309626217839103,-0.043401966466413144,
-0.19195587072620307,-0.36539268044234074,-0.38328131260537623,-0.22920178144902317,-0.18541893906532275,-0.2090176681014847,0.009698906002769608,-0.11052109205267276,-0.03094968216289291,-0.25789200793136424,-0.49813612991485756,-0.07360313951496919,-0.4186914139484375,0.02094682884655363,0.10900223503249432,0.027785328179633428,-0.09035266938689679,-0.1706739514535052,-0.026230576883348355,-0.16905204891343334,-0.3469762077082858,0.03437915628620677,-0.4585097856551514,-0.050076641113993584,-0.4088585227397721,0.0417437641771158,0.003187674621598576,
-0.5267917631901644,-0.19118055340815612,-0.25357532649439957,-0.14632132564773173,-0.2483978491425207,-0.4249220055242282,-0.3025512043339387,-0.4800977978367451,-0.6641895200814092,-0.5338919097793453,-0.12170721412330171,-0.3054137197548416,-0.3047622940628829,-0.44741042138216236,0.8186232255143364,-0.3802399434245034,-0.3196276719805959,-0.567570774589693,-0.5307781592450154,-0.4764115627188583,-0.6093344960025887,-0.2030307000038081,-0.16783463800568774,-0.42219562048254744,-0.22716114403834048,-0.42702951347789286,-0.36404816747104174,
-0.693745241177528,-0.3725015762485173,-0.6989577170892497,-0.5943396956414181,-0.3791663467931106,-0.41102597119796824,-0.716564876972982,-0.682245922146548,-0.44096634869756285,-0.45087423876337845,-0.17016013480849487,-0.6870482600688541,-0.36533638882396025,-0.23685819236318573,0.8893844238330109,-0.4366213543533532,-0.6593033723902794,-0.6926340515994487,-0.5901460023068978,-0.4434024619551121,-0.4848632245514575,-0.3721294977674613,-0.2928691567915554,-0.5040928432540815,-0.7503011597156608,-0.5910368704773071,-0.6096971606854475,
-0.701208360242576,-0.5872638938245464,-0.5273480684144297,-0.40367922381503085,-0.5054840694785355,-0.36191850524517777,-0.44484090436769724,-0.4410377336143553,-0.7153105460666047,-0.28717548925558856,-0.16109435191752763,-0.6787151930715307,-0.5363457426609697,-0.5835693619041089,1.1644700103282304,-0.5247683449761146,-0.7443228853688818,-0.6680051078154751,-0.6351501544046253,-0.3738591333863578,-0.4563513393305477,-0.4233475561139936,-0.4915397305506779,-0.5237943870373903,-0.4318630642022302,-0.7346656644573016,-0.404945571966058,
-0.5167812405842251,-0.6825244066489679,-0.6994745043221315,-0.678733714588497,-0.7465228276083186,-0.4604926355713402,-0.6396265875059054,-0.5165090195620368,-0.5573136468232421,-0.6036260657899509,-0.2820933231616308,-0.5487430189369629,-0.7522917822452113,-0.5540280239336193,1.3351310236955214,-0.7690243551696838,-0.4876944898770956,-0.5684342737626692,-0.7289593721194668,-0.5613185772481133,-0.37847721594629025,-0.8973749281982188,-0.6393579350102584,-0.549163690516478,-0.6169885863793453,-0.47909051594749713,-0.8644836478382194,
-0.19429610483481385,-0.5967358592117761,-0.24132420475500363,-0.5263679057468396,-0.3197142483451499,-0.47270171002641753,-0.5184030420242918,-0.5918405521053791,-0.3354716511429388,-0.630505004915715,-0.6601153689004263,-0.2578123869465856,-0.3346736191587376,-0.6324163796303409,0.8231646169117555,-0.440873506891172,-0.4325987396970478,-0.15486258925028049,-0.3678509952911137,-0.6796761646071926,-0.30160744462308753,-0.5207963022722685,-0.659387531743483,-0.36629478876075383,-0.4963765694471223,-0.46857754694585196,-0.19618810730383937,
-0.7457887742951214,-0.3851822293347528,-0.7386862270192083,-0.5461887264537552,-0.6025325657522502,-0.495760125122255,-0.7313572844298707,-0.556313244355014,-0.5772526995080692,-0.5676128046042168,-0.4155285445657001,-0.5255291874994014,-0.4411560135478727,-0.5968144272694464,0.8791960811742408,-0.4608203533819218,-0.7818604629656973,-0.44268796529442217,-0.7558811725200888,-0.4522251606752295,-0.48279358824521157,-0.683206737672871,-0.46816254569665694,-0.46415684555946896,-0.4552735862665892,-0.5616140745781555,-0.69413866635973,
-0.7232621123095369,-0.4940895478822042,-0.4804762682723252,-0.6270288195930561,-0.7110781954917539,-0.7480514585443501,-0.3449778900725664,-0.7318838302134996,-0.382869030977379,-0.7290105954986937,-0.4322898700465482,-0.8027180952526033,-0.7565799349985063,-0.5444940656007569,1.0195786330570487,-0.7833370218804847,-0.4399651554792434,-0.6309326956524458,-0.3518992150012216,-0.4604933345534327,-0.8035830529249635,-0.5972702586772057,-0.5401739607326751,-0.7379138306391441,-0.6879295704301903,-0.6042461774701189,-0.801770315964149,
-0.5360794568689247,-0.49696160052215466,-0.688382756711843,-0.6372301576744225,-0.5330678234766577,-0.657598984999403,-0.6180234254358019,-0.5339889138866786,-0.6577440868528173,-0.4023759635999959,-0.1088990225796318,-0.5285433047655209,-0.4807096301563952,-0.8065998686979641,0.9819181310521342,-0.49999908081652533,-0.6400562867616915,-0.3261435753222377,-0.48007367981735344,-0.8080009423504635,-0.434267910881798,-0.6545634319212195,-0.5905935886387959,-0.3539099419006472,-0.33912276110035317,-0.41696336120807076,-0.4758770050906401,
-0.2660191680748877,-0.7278011775151693,-0.3492144290489761,-0.6143619242702197,-0.47542202981785714,-0.7110578838008657,-0.3465176272975704,-0.3441388903335867,-0.7175000242963168,-0.4063707873616793,-0.35918643918472426,-0.47424304719983484,-0.3442295053368451,-0.3609599891063482,0.8690205635863752,-0.5643091308155449,-0.37591858422116003,-0.6295271534909014,-0.6050853631653139,-0.45576294387677296,-0.5215152453391452,-0.6032190279546162,-0.7590204326400058,-0.6078520557577365,-0.532946549071903,-0.643512998721876,-0.6902219343786552,
27,12
-0.3122933487668419,-0.31387827711217875,-0.06693783065499158,-0.2562530867311909,-0.14716609057496882,0.015160553605271852,-0.018381806080234785,-0.38915690368284883,-0.12347866073550204,-0.28772067152683545,-0.36143786918057913,-0.11219208838673406,
-0.07923579337130988,-0.013303295756777037,-0.24339625307539342,-0.17739516876925224,-0.14397529538348094,-0.07921190026195848,-0.16806131080230002,-0.4193616252588618,-0.2457006821390542,0.0071638663824555955,-0.11842906547437428,-0.28938290876402584,
-0.20509760722442114,0.033343251564697154,0.007531817839767467,-0.4028689229177439,-0.38350725087411797,-0.06343204361779917,-0.27113639165326103,-0.3565418523070811,-0.18333233004066235,-0.13413501272412384,-0.02804059946610615,-0.26484650294267825,
-0.23655599022409338,-0.3361942115947564,-0.1545633056959213,-0.36245570671599175,-0.4333684617120132,-0.09609884887337655,-0.10975953886726085,-0.11317609421012309,-0.22010850623971823,0.006662974901255325,-0.11460992588519892,-0.2614933579730626,
-0.3659003593212542,-0.1353351770102605,-0.0761260095999179,-0.12346845880462774,-0.21963188402916195,-0.23078564280155248,-0.06833690293375932,-0.040202787007375486,-0.24864529384829576,-0.100637272978988,-0.24837119914532582,-0.29182736028670603,
-0.10549089971829785,-0.3369498407612123,-0.029798192953397303,-0.2782989357923943,-0.3309270161805133,-0.41813734986445933,0.015992840699090887,0.05055323850540968,-0.27691780739416777,-0.09864224033962744,-0.20353442763251117,-0.34376005198668413,
-0.1780271872148172,-0.07309984692659895,-0.3332739513462275,-0.047040168294979846,-0.22691832348638355,-0.149595939455537,-0.35715820394022807,-0.011199351264221825,-0.21118473199332102,-0.2270634194956887,-0.28471733097123214,-0.27971110917087283,
0.006846371090218642,0.013980967987038271,-0.09715618244841492,-0.015324900273016653,-0.24269491745801514,-0.24805304359616925,-0.03968356611509466,-0.40287343349676763,-0.2208541775994992,-0.1118166825721808,-0.3031406964219696,-0.37265756764179525,
-0.2534433495808441,-0.12803919054283933,-0.15297094445409348,-0.04761055336753213,-0.3056335448315949,-0.21718052143012037,-0.36749095826360234,-0.24399086604977765,-0.17304705543908092,-0.18846955144920566,-0.1830664628873652,-0.12621551421382574,
-0.41271986758941026,-0.04943193494437738,0.04222207903448537,-0.2060589860514908,0.018784800572912277,-0.41529796669588276,-0.4698215313029658,-0.0345405432966181,0.026374645842034573,-0.19182112655542982,-0.10357042009230993,-0.2951766818341487,
-0.023998309005785007,-0.05053155656845976,-0.04827575261428305,-0.05798416111909367,-0.04644808031523792,0.01521329229244609,0.032347023031428335,0.018067376788310024,0.060490102185468374,0.08533084777097145,0.05713310930075938,0.05688197410712687,
-0.21885205148283055,-0.1445168352686827,-0.2440384441619368,-0.19768093059034167,0.12399995405952002,-0.333877274008844,-0.18448298468856272,-0.32271855349700757,-0.14775312280049888,-0.2865582053685832,-0.32535218863105336,0.04158866983890988,
-0.011257205243837715,-0.1618903351425182,-0.32423109532329863,0.05042644436093179,-0.21958320905286427,-0.3741324547604639,-0.45325061832811164,-0.01732143676277914,-0.032104303187361564,-0.0800169406979915,-0.20933989195925148,-0.3355212112115258,
-0.2427009307133243,-0.43710452865765664,0.025622641825113486,-0.130324225527656,-0.09870124617253456,-0.06310113765105102,-0.11235686711876353,-0.11798814519246702,-0.3977980111725611,-0.2135315752237715,-0.26249605802294196,-0.17763350711702838,
0.7837933457163824,0.6900735313868834,0.7610533752312014,0.7446610702874625,0.7914663902468826,0.7878095954395472,0.8149012514138309,0.8508853367926439,0.8500715530613118,0.8956003993191323,0.8614629439824206,0.8519924886793091,
-0.3045511604977318,-0.006183830301966002,-0.05835566477690372,0.03913005735161955,-0.10717275162192307,-0.4382504177986353,-0.15824444685391795,-0.0942902121678302,-0.15717176039444777,-0.38643487891306044,-0.3801556664864235,-0.12363598502964877,
-0.03233009538567864,-0.40869242134853373,-0.37049421886259526,0.05653315884551489,-0.25121850703749077,-0.13802894108983282,-0.19815298604483642,-0.06697875453048242,0.039000728907657926,-0.3484203433132294,-0.2450352629904688,-0.38363109296052744,
-0.24145269767456495,-0.08044755546203795,-0.2695446178293565,-0.22927078365755488,-0.03737196768975423,0.02285120883431022,-0.3842718621076447,-0.05933714629987851,-0.2737908052660678,-0.1567128256405445,-0.3254110941835439,-0.31579205111326125,
-0.13947006871627735,-0.33077891171264107,-0.07678514003661653,-0.09177601245041633,0.013305815663503142,-0.14110247515936844,-0.31033028666218604,-0.3984699712863207,-0.3222078999203298,-0.34534137168925005,-0.010979283927884201,-0.027534360592095467,
-0.19434724960445135,-0.05896843393674381,-0.2326257924140774,-0.23107138078918169,-0.12675195740811096,-0.262327823991277,0.0159693865423952,-0.2963509247797928,-0.1389314551413657,-0.42693858343703067,-0.12052059891686011,-0.04568973514547325,
-0.22054924120222935,-0.017058984672440557,-0.34369432843824216,-0.1596180841252251,-0.0618176389769126,-0.30039044616124655,-0.44284929144784574,-0.07534571065724258,-0.06865076741222358,-0.3582488652046187,-0.07794539845195803,-0.05672782864961302,
-0.35933672170488246,0.0023298833968020665,-0.06992984343142697,-0.23944668269355956,-0.2392821635123276,-0.0822722289682594,-0.2843513943064514,-0.10317270231976265,-0.42957840631075683,-0.21408330205492115,-0.22872291534353842,-0.019876263160405624,
-0.21599083238007663,-0.2722962915978994,-0.015195901548580972,-0.11941642680194726,-0.12027624512533497,0.058606739516809545,-0.03325158566974829,-0.28246670438619825,-0.259866870932845,-0.4610808903198766,-0.19743276477388733,-0.05442974207348136,
-0.28024124627573155,-0.20479403251904577,-0.3837493249474941,-0.023943898318569704,-0.16423244437968423,-0.06564053427999349,-0.1051375535383576,-0.2984072495407713,-0.16221347522421817,-0.20543391973931016,-0.31628919104825537,-0.07803324310225793,
0.06079897487349311,-0.10333359102827223,-0.369277740859991,-0.18719545314686034,-0.3053343156410836,-0.09670441216679843,-0.003668089839134886,-0.36586285500582993,-0.36782760253868224,-0.3525802037531239,0.033029611277824514,-0.390519473454374,
0.04146761599908351,-0.19906019982656564,0.04443946701778053,-0.20212357891312926,-0.24430829250737868,-0.2888660770235034,-0.06660562886847349,-0.19268273919044096,-0.2853567749883592,-0.2609906333961435,-0.3191782545741829,-0.2618563064292827,
0.02086062387774047,0.06916938334106272,-0.35356251162427493,-0.38897302253010935,-0.04152302723833447,-0.1405280587024821,-0.32601785973870506,-0.2478548218027582,-0.2700088593589328,-0.16567707450950833,-0.3296293967702994,-0.18368527242854082,
