# Pesos da Rede Treinada TxH=  0.9999999999999999 TxOut=0.08
12,20,12
12,20
-0.4726162904650487,-0.6182013166948166,-0.6356579515119114,-0.8789489232449651,-0.6027949541283166,-0.5096842569417578,0.7865068582974886,1.0715209015806126,-0.5117067936202905,-0.8198395920915675,-0.41418758694976743,-0.30083818415943986,-0.666484893676466,-0.7408667641701402,-0.6901131440410854,-0.4619577337106017,-0.4738894347874668,-0.8143363429520727,-0.7675394966536829,-0.8149888414073583,
-0.28718042529298926,-0.275252715710773,-0.39105637546556443,-0.19673075676258547,-0.38910302298601956,-0.4148782909916021,0.15444875349520032,0.08019327458942305,-0.4651092492788119,-0.1738179267721756,-0.20353564976211103,-0.3726020087124496,-0.2632805390544435,-0.05643924104182257,-0.19398617109625038,-0.7543778102914326,-0.3510193767713683,-0.2437530077316657,-0.3062957300848935,-0.07717307074226394,
-0.3459971888988896,-0.29187553893337714,-0.256081589880559,-0.32919184511221705,-0.13590485793824464,-0.5409621751410486,-0.18197799141419252,0.08842097624572323,-0.7727842622785934,-0.13970306354148088,-0.09865756088462477,-0.44797280650764354,-0.4921819038108861,-0.024307536265815922,-0.20719131758967196,-0.3811320085650359,-0.30996479735951105,-0.19231963951444592,-0.17865416651212787,-0.31064113439857927,
-0.5810194487353195,-0.2795791292595997,-0.9393053778924477,-0.6587682800399095,-0.5289929887472942,-0.6196436068959249,0.6308236742371052,0.9960800489793026,-0.2013030926248082,-0.7368029226325643,-0.4723643759423877,-0.3491727808515332,-0.8221427325056605,-0.7015309982577905,-0.8818683857356167,-0.49089399832853586,-0.4425035812193862,-0.6113728768067384,-0.948378712198285,-0.6506155555661489,
-0.4892937392102969,-0.5226904381309087,-0.7892015162264261,-0.5456466087868331,-0.6843098259165687,-0.9232646084132694,0.8860067951855101,1.1169358732520775,-0.5302645778791065,-0.9764950646673555,-0.5041919488968027,-0.5166441805006835,-0.7227027973367891,-0.41667672481455753,-0.5483899429580822,-0.44289316011898944,-0.9499116148840941,-0.8235654139682792,-0.9538044165935835,-0.973538225497216,
-0.3496804912583278,-0.6031155726700418,-0.6411594296680511,-0.6231852506112617,-0.3798667922907101,-0.465277220718768,0.11174379220104197,0.1700869027457,-0.3329453389967758,-0.5680264760899733,-0.681825829913317,-0.34134355859788346,-0.5612344046736059,-0.3193723033688197,-0.4834946875174844,-0.40705838101650765,-0.28000047398998573,-0.43816548095060537,-0.41880882114038454,-0.35524370475771777,
-0.6485592265089332,-0.5025501306798259,-0.3986015685232888,-0.5823366496904004,-0.6915029135786182,-0.7692838808539756,0.39202460009609813,0.48157360456502624,-0.4754600593064512,-0.7431071587939135,-0.753502139982351,-0.684677535688673,-0.579011249514115,-0.8484711511015806,-0.59070660710216,-0.41081166145428816,-0.8426705816106711,-0.5679024341701788,-0.7076005936004793,-0.7499005097396972,
-0.7166123118455836,-0.3948581432378821,-0.19062623820998242,-0.09536507134834961,-0.26444492704678024,-0.3583198732545125,-0.014283620869785837,-0.2825977840524917,-0.6684805710970234,-0.026074901859124762,-0.3697383976338507,-0.485154859761404,-0.19993927498521907,-0.4434923619550241,-0.27695843540365644,-0.4615043845895458,-0.45984718933897784,-0.3666508232845385,-0.42883748096838686,-0.3936945173807906,
-0.41351699510210066,-0.5279431271756311,-0.024015162565565018,-0.2044133137322504,-0.3057620194827766,-0.100480708856588,-0.0934993173738824,0.07993546089561361,-0.617176848107093,-0.5067393008796468,-0.5075187017920593,-0.3100135378049542,-0.10777466840774384,-0.5069686014802964,-0.5005047272076871,-0.6941512543214352,-0.09063324092135926,-0.2579904297428843,-0.19523432842503755,-0.45745829985953257,
-0.4000404286746471,-0.5884547871268744,-0.5009812935420762,-0.3029635417909035,-0.4598506332795105,-0.21286400741410944,0.1367245218698924,0.10481368010621851,-0.29715740759874254,-0.29104815663042694,-0.41508426475370513,-0.5735766384181881,-0.5330216101772484,-0.2892403688354795,-0.17612309968044504,-0.2860876056822009,-0.32646044741653085,-0.48767469983816236,-0.18197870253836687,-0.34363429079120966,
-0.5949525266175018,-0.3473372245101193,-0.5130768836713328,-0.49176945365140706,-0.5049886895790926,-0.4431794897169544,-0.03477284465043319,0.029746966655900195,-0.4966242286577256,-0.20661732290743143,-0.5780452903705446,-0.27291367426314134,-0.2111829790740372,-0.5393042950987125,-0.5899470651955139,-0.28160998062862286,-0.5699339180575401,-0.43055997930960666,-0.41646564326907587,-0.24619008305406279,
-0.3394645163959121,-0.5179100680813039,-0.5381480503992312,-0.5951881374236045,-0.45116880230978273,-0.29120412818810454,0.09371127634610553,0.22076725493872795,-0.2872667305091324,-0.5145437573107687,-0.2853612554040001,-0.6031217871714889,-0.5771270451718784,-0.45732842250133426,-0.46448634350791196,-0.6330945820448537,-0.5314163857240899,-0.30133196705465665,-0.3018220140272818,-0.3327193623415905,
20,12
-0.2505351368437099,-0.21236401624552315,-0.2726263782594889,-0.4488026057467421,-0.25671989840673537,-0.10413134863488234,-0.13846461690387907,-0.08549882944534255,-0.19405520173484803,-0.1603981375319221,-0.16220258048555086,-0.19175560580153642,
-0.31780299885997154,-0.1869732174142041,-0.3852591324273666,-0.16251661935219147,-0.07254799134635147,-0.17715042883622328,-0.07522390153668002,-0.20104756894415882,0.03189019913309439,-0.3127929834221255,-0.24297604958631952,-0.0014773794819908635,
-0.3955292208481017,-0.1607823341332668,-0.21990993964034522,-0.2780073914832346,-0.36174131082125904,-0.3425957279278141,-0.40626839532546494,-0.28423947092717156,-0.15674714860419295,-0.17223601918169254,-0.242474341308941,-0.11100208750541887,
-0.3210414907083075,0.1876496531844239,-0.2800594151586629,-0.06508646770866786,-0.061589954500720155,-0.1046143123976177,-0.36050863372321595,-0.06597510411302884,-0.3944952670327192,-0.10434485225467144,-0.2567193823383438,-0.20465364809285985,
-0.09033093537686814,0.011773385593042671,-0.07994002028873357,-0.13179613610648452,-0.1468932935249796,0.12078045248748111,-0.30404331368563303,-0.3036666580428117,-0.036216338700362546,-0.32716076111218234,-0.4525086364618487,-0.28063136734535127,
-0.08206447610043649,-0.15532140446060458,-0.21916857926090036,-0.23565133624487244,-0.41413899132591664,-0.17060245997658646,-0.3520803557831007,0.009328104829913302,-0.37018068919397135,-0.5532852825603379,-0.26651674947465154,-0.045343559804874846,
0.3212116522954093,0.21666401176649758,0.205962094458873,0.17024431137868037,0.29377786182633786,0.14284330991855185,0.3999542289483342,0.21313209841985692,0.3163455542283562,0.42111049583138654,0.4854850597135069,0.2792255956460653,
0.5177523881794764,0.4649670482381147,0.5617058654597821,0.5667311833744674,0.5304078715613039,0.6466800840431781,0.5087299283245249,0.653547774193063,0.5980484218988854,0.564491023076701,0.48130527641222576,0.6191632770617801,
-0.14944872421496516,-0.4107592255439968,-0.21391718232354343,-0.36152404350249745,-0.3539435782068349,-0.1086162965262718,-0.16979933455509835,-0.15003420043344387,-0.019973335474901724,-0.023578120636406255,-0.24504670433802536,-0.18724673300507363,
-0.07135354485291678,-0.2212181970092093,-0.09163863937847726,-0.0936956038387308,-0.14904683468335087,-0.19413468676503753,-0.1800965474696135,-0.3861044407353316,-0.16756669176999564,-0.2579730690806816,-0.1832375592070487,-0.3678346024703135,
-0.03841419477818867,-0.28960491142758565,-0.03172799171071025,-0.019032596100278312,-0.031992736999184666,-0.1969752001516205,-0.2585264551955046,-0.1504787005523938,-0.0327395292172879,-0.12946685980751152,-0.1867085776094672,0.014344759500617893,
-0.3269199816038517,-0.017474481940167593,-0.19956450531148254,-0.07245508620232634,-0.006163759234557467,0.1024383977647928,-0.1473211185914846,0.0837474650879401,-0.2530665184388908,-0.3291150303965027,-0.007173966983799179,-0.19351201087398237,
-0.18114531573623568,-0.32803883138069173,0.056985970930834816,-0.37727971130476157,-0.2579461378360752,-0.3306416817937299,-0.3122654644479054,-0.12697813559213206,-0.4056973582665257,-0.131193353637841,-0.32072597791171015,-0.040009052890668965,
-0.06627343849880074,0.03322619150291702,0.10344106293730813,-0.15364586727856105,-0.1557288718629484,-0.1468871893869017,-0.3214782378746249,-0.2201518891115423,-0.05911411996877133,-0.3375862633276782,-0.18725541190776393,-0.14868465988729895,
0.005219830977769671,-0.2361773895890039,-0.06144868362312903,0.05120815124874422,-0.28143273440224753,-0.19085293768567152,-0.01168560525853378,-0.31501372287698326,-0.2113372825479778,-0.13526541947923346,-0.5145327941698254,-0.3243517672570724,
-0.2683195954177508,-0.12457376761008894,-0.3328782963159563,-0.22833901389291672,-0.49517319531901594,-0.24670536591463504,-0.24257636497513302,-0.05952591723900137,-0.05867407658450358,-0.08646677268020682,-0.043446955613309746,-0.13336334037180259,
-0.46405520257330896,-0.2135621098015436,-0.3512818970074791,-0.16520346526200322,-0.1483592724646388,0.016637368584834174,-0.033686370372707046,-0.2608785273365359,-0.26134732668783756,-0.3901079758953052,-0.08344886519266952,-0.18997822839561665,
-0.0013173140007814769,-0.25496969829054195,0.022618270436223786,0.029867243389119627,-0.13795409783453957,-0.16550258825827752,-0.33951327683596416,-0.30302843223992254,-0.3235294530168414,-0.06371946004555659,-0.12930667244010052,-0.20447291779199167,
-0.30622846198926323,-0.25078823796564814,-0.3217644928056257,-0.1037930069375965,-0.33065616132668885,-0.2997119017454024,-0.15301334141924627,-0.22197215226441358,-0.047064618605637355,-0.20219756267476108,-0.4823233778307596,-0.4278504802014775,
-0.2856090195924776,-0.13869633237242388,-0.3306656802673382,-0.2367748956708038,0.0224446440031066,-0.21853408267192975,-0.002053737420604218,-0.08875951528164013,-0.44726059524484846,-0.32920168948707695,-0.19848500923025583,-0.31004611160581874,
