# Pesos da Rede Treinada TxH=  0.1 TxOut=0.03
12,15,12
12,15
-0.2560631566099707,-0.05458532053605328,-0.13648735117648253,-0.23366355481932985,0.014804988920219116,0.0774057989156645,-0.2653372306222819,-0.27104436655230413,-0.25267038296897465,0.2924073053307527,0.023023278671212156,0.06448998904395806,-0.24736288727778163,0.21577389008887035,-0.09159657679143637,
-0.05958024189036074,0.007412006500836782,-0.2572301052382677,0.13124192312086505,-0.13144471114408146,0.0637720351727954,-0.029963906614615798,0.05580045293548293,-0.307199231130265,-0.20207266613034405,-0.4364112425382395,-0.24643292182102305,-0.05607240310547437,-0.17263721584563094,-0.29587860373470903,
-0.13119561523499912,-0.24505792456324266,-0.15413130950171275,-0.15160914498117484,-0.2554547160129632,-0.10819894201565351,-0.3320338802644407,-0.32829944821302853,-0.08313948160095311,0.012535741791100806,-0.10482813439808589,-0.30702952550776025,-0.23089966866927322,-0.32134707423792114,-0.04564747203870248,
0.035148944280365926,-0.20829377587598386,-0.4704850859893395,-0.14137443746206088,-0.4603646472856962,-0.3725203927314809,-0.25244386494383636,-0.21608824396144566,-0.1352579145125977,-0.05896216382186131,-0.39045668716942156,-0.26164914594671057,-0.13741718644009537,-0.2844338309183482,-0.18206165255691445,
0.03031135434792093,0.036499116279848136,-0.12219822213808813,-0.03854253481207931,-0.23405985535048837,-0.03483300317876982,-0.1507451614652182,-0.08124686865569873,-0.4403170164589804,-0.2156631556250636,-0.14849999828072263,-0.19997007337373848,-0.5212520464886816,-0.14018255658879097,-0.013304395850408055,
-0.22819716471183302,-0.3277311154478851,-0.37075998938303606,-0.04369241963027073,0.24757469236778917,0.01751204088221718,-0.05678560016765335,-0.18152961588657235,-0.4461112220670516,0.20431145250731647,-0.02867889737188321,-0.03183688828140962,-0.5051816263782414,0.08557250430606608,-0.03133244840795322,
-0.21649989717316168,-0.03934171595940712,-0.2060413599501085,-0.3281508523677486,0.08448085910335612,0.2704611228614944,-0.1105805837751012,-0.25270721892197673,-0.2577782124892302,-0.033979897189198104,0.20877992197776862,-0.023877993206932444,-0.12968377575137321,0.009633181342077569,-0.35585749167082836,
-0.16948427407104377,-0.2538181581208475,-0.07933821281089458,-0.40930284130456746,0.17277688686973122,0.04642349751961638,-0.029342072223953616,-0.07970241463330752,-0.16425121559231165,0.4036405299115322,0.49617676578088293,-0.2544035773795658,-0.03091693041783744,0.32493536196077094,-0.33917680586376897,
-0.2198951378180212,-0.07981790250423866,0.11190352848209822,-0.3793245550379776,0.666765796906004,0.32472325971987137,-0.47054498712261167,-0.15353141249270652,-0.22096281397829115,0.2660712083035819,0.63540886183312,-0.14385084733641026,0.02139715501415397,0.4642932227626424,-0.10849458561684812,
-0.08571926937392937,-0.18853834105868683,-0.056963928709165494,-0.16698774407666733,0.5575826380194513,0.40183953259356914,-0.15425209914378735,-0.1681381333223547,-0.3948525997878281,0.5442204707844696,0.686074567700191,-0.4721413846518578,-0.34884033707074974,0.6939960266023895,-0.25401593039907666,
-0.43271660338124796,-0.49096611408606844,-0.21855611940661718,-0.14979185793287242,0.4969121441654035,0.16773696967599167,-0.10886248956725837,-0.06831794322859375,-0.11798457399271461,0.10655530290885577,0.48421210972492484,-0.24044436329100013,-0.37387902414174695,0.5377690334680979,-0.10399875136957464,
-0.38918798688069434,-0.2095449802313863,-0.3676325298408291,-0.14552344945512508,0.41408488486895656,0.20673148481923045,-0.3035141243127002,-0.41856923883377223,-0.1195225519136998,-0.027538260832021894,0.051498723097843854,-0.10190896008694779,-0.09769108241456342,0.16124953842596843,-0.3119829475692686,
15,12
-0.2014273962153071,-0.3604507787471019,-0.31436081630662166,-0.22624775558020527,-0.39720844607985545,-0.13303628588777244,-0.15645235390884077,-0.4506935477141619,-0.21993271107653248,-0.20532901149382118,-0.32607242036154893,0.00914902221797312,
-0.2350542988592076,0.03101642864847315,-0.34893494986057755,-0.15595810741825403,0.04855887616382745,-0.320552570168069,-0.2743632738975872,-0.061145851639065864,-0.3601970145154669,-0.3794600125259033,-0.04775966453507223,-0.27150176668024295,
-0.06140734363537381,0.1226657344005483,0.05477396370875773,0.195080241614443,0.03820973839328183,-0.1581604392251519,-0.04082864774783831,-0.03489193646130079,0.17739129484690114,0.06879616108180402,-0.00904563821310247,0.11269573467207601,
-0.35114494879203795,-0.15858388248966396,-0.39705753551942385,-0.25969876153475513,-0.42359499457225475,0.05347018531106596,-0.3687631785410313,-0.07917783025550719,-0.34258271718589217,-0.0016038614393193225,-0.07771789139959558,-0.22471120587866977,
0.29812788806799195,0.15878386376986509,0.4067620892076636,0.5017750356425685,0.3835822978466145,0.43491130957503643,0.40705500291774366,0.3590855486504935,0.37619567614628746,0.3438422011042126,0.25071742421147686,0.17127790311722157,
-0.04198770858468465,0.23012311433478108,0.3448868142666602,0.014460797679842485,0.20761679990469245,0.12509831222779763,0.047710703245816145,0.24756993626351254,0.03126148774328504,0.23804355727846066,0.29441117720582327,0.08532122004222073,
-0.08740047172805096,-0.33869017826620523,0.05644450609618032,-0.3189927610544872,-0.3179240781887827,-0.2678148540383303,-0.06435012122917431,-0.20163628190058952,-0.21106412695377602,-0.06174906558248744,-0.1838205493950078,-0.0975800528133887,
-0.050681606572194185,-0.3506119014876435,0.04006341575999082,-0.07808442243193682,-0.05179754527613184,-0.32325124963174895,-0.28795760096729006,-0.4429925163187707,-0.18387950217759888,-0.42965705301175156,-0.21437135262197118,-0.39187445477009575,
-0.11598321321121746,-0.18789046109442512,0.16698688877161094,-0.14571794588582754,-0.10595859693764992,0.1672359366516999,0.04880729961246417,-0.032946760169779765,-0.233296895713771,0.10196852199273183,-0.2010873982992053,0.04968500669168779,
0.29855626001812113,-0.06342942073813912,0.06669789945299236,0.24004169042946313,0.31324514539923987,0.1482641763434872,0.15448130961524634,0.34687579559964693,0.07508318444438097,0.03815033504561596,0.07078668637059728,0.3422536460641095,
0.43201558536184653,0.4363358826380144,0.42633684036482516,0.05519459897563107,0.2677610769987015,0.42034671790196165,0.4840560219937035,0.18339691589147922,0.21831858598294226,0.25448258677130836,0.3432597156690865,0.22458675992599034,
-0.20558719247245738,-0.15683772888252787,-0.07570467060167733,-0.13813495501856599,0.0480847746728033,-0.15090924825333554,-0.0901432985878774,-0.31322231621328894,-0.0731918074598793,-0.37935723921413733,-0.009943254933753453,-0.24782180482424637,
0.15845952178832443,0.1662774470247392,-0.18251466155668034,0.025906332405185258,-0.0782555341398764,0.06634476944691865,0.07792551008080252,0.11441771160335007,0.04396145064266141,-0.01424176712448234,-0.17865368238519685,-0.0989708964871515,
0.2909261458690842,0.3747077595159514,0.07196393395719267,0.40610889258216587,0.14067002236762782,0.1642308471181332,0.23277270409057885,0.24665040702096028,0.5962988025095163,0.5414376190737304,0.35900034141946113,0.5408090277512354,
-0.2722281621937077,-0.019595200727529474,-0.42637355491496354,-0.23716031783160912,-0.19336239209755934,-0.32321790294475483,-0.3009187412596068,-0.008293079906842908,-0.033995238452409614,-0.25751384036553515,-0.20485555072494505,-0.30457459541536347,
