# Pesos da Rede Treinada TxH=  0.7999999999999999 TxOut=0.03
12,23,12
12,23
1.7764465139701227,-0.6873132529561816,-0.9307401827731953,0.7015357705140243,1.7628149292439308,-0.6350614373121536,-1.0588242616873973,1.77106940861682,-0.7674571699681358,-0.5510924322685482,-0.9540590951176685,-1.0066795490125875,-0.7342099149461525,-0.6644159674837566,-0.7396001346357524,-0.8455926022901716,-0.7336474990188695,-0.5794798583155908,-0.9630339450163856,-0.9078489964716797,-0.8198415661810701,-1.0183388336540669,-1.0894351264116426,
-3.5503835466387614,1.9068810850037552,2.2208470529870366,-3.205142844717912,-3.691862011256793,1.5388212186443884,1.7740676797143489,-3.753420002336048,2.0201162718990178,0.3977561862866386,2.1999464265993858,1.9144740359807677,1.7972425632533233,1.7291578717829867,1.91408401783719,1.6750654368772107,1.5736932641668435,2.0697997593858837,1.816054714055297,1.9878570374460645,2.0042172089060326,2.137144558715587,1.7601970759932164,
-4.083405201237817,1.9374323732805236,2.4677312508089844,-3.145725028157548,-3.9597839635545977,1.9598410776403157,1.9505120219881535,-3.7659355005732773,2.59368895404174,0.3174292230014529,2.370260801202822,2.239457459593912,1.9924492305072654,2.0339449219224996,2.5398705942802215,2.156712070314878,1.616561919344514,2.457390961767303,2.311041915487301,2.14408132653735,2.327428694915102,2.4301984564969796,2.2193457508183316,
-0.4170869961384616,0.36070880776468,0.3392337849434369,-1.2783655261162992,-0.4809955474538564,0.3630554634747706,0.18036280545124056,-0.37143088804239244,0.5818574277307396,-0.2045005339198149,0.37545913282150795,0.6626451142432014,0.36379352648192453,0.2715378299651541,0.34131280295908323,0.46541423544591726,0.48218515934275924,0.4379945481050677,0.5496312129018991,0.5951785867665538,0.3952794620383296,0.17193310830099795,0.5892574347604228,
0.9272849750954192,-0.3591422565568003,-0.4817532812526383,-0.22622348948940807,1.0770475700243503,-0.2388494504482604,-0.38582484516313215,1.0929038703089022,-0.471265100664467,-0.45980155018139157,-0.34351917547169314,-0.5429573718488341,-0.5402302407083625,-0.34989997640958836,-0.4237811976231967,-0.717382876110191,-0.6511051591641119,-0.48661379577454844,-0.3556515700715965,-0.572099893981982,-0.3548902792607707,-0.6589580381463731,-0.45847371381643626,
1.0102452003625921,-0.8208056299986811,-0.7320755112931766,0.22768786421598133,0.9517417188064579,-0.884756835343684,-0.7508528133435206,0.9446248636268736,-0.8528931117701442,-0.3533834594772681,-0.6896008060427202,-0.8347671822585513,-0.7465392868945534,-0.6928109647385785,-0.7724438362501344,-0.5487895708484029,-0.6264116102842034,-0.8710225916857018,-0.8747175515684412,-0.7610894330562811,-0.6965270760232605,-0.5097940694545106,-0.8166386382968667,
3.248372612872402,-1.4482127523103285,-1.866012027240816,1.4057878220808044,2.8692863978768104,-1.6042070559969102,-1.7753037143660038,3.2698365428112175,-2.0380097814401594,-0.8762816784156235,-2.058165007681148,-1.869621630037717,-1.4625605012246063,-1.8306649696163637,-2.0064836823338714,-1.5572343351571278,-1.6861688707233418,-1.9695509331304408,-1.769903498036957,-2.018719233340199,-1.7736614891857472,-2.0238132648966976,-1.5908013629665696,
-1.5919065271491202,0.2033346884285154,0.4435317745689537,-1.384627191374556,-1.2999016238629761,0.4720098045102791,0.600387268490321,-1.2533679172976493,0.6916700002280235,0.285471248050112,0.712741631394431,0.4124209998625785,0.3099931232235875,0.19165183917672202,0.7899801559646985,0.5301993626981704,0.6316364865411624,0.5993500607238116,0.7594471124046025,0.494594406794328,0.6683079680075745,0.6827273858520292,0.4332900040950706,
1.302303808727501,-0.9064094531505675,-0.7888035731196079,1.0142431796816103,1.4909494120126332,-0.9538121791725116,-0.691824310178372,1.361519655059668,-1.1707352425066084,-0.39222224723658045,-0.9408325152706666,-0.879874597888049,-1.0101500424828584,-1.0299504411127662,-1.0038442011311934,-1.1532139613769952,-0.8389067295159959,-1.176655316564152,-1.064538980443033,-1.1646704914791295,-1.2139037761861247,-1.0123076093214372,-1.063526361017064,
1.5713762989892315,-0.9285683072287905,-1.18953942481138,0.9846039614510772,1.6214033547228404,-0.9037098939926543,-0.7304616845535213,1.2100595312235238,-1.1150006396395673,-0.6342204683266209,-0.9845901159516102,-0.9765659357056579,-1.0547523535580499,-0.9152353498650967,-1.2543342789347918,-0.8688743637312147,-0.7729664572589163,-1.065290693466352,-0.9161617205073366,-0.8942366011705514,-1.2994651941701967,-1.202342113763208,-0.8900715538667616,
1.53303315722134,-1.1395531628536082,-0.9227651110167294,0.819842824908126,1.461365968480426,-1.0398568828437569,-0.8108121617834941,1.1529279131619286,-0.8968416358462811,-0.21043928835446998,-1.19219348291766,-0.8583994276284239,-0.8174222059805669,-0.812515411448373,-0.9885124770775711,-0.847310790167361,-0.7815016976059241,-1.1400141587247332,-1.1583935976716486,-0.7802186791959828,-1.015590510389149,-0.9384005927477507,-0.8901354524536055,
1.2768406041546283,-0.8839768795161372,-1.0140646172296128,0.18785696530651422,1.0886645587947381,-0.8518781181341818,-0.9794740721413965,1.4749293772912337,-1.1741241805840916,-0.5895354254683013,-1.1009194312749142,-0.7917146291247941,-0.8261862818383109,-0.6318513536269869,-1.0938565091690007,-1.0255078798131412,-0.9471886847255084,-0.7196701493008791,-1.109966472182651,-0.8551974196034948,-0.8425499252580406,-0.658774750488441,-0.9919036225261103,
23,12
0.36447227807860844,0.28693120232316066,0.24747993996019435,0.35461472281026113,0.19616022781403356,0.26733568263145946,0.3867613049008413,0.38425077787061396,0.27864324462230233,0.3003456711205555,0.35708673239822486,0.30833673084424745,
-0.024966363031163202,0.08888877020839436,-0.09581907678689497,-0.004629873198829103,-0.11129254983789143,-0.2768482799514912,-0.05119266758983174,-0.04686336824489354,-0.1261705677698795,0.06709687992890269,-0.052965162955185635,-0.14723076652794068,
-0.013506576807050707,0.023470471122847357,0.07069933914353706,-0.07888190702091594,0.15126019019794812,-0.2053994838731625,-0.16215806080649653,-0.04312876626468845,0.03362635754667642,-0.20293461530026383,-0.008284913501979834,-0.293234329207341,
-0.011187883066631318,-0.10479498292532431,-0.27064668468152914,-0.23778981882495104,-0.17095866065771148,0.10297326103963178,0.06210246168803361,-0.00949049356155988,0.22457986786102913,0.14117906838605912,0.17520474597799984,0.1264509239205871,
0.18102832075468064,0.19410264019745835,0.35743122698715796,0.20240348826573426,0.3601188119493133,0.15437493031708835,0.38059670436708315,0.21596145418996732,0.3467278181913897,0.43513787334909915,0.4312933976038185,0.25057221170470434,
-0.19569679586279662,0.021243514310658174,-0.15097128186975955,-0.11542268906334124,0.037082182874357786,-0.023066233603986522,0.004672553500609589,-0.11554397886946206,-0.03550900737872471,-0.1960916984075403,0.04337546547529785,-0.07429853491562168,
-0.02099233421457348,0.027749984369746968,-0.10966492455666862,-0.04932675690221808,-0.12584407805840392,-0.0281643571148517,-0.32103937875371785,0.03016326332060602,-0.08699909459170599,-0.12231664071351372,-0.049002881936659255,0.009137239107907523,
0.3694047396802135,0.31171294732128446,0.2709931604659759,0.3037382933629774,0.361406362661306,0.4941766402238686,0.1822852251739553,0.37502245971639403,0.351231539649664,0.28514289461570597,0.20223699788662444,0.41927330425075104,
0.07563445919698139,0.011379028199649303,-0.21324679541251088,-0.0731581183904733,0.07388745611105793,-0.1842379722295637,-0.2565807751065555,-0.25850312227302574,-0.04060091777538566,-0.052724183784361445,-0.008561526613612211,0.019694491662198763,
-0.023087752285553324,-0.28123507206782133,-0.11565088088840692,-0.15604173434967722,-0.16681051193065446,-0.05948702835229405,-0.11927502305188366,0.060480908442174484,0.1161137192989151,0.052575335313651536,-0.03692341194288219,-0.14126827004544978,
0.046054012629152395,-0.18809679511106794,0.16320643565171875,-0.16001377115213844,-0.07817506286349102,-0.021762510094646113,-0.0738164471592355,-0.0649073729706897,-0.10835460820173422,-0.2586704518702689,-0.14707419853217393,0.010916939183256183,
-0.04589902071361391,-0.007554211170066484,-0.032714974672782476,0.08593803426040783,0.026638208359125937,-0.06892732709324433,-0.11407550110144703,-0.3006829902893415,-0.13943439538827904,0.07055256031949726,-0.19875015111700692,-0.014083727552048316,
0.109888889091528,-0.19105206826041038,0.03249689113055999,-0.012887804933441117,-0.13999571512372438,0.011618274161946256,-0.014741500045769025,-0.226869736955055,-0.01469531287915107,-0.1726161457191326,0.05036222516904988,-0.2399642160904428,
-0.18504910912391012,0.09006284420125202,-0.07995999707862475,0.04842476815305766,-0.05163128653141747,-0.1101720814253016,-0.0481858606047154,0.06040779919647609,-0.2752389390968976,0.011992937838442104,-0.16317171289490315,0.005502236475997605,
-0.12194256362538942,-0.11730616566184171,-0.038907061637273664,0.04736244600932628,-0.1330592801817964,-0.17144431680418715,0.11413274447781083,-0.06790128657265877,-0.10220471693781563,-0.07780219689368376,-0.1703763561444032,-0.07746403548164463,
-0.11775355128219951,-0.1966175188989155,-0.10946469431035695,0.0839394796478878,-0.16946425776053797,-0.01204550785981705,-0.1386065889846008,-0.08568683449066537,-0.17914073579105957,-0.04314561734941977,0.032815749215788295,0.0177696280617101,
-0.26171608548091424,-0.025024202759141283,0.08537292608249727,-0.21933126900523547,0.0614737631940655,0.052232311503155104,0.06952225066673519,-0.11471486016342704,-0.159320493734901,-0.11828802735395798,-0.09195395401544308,-0.05971868972089217,
-0.054239381609101384,0.17681372810105275,0.11480870390340871,0.06319386018315865,-0.13435708007899796,-0.1573012200096758,-0.09944934977286375,0.05080298343916043,-0.06838066282553737,-0.20698142653167323,-0.20173076033636708,-0.09188029981397676,
-0.07047218967549487,-0.1811266168726708,0.022010014859846688,-0.23173176838979337,-0.08094261234150867,-0.021195111814685978,-0.17301187178480334,0.024161505995470508,-0.08508106396704346,0.07265744387518144,-0.14601846492312773,-0.14537506425946004,
-0.05385794841085463,0.13160234757746184,-0.1282808400576247,-0.1553034610808401,-0.26439411761019177,-0.013477074054580372,0.03924929232608169,-0.15603114681846647,-0.16257629029545992,-0.0699834219378094,-0.1858842836242053,0.09161866670022625,
-0.20465176418604342,-0.12565966531733266,-0.043128147947425734,0.027983445177521212,-0.14498743904084313,-0.010314943775572388,-0.16043825585560129,0.05572110067135401,0.06503149998128882,-0.05779317487460712,-0.11938814092113352,-0.18078389185166405,
-0.12585349370718163,-0.06410663491615923,-0.11029353303318949,-0.1431426695147393,0.07602098383556848,0.07404411680851217,0.048088007855401474,-0.1575002504198442,-0.2292531771383664,-0.22238303008993918,-0.005798041314334089,-0.04620412355475307,
-0.03321808858942478,-0.22469668740735518,-0.22082631878792275,0.06276276605401603,0.042792815010433215,-0.17225626618415973,0.034998849565934846,-0.025955759182849956,-0.031820128564130204,-0.07943814956831627,-0.13945644418226416,-0.1455035496167238,
