# Pesos da Rede Treinada TxH=  0.9999999999999999 TxOut=0.060000000000000005
12,21,12
12,21
-0.5542767606088392,0.33145840657395437,-0.37570111858576183,0.2904217556063274,-0.2706378279387841,-0.35884662744222917,0.5245560237533804,-0.17061458404896218,-0.6135531201077901,-0.39509772339328103,-0.27128633765418086,-0.39158713662555317,-0.4242336453397576,-0.11524648533958787,-0.23878520827876565,-0.15976703301004916,-0.24406314756199554,-0.3581269277119394,-0.23889388314577914,-0.16317546788750698,-0.28046228405630524,
-0.29829900885470106,0.43458555247330155,-0.13842491527396522,0.40603295335937484,-0.3080422808853781,-0.3595584207502049,0.40256132916479787,-0.3619203682305849,-0.32088843872650424,-0.2666844574723223,-0.30863531081079937,-0.3338626347747146,-0.6091462503304785,0.20208822870413873,-0.4728889022779538,0.0020344934572998617,-0.3474290255657186,-0.4027672199189586,-0.2200211626310451,-0.31804093848026177,-0.2022191693229424,
-0.3682608488291757,0.26737556621878694,-0.3382285636878321,0.4170257946774578,-0.17871534561129696,-0.623659725822236,0.347446790535305,-0.22575200711110135,-0.15133072303937137,-0.5166699154199627,-0.1450521993945074,0.03178962714967466,-0.39407285551058296,0.2582425378919332,-0.25610953417583404,0.1805751371510667,-0.27505022273116103,-0.4349236261912587,-0.1378124148589107,-0.21535582528259348,-0.17625491818342684,
-0.3240426429561506,0.24211834063301066,-0.4455382668711735,0.492009814558125,-0.3245458012562296,-0.6389389701669007,0.46117998808491145,-0.5996388150679088,-0.18735907545327551,-0.5167999566671486,-0.23827273865340973,-0.017463022530775668,-0.1546743755735601,0.10548301906489295,-0.11079305154574753,-0.037959527875423844,-0.39565315859620526,-0.620422779801576,-0.3586863859905456,-0.2773875297383882,-0.5313515978558714,
-0.19299339730829063,0.6396762660706312,-0.4437407771705516,0.28868793904282103,-0.3841288312819907,-0.2886096919209042,0.48026720531220807,-0.19137531040809366,-0.30853554593812105,-0.30719214263424444,-0.30638958800827637,-0.3237625160372162,-0.5585107959689699,-0.07240043765393318,-0.3420225443055797,-0.022805563948558105,-0.14930386924871378,-0.5092460883861379,-0.14458574329949359,-0.272865472688691,-0.49561445015597866,
-0.2506659793534502,0.4875480400807817,-0.5051982186231546,0.11989006032102284,-0.09406066296533594,-0.30716138147871386,0.26361887366236747,-0.18218424018152432,-0.606292535650066,-0.11990391249293174,-0.5592316991381912,-0.33569001221730094,-0.5729263705230232,0.039328249033972515,-0.18027069370159723,-0.18395813553567184,-0.2619850743705763,-0.2835466608277542,-0.18340390464263256,-0.3903385364541726,-0.2702951237520566,
-0.3048435383834432,0.49826864079385197,-0.5478349960657035,0.5195359984047904,-0.3096858968567897,-0.29619832600971574,0.36907399570599536,-0.4623718786674046,-0.3672919889457545,-0.2524287562340011,-0.6100756035403203,-0.1345850114547978,-0.4420978880806658,-0.3097545056210967,-0.5408775760090481,-0.33193263491072195,-0.5340348409701752,-0.2525921593091871,-0.3311166974515507,-0.4254579156672689,-0.49234140047267405,
-0.2896942436248827,0.3717422731060964,-0.4638302202391054,0.6485325460318496,-0.5538584251272574,-0.6171488015756554,0.5061630678476532,-0.5750864642493152,-0.26547322176797716,-0.16279159815211675,-0.4429530409055965,-0.22327171948706925,-0.5738118732517966,-0.2279321606672411,-0.45240900134369666,-0.2573604335602573,-0.35594843544517696,-0.7155524986590427,-0.32997451741697215,-0.5321955016230941,-0.6547337724813774,
-0.47935481353744114,0.2878072372761502,-0.4525498657249262,0.3145138052578622,-0.36452395290302836,-0.553100076101002,0.24631420662317258,-0.44313263514835355,-0.504362290153417,-0.21428483709790352,-0.48092877866673905,-0.3403614672209703,-0.4546416305590274,0.1031957578671231,-0.40332156509808714,-0.058320840339339264,-0.5227799905661977,-0.2423778732816386,-0.41321496866407986,-0.29444177916327596,-0.5795276987615335,
-0.3854715632109166,0.3130400139579349,-0.5053161081225938,0.3680346057992714,-0.3827603776986501,-0.7143064781253401,0.21867765828609756,-0.5668752181370366,-0.2747684700053872,-0.45296138362542676,-0.222097411165052,-0.3333900813842868,-0.34205239622443956,-0.13849934645700887,-0.6728824400479128,-0.22020160072645864,-0.10661578293431924,-0.6812458680756501,-0.11874257116167687,-0.38022720379707425,-0.23409532794250013,
-0.6140902382641865,0.37602742698229175,-0.5279174744217968,0.20158126490539155,-0.30896729723540844,-0.2554505454541705,0.5492661174281799,-0.5693412712568929,-0.6561110743726205,-0.508576445110606,-0.6194649624167976,-0.2662233458865747,-0.23320620751048135,-0.183676402161748,-0.18058693607499415,0.031235067278491905,-0.39312260884218264,-0.3442924698090466,-0.38511453139230767,-0.26874735443788716,-0.5437886596741615,
-0.23681775384997353,0.4010679033135032,-0.2747679896413936,0.5950258983614506,-0.4396105524652012,-0.24463516234373822,0.5374622681253988,-0.6205177221476403,-0.24570090478211912,-0.4697631715149602,-0.517552696858296,-0.04954925753309827,-0.6515774566961271,-0.2333155594389466,-0.5045993890393151,0.07871870744928762,-0.32785760321782664,-0.2546330942618573,-0.21599683799549205,-0.3113875185422712,-0.3162528460203851,
21,12
-0.1347836413293244,-0.06101729101057486,-0.07035087665577444,0.03738830005887339,0.08474801662584013,0.02957130906462911,-0.21723862212360578,-0.26213127499408234,-0.3190470892495019,-0.13185742692170216,0.06119536674275731,-0.17442641696177644,
0.2528520601439165,0.03846304010778294,0.19618251750265717,0.15033029428674205,0.4429834308564521,0.12230183713750833,0.3442206639214641,0.3597644490499024,0.16291710911734908,0.1662660415508668,0.3909176395622975,0.35554564865344995,
-0.15436716054818653,-0.32668546252023106,-0.006548212913561622,-0.011223242868787979,-0.1256903719656935,-0.015606216307592704,0.14957468293504544,-0.12401546501815171,0.016958541541462983,-0.028619601545065737,-0.04428005455441172,-0.1514427793296675,
0.19837723295305804,0.34945032674282295,0.20273053434769103,0.053968318375789456,0.045622001776384584,0.251791708268812,0.23747077859262036,0.4747032891361373,0.22332921581476564,0.4573592179706447,0.3746007652406024,0.24097487327628483,
-0.018201526627758164,0.09382821245695776,0.005237545060053965,-0.1620860716844676,-0.1410923367368223,-0.11808814299377965,-0.06086295531847907,-0.053107003601223834,-0.06368243260869434,-0.2346779150786131,0.16397688640273922,0.051611537507177195,
-0.2742611297700184,-0.24590052842980492,-0.2613170490407737,-0.14111172724652035,-0.046865747133318286,-0.22677681611658812,-0.2509211437010001,0.08252867455974838,-0.2371338868688086,0.012390370938861736,-0.2745458436926067,-0.009567750607525047,
0.24238615791363233,0.3346580343374955,0.39022908011775503,0.30227016234921467,0.2478071901358471,0.37298750826345173,0.3641982765881968,0.004451259598417282,0.387550780576582,0.2422074775144565,0.06783002123086855,0.18218497157806757,
0.08654367739969782,-0.1461170428018036,-0.0681250541718963,-0.17872463268475383,-0.009951712584570649,-0.27866797493137924,-0.17020894798713204,-0.1978502950143727,-0.08396487387695162,-0.17101547546567622,-0.18061157838098035,-0.14025087781945206,
-0.04656829540406724,-0.03779355495792605,-0.23042699130417177,0.10672502548125741,-0.054388675274572265,-0.09908045996208589,-0.15080496815633987,-0.1730204098514233,-0.21985194730113633,-0.07220784649506592,-0.20177887140753611,-0.1905592819934703,
-0.15754300303908522,-0.1882672347939237,-0.2177183843737007,-0.06602867291192895,0.04122853118281272,0.12469441002610639,0.15354214872192593,-0.05915469930984142,-0.07185327990739063,0.14336539723022948,-0.15691506789352366,0.15854915596591126,
-0.10416407695596298,-0.22157575882249092,0.1688853634184994,-0.18212904530574722,0.06469005646334561,-0.006815617611818146,-0.17683759584980493,-0.023710789139385468,-0.06980596964053162,-0.09178451539940942,-0.14669030992683124,-0.24608897697280682,
-0.1960604662871921,0.1516590134683223,0.09741818372628379,0.14247198337319858,-0.13702954700950976,0.14025245049113386,-0.07254679149035523,0.17834510135937492,-0.2397372196637754,0.05093658170283697,-0.23840744850560142,-0.013694087235867208,
-0.053220329110057384,0.006579419175239966,-0.06187928961588271,-0.3414490105723367,-0.14141820228550545,-0.09164507104811669,-0.1252216432880457,-0.2191713438088142,-0.2807154157663614,-0.22730525543176908,-0.2710084767984583,0.023949761503802465,
0.1079292719015671,-0.0629731251281971,-0.14782888146559744,0.244312010221543,0.15938254667990806,0.07874259395423205,-0.2571149612997659,0.02290802689558434,0.17097843101288834,-0.0015132209199306117,0.09622734539610547,0.11640035644061832,
-0.031656306054587226,0.06479110422435633,0.06352596625853682,-0.13865432132759115,-0.021321045162506904,-0.24109365230093519,-0.29265504368048817,0.006295287862925195,-0.12003425599140134,-0.32798147625498303,0.04951441072514868,-0.16615648650732065,
0.24505325679046602,-0.09355620102147279,0.12064318900631261,0.15022253320590845,-0.1291899038734833,-0.062026223361109585,0.12535973444157417,-0.1797466295362089,0.0696461805814738,0.07487804624982915,-0.025867027650955,0.02583457480875548,
-0.2419669509285048,0.12721973272533554,-0.02718356077818775,0.013342390299268262,-0.22477613535893226,-0.15030850918882196,0.001772207489858599,-0.16631958168719532,0.12910141106485865,-0.2072458594698444,0.21469835890099723,-0.09273827445553874,
0.09875693992379705,0.06824273830332622,-0.00948767891928134,-0.3368505275141375,-0.33254774080162486,-0.04206097819097495,-0.09680950688857792,-0.07030091796791128,0.10368972535258597,-0.09900572640336616,-0.2700375859255382,-0.10900076986953394,
0.03724055245518503,-0.12959749092963876,-0.12658921009483148,0.018746292906331324,0.1836564305576824,0.02943167536657039,-0.12829379349062645,0.20098593539265266,-0.05183283555560412,-0.11469942633739119,-0.157650396484643,0.07334789557271282,
-0.24183423580711552,-0.027671198677162556,-0.17441517611794122,0.16377394656596644,-0.1725269614577053,-0.17468162921677516,-0.1223003147175523,-0.01812499418316527,-0.09763162598308925,-0.034529795045217304,0.2026772363371085,-0.1310365201737993,
-0.03455233832674369,-0.0960294720023854,-0.2686429428868426,0.0011421929931984876,-0.038863111671993175,-0.10556188963826571,-0.02992133374935536,-0.2636623523587146,0.041142032513406875,-0.010704216066265634,-0.2774574970004648,-0.2458081211868106,
