# Pesos da Rede Treinada TxH=  0.7999999999999999 TxOut=0.09999999999999999
12,21,12
12,21
-0.5286876240419448,-0.38159468594821894,0.7294978647200618,-0.5280357682710766,-0.6988665535864702,-0.3379924050000187,-0.6520138799214207,-0.5637329757214213,-0.5142022007282794,-0.6228564679854337,-0.6377102966483538,-0.6157545445074697,0.5548283282532475,-0.7210849110714498,-0.4544916994783175,-0.45778666108631333,-0.21323945785359913,-0.5786202696918389,-0.3617249331065487,-0.4689501051767684,-0.39486512811258695,
-0.278540671625405,-0.2836983945282281,0.4800145311575367,-0.16270234278764936,-0.34000753502870734,-0.3393710050384419,-0.2315842976886188,-0.2505891032078204,-0.37686526479017934,-0.17261017714873506,-0.10829547523281127,-0.16631794342971312,-0.002293367179360172,-0.2169718673630926,-0.20837982330005067,-0.48200160481554605,-0.22508376429072394,-0.06519053519550157,-0.4248679553186549,-0.07045646373810045,-0.3727081427035219,
-0.5269281306413489,-0.5363784825923147,0.5280138265064576,-0.38584140426297137,-0.272123651244677,-0.19952268406398732,-0.23232709685223285,-0.4630116045479166,-0.2499022247353529,-0.577276689195562,-0.32522910425863366,-0.5405369431790918,0.3964273795366607,-0.3955902247332037,-0.3409684356870786,-0.28648884134972114,-0.2115362516721691,-0.26291226966882364,-0.31766807385854745,-0.3743239365884868,-0.302408717327436,
-0.5623172222019436,-0.3913763946094438,0.7135671751010899,-0.6585099137435515,-0.2787105666601898,-0.44515355801565143,-0.3401186867064261,-0.3686844058933193,-0.672765077324326,-0.4245007727869905,-0.2665895387868308,-0.6223607513611583,0.5992991558183184,-0.31276820540512795,-0.6092458823184074,-0.2629169337682864,-0.5821661873866173,-0.23462630559040668,-0.5427517338498915,-0.6459726589211489,-0.48958680017662015,
-0.4155736225684078,-0.4205218506300302,0.8682522538565033,-0.7158585336237605,-0.6688723344577409,-0.3622537433617925,-0.3266821813547669,-0.7162758377961327,-0.5172788973973882,-0.4167490379728054,-0.6386559321050191,-0.5065670184752645,0.4907118395855759,-0.4788571093938265,-0.44342242602222465,-0.3368744617420296,-0.573335775975152,-0.6561477503252335,-0.35149122726692006,-0.48263204797612896,-0.8093426211873979,
-0.524211204263011,-0.5589484280670707,0.3737532297193987,-0.3106440191433977,-0.26495692036538737,-0.5081420295109212,-0.6447386942775598,-0.3875443877848785,-0.4722882510864628,-0.47676126775027555,-0.41540442118952886,-0.6261634295881544,0.12028625757197806,-0.6032194438381396,-0.43800956296023535,-0.64578508284554,-0.3367484665079642,-0.48794111024323095,-0.6062540395520912,-0.33268267932594653,-0.4948093031232757,
-0.28678325287818796,-0.641164312082741,0.4619076402085193,-0.5043615441810568,-0.7588283847752827,-0.6160008155479453,-0.7007905434862233,-0.600452976122353,-0.5491831839049726,-0.21375369634365754,-0.6189379706117111,-0.3114857325464639,0.5526572304757674,-0.6153352827569861,-0.39414525609462236,-0.2436326310508949,-0.41786293486928605,-0.37313760177041044,-0.5160024932463587,-0.39682318957642454,-0.5657818715246972,
-0.4829603703856117,-0.441984986098673,0.3689682645267316,-0.42050185579020205,-0.691575440485206,-0.5519205206476441,-0.6107187545273984,-0.5338159984476455,-0.33061958772899447,-0.2670213976283545,-0.41357448186266055,-0.20604917023994437,0.28383812350956317,-0.24854656215025517,-0.48937738596830876,-0.19477363832520123,-0.39015144719584643,-0.3147314533329787,-0.24786342610946185,-0.5597455032999458,-0.23648008829658704,
-0.2774276422725554,-0.43805921297347405,0.16646487909370727,-0.3155433978108169,-0.36560102783051845,-0.3072104816837024,-0.24788044651246016,-0.30762615099918184,-0.16032234457149355,-0.3514548834369001,-0.35797383779498615,-0.4031394051509663,0.36261647887513954,-0.36668974162079593,-0.5310347048939252,-0.4670688622910983,-0.5351455589005801,-0.33695108681893904,-0.2770409256279325,-0.17539532684423334,-0.3153491643502451,
-0.5376864919311914,-0.4495818037703332,0.380166066315402,-0.5391954575382568,-0.2592825010730596,-0.3008384226875734,-0.35673336411710116,-0.44637907828833717,-0.46021113319687806,-0.471740607374278,-0.2944964085849241,-0.4379523550997633,0.37747384256596783,-0.42457175275692444,-0.5613245628693344,-0.5180981303100052,-0.5171995994407061,-0.5948821264702308,-0.41489153805275375,-0.5570875114602969,-0.6044095951074835,
-0.3784702706583483,-0.16575631556310555,0.2786720984659422,-0.3215643618108723,-0.28237009871956853,-0.5402416452752238,-0.24281986239797038,-0.29102344517948014,-0.31835201587812395,-0.5960521316472621,-0.5535273523956432,-0.4557037262618693,0.07009096475876196,-0.3636748736428603,-0.548434705797435,-0.5992036039743305,-0.37504857224891325,-0.5766463117193761,-0.5194735663360175,-0.4280388169405226,-0.45828710562215735,
-0.3771429303351031,-0.6087266233097143,0.17799806006373142,-0.36560860382814536,-0.4858323550763266,-0.4423233591389368,-0.5361517864836574,-0.1902600724094182,-0.5209695406845547,-0.36222877445103474,-0.39616982364831516,-0.39995931397749707,0.14642781175511219,-0.6845984610398632,-0.31650820189730716,-0.5520866458573039,-0.20813048939851567,-0.5096536613749009,-0.4396655209699598,-0.6038317010023487,-0.32876572239183466,
21,12
0.051026986451978756,-0.3383524268971678,0.03971422127463961,-0.23142479571194965,-0.23470487510856172,-0.15801844373037197,-0.30664681619292433,-0.17673663785844193,-0.353342754449448,-0.05388797832354032,-0.10296983427768207,-0.001194678777220894,
0.06063351794984162,-0.12461016896225433,-0.3062258655971611,-0.2882700408855656,-0.36533743974725413,-0.30791650630818856,-0.02082384951413351,-0.004575898321325922,-0.14220054066497498,0.04692505289096779,-0.35028684475180566,-0.11853365201486916,
0.5093946361557051,0.618280304819803,0.5054163346283277,0.69398769255043,0.54609435585714,0.5432133863339157,0.4630651731786784,0.48311273440852254,0.602871091108999,0.49538867443429213,0.5557450220360906,0.6381683355743462,
-0.23955078561844195,0.01911070902353437,-0.33708585066885144,-0.24846948869084598,0.018081737329594394,-0.09014164714910711,-0.22853367726635154,-0.2718394056531488,-0.1141732317671436,0.003940042657003409,-0.141072132796308,-0.24628593518761147,
-0.07880918951534073,-0.286577866505385,-0.12438085134164292,-0.03536282922235103,-0.3828319851243816,0.007177955596133254,-0.11975066263632093,-0.24567806431742187,-0.36347616330671906,-0.21169161284078647,-0.32330398090350665,-0.3078403442086335,
0.02433183735799206,-0.1437369012820266,-0.04467812406992526,-0.18147061624653324,-0.18858842447918825,0.03363371912411149,-0.31123869695368467,0.05950158096446264,-0.22327892961878923,-0.08225130620779884,-0.16359369381717884,-0.11898675493674801,
-0.27398423937872307,0.025625506900416973,-0.1433421555513171,-0.15984818515462215,-0.2050310835371005,0.01701095567868891,-0.200679449214856,-0.0272100018297495,-0.10826423495239794,-0.30905848255384943,-0.18960453351963066,0.03640888876796148,
-0.35272708548825055,-0.14389736952618531,-0.08674282851445596,-0.08745999046956973,-0.01850480893016353,-0.10781230992896063,-0.2818732749969905,-0.04846495547167263,-0.22825141995370654,-0.022296246980880348,-0.02645603447879489,-0.2978158881641287,
-0.04898369492852953,-0.2483369345510178,-0.1464257197559975,-0.048987870722595805,-0.08798610892775931,-0.026291126844971938,-0.2078248529867461,-0.2421521148114879,-0.3312816201967357,-0.20036399582803324,-0.20601599612456256,-0.11609839393353526,
-0.2472724308330313,-0.2773142493050013,0.03692169615702844,0.12787095353209108,0.0051726452317046034,-0.1579092314937476,-0.1703250448524014,-0.2324056440281252,-0.0874816653838313,-0.05529710330928015,-0.23528641990574514,-0.14287416820860177,
-0.25766159390202287,0.05882488845308795,-0.030720560622001493,-0.24127157001976246,-0.1457333987135386,-0.01827180241941268,-0.04680446887105587,-0.07565543795904763,-0.22221923353366968,-0.29845810342857104,-0.4268657075555189,-0.04421916271005293,
-0.31976876064512283,-0.11000724571589307,-0.042606970393287015,-0.0890166233858991,-0.010360847382081788,-0.3652154168873666,0.08754047174854492,-0.46267614459122275,-0.02454919005171693,-0.34590038011407903,-0.2241699273718408,-0.22784960863391693,
0.3291377908829386,0.0863529819489609,0.2532467459795018,0.04231955715491692,0.26640210099537504,0.2892153561366615,0.39921889781828407,0.4120775445551733,0.30174767602797553,0.45004585481944714,0.3676687648466354,0.25111521271634446,
-0.24812173523429087,-0.19569962447953276,-0.025320374742824257,-0.2126407227941374,-0.17435513352368306,-0.305024896394689,-0.24788093911742257,-0.31793932325894836,-0.2599164407430938,-0.320830440537162,0.02989332827766807,-0.32169761526510215,
-0.2139616467805921,-0.18812184150548006,-0.23686321196670315,-0.2679463617260385,-0.07817868384566352,-0.2715445228559627,0.03373058612488289,-0.05560849970231755,-0.0658223895424609,-0.3016175065334097,-0.299655722007254,-0.38668701070897304,
0.02532440960203969,0.06038162389950515,-0.14002411545565602,-0.22462040228029287,0.006882033556044211,-0.2950224558255066,-0.20952957675789274,-0.3150768231660019,-0.16935719603365726,-0.26435396060937966,-0.11832379487394305,0.04212188679761108,
-0.19313597973114893,-0.08760211593657927,0.14649912514414315,0.22211914638305702,-0.07978784020366063,-0.09651986976256803,0.09493942471114343,-0.13488720564681334,-0.09514103348612656,-0.2815654917730045,-0.27416403197602746,-0.03324383368237295,
-0.10485357850798498,-0.2566098777083595,0.06253348882233511,-0.035703452306958254,0.004462007884688889,-0.2667390099725185,-0.2497172078567019,-0.19527231954358154,-0.38145438584578156,-0.11589133211125456,0.04492708017479162,-0.30957726839488586,
0.10682641101805009,-0.060359006815274445,-0.2545319761705903,-0.2773927283763765,-0.006352382790208965,-0.18911698005879268,-0.21027035899124183,-0.03304622850827067,-0.15608169618166118,-0.004834606738259155,-0.2547851251613641,-0.1438248521800581,
-0.2110126904061614,0.13211631473009308,-0.22388535923951067,-0.01759517989517548,-0.2030322696261915,-0.054989198607781634,-0.03525219158796724,-0.16365513000192308,-0.24773875386855862,-0.3184151711642558,-0.17667742530235453,-0.2703621230842889,
-0.23607305686212265,-0.03736586644818779,-0.32258639669958583,0.0023514282062159805,-0.26895335068770165,-0.2420521770023184,-0.35192216741729665,-0.10678980932181309,0.09747512868709547,-0.3087460089753707,-0.041323243041776495,-0.2121503319389456,
