# Pesos da Rede Treinada TxH=  0.2 TxOut=0.060000000000000005
12,21,12
12,21
-0.4592368893839436,-0.35256933730718537,-0.08581059355714518,-0.7996921209797383,-0.2828997287728216,-0.23912627549280915,-0.45789614392402067,0.38251352882171413,-0.5501197156007961,-0.2298153057138807,-0.18900346845212398,-0.46505835885506047,-0.13100827579034957,-0.2291592377027469,0.24708937835484845,-0.6397776069865784,-0.3645276767779614,-0.47506224447051915,-0.16701868007806506,-0.4383774723664033,-0.36546563379743596,
0.49191075896969255,0.048286379138364505,0.14928703288912643,-0.4106582909039313,-0.18598078199875806,0.6656183194219911,-0.001977317409055179,-1.5722052694012405,0.3344377970415934,0.2832254064673078,0.41463814428336493,0.23598301091216717,0.061170103716327785,0.508611851981804,-1.6778421422627199,-0.3045594576054952,0.24937239011904608,0.05991077009189634,0.25446778947269333,0.2048251387372971,-0.055669986673610734,
0.4247259665322219,0.217748645792742,0.37079658235523605,-0.6612617566814877,-0.1538535920974092,0.3047377245060174,-0.007149518295198886,-1.7096417941583903,0.3696921414741622,0.44151175584004737,0.2059731548265364,0.34495631695116835,0.13263077252298575,0.5700244380948112,-1.8578039385250946,-0.5199479027706029,0.07347383523962,0.0016098562872146243,0.10464588978338836,0.09312615255660267,0.2591353056269648,
0.4657540943105796,0.29179540942547394,-9.651808677762857E-4,-0.6900992948379764,-0.030022044251325927,0.520864321705891,-0.13551128912382293,-1.3685832426138222,0.0748053227278989,0.11738346485548792,0.37941178818889343,0.24116590436177468,0.44385716914457657,0.32043471363344433,-1.4348866206604083,-0.5868633920257675,0.22941784031741652,0.17071322855480223,-0.09035013858096061,0.4713804742786783,0.15618205076694125,
-0.12565523289939162,-0.11942997312198152,0.2350324828182966,-0.6635961896698495,-0.4034227828692419,-0.09320596238266594,-0.1920615885537279,-0.8210512748934614,0.0785609043646956,0.3261751512445878,-0.14505889505791805,0.14093149046322598,-0.11294367676729854,0.3766898971961683,-0.8435656230327719,-0.7323895305981589,0.2274205616899588,0.11209025984294396,-0.03706814046420872,0.01978798776835214,-0.09518800175328498,
-0.4674605771782458,-0.5185973945789245,-0.2317129539700634,-0.6480329256318513,-0.6121406165134513,-0.421944516945059,-0.2365224050947548,0.9724603218521185,-0.5320700078352013,-0.22111504843671193,-0.46806684459530057,-0.448943194192521,-0.44923206920153175,-0.6433329340408125,0.5402226159434196,-0.4873985715152285,-0.24199275788593533,-0.23082039429088766,-0.30916404911152123,-0.163877154112653,-0.4285530973977355,
-0.6899776169032072,-0.4127310693475344,-0.31937471856730737,-0.5465315783562232,-0.2619983866568763,-0.6774858323287164,-0.2587543127203333,1.2500756128296473,-0.3620566490194735,-0.6142660507995946,-0.6942804212902001,-0.48517383451208856,-0.6126249613324476,-0.7707513734770665,0.8877925715292561,-0.545140233819683,-0.6330371400062859,-0.36405696225688516,-0.6863705715369083,-0.4273871641414185,-0.2995433454988509,
-0.40197749146455364,-0.21897437658598365,-0.3108779063806795,-0.6307186096981119,-0.23363390424429556,-0.32630084081484273,-0.4858860882388677,0.5673946101700147,-0.3851409576333127,-0.5526584772187926,-0.47159627511774466,-0.3127918288624353,-0.43040992804798417,-0.47963308673375044,0.2227998185046224,-0.6816822646608828,-0.5842068490908227,-0.15105588443758913,-0.31624359124908236,-0.4018880277653307,-0.4727142107200872,
-0.6804736472181624,-0.45589644451026734,-0.7975230512801637,-0.8837972139163216,-0.38642497394261976,-0.675377068328302,-0.6370261444571317,1.653850494854905,-0.7481841055960143,-0.8389960481716423,-0.6261319641139999,-0.7234684117248575,-0.3915580575641274,-0.9990014142837181,1.3330272827717145,-0.708286000179188,-0.8133499502107706,-0.7846552556015923,-0.43064110682302786,-0.7997172371092048,-0.5259301995036232,
-0.48512119811215915,-0.7433276640361993,-0.8074189242312895,-0.688577631406775,-0.36094261118499854,-0.6741644625364744,-0.6599169795488452,1.7961978272519674,-0.851528002302211,-0.6113923503787534,-0.7863792371499673,-0.6571357273947624,-0.7126248809695523,-0.6763852810095344,1.3632818399924946,-0.7006123142134044,-0.4996182732865853,-0.49519256666237543,-0.8727946668930632,-0.6626948466442809,-0.5108894504061363,
-0.6753514203310139,-0.5981380551522129,-0.7711989029467916,-0.7188155176405241,-0.7632477328644218,-0.7141845605296304,-0.3604496919496486,1.3672421617754087,-0.40723340406209374,-0.8876448069463364,-0.312071246583455,-0.4457497560263611,-0.4452985124885287,-0.7675090581365166,1.3526875798260356,-0.5749732871832057,-0.43224712746293964,-0.7395670832581791,-0.5036467865447999,-0.7705266014347223,-0.6268363329582328,
-0.5659277117605153,-0.4179183163783389,-0.7105757362492036,-0.5424852000964068,-0.3303813149588355,-0.7636444681567471,-0.24582512512852828,1.0376407054554249,-0.26790342413690976,-0.3334731738659464,-0.6364677624555569,-0.7308640641828058,-0.6532367630246538,-0.4279525424435997,0.6169828906294951,-0.5768087316272291,-0.46376944971465633,-0.4603226723248013,-0.3889971728946235,-0.370951156946282,-0.4509839764889961,
21,12
-0.2698834394399537,0.09640444499515627,-0.0313997585526015,0.022340298569205632,0.05600242305556137,-0.132139479463791,-0.07258156371920552,-0.04710061225985487,-0.21593652516410433,-0.10022389375471542,-0.28775507693870545,-0.18459421323878805,
-0.26987958074336094,0.14112601046412906,0.039244585222673094,-0.22231818227064842,-0.1800786415792077,-0.11360259386690491,-0.11763981200203329,-0.22109459879337462,-0.19547317552611382,-0.0672784631480294,0.15417650991652054,-0.02714482780601632,
0.11955249773677842,0.013560142482623515,-0.12243525163593535,-0.2177514779072985,-0.1564127289772831,-0.2615235748732664,-0.12608825404118845,-0.19409758534094407,-0.014218298644919006,-0.25205104419920576,-0.10536084678899087,0.10712280820354377,
0.38752447737007095,0.32286539908994444,0.07465813060595447,0.10322833758155048,0.2112872492292706,0.1856215301224811,0.42051513284201747,0.3887793175413415,0.575305591394319,0.6097860922357837,0.5729514598326617,0.41101392641772233,
-0.08231900385169873,-0.33386516177604997,0.20521044964582758,0.08307330298650886,-0.1559062094235429,-0.024021648750439828,-0.02211996289220706,-0.04860645268582264,0.15411386266644286,-0.02240783476477684,-0.034905072607979544,0.02133012763918356,
0.061849742485701215,-0.13968020060111794,-0.12534272796397095,-0.016669732106950767,-0.15593419280886645,-0.08564306068637025,-0.2200325875393024,-0.08632045682966917,-0.17910755614614696,-0.3114647602324362,0.11307461012226237,-0.2781580054884252,
-0.15697088334169548,-0.0642961768385794,-0.15290719621545873,4.565565252394801E-4,-0.23261776386281774,-0.013253135350078844,0.10468463574731895,-0.04326417710139958,-0.17224170904149985,0.0890994674474992,0.015795921131632976,0.0860849438755585,
0.5068201004697657,0.4548091012319039,0.5305872259314793,0.5774610403862206,0.5687656400387539,0.4433716066845093,0.4717831026161581,0.6685089691672096,0.5936585386399694,0.48614826354960905,0.573010471995734,0.574960761947361,
0.021103936449775092,-0.15903727702019144,-0.17834033838223864,-0.2918866263866554,-0.1933337764661011,-0.18818705968881064,0.0241823065893968,-0.25828233792729605,-0.17494035144313025,0.088061437381052,0.14048176846050853,-0.19075699362139803,
-0.2709176524742447,0.11852066287039545,-0.04221933258478564,-0.2069946064703272,-0.06567012874628436,-0.13547584627634943,-0.15802911208933537,-0.18946933408938735,0.057260611471633825,0.09884681591130691,-0.2665156675813635,-0.23494326188772455,
-0.21505839197201218,-0.25100405338291,-0.05680996183384051,-0.12249841896990231,-0.036382128223732706,-0.07546564810417077,0.05652523796499902,-0.07019994825208863,-0.08169928408960882,-0.17157951264547552,-0.2562476983512315,-0.007731467995872106,
-0.14636533729571982,-0.2511575319477266,-0.09167236314277918,0.05077428263455379,-0.1968795227993013,-0.23407979724749262,-0.11304914820413477,0.020073105754213706,-0.13165190707810653,0.029760441760082912,-0.2543956349911531,0.03316074121302511,
-0.1446713091175379,0.14387514646874358,-0.09787583254985023,-0.00345513385068299,-0.0013701004590677018,-0.11818931581921295,0.03120317919346572,-0.18533828024523885,-0.20548747970057277,-0.010757277397828174,-0.20666993879875334,-0.13865895505866244,
0.018211985840300867,-0.2664336933892137,-0.047185019604538844,-0.2367068980103001,0.20280467537471314,0.1640687921216444,-0.2456344045558518,-0.26413789613510125,-0.3143853486910557,-0.26184813924432304,-0.011604357287897216,-0.21138060716856882,
0.4852179021775831,0.3782385563508115,0.3786207334319016,0.28550426417181024,0.36434304686403785,0.5547732199482895,0.5523717417917232,0.31791416571055986,0.4656339276682297,0.6399070617037421,0.5124168628089872,0.46606805371860155,
0.1430526497375161,0.08218986956670582,-0.061542519214804636,0.1140292629126251,0.22144725853894986,0.3357458801146945,0.035211625671277995,0.31683599926248557,0.3425497958948999,0.22538639428930768,0.36843622388232444,0.11471134553417611,
-0.04413235051477468,-0.0378727151787494,-0.2474373849438782,0.14976933525108846,0.05559059077875294,-0.031456614328549196,-0.07617371282903089,-0.21254860284149138,-0.29136770644508325,-0.13806505816327957,0.11564924607666413,-0.19940185521338633,
-0.16473357545162998,0.05381878735938703,-0.19894244719374593,-0.08205040765331213,-0.17841965909975913,0.08380636474215351,0.01013580383130945,0.12132297219956913,-0.036466237619459246,-0.017582536528850105,-0.3178891395747916,-0.2519315601495085,
0.03489134818682675,-0.26369878981136946,0.12606595160235806,-0.2274661172245961,-0.047387103742776035,-0.22500223563234126,-0.2198259476573826,0.07265572809076801,-0.05681001962125701,-0.09247928114278045,-0.27471379961556197,0.12037972026970611,
0.017332246522120696,-0.09345163403182653,-0.22653798732420793,0.16395878698146601,-0.25349137003606437,0.051630640584238864,-0.3318749749938032,-0.09786192215793191,0.04174717476099471,-0.3260271273609334,-0.18729306989856373,0.11792410957723125,
-0.08129858739976717,0.041124598975639685,0.12139008598772173,-0.12362902923976427,0.056116912530856516,-0.14498900302448903,-0.009471881879950251,-0.0045162386469930335,0.044118811384908786,-0.2727200352355645,-0.15810502516104666,-0.28081785964791633,
