# Pesos da Rede Treinada TxH=  0.30000000000000004 TxOut=0.09
12,25,12
12,25
-0.5607942068098857,-0.20001627390672896,-0.22469596999700306,-0.839342109901879,-0.5380743795915657,-0.584551342283101,-0.7752532933819474,-0.5929061993331255,-0.2353803772133979,-0.6479756651056324,-0.5865980633395274,-0.14545887973294533,-0.472196830479223,-0.7088449639362747,-0.6262161992168862,-0.5488681184725203,-0.4874903241586093,-0.31578984371258656,-0.779076096418469,-0.36219921285546836,-0.27868045225451865,-0.8127853141398,-0.4296000506598659,-0.6981694863904491,-0.5833931553344359,
0.11973644337526985,-0.24055954527633167,-0.08960090984261192,-0.7155504649000003,-0.09153293772200194,-0.00753663052798843,-0.6630108569467524,-0.7101502566461815,-0.08023106295485956,0.19691732164447076,0.19948671358156195,-0.0061884026191918965,-0.25543989203631046,-0.7681257746372213,-0.147373266878489,0.14172895153091733,-0.14698093626363798,-0.026259957942919316,-0.6789809280588929,-2.236574612551373,-0.050475093402114264,-0.6916664310431694,0.16930276650607928,0.026080805966750522,-0.04376195162753654,
0.03909149757859007,-0.284822348497025,-0.1691453918217876,-0.7480027374092868,0.17172357188874254,-0.17821422452300087,-0.6552496216312719,-0.8821919613648004,0.03671493028858739,-0.1738764898457435,0.3090403197190854,0.13828296563017042,-0.3582361830262042,-0.8905865615950975,-0.16388526578206516,-0.04717870017884274,-0.08056385056445318,0.14918592743918957,-0.7751921522645175,-2.368105280777549,0.17036900835566743,-0.8451804805553808,-0.30930855178828526,0.19286620047002348,-0.07857188522032434,
-0.12028328934971307,-0.2678943285993833,-0.05231588026334832,-0.8833491421927928,-0.3473282740120327,0.1659176330328421,-0.8765608060618694,-0.5461411223080123,0.18948093516853637,0.030066506767354183,0.16637367643783965,0.07439305831348952,-0.3019410711479731,-0.5181058737228805,0.07892374722673388,-0.1302344024115408,-0.2929091728092665,0.025592595296230057,-0.9208253180363069,-1.6012027440759522,-0.12551272207868114,-0.7865857363924366,-0.25422389514908456,-0.23845939101807836,-0.3557670188788042,
-0.18128577342053406,-0.2592181865375164,-0.3520076513746043,-0.5464401465140212,-0.19537466556947725,-0.36134072888260343,-0.7676549563758478,-0.5866987066672001,-0.38144197402999075,-0.35202085299928915,-0.34020654783816573,0.13366764428681457,-0.19994157426524709,-0.6812197302619543,-0.3477875450932231,0.013020896015121242,-0.4100146468691414,-0.1924673806745927,-0.6445091173531111,-0.9037886689198547,-0.3906214244975205,-0.804715567682528,-0.06157759437569858,-0.042208731025213206,-0.33666666433051745,
-0.799484285565127,-0.4490601701816366,-0.490664400058577,-0.7533840140876047,-0.4621755725180526,-0.30816926579788745,-0.5100844604129647,-0.5097326894981995,-0.7188256236872845,-0.6327906212959625,-0.4993489022581815,-0.558962992569834,-0.4021523318927188,-0.8933123173671452,-0.547262285265882,-0.5558196940275885,-0.2985695705741054,-0.5611873544311696,-0.6028849794565387,0.8019656645100962,-0.2709527483974925,-0.46220416981227497,-0.3666961585875783,-0.6064667658937816,-0.4430653859060968,
-0.858032571557227,-0.6164325130956148,-0.5538959049717327,-0.5872948050359863,-0.366355119612398,-0.4413041653949833,-0.6269952627581852,-0.9545370649709651,-0.6207142997964153,-0.688718852637458,-0.7498075268497998,-0.40590583296945987,-0.5664521141504861,-0.6381324378243828,-0.7086560321057527,-0.6735331191002911,-0.43809609780113323,-0.6224702734629876,-0.4986278246559284,1.2964755066881632,-0.7547377734871139,-0.4907265939435384,-0.758583912670581,-0.5462870737322618,-0.4361528369712422,
-0.27312466850973355,-0.5258425337539416,-0.5786851534154238,-0.7093651463454725,-0.48598722846631254,-0.5573556223963041,-0.9719718528119577,-0.7712745960201375,-0.1319338690572604,-0.18514521447311869,-0.36157128182960896,-0.5896268640708319,-0.41966746017645923,-0.6658721927985474,-0.2115825747999947,-0.17958888770233536,-0.22779237485716805,-0.49555717469897426,-0.7301450541505111,0.5465937266429005,-0.6300721088923941,-0.8091565268400014,-0.22302071226127063,-0.4734405041270178,-0.4447956673186416,
-0.6379805130685089,-0.5976450317241541,-0.4710255177583982,-0.8206814684556616,-0.43069189609147207,-0.8363251529754038,-0.49045336774203974,-0.688081715543164,-0.6333712443544983,-0.8293043931882801,-0.7827955761287131,-0.8119332864862795,-0.42013907667922895,-0.861430783220816,-0.5698910276494888,-0.4921334973523683,-0.4802405871737762,-0.7993217745904347,-0.6339724382921069,2.1452246379012276,-0.47975761235770703,-0.48763638895016437,-0.7193267175730135,-0.6787895492193297,-0.39395463373228545,
-0.5752619225329831,-0.4059267035272822,-0.3519349042629917,-0.6591559487818268,-0.7567247509126471,-0.4920079038621459,-0.49701615700931395,-0.6427287151977492,-0.8049903197838527,-0.45925321353704873,-0.8617222206163169,-0.8536957578111187,-0.5117101014415363,-0.5478853196779925,-0.6815774229887968,-0.7484006630739937,-0.6623956384451999,-0.6955722535195452,-0.8914977010452901,1.9955544392060214,-0.8206234147192177,-0.8282545959025015,-0.6142169837053134,-0.5188008428673088,-0.3045408843559645,
-0.5736654204633075,-0.43975803949593595,-0.6948070980084573,-0.6816986403892085,-0.4724413424362567,-0.6346791146420896,-0.9691025535133035,-0.8239384536717146,-0.4887667837214096,-0.39125352432328275,-0.5268188619421914,-0.9029428985183972,-0.60597942799221,-0.9183107341424428,-0.39776491738105973,-0.7736180131594399,-0.5846463231416544,-0.5348967557029883,-0.8317129322964841,1.8792033400724086,-0.49454858896764453,-0.7516640687431687,-0.4941445117677308,-0.4655790302540615,-0.6127548368327013,
-0.39689575512871206,-0.5349815272263898,-0.553890981542707,-0.7679551833077004,-0.5861721435293955,-0.43784300335123333,-0.8544735202019266,-0.7951422170304644,-0.6155262308724013,-0.3874828295016455,-0.3535461887352365,-0.6210947383853607,-0.42911288658382135,-0.6340183789707184,-0.4799506967253249,-0.6528819511728261,-0.5752682605415533,-0.6307768760894316,-0.6178285645562902,1.3050083092715679,-0.5954218709014539,-0.8320261272888261,-0.7678253950068166,-0.6764303433185663,-0.7522460101671559,
25,12
-0.22534931347324486,0.03778713127850234,-0.18186889369015302,0.12008804497069003,-0.10742664887360547,-0.019999014649402954,-0.3122267560332675,-0.3346866433773092,-0.004399813613364615,-0.2920080612804641,-0.30316565745501506,0.05575799471928606,
0.007001607765223379,-0.038114256193380984,-0.06436421093461396,-0.16300400012503266,-0.14948328831287522,-0.047235944223361734,-0.2226134412892759,-0.14080079819536062,0.11976553658956328,-0.16380156058708376,-0.19132907738954164,-0.20810992738575898,
0.06634748051206267,-0.3055433856039203,-0.07683312085320361,-0.23759118930511092,-0.20615987238147865,-0.11378974053067888,0.02526130098326779,-0.009468658391910415,-0.33072023291705066,0.08594934886736424,-0.2628813440572914,-0.19160919730433837,
0.4996921819150896,0.16785713919679626,0.07777981285870826,0.10736856987408765,0.4785565820466327,0.38829564010739204,0.1920960263637226,0.3323827210713719,0.1553660135755924,0.5489447080877898,0.37001570866733957,0.4548692495551484,
0.020292591002072726,-0.2984139317334113,0.06782612168920304,-0.24151962605471627,-0.08658220779319097,-0.18233379876730177,-0.2235301814522444,0.014191680663556382,-0.22770911792052714,-0.087649170679273,-0.03209056707750828,-0.2837103373953493,
-0.33859363660849534,-0.06654017763521308,-0.0671838568448794,-0.16127873846279797,-0.0032792461066442195,-0.2563895611852025,-0.012735904907427445,-0.26249413444522607,-0.1649355979500663,-0.21327441683316029,-0.0868105610639993,0.008315156395819694,
0.20915463270690485,0.04756907600988505,0.3871835843325704,0.38521998783853195,0.22450415729306178,0.24708095906361166,0.4876348703094683,0.4304326596990781,0.4171988678209621,0.11049263205928136,0.26660765574690315,0.30765677688705606,
0.6247547573723827,0.472212066775458,0.3739642471093737,0.2391657169380915,0.3555462261952629,0.44976018006781565,0.5013388135685481,0.346178400700732,0.45031952876537906,0.7360458335111459,0.5341598738498505,0.6235900740153709,
-0.12021576322757617,-0.23652528134352613,-0.3301988479420565,-0.2825228486991153,-0.29269247741611676,-0.19882302672537247,0.1557880650748227,-0.04098882150589831,-0.15981811543557708,0.019270785465630946,-0.2735745534582285,-0.14765692928407156,
-0.2550697224249283,-0.15380232149727896,0.009639175212981558,-0.14370237415912862,-0.09448325939054456,-0.033340568304171585,-0.229318738725262,0.013462492855028527,-0.3566500531813663,-0.1146717000981286,-0.23262971109363287,0.003492549755899911,
-0.3318724425934635,-0.2843609826702242,-0.28141468511926654,-0.22766215384808322,-0.12129015411079883,-0.07589959062923568,-0.08567177368156408,-0.06835494103324674,-0.11223951289477184,-0.23365406284272375,-0.2363422611653575,0.08634397035698721,
-0.15617592971056585,-0.2381109852141996,0.030336362061017075,-0.17521405193395306,-0.054188934485140006,-0.08764461720791976,-0.11834451708432404,-0.11449817461048407,-0.3666840389755709,-0.278046982693091,-0.09539319545418265,-0.1368217129920495,
-0.3238123576283718,0.11288430216741555,-0.046063654025634254,0.021558424727652004,0.06311425070197589,-6.738689617736648E-4,-0.15197613949611727,-0.06889502470279077,-0.2281740253879993,-0.0938926576768091,-0.03194841441637382,-0.25224545871168347,
0.34417162392161277,0.3319103995776571,0.2744009462194063,0.29716179616376437,0.33497087495998373,0.23344813317140567,0.4600561479639465,0.3959201681756854,0.3949938338442616,0.5296157333144929,0.4256491199976943,0.15879027219982986,
-0.1895621507340279,0.038465291338091484,-0.18010802272483145,-0.29048480704347096,-0.17615519131107177,-0.04026484996220599,-0.029783520193499134,-0.32785787471186095,-0.164972419499161,-0.08048684036580828,-0.14795515558203812,-0.050997523689068666,
-0.2501179993629756,0.04571451775714569,0.055305455657528,-0.2292979182360328,-0.25484059285369104,0.024787075298803272,-0.29408997824111227,-0.10450259045607405,-0.1254858888081159,-0.19999510914428562,-0.179941779695003,-0.25639206019325295,
-0.0920899257757252,-0.2601271765659324,-0.22284562345410067,-0.0962513718972531,-0.0811776918761698,-0.2621623060296083,0.032878331208943956,-0.22878224390796326,-0.00916742232292479,-0.1808519094743472,0.14396927242187937,-0.2766322504015437,
0.08595951299863559,-0.197162120313851,0.01905970494991704,0.15734918572936088,-0.14201445004947066,-0.10278015548999893,-0.384539558136654,-0.14614339492459308,-0.11958836040085585,-0.20943730394294113,-0.2561453115306979,-0.33124835545049264,
0.16497217153875152,0.051220384061354464,0.4208417266826706,0.1889829499065513,0.17373253503256028,0.43539480711658957,0.19773711271577438,0.4184455419424339,0.38137889890055526,0.11402800155828927,0.45308353498168885,0.5074725679111964,
0.8502005715812343,0.7401281396356013,0.8185327293674561,0.8020702209890559,0.85005137583085,0.8468671224506183,0.8744164011539486,0.9057556921336786,0.8998620207679604,0.9322065188846853,0.9157324229872732,0.9090321081334608,
-0.09050654991048777,0.03216887037937688,-0.21389266101373686,0.03454319047620141,-0.18124238588193003,-0.25361309003352556,-0.222774956730743,-0.19098013115950227,0.02079622324676681,-0.20510382439004107,-0.2705023839342672,-0.14202049896684799,
0.32859899155072897,0.248493946484361,0.11796930220314417,0.2866888573608192,0.12492568254826193,0.34219402977410207,0.5352288014888777,0.5280385927376752,0.5795410453710834,0.4808715883124203,0.42421104980223195,0.31215477048564855,
-0.3184976574357601,0.050651048728840437,-0.2691349401307028,0.024961495941623998,0.04998606354028249,-0.040150496900921415,-0.20717838920541523,-0.2830775698425351,-0.029716525658459628,-0.3450854782384965,0.028532579129801592,-0.21922897039447795,
-0.09763045524178969,0.03162431629550061,-0.27824874120737547,-0.10624563997363824,-0.07937735981100189,-0.308599658092605,-0.15704803845926316,-0.15361513646155722,-0.16177991080894993,-0.06640732802844033,-0.2805992726433184,-0.03337485030704178,
0.16334710693138418,-0.05137847247181395,-0.061326383544646784,0.024158070280928343,-0.23620862953150493,-0.34455827332141015,-0.13797631476340533,-0.2129926308145305,-0.16013118405179042,-0.07699120910754251,0.0433004542524444,-0.20371793779701663,
