# Pesos da Rede Treinada TxH=  0.4 TxOut=0.09999999999999999
12,15,12
12,15
0.3766279025195955,-0.36332414989086437,-0.2887403289497659,-0.3621100660836754,-0.47566697709280076,-0.3117876872857476,-0.1706666935854989,-0.312398227460829,0.3299904276340422,-0.4986699211540304,-0.42722352195036833,-0.39898658169492834,-0.6801083283942881,-0.26921064363461156,-0.3497832382920916,
-0.006976386102213277,-0.06524210520373337,-0.4510538117751353,-0.381461269732645,-0.49065545519477965,-0.4474690449509561,-0.14106886956030984,-0.260699020240356,0.20250174680672794,-0.35394427014668944,-0.17382743878803278,-0.03057170787965953,-0.28181785956348415,-0.1516159353432715,-0.2504880909197968,
0.0870185820405813,-0.12107645885025763,-0.4471878943486176,-0.4096683586283581,-0.15317857324356873,-0.14228760985442035,-0.06366307110732122,-0.314728625512128,0.13573368131830732,-0.3232799482469089,-0.10162223647286411,-0.35724171531619453,-0.09129402970471848,-0.3088015214065182,-0.1648105140588977,
0.10757552753183088,-0.5632286027842331,-0.4640315480725668,-0.659481624802901,-0.4001625287873662,-0.4870382370100288,-0.2897486284310308,-0.45235332821160873,0.6703405015807651,-0.5586701836049027,-0.47974426924193847,-0.6250121033750131,-0.3742414564709937,-0.38759192528568126,-0.3842310784555447,
0.4629712802009659,-0.6349011343660389,-0.4275504449877553,-0.34345686879013626,-0.3202386793396984,-0.6033985678108057,-0.5256536836681094,-0.40080550131996034,0.6053895161359235,-0.5186568137453564,-0.680534726313679,-0.497713209391791,-0.39412538543397696,-0.3873534799346952,-0.2473203820980131,
0.07338988270185844,-0.25382694667416517,-0.27467626467534756,-0.39165323428429666,-0.28466709548283736,-0.616994967086936,-0.630651405362181,-0.322740343891223,0.17733823384565953,-0.18559832943280202,-0.34812696720126973,-0.3431557442925703,-0.34344694748801685,-0.25193580237680535,-0.5654804990972949,
0.33108612047342834,-0.2758889112169075,-0.39748218710619276,-0.333466308639164,-0.4461171862442018,-0.6324398479948785,-0.5057695114770175,-0.6242454379064933,0.4095207167128041,-0.47133192100815646,-0.4416636272378045,-0.5406396673818172,-0.6177256057760129,-0.42741681800872683,-0.40121829379866153,
-0.23118444732828658,-0.4133166407491076,-0.4012822436859215,-0.5713882592820801,-0.5803493268373335,-0.5273041143956492,-0.5470082315602883,-0.4438356084513832,-0.036886709374818374,-0.4614643781791426,-0.6053967925238709,-0.4573081494481711,-0.40949776604224436,-0.4835400085154162,-0.6099502461158391,
0.1949826367697834,-0.6760886227583321,-0.49304181740401964,-0.4435059481850424,-0.5711240792914861,-0.4757853998199231,-0.48608500474817584,-0.5671897467788184,0.2255387141875334,-0.5799428276107241,-0.5016416129742949,-0.22848007017541458,-0.533973431904215,-0.38678943834502444,-0.4752359226235773,
0.23664268801420899,-0.3767647772474626,-0.5525621587287707,-0.2539524326079094,-0.29176641631743666,-0.223521104055265,-0.38934867262584777,-0.6567256861129306,0.47564607426268607,-0.20331962604487586,-0.5693173580572535,-0.4673838132341077,-0.5192086803454201,-0.5895618984591213,-0.4537542390724585,
0.014469409478701834,-0.6725528661157599,-0.31461912606612996,-0.4108641587511295,-0.4026062029103237,-0.36487908139494885,-0.6178573319172475,-0.24996710455397153,0.5462415509769492,-0.6441671161574858,-0.30795016506999984,-0.6435149391696293,-0.3699929544891256,-0.6536447787411154,-0.642490734984796,
0.25728531314845926,-0.30522385676492053,-0.5302740020379894,-0.3753693819828304,-0.5357766814920971,-0.23297779862690338,-0.44785798159410656,-0.4355896575127188,0.4587109839148616,-0.20538374343401192,-0.28822249147385937,-0.5668054337428988,-0.345106058054818,-0.6008677411678315,-0.26511901918203845,
15,12
0.11763560002812667,0.08349280532906357,0.08103086163847106,0.1251430134157687,0.018827511086010107,0.11638740253657658,0.28749939210237535,0.27326843482226654,0.2883684123107942,0.26335956617737727,0.35141125785748756,0.3498900226237266,
-0.3057634072516826,-0.15696918897099085,-0.12230580991278346,-0.09813183984500923,-0.11629655817973734,-0.21203556676598306,-0.27955329314762023,-0.1688535546899266,-0.38056282714163203,-0.354722735827205,-0.10050712852677637,-0.05105419573392681,
-0.3371206294468545,-0.33729696107704027,0.046768289971211546,-0.19528636342792927,-0.34430300607892583,-0.15128915488250214,-0.3504744280074905,-0.3274241819831503,-0.34977284889351185,-0.35060911885096663,-0.3514323695023151,-0.23861711281490047,
-0.16379406034612265,-0.18891290678542302,-0.4123479208904073,-0.12492316531727811,-0.3749877223926817,-0.3002883986301501,-0.11075065799101477,-0.11261520422891909,-0.003482762986096124,-0.3843368592377713,-0.18058683955383315,-0.32065982792208714,
-0.43774801621261455,-0.1608459099496892,-0.28808580481435664,-0.27822209535469544,-0.10389872211255978,-0.021593611460011673,-0.1957993297435639,-0.32670294375489595,-0.2564192544042685,-0.1037975001718606,-0.42569991098400856,-0.22909976932192525,
-0.09670895134850123,-0.17230224364228952,-0.3384159613869294,-0.09430828169239164,-0.19643353741052266,-0.06474544078265272,-0.3024495410318189,-0.3716706027974561,-0.417404907235696,-0.37254386283835406,-0.4182615157172076,-0.42620043730607654,
-0.05536458448621703,-0.35561957623607565,-0.21773389188882378,-0.3548445808868713,-0.07931761779261429,-0.3400114389514447,-0.28852376113946177,-0.1271886851728442,-0.12619719008021413,-0.21153142493603133,-0.12773495067515447,-0.22916911731850706,
-0.43833772287673123,-0.4382182757917895,-0.4388386654287441,-0.24450831161329215,-0.5084670476302623,-0.4321468589510009,-0.13457465600620636,-0.15286681267015192,-0.0531539030833176,-0.2079779653241142,-0.33386181873340187,-0.13997525933157481,
0.7292980442116722,0.6682308454276428,0.7442878927282133,0.7122153371238564,0.8031093804302838,0.7197738526410672,0.6560067275551744,0.6878723493538927,0.6565539811351079,0.7065694042027069,0.6502797068969441,0.6580758514662278,
-0.42723318610627237,-0.33506748610806325,-0.0661708587235946,-0.07746298829141769,-0.1810448323471994,-0.43983562373335505,-0.57104008589124,-0.1296561052848731,-0.1759510486311839,-0.2263655549350227,-0.26280312206340933,-0.2646176465168176,
-0.1375192085518366,-0.19243472344805826,-0.30156523732061724,-0.38918502447136266,-0.11642029436404042,-0.23506401531301724,-0.2724194944585405,-0.18414007461966775,-0.394459099376972,-0.39577145037679157,-0.3139194815634197,-0.10214467687469601,
-0.07705649927019723,-0.3325019524682738,-0.38288996239591055,-0.3236930439065241,-0.15748208364888028,-0.5191965279078959,-0.29752019569551713,-0.5340394655633385,-0.3469694961617871,-0.2837237911401388,-0.34584308263062713,-0.49058323008495824,
-0.22370894792003407,0.06484201723247877,-0.14597375442063676,-0.32726336244150817,-0.23832339429954,-0.3744548927147382,-0.12659282755236298,-0.38864365222875313,-0.19757330043147237,-0.33851064748238924,-0.5000794542751992,-0.28644800346901156,
-0.18529284094347556,-0.1383284091231128,-0.16413120238632514,-0.43774815210994855,-0.3129213876166679,-0.07653807405765548,-0.09405472146605669,-0.3648174185290463,-0.36296781930806327,-0.06570761773699073,-0.20325729218983177,-0.44211449740230124,
-0.33761134678874266,0.016689287680469796,-0.11736555722491576,0.03112452205610744,-0.34492728347589025,0.008386125845883457,-0.39601026560624253,-0.30909017606477107,-0.40689384350867375,-0.31214579202247444,-0.08688640184383886,-0.2950576593795355,
