# Pesos da Rede Treinada TxH=  0.5 TxOut=0.060000000000000005
12,27,12
12,27
-0.7550915577105053,-0.3600997781041145,-0.5769643270585306,-0.2224608116382911,-0.4014481754663088,-0.2944550091401314,-0.573836940467251,-0.5014265555586606,-0.5560433780916711,-0.3631920821689484,-0.5210968200483563,-0.31233006003814373,-0.45837564380796103,2.026186859854507,0.025782479792367547,-0.6377290508051384,-0.6629286071459173,-0.500545191583748,-0.5092484298773075,-0.6110899381809844,-0.5790515116161704,-0.5037122122865232,-0.6710848340382999,-0.6230558508240827,-0.3239778060124636,-0.43279509459306265,-0.49319674616179165,
0.7266642109279646,0.46561972464334045,0.6669286373458664,0.15607507719843913,0.5733099294364937,0.4042322198208599,0.7433349399602233,0.6375555286884506,0.8009679402828751,-1.1461509768712341,0.5624693246958289,0.3121339495422696,0.118540041052638,1.0222844660865444,-2.730172986989405,0.37085644427057163,0.7570453526998844,0.6338849930984432,0.7388154788304656,0.4771697231537749,0.5991714425721627,0.8217764114494607,0.47853624899800257,0.3329300980327236,0.46833471476596167,0.2546192020312551,0.7298628291133227,
0.6016545283442368,0.8527120406917369,0.5363736892073379,0.24945640368405986,1.0058941774023689,0.6945467898935782,0.6872905550774586,0.41536196432946,0.8353213504977638,-1.4558744548714868,0.6867187691748378,0.6547140533402226,0.22420479023152493,1.1872047732538096,-3.0911476945219865,0.829942000867497,0.5131804563446899,0.8960175822120697,0.5283379002818106,0.7402206416307114,1.021252934725904,0.5548802395250425,0.6121919353667651,0.5209194950272729,0.3370692646621853,0.6091652395168861,0.8335894252377613,
-0.084721536608589,0.035200244276352634,-0.019796569039129786,0.06170484175403709,0.27935193818197734,0.17416438195765943,-0.04812457727236953,-0.1700989914985558,-0.043055305440457006,-0.7692668896532775,0.3964202223487006,0.13696141411082252,0.22842886468499551,1.672656119579132,-1.7004002012415471,0.15762372485303572,-0.0680459358857494,0.34578487578087247,0.09569256408269967,0.2319461380970009,0.038213345464256886,0.10573456763391315,0.28110901253816556,0.09735644165297218,-0.20843571556630003,-0.10728583600865392,0.015268965085740882,
-0.11900761826903125,-0.320075962271287,-0.09812543255887426,-0.21663605495280835,-0.34032987419853533,-0.259433114528776,-0.09009574861308177,-0.04541217541260955,-0.332041376490651,-0.9429856570689783,0.09259573244135637,-0.004342515227721939,-0.24108623921994737,2.3556728698718095,-0.8864123018329279,-0.22465278613380413,-0.016382724444794775,-0.21664366788629552,-0.45381519771969536,-0.08537682252813138,-0.041400750647339744,-0.1743652546301026,-0.27312582298891813,-0.058851930202926575,-0.22541122528848093,0.020808318910772505,-0.3314986754755301,
-0.8112295087579929,-0.6551189001928084,-0.838882365465828,-0.4817389807942615,-0.46942852121342765,-0.6127622796323517,-0.48740992472073114,-0.5813570293256618,-0.6358875688671212,-0.6786342618871568,-0.4145640805718356,-0.6353946815052028,-0.4867094481365538,2.4791900817497226,0.11971436772661709,-0.7908064140075511,-0.5074562585710299,-0.7492765165748647,-0.8192004480686571,-0.667825560011506,-0.6425296465574775,-0.4375872065055777,-0.8054417257987389,-0.5714981668868395,-0.6568475212796756,-0.8622002755768389,-0.7666120604828374,
-0.9156152569505911,-1.109592972477883,-0.9743583833965559,-0.6873862273217599,-0.8755926897958171,-0.9247740583713724,-1.0917557960229407,-1.113093838709892,-0.919277189369745,-1.0036632893000312,-1.1866747346972204,-1.0220048140102624,-0.9349589556271858,2.5041714605611958,0.50465782216943,-1.0925212168549838,-0.7657032254706637,-0.866366035023066,-0.9351283837993761,-0.8722693894239669,-1.1365241896803144,-1.1908592282974173,-1.091785298191457,-1.1050720427531375,-0.7040236859024365,-1.086445205253769,-1.0944525683153117,
-0.22716792804491923,-0.11378574553211843,-0.1906913433726369,-0.30323873836021853,-0.3162292655656798,-0.40750309776963833,-0.40840402946327403,-0.22331912625991734,-0.12088443442799429,-1.1869447797982284,-0.4759183319900262,-0.2989461563514771,-0.49444967972740944,1.8483698897215124,-0.8745401914749164,-0.07729349835878704,-0.4123196678239822,-0.39851361178405836,-0.30517350405741916,-0.2014001802125034,-0.050986492174151674,-0.34097053762033525,-0.11539784689136995,-0.08850670145254133,-0.4444072164577047,-0.33653546424108943,-0.368294788134433,
-0.7414289313154131,-0.8885689119815336,-0.900819137856248,-0.9678464582723216,-1.0545819864037782,-0.879231969318749,-0.8265957685853653,-0.7971657932053016,-0.8697994435512134,-1.0539877890583818,-0.9690778872891158,-0.8091501584449358,-0.7384337305792622,2.4192323167974075,0.24727567895647937,-0.8191703790752588,-1.0140880954442233,-1.1276252188980393,-0.8689524236840007,-0.9377485957741682,-0.8571237510792057,-1.0141536574440329,-0.9875421626592973,-0.8871263840424759,-1.0136605414804303,-0.6660974938341924,-0.8105506670618012,
-0.7434872962617796,-1.0814176998979295,-0.7218237828257341,-0.6817324320419915,-0.9467024588081671,-0.8476252831202153,-0.8548496083359565,-0.7389318445455326,-0.9543930089359994,-0.8941916716110628,-0.9273947637187887,-0.8538550363183619,-0.9570555533606069,2.6100363361883185,0.4326726033542837,-0.9521875412044524,-0.7727966525642734,-0.8180976237732523,-0.854092719007067,-1.0500039719608605,-1.0131940805567745,-0.9181027971507164,-0.6067879527715764,-0.7603344997171969,-0.6003867558282157,-0.9055776230984168,-0.7444469606499986,
-0.8753242319536167,-0.9375072676330852,-1.065806542974321,-0.9477317831513937,-1.175471981053405,-0.8347735230839798,-1.0343330226211147,-0.8621109392942371,-0.9533682469756608,-0.7920723007728799,-1.1128278333625277,-0.9850276019427315,-0.5196489504420863,2.2915315646609944,0.3300808776120662,-0.8441041782543071,-0.8289954977279407,-1.0922046592528911,-0.7601744673320193,-1.1358004471195522,-1.0851836253733713,-0.8380917614018646,-0.7133782023697136,-0.7190908265963359,-0.669847590787651,-0.647444520604738,-1.0809978611519073,
-0.7682232412850752,-0.5474722511484766,-0.5166965006245863,-0.7292582609977027,-0.8733161886462754,-0.9359628080944865,-0.6854124425214753,-0.7801046646125906,-0.9040692793678795,-1.0985605506340668,-0.7651704347907421,-0.9228202035897265,-0.5220295596937599,2.629398137334091,-0.2801269969597715,-0.660696438927134,-0.8818043745935111,-0.7451960587402396,-0.5945881865487836,-0.5651274541964776,-0.88236411545095,-0.6912483632881401,-0.8250563991481781,-0.8809536474011584,-0.7259861671966222,-0.6420421950013244,-0.5449625412676763,
27,12
0.1234569256329403,-0.1683457832534032,-0.19284547750493353,-0.14603245495530098,-0.16859410479616377,-0.23831762362748712,-0.0024401390606601943,-0.19022972437769578,0.11543196734802648,-0.3170916485875162,-0.07507376084864405,-0.18444199252865545,
-0.1718551302472302,3.920122438616177E-5,-0.08807043264312259,-0.2994263917538312,-0.23209270446850355,-0.13979543714680334,2.068807934108997E-4,0.06373643835533681,0.046669795626842626,-0.12783833373486192,-0.17916739377083654,-0.30950577991415923,
-0.3390344223620256,-0.21319091082387684,0.1145297059708865,0.0030626897383793767,-0.2128578311626879,-0.11473793475723908,0.21518220244512629,-0.047463999917093394,-0.19166089902446745,-0.31461589364714176,-0.1539701977665172,-0.11847976681205172,
-0.2902019867010116,-0.13392099172524013,-0.3007375394164728,-0.10579270009002331,-0.15270712521714602,0.011227723617020192,-0.14959816567243495,-0.10229794438127243,-0.05190923707515662,-0.07936780358000024,-0.15634415219567932,0.0624856794599687,
-0.1314136952816372,0.07315328802754074,-0.22941487318714565,-0.10628113893661517,-0.16722886481223573,0.003145661610696201,-0.18504774866249937,-0.2111047607582207,-0.03935699382884924,-0.377108336775173,0.013030127153780142,-0.019591564398810185,
0.0838353495290032,0.057144124731140195,-0.10646062665352998,0.03592472448212376,-0.27060439797403946,-0.23179819363577694,-0.174552666508106,-0.0698648887990915,-0.12106570492107455,-0.22955308871914598,-0.31042503899976426,0.0019203135006859644,
-0.2557635269224162,-0.0651950997172805,-0.09695443769237276,0.009304421939842423,0.08319552730764886,-0.2532759596220411,-0.03881410727040638,-0.35862904424802683,-0.10084377412842215,-0.19173973108036207,-0.02186407438419048,-0.08025471733949291,
-0.12536155906811303,-0.08665114011598582,0.13130563447553872,-0.018929727679655586,-0.22067402586189105,0.11181188176192482,-0.23639408746226034,0.084623121677703,-0.23169647154008563,-0.14553884630388272,-0.18859785478383523,-0.4043324131170113,
0.08757593385730925,-0.14331500765615526,0.13779749863183524,-0.09910397421798922,-0.20338531513809513,-0.35191158668495454,-0.2959145666935327,-0.3319003470624144,-0.039935884442037696,0.004747038075349164,-0.047268756784121645,-0.13144749106083972,
0.11986878632194642,0.03947657326180134,-0.03118133532262379,-0.0952311077741051,-0.005557838021052826,0.13196306394159657,0.22379779724690377,0.10638384348295789,0.25459370672933523,0.262057052526773,0.25057384913543523,0.2322838297042107,
-0.1014097001497917,-0.13317705983727038,-0.08844090673592174,0.08067659827265515,0.03580120357898886,-0.15988667071567944,-0.23485754759900052,-0.2714290820394662,-0.15904853523090767,-0.09068774825255241,-0.18726828645963067,-0.050777084042356334,
-0.08056928160130065,-0.028459563689955256,-0.008076919221501359,0.010440262892613166,-0.0998500406143782,-0.30534748381002336,-0.10000426704963396,-0.17015706435829658,-0.3093913823765303,0.05326905327075108,-0.1874081930368148,-0.13591754048816918,
-0.17603320889339608,-0.13842759267375765,-0.18052146946130537,-0.2423766082169788,-0.15062632905773418,-0.24886786189692536,-0.05537948561572127,-0.010667098504310576,-0.10275388875751651,-0.05128784704415813,0.034859268083481,-0.1554122943948967,
0.7820139783879863,0.689886160178628,0.7718649662326478,0.7442549648237595,0.7942877927746997,0.7816067519508435,0.8137556713412959,0.8462311076108845,0.8383725249931875,0.8797191481334848,0.8467953361404764,0.8467716655746236,
-0.06230736188407971,-0.10069658368725284,-0.0810992698628416,-0.10182521269267387,-0.1091332756885686,-0.02512078435368847,-0.006093042344289101,0.025228430088561342,0.06524158548248969,0.0329019059929873,0.02999614262749528,-0.01141685926089828,
-0.07291379171578216,-0.22361520302625004,0.11946046075991108,-0.3119138636038312,0.03358335204019063,0.08922976865139912,-0.2114769610937084,-0.1866666514982494,-0.24697232617555506,-0.2178308154711514,-0.04187785365154922,-0.13344016843431084,
-0.36260054791901875,-0.2732007392972407,0.001408599754981073,-0.08584655673076305,0.0899456852524484,-0.048272244865203276,-0.23268024255859784,-0.2838571553679215,-0.09781140964671378,-0.10660101682308089,0.013768910378581531,-0.03729423120347185,
-0.058727657651120015,-0.03644959545225178,-0.06424203775656796,-0.18497317178207343,0.08433231992010783,-0.12768817827646003,-0.029435272384033675,-0.10289412192712061,-0.2372661114077454,-0.29881366961671707,-0.11071198728381068,-0.19350171729597873,
0.08039446098007498,-0.18084880044766388,-0.2787115118635448,-0.05883187773954382,0.12486307621367022,-0.11552622775463156,-0.19092750990944723,-0.10081986219759059,-0.20081902567385201,0.09313607451990352,-0.3396175479111314,-0.24906262004799806,
0.014963635193554833,0.13612233615015049,-0.23473725579427368,-0.12033820038868913,-0.24302044727550587,-0.013016201194101124,-0.17968030730300014,-0.351682410722985,-0.14070746428787007,-0.04253539880969138,-0.057474357517017904,-0.15815214494671026,
-0.10840817724854589,-0.06743067917873609,-0.057950432139800966,-0.20014523244824675,0.014439005574658421,-0.22970956217096916,-0.14021722736299289,0.06319765177672437,-0.1580923775801492,-0.049616941677633905,-0.3255350320358226,-0.14576617709859538,
-0.014753270058849213,-0.292539493485454,-0.2158789439403276,0.05107420847238797,-0.29123802227213896,-0.1635810669099191,-0.053056182424937294,0.034632114593530494,-0.3258535255513765,-0.07300192682786516,-0.0592414514345633,-0.05597613250437835,
-0.17742292443860289,-0.145810866010454,-0.0811395593582385,-0.10868355125562716,-0.04795644335038824,-0.2832366834029745,-0.07742723551197533,-0.2157182940038339,9.876322438021699E-4,0.1449679718684688,-0.3164723065375473,-0.13445024463092853,
-0.196033011467953,0.04085176988067181,-0.24111243771656488,-0.06709449548087344,-0.2879559919938291,0.05672279406321497,-0.0630492646094159,-0.0870627942030671,0.014596975116151198,-0.3956710874338321,-0.12090336547984708,-0.0342504216169935,
-0.21621338708587334,-0.14062205166344674,-0.2727779945116329,-0.15433296100095678,-0.06673432831204446,-0.035254219758944834,-0.38365929177844266,-0.11048159170434155,-0.01874249236344287,-0.044990574600279304,0.11534415798688644,-0.14188445106409228,
-0.055769567907726976,-0.08851443520632506,-0.16472434493814092,-0.24848793835443778,-0.08586764163767069,-0.021850831109440274,-0.036061872775441914,0.08115369251045235,-0.3018336256509139,-0.3198797597939029,-0.08190678597102452,-0.08392570114610644,
-0.2267785645743234,-0.0475033775704179,-0.18076563634840748,-0.07061028291735924,-0.22812569965494078,0.11341828210241062,-0.05653474874588758,-0.10878576319508113,-0.16812437686415782,-0.060965396651763225,-0.29008414752256667,-0.0784711944230004,
