# Pesos da Rede Treinada TxH=  0.7999999999999999 TxOut=0.01
12,12,12
12,12
-1.4936153745263134,1.731898508625661,-1.3238133600746458,-0.6091816918228657,-1.00412217046161,-1.361672663128238,-1.3774382080129026,-1.3848709484911697,-0.6983628859162885,-1.2627759790730122,-0.6174457251741624,-1.383239988752339,
-0.9768182101773409,0.7824247523514403,-1.1890225965050114,-1.322767366900925,-1.2618952671936334,-0.6301873788838229,-0.8217244148178413,-0.6615130200804271,-1.203086561571804,-1.287128080924627,-1.4020625883733644,-1.2164920147570992,
-1.0563165159369237,0.37477420121961547,-0.7070491197587648,-1.7550262918235857,-1.6602836929476763,-0.5872270276774827,-0.8196674062748073,-1.0999871131969678,-1.7646853832556428,-1.7337066862431798,-1.4375367979288196,-1.4749798089826966,
-1.228496804316646,1.0529136872088607,-1.3822255724570434,-0.9518271426929744,-1.2789397523057695,-1.135823030303436,-1.3749074599015152,-1.0395937881456414,-1.1393756440095268,-1.3734200385291606,-1.372312819775242,-1.062060759740365,
-1.0917226401508249,0.8238855576285367,-1.0943440910542952,-1.3147774689202336,-1.3751511139943098,-0.9304288881606743,-1.0702478103058999,-0.8407135617772233,-1.3932561697585373,-1.2498992363387076,-1.3907587904665997,-1.5298577365703827,
0.2454441796769342,-0.7502010129904615,0.11944545100529477,-2.2396324362170605,-2.1888518140680295,-0.12022872899709638,0.07117454055878249,0.13027316347350523,-2.6654551253918126,-2.270965899467033,-2.2096315293684907,-2.0734244412274103,
-0.44727315326184525,0.5889437284073342,-0.11989321035499496,-1.8063997527912268,-1.661027102893594,-0.18817499531494442,-0.3890399870724903,-0.4272160306164913,-1.870777171620147,-1.742690553563309,-1.7966126104401121,-1.779264444470169,
-0.15466307901760662,0.32274560729595997,-0.01020075086079313,-2.0023975676772428,-2.045497136855573,-0.23140386153228085,0.08863248686353674,-0.18286153530399699,-2.227045203546433,-1.7932767324902215,-1.979997841388801,-1.9821597164229288,
0.2779388545025812,0.3874628871663313,0.3103738084772579,-1.962362740426454,-2.0746370978411344,0.24134834732242502,0.26659567790454053,0.4853753077689788,-2.1508486780471845,-1.9493936638155074,-2.2650689709379503,-1.6519393572986985,
0.2323016561138013,0.49247959325743973,0.22100187236727797,-1.9012601134480358,-1.9319798437790388,-0.10645207999536799,0.047318931221066486,0.21256787684430142,-1.8632651732602237,-1.8798070889385492,-2.0397953577999224,-1.5516976260010658,
0.17683070160324565,0.2378517097062125,-0.18989226340637952,-2.110845178257545,-1.9634539562367526,-0.1141374693923599,-0.16406157568084143,-0.23033707193504616,-1.938354972463396,-2.058761343155366,-1.8458393305195662,-1.7401089244898407,
0.613950421339675,-0.6122023428371555,0.4518858702194414,-2.6505473207736543,-2.1571437006093626,0.4586073401947628,0.6816004451419007,0.2426561325866498,-2.8491915654935416,-2.1658042378128792,-2.722580162896288,-2.134581596799459,
12,12
-0.09740257419187318,-0.31887619584359916,-0.32119808792185717,-0.3845257291053307,-0.4348147192541434,-0.138751933272721,-0.14599962335734737,-0.2767468954674374,-0.1387021344696369,-0.2925695378979181,-0.27133210655311535,-0.37237728746119636,
0.7748770220057163,0.6921021497540362,0.7749972160243153,0.7500379246449773,0.7947841955864065,0.7692741519675148,0.7899459073556949,0.8315017509663474,0.806748543067904,0.8468254833000506,0.8283109226308948,0.8228692315023082,
-0.2054399966556755,-0.11625403523286096,-0.3333508668279579,-0.2807548397068498,-0.3278181795863334,-0.5065544340039316,-0.1454045908101366,-0.18252112490167388,-0.40604683553379023,-0.27271916824029696,-0.3196711462503661,-0.23466585873183027,
0.05327653700925572,0.08614951396899585,0.22577435515066713,0.19291606065525502,0.06762412448509475,0.15949369227156493,0.20585461652476336,0.25420535949739276,0.23668020096845901,0.14321874108573554,0.08820733515406935,0.22506491128724515,
0.19738291497931212,0.2296252967763522,0.21594258175311287,0.04100450892491359,0.12213841178908338,0.2060535356400334,0.15118953664283483,0.10313003916224821,-0.07190427093746654,0.19725415433521545,0.20608032343079818,0.3012382271960799,
-0.41008703973478744,-0.08789098598307421,0.007546947011609764,-0.2941171259669943,-0.2585718481668805,-0.1827907888642949,-0.4753824474651244,-0.3383018501104949,-0.26999747958774906,-0.32335797078534734,-0.2939192619329209,-0.04582614943959466,
-0.5223238567001333,-0.28745731385397955,-0.4271070719301895,-0.2400526015383072,-0.13980153948186005,-0.13885775127447136,-0.14909439386377074,-0.2361934325503793,-0.3719958375634446,-0.442847394720181,-0.10681559286102058,-0.2604006580626295,
-0.10782871290322668,-0.37152925165013206,-0.2620905958109544,-0.08373343292497405,-0.1825647417397572,-0.3167322802945525,-0.4259489282311177,-0.39425419276182755,-0.18163056135659367,-0.12443976504891202,-0.42726276528995205,-0.4480198184431979,
0.4128459367036314,0.434156159042939,0.1984849566576345,0.43241045208677387,0.5151052153777104,0.38713303129943105,0.5081135468474074,0.24454927207074997,0.4173353965530146,0.4537980334451049,0.37868284156352006,0.43754211198181403,
-0.01563349513124823,0.09958490905007564,0.21742469335018694,0.17482230369584995,0.10566462702112951,0.26719697759783934,0.2043192478866181,0.09409231946092206,0.25833013015580975,0.2410031116858028,0.03791084758550262,0.0683769264331133,
0.20805390052578326,0.13306817285196212,0.17254227208755585,0.13925636463719146,0.10575737376009225,0.22018723353807831,0.15759038275545603,0.22436968412992278,0.30687627507860366,0.1858071594771011,0.09751994513901671,0.1993542089833225,
0.07645660019632596,0.032552252188036576,0.21710200176070582,0.2234801638096139,-0.17163730617773254,0.05182433011529788,0.13231189077688363,-0.013344535633255947,-0.04028925887207771,0.11851203297701274,-0.03841735750069775,-0.08059413561734402,
