# Pesos da Rede Treinada TxH=  0.1 TxOut=0.03
12,25,12
12,25
-0.07672946147599098,-0.32908062280244704,0.2436911171801546,0.10856435616991131,0.04103973752880348,-0.2509705891027469,0.12108463349871766,0.046882953035048976,0.1579764526050341,0.1947809485017307,-0.42788113600419914,-0.2257654202632147,-0.05990183515540473,-0.16925516610682728,-0.04220241451114524,-0.3329698890594523,-0.11520398165387137,-0.22767758560688772,0.02265177860999347,-0.12329539865913054,-0.17327362208054412,-0.20195548140247513,-0.2868188927551834,-0.29218797060952456,-0.1259306263635165,
0.625628731158377,0.478074973167832,-0.3033484599248724,0.19729770945995512,-0.4570386831024209,-0.013838049436109738,-0.6973873435017578,-0.6792920171334182,-0.8477121168097768,-0.41775711800459564,0.02541797122608539,0.3493976095863625,0.045937629718362565,0.1481722735415079,-0.3668308805479089,0.1301489069725582,-0.3125647384506131,0.5559059474054934,-0.8937605745581153,0.3838496105656748,0.23027975187508032,0.3972075406953518,0.014968968466102444,0.6692771968007951,0.02632347563795633,
0.23214301390863126,0.5424646864521256,-0.6505296332738544,0.5738779619734817,-0.6156522423669477,-0.1324031596510921,-0.27526354358061333,-0.506838649998023,-0.5100554670339569,-0.16056109724506515,-0.2985337992253043,0.38273071519860763,0.08430761722486307,0.42510334386197596,-0.38025967614613154,-0.005188263130063477,-0.5690493649136237,0.5320996850986457,-0.4371296026591281,0.1846397487823589,0.3509739722663143,0.4773528144222521,0.13157169923811293,0.27403529297972634,0.21205803827164724,
0.3903138704024092,0.6617516390740041,-0.4923123881843708,0.5987419087805181,-0.38262065672209516,-0.25952337921561164,-0.4657207791440945,-0.5590652623524053,-0.5421251013213684,-0.17096217036747374,-0.19010760057220627,0.27280068872664054,0.25664115417575767,0.3053019249244872,-0.5046374103540484,-0.15305269905836016,-0.44840049604632554,0.25241800920048424,-0.6552438226005447,0.38049201791674614,-0.06532239597323336,0.10031002426262198,0.1804557257643102,0.565627960310149,0.0441703382376724,
0.05271165127748777,0.20323402714713007,-0.26282441289368697,0.4374174208443954,-0.3419111316462844,-0.029403943552597955,-0.25266740258905374,-0.25193140380799706,-0.4308442050752927,-0.08971661515574218,-0.34565268165418045,-0.04544497135512102,0.11687901754127232,0.19588059144352118,-0.30365686656711954,0.016856163085624813,-0.4145006488492747,0.09847029747834335,-0.29281136668514574,0.10600203440975299,0.15956695679439856,0.014230896311803826,0.2242210880100379,0.19192731643383557,-0.008904336016179097,
-0.18094097205684295,-0.2626401586501796,0.010436900679784561,-0.2974244894453405,-0.07632465028557964,-0.07214260969620932,0.08308219530615657,0.18876145762538118,0.23968488573585706,0.0622471147967617,-0.06764255458767318,-0.16762766322829153,-0.4304604489033064,-0.0773630788839646,0.147380372086878,-0.11041826403061432,-0.07841087082171827,-0.30842272158260164,0.3703055821839381,-0.20972560950366653,-0.3125914485006825,-0.2573866790185288,-0.15605295828391227,-0.29716428462516253,-0.44361179881442775,
-0.499896831169871,-0.5078674945187064,0.015051484371996608,-0.5484662986851802,0.2889627840906319,-0.24209483855973288,0.05383334013848194,0.46927663062550834,0.3962198389560679,0.06719603742114572,-0.41223311877798163,-0.5712610395674192,-0.5436282949692511,-0.44115575099739207,0.3523308515729035,-0.4326603088646266,0.32889600658558926,-0.1936305271150487,0.44347488549425734,-0.24093168159952397,-0.3566889722160335,-0.5311835388758362,-0.20856177818450097,-0.5064189482945776,-0.29546967895443027,
-0.23629053395467073,-0.1047808151981067,0.058505863176372554,0.006487504592090489,0.27108941741338516,-0.24878398800307394,0.3172589207740624,-0.01261255285430891,0.08908206745723612,-0.05230917106720963,-0.3861839313039773,-0.061435755482073945,-0.4335130377740174,-0.18448485754810415,-0.1716011714186345,-0.41699202648138833,-0.13219879661136258,-0.5114438288886005,0.23793456065174048,-0.22377692533992014,-0.31064733924886284,-0.051162442875870816,-0.08754576195131471,-0.4118261700167688,-0.2944124257833073,
-0.3486701061020856,-0.4534957805879282,0.15955460900046128,-0.48435476408246325,0.5800516784540979,-0.28606245982803974,0.6124280610244301,0.32580212591095326,0.26381189012146916,0.2764729738244952,-0.15752351340746318,-0.23695708910869803,-0.15791221052997592,-0.627631743085783,0.45266160550248835,-0.49171213339407627,0.05854934035909612,-0.44550967373321343,0.6563391500969814,-0.5189156337890086,-0.3515811920432167,-0.4931246109783035,-0.5580698717872429,-0.6098531922435264,-0.23605846247741052,
-0.46015047185813013,-0.718010045251988,0.5696014568810728,-0.794470465799112,0.3008713305315218,-0.4517417026798049,0.29352168810599166,0.3811365004521521,0.6226755539278902,0.29052895498852377,-0.2809151301548848,-0.48219725874125857,-0.5417720305108501,-0.4308233275359091,0.39871353682080174,-0.2779690029269378,0.1407179049869965,-0.36362869736225706,0.31533587365436516,-0.41327746075363603,-0.6547591551235519,-0.6210791555706616,-0.5735530202322316,-0.41000807226410896,-0.31952451815456023,
-0.5857812268115633,-0.6204160568141307,0.5903223334898352,-0.7190930849042014,0.5469939793492672,-0.4867380138127253,0.3296322367924385,0.4007614927217155,0.43253106468583224,0.12078112892555268,-0.30403260238177304,-0.6208001211004954,-0.3083355945934874,-0.5698978499088633,0.525718914637915,-0.06727971791209975,0.3370041456892704,-0.4009434488424351,0.4743351059694319,-0.49502023300389714,-0.41529711278384135,-0.2791027185980956,-0.33606635557949555,-0.39265589461438977,-0.547544520469404,
-0.5560557436917812,-0.4387982795329372,0.04794338292399314,-0.5395928633782681,-0.02704824387974283,-0.4186923129383929,0.22488653077794013,0.2303237786397487,0.2244060994130047,0.19092915782808617,-0.11047611814009008,-0.2701737483097806,-0.3188103422044657,-0.26933131941852556,0.16484519490999905,-0.2003542263581998,0.27152282320580534,-0.5872949535118566,0.3101380120739942,-0.44548510342808806,-0.24269247793207008,-0.26400680643049523,-0.3063161382320708,-0.30025765243790214,-0.26860871815513027,
25,12
-0.015095127181228912,0.01370953271858795,-0.20237349732707402,-0.1699875832344958,-0.32580168451186653,-0.24167226973344577,0.024440711546700807,-0.3279009679051783,-0.08802959274711211,-0.3196201649727998,-0.2691283916571182,-0.23931822285598162,
-0.32408284609650295,-0.21016950637681003,-0.24651581481651721,-0.12827644415344638,-0.22109890414336716,-0.022151612123134545,-0.15078901033325962,-0.38204019247885057,-0.3305217946020966,-0.2888595421723832,-0.11774233718033682,-0.10785718270058887,
0.1579482694277446,-0.05428409592980776,0.020111485813505227,0.27918216476065744,0.14204878193207773,0.47146122088599707,0.29447279961838013,0.1756429353630486,0.03461179674526623,0.44362786559050277,0.43846234244417537,0.002284854897191121,
-0.07474011196872654,-0.14469676282175564,-0.22403942726146361,-0.06740364645044529,0.018943253938706463,-0.24322441958821384,-0.35801712575677025,0.054259215561202154,-0.29568401788513377,-0.18346979932292487,-0.32389638381928537,-0.3817130633523742,
0.06990412130065017,0.3417359417134835,0.2281654163881856,0.07657677620474708,0.12853929350667906,0.15474868689125465,0.3816214887264466,0.22248969461582593,0.33611482320605923,0.35174214672287446,0.3338208644319144,0.09996917195233447,
-0.160758853448035,-0.18415699436800606,-0.12022573167991402,-0.0776851643549756,0.10486652939101823,-0.040631989486990275,0.0018626487921133,0.08336502248573979,0.07440735855670702,-0.0525491819470226,0.04753159187633522,0.04143450504662219,
0.2194626276593339,0.24653185125336144,0.23870087287286074,0.3726121088132037,0.2229775397757548,0.2358335759482717,0.10855401709260831,0.36842442504199946,0.036306298110097925,0.3826570217118451,0.058101025351433494,0.43757136303819955,
0.09033900131098903,0.06361261504374617,0.3500457115396064,-0.003880310459970144,0.011596398091983602,0.4309005857339097,0.27905678086042784,0.3698440982521076,0.3094436964745073,0.09031672415015968,0.4132851795157478,0.2762690269091971,
0.41167156278758593,0.18956995121633627,0.34242616556917954,-0.014749997355335975,0.20761512965027165,0.13044623743580253,0.20900580041377864,0.4336351501934348,0.46724419428883923,0.32762060312492713,0.04151249963678276,0.4243815653485669,
-0.021233125213359173,0.3024311382829455,0.2448809768746207,0.3238055355283339,0.3072444901184552,0.18873466735474362,0.022375498081540827,-0.035715562713349955,0.39628660889787354,0.057927223471852154,0.24110853919584024,0.28807928942455024,
-0.19247295452784588,0.10438092364423052,-0.24991426020405255,0.11157374587443894,-0.11690625014854895,0.15791633407430253,-0.07398608154848417,-0.22094003001037535,0.04804893653288531,0.05145810189997664,0.11499380905004751,0.16781093473409076,
-0.09261948930628242,-0.2528956149840953,-0.010496233707711104,0.03823033014796035,0.0052767882584544784,-0.18759030313226782,-0.30066619928435956,-0.0572290169440756,-0.32297307801029046,-0.05855619734103045,-0.24823074217092156,-0.11103456189866563,
0.06544504707549813,-0.1258888987119966,-0.29571917803443826,-0.31046739878090074,-0.0017081481399056394,-0.2935058390452428,-0.16140326313168538,-0.14108993613774665,0.0584863030372653,0.14151385158673285,-0.20168588742740742,-0.15615359189500416,
-0.22954228922040187,-0.2772816296569934,0.08955498485431072,0.09085231137831909,-0.07560908072842717,0.01798924362535323,-0.27354084145344926,-0.36137999246902774,-0.1407581235961468,-0.015073847537391792,-0.3335252800370479,-0.031192446080250267,
0.46499141779216163,0.033327095649447525,0.29916433549756966,0.30352722382341224,0.2424163763682987,0.12183800838689404,0.20454310926364283,0.24606270730265242,0.17295632902841032,0.22188752071044207,0.17425421814399294,0.2510263831014655,
0.14242202530833203,0.09599098815925206,-0.1911258388844195,-0.32056754853303615,0.08852547130531187,0.0243555467579582,-0.24621307241914614,0.030558606893304814,0.06946075215063117,-0.21930482216612732,-0.013075957421563004,-0.10052607419352916,
-0.06291269082568222,0.07261724352130661,0.1904092303767145,-0.09068857716671316,0.14309778654525462,0.13880114818023045,0.26744937626724724,0.2738162548858502,0.09480942713558667,0.22928863221761508,0.2717508779112698,0.020613141645472004,
-3.399068210521346E-4,-0.19988593088888829,0.060853987350443325,-0.25240628864601317,-0.04947746421085038,-0.29919074786683225,-0.20600645222010644,-0.021394392206665697,-0.204559160178495,-0.22894150943865443,-0.3154140801465666,-0.2820284512436804,
0.5137333563528518,0.479913710866995,-0.0391778918140912,0.39198976519005635,0.5442978589585072,0.23348007387644332,0.3827655695772447,0.15109085207101353,0.32444382840547553,0.17994207520477568,0.3629354770000023,0.3042060192343744,
-0.26190225953667584,0.12509948151033246,-0.18457596948473376,0.11710487117941236,-0.11192580684047762,-0.315062193499547,-0.1001651371667991,-0.16951652014381083,-0.11999620166704954,-0.13670472174992218,-0.19138254130266538,-0.26733127869082485,
0.04229185977783762,-0.16066376240119937,-0.2516399026351863,-0.24306945752618547,-0.3653806481154802,0.0780923431952321,0.12086077415988146,0.0364899712903435,-0.309371840786797,-0.29074461146006786,0.06096195122536592,-0.26805982487071844,
-0.24470723515032697,0.06261284221964687,-0.03702693095520248,-0.14925320922945423,-0.2743063424119112,-0.3199813789123072,-0.19263228304412597,-0.09497163065256609,-0.19989013387686486,-0.1763623505502167,-0.07820281523165581,-0.22868910186703587,
-0.2485395917934819,-0.17908630707117637,0.1809847884533745,-0.12446281236239702,-0.22344671084184062,-0.31261530616502553,-0.06942889329807139,-0.1011246395320004,-0.18680109198470443,-0.20196250646217023,-0.063321921244575,0.08400137775787864,
-0.2989108518548086,-0.24626294044050479,-0.04630392408689684,-0.04155713663022751,-0.174345647146052,-0.07152471355487187,-0.13219823871574443,-0.3077056930153214,-0.24324965491715625,-0.2697261231532982,-0.22155387285150627,-0.20029489782542856,
0.006153840323506209,-0.09990298667061222,-0.17664678652494797,-0.12403762164273871,-0.23174574807540843,-0.024665183333643072,-0.05840852293615144,-0.2429621018508613,0.024239589784422706,-0.058198095000717376,-0.1904941832445123,0.007739061322407429,
