# Pesos da Rede Treinada TxH=  0.8999999999999999 TxOut=0.04
12,27,12
12,27
-0.13009874759000592,-0.39385576568881414,-0.2344810717288454,-0.5208415135761371,-1.0213111127942551,2.5747001905598212,0.11011450856299132,-0.0414983859109261,-0.41570597148407334,-0.4663232485205231,-0.2778420729040341,-0.1552394325565491,-0.21165153552209023,-0.03045532938730502,-0.15843945854695493,-0.4400586556303279,-0.64195726815406,-0.2704253864063036,-0.3520052634254042,-0.49422923192393386,-0.5376645633574758,-0.43582669083010256,-0.42103274140462144,-0.44774305360481725,-0.5203152189534818,-0.522014533465345,-0.5760891205394718,
0.9585504842585354,1.1192822784763299,-0.8227419608207448,0.5045641127724535,-0.6019166881980172,1.5967591000322912,-0.6954614993185915,1.1425001257942482,0.8809761446976443,0.8692370524003459,1.3025086154050194,1.2359721833527895,1.346268665702712,1.5889027190923832,0.9341115969629039,1.025159389952916,-1.2117890369944373,0.9377294038244539,1.291169430160149,1.3028771790977298,1.0230583796606723,1.0089123935983813,0.728210825083927,1.4826499492821983,1.2668755782092858,1.0593216065842683,1.3588963445890985,
1.0637620537891792,0.7641240498946306,-1.0488276723744683,0.46372611746520326,-0.4567397155836492,1.568000808525168,-0.5583730273099171,1.290957717566535,1.2884737255579664,1.1371705361039974,1.4335252781086343,1.3532879025994815,1.1069901129272681,1.520246998657752,0.8396420751690941,0.81537270169551,-1.393800848045589,1.137006279795288,1.3945264169500209,1.050724177288152,1.3571864222023515,1.3931628650028551,0.6856201623948605,1.1649775053695757,1.3907223367267747,1.2690609196800728,1.1501736907429745,
0.5361258342462245,0.6746891581638886,-0.967474142791876,-0.06699728032599263,-0.6548448101819656,2.1705784027771364,-0.22668598539069132,0.8536958606126966,0.7400607655430852,0.643158825289333,0.8184710537703198,0.7282087032928999,1.0418121977663635,0.988832703172926,0.8372102020402998,0.6235943767426048,-1.1917544040645032,0.7786911727955769,0.6534193212970338,0.6975073473582888,0.5307951277548306,0.7589128734905225,0.3809510137695283,0.939753339706974,0.9539497249847417,0.3125356882285789,0.8360995430783053,
0.3430321675875075,0.3414770433898914,-0.8220845307767559,-0.3062999262394196,-0.6754712371759458,2.2951969220185173,-0.3050953379657139,0.6015593117908455,0.1493325402244465,0.18972224860235581,0.4517232253035875,0.5742912751245016,0.49102853699684773,0.568253663842877,0.2597522710204419,0.09795300820720268,-0.8247736265841434,0.5525335806431899,0.5206755655873346,0.460597671525098,0.41438542454357935,0.21178022603989125,0.1373549827502809,0.3631196471180968,0.23096734974485936,0.3866958256835212,0.22003371538363026,
-0.7487054871778229,-0.7044722120801394,-0.4746345307450302,-0.2928627372308807,-0.9905765438976315,2.381040569742346,-0.48443576898807494,-0.6862114397347249,-0.4904207110388916,-0.2842884599601495,-0.7836255159276485,-0.7374260342305303,-0.6420360939605511,-0.6481525426879957,-0.6682459096485431,-0.5780362059432862,-0.4753427085476103,-0.7248226300954194,-0.37797999154886425,-0.5919107621269807,-0.38050995889410305,-0.35787072289224753,-0.45324989192259324,-0.68805331934245,-0.3291098670928153,-0.44227653290057006,-0.569650217546375,
-0.8601017699531621,-0.6799786879057539,-0.5424584824814574,-0.5563202665632502,-0.7635858410839345,2.817529389037329,-0.24671196244556953,-1.0174614642936006,-0.880902955272617,-0.9160099884496026,-0.8872668330983897,-1.0580213497109772,-0.9800553843350643,-1.0251600106194134,-0.8439596047261518,-0.926900112365166,-0.47054940058385974,-0.9776764048976407,-1.0536413239823141,-0.9274579541081958,-1.1268961104245565,-1.067275431648268,-0.8132972080297399,-1.2005791263850958,-1.2355578493915007,-1.13733642017012,-0.9911962621446173,
0.015683128435539304,-0.21546339352328384,-0.7283186555474769,0.020111211732546357,-0.8014746180921466,2.506754330535482,-0.4917160731267933,-0.0742789804601607,-0.19560950239702377,-0.37939156696540016,-0.48647887755655195,-0.14348329588396339,-0.3642732072462353,-0.5462704613156004,-0.1894832428978443,-0.13520290160587867,-0.815502282698921,-0.3025908364256168,-0.572444130342646,-0.1124488777587144,-0.25614327278627186,-0.2534076696114113,-0.11116159488238483,-0.09638500627203771,-0.3863025100715623,-0.21918267943648173,-0.16040673318385798,
-0.8028483816358825,-0.8738327504525212,-0.7141982983658778,-0.677775894990115,-1.1153654223843226,2.8669438805429,0.001544478752880747,-1.3091675737540642,-0.7559118395596256,-0.9588757500657716,-0.9807497372118114,-0.9785906711341774,-1.1467417169834517,-1.445941883930084,-0.9930981014497676,-0.6746971159991908,-0.49586725555579114,-1.0299593126564188,-1.1706725374657767,-0.9937114815398848,-1.2880842069114542,-1.1858162433933455,-0.9468707225484952,-1.28007030998573,-0.9326955365308159,-0.8242389993800456,-1.1150106899328633,
-1.2643029562517716,-1.1097579690967172,-0.8207599023315328,-0.5539739080095524,-1.1433198077997273,2.778568679584816,-0.08594011229325774,-1.219563026686149,-1.1574620103137236,-1.024973927637571,-1.1389699212684465,-1.3599030971096724,-1.0322528673857696,-1.3796149858452122,-0.8340189977607063,-0.7094708191191033,-0.35251280753782344,-0.9701513167454788,-0.9771426292816975,-1.2823916821387362,-0.9865385479366866,-0.897126245242345,-0.8977675532142161,-1.3576837896174188,-0.9910757125338489,-1.0869512321354107,-1.2793318450749422,
-1.077306704151801,-0.9566502230889793,-0.7260964192715255,-0.6558982184635996,-1.1716247007688096,2.964419555875673,-0.11783881535197265,-0.9549610549623484,-1.0626340367371896,-0.6304267121807021,-1.1586535490013783,-1.3787944112419734,-1.2329050661515235,-1.4803941594663856,-1.1629340457675548,-1.0593765655899412,-0.3677642562575414,-1.2291642841817507,-1.2625221098508854,-1.212956518417669,-0.8214904351499637,-1.1658443209079226,-0.6726039260301956,-1.0495158780110332,-1.3226385984219526,-0.9748115154373667,-1.2264187165272074,
-0.9182909807295765,-0.5600055659108815,-0.8249722254038659,-0.17736076964415465,-0.7362329619717295,2.8453877843648234,-0.3848039506250129,-0.9060322437079322,-0.8473656803046204,-0.6284703950419158,-0.8157324124019407,-1.0283595700646506,-0.881558481663338,-0.9261991399597681,-0.7430216600917711,-0.6401037955739356,-0.4910580079506542,-0.5541520764086443,-0.9584755121409776,-0.7583157458352063,-0.8269353963054203,-0.9006982356220864,-0.5329505329129687,-0.7055165350767176,-0.8771975624268126,-0.531543466351689,-0.6544515298817698,
27,12
-0.14625107935475865,-0.3330805864975812,-0.03494206638372493,-0.3015058706915127,-0.008070157464278076,-0.11554378986098095,-0.011488768920841943,-0.09181708205603127,-0.16366759707404255,-0.18478282592675346,0.06429685040936149,-0.09199880014126005,
0.07668065035873887,0.0864843545331173,-0.27185747396551924,-0.22994882908801875,0.06131462242842411,-0.11666465570669494,-0.04185263207323709,-0.26423856530065915,-0.07591380839856629,-0.22044632323368288,-0.04017361119432234,-0.04686442326624109,
0.1957986098491624,0.16019528691652665,0.07173916437876615,-0.1086798201696639,0.2407193970947819,0.2485530435534293,0.14965252243916768,0.2123746257215107,0.36781776593609816,0.4869717126920973,0.26589927183719314,0.27244038160635026,
-0.07248264326400082,-0.14944961486422328,-0.1414369341270334,0.11811160142369315,-0.18003551289542483,-0.23948616266433345,-0.07343231825154692,-0.16661727509944338,-0.10895536449948887,-0.051334929258593426,0.13801660050745812,0.09937106382148095,
0.06697269178139312,0.1910500326036654,0.09837274347515332,0.15583318145935537,0.26314070085447394,-0.06604780011669165,0.07433684597950321,-0.023055922964244326,0.05440241167908751,0.07034244314898004,0.3788607766722808,0.11555486709300739,
0.9286028916638595,0.8031801035950631,0.9031156043150234,0.8657031442341503,0.9296445340937524,0.9370545903425598,0.961194974561081,0.9977983986001425,0.993824051809092,1.0495243320293615,1.006017547622121,1.0036086654440695,
-0.030409932304243638,0.11669040477588662,-0.0666023913167367,-0.2344185216220662,-0.18257185782065125,-0.06348050288094054,-0.026885020031806848,0.010490432097085282,0.026885608325777386,-0.11820715634676836,0.00670944340217419,-0.14456349358260387,
0.062151262479404834,-0.023337860076568857,-0.131746543306641,-0.019455318307388832,0.08821190701501265,-0.30565761578197687,-0.02430163940730353,-0.15859487653040005,-0.17221535433698404,-0.007963869204216368,-0.2908247753028709,-0.14515315505885476,
-0.09541857183467169,-0.01397332647632622,-0.24255780361467502,-0.004139695964058844,-0.23167526689775028,-0.15988333063944518,-0.30631892815314754,0.04914706196853037,-0.0757141451483107,0.011988365247406615,-0.2118716110027324,-0.040870825660696844,
-0.22799924850957318,0.0520803808518101,-0.2061568671217237,0.04892942847112264,0.011151096666520081,-0.03803648643630943,-0.20326888611376032,-0.0649366447505295,-0.08216076486411657,-0.30546497553415,0.016515190606634506,-0.045819026603855915,
-0.14217863744709924,-0.2016843602034749,0.04686478042572088,-0.011012617793406135,-0.051900045872773054,-0.25737984856353374,-0.17064426090719298,0.0041317082756655065,-0.2095940919424848,-0.10966997212955451,-0.01767911269213656,-0.18031971344392694,
-0.2018326574770137,-0.14627213457044852,-0.04292691894018496,0.01462884261611092,-0.22773494764235017,-0.29219933390218256,0.01601555333782944,-0.048116128830397585,-0.18947930574768257,-0.19153279598939577,-0.025085946762969522,-0.07550147278756228,
-0.06334918149842823,-0.12858265170340707,0.07565253883707103,-0.13810556063714755,-0.028466339839748032,-0.048047203272320656,-0.29525678372902986,-0.15612879256111817,-0.0037807533021816885,-0.14884111597651303,-0.08489003139893112,-0.2508410586289629,
-0.15486648366294117,0.08258530101009993,2.4304298927900817E-4,0.11985363346982825,-0.19317219955995643,0.10570250531556873,-0.12405894974617022,-0.1981780410190588,-0.2177684349239908,-0.1876488124532736,-0.3253602956499156,-0.15501185304371354,
-0.3057572236766205,-0.04551188154960338,-0.22000861664647553,-0.014342965815260077,-0.036942686556373006,-0.13495460693523548,-0.0833395811082232,-0.019093748692943707,-0.002473212099928083,-0.19267945836222067,-0.13416358907927106,-0.045347729941215546,
0.024610710463849245,0.06820206977233444,-0.16484257516802084,-0.26426675035280656,0.01397545870872479,0.007822830516271254,-0.07806171667934315,-0.278245962845001,0.001586266285832746,-0.17847272116308963,-0.08268718279406252,-0.16846602410075812,
0.3513443098937379,0.03709757010930216,0.18544832524816152,0.3268899476366259,0.22286966687998716,0.35863498258442295,0.4003296777663671,0.4118792567156307,0.40729944434315546,0.41123802911285307,0.25231652035690594,0.3871956433422426,
-0.1606204427626226,-0.12454308944734159,-0.04949894097926074,-0.16620203508411685,-0.014424697719334788,-0.2086368928970795,4.047482065079745E-4,-0.24797520190314845,-0.08850176341212444,-0.07674793940867176,-0.06883062103505729,-0.04447193746994115,
-0.11835316471051792,-0.12503984925345402,-0.05465707938730307,-0.12548611640174162,-0.08283327762858397,-0.26220466284233435,0.1225489488229551,-0.13587335082979335,-0.194848158886615,-0.0750633715941406,-0.12621932439068426,-0.1816472830261306,
0.03753598149351954,-0.12954741550339396,-0.05279282998331296,-0.21301691125548267,-0.06608560367845731,0.009102900876241077,-0.054500361071073755,-0.20769879741671862,-0.15950519091191448,-0.0810981473685171,-0.16568067398231612,-0.24495268124314945,
-0.30075932119861487,-0.034317224372591514,-0.03864153766920064,-0.07630588189829086,-0.2662180430129428,-0.002127903689233327,-0.28724878862796116,0.11579869540514406,-0.12140127390631208,-0.1584280112416533,0.001964179451051982,-0.22858773785250203,
-0.10348883140372196,-0.1222322363520334,-0.10280430274514327,-0.015035061716402797,-0.14133279804228263,-0.05528199528494384,-0.10226785181127362,-0.027388285064308578,-0.11107989809532016,-0.16583636552839448,-0.2545523532146629,-0.11786856730550378,
0.031001285764826466,-0.13411358302304902,-0.15864526138622503,-0.19094914515116754,-0.15667234502961014,-0.11708240058704285,-0.10035306450281459,0.006748966979584561,-0.06678025125100977,-0.11631696999616532,-0.23126333633873467,0.03731527626159298,
-0.09560533752610342,-0.053968965668700235,0.0011134143073417723,0.027247340351013935,-0.2440280374772883,-0.10838809573290167,-0.05086843194129773,-0.12962538553328312,-0.16662617545652114,-0.22874991067088135,-0.05712248011334413,-0.24192485006878453,
-0.04738574131054499,-0.1289432840231485,-0.0678749794114456,-0.09733530740581006,-0.1381083984619703,0.026286609397631874,-0.20045708871366147,-0.2310294687167357,-0.0641606084015271,0.10030620712444378,-0.2859806893313081,-0.2521961851163583,
-0.21156433962500013,-0.1790874070260536,-0.14324611891048736,-0.17870377629750242,-0.07047662512357505,-0.0042245373096383805,-0.0807137751404353,-0.12247128723210389,-0.2367476205290926,0.07878108249676422,-0.1616507311149689,-0.05695477107672234,
-0.11842133275669584,-0.2789269439703003,-0.060082725441274604,-0.12166249618097315,-0.22927266252107048,0.07892685344903835,-0.23099012834421853,-0.1160129628558757,-0.09400686036095743,-0.15047150715473415,-0.2620045005384606,0.0845595022893477,
