# Pesos da Rede Treinada TxH=  0.1 TxOut=0.09
12,17,12
12,17
0.3631788427468688,-0.555138097438605,-0.3194782491270827,-0.4690280142338245,-0.1398543664180295,-0.44004374343726793,-0.053657893398522075,-0.2825754688011113,-0.3456598936022598,-0.46608431268869677,-0.3438693018465223,-0.4311584728478938,-0.37417850563932936,-0.1634300797193808,0.6112663747896478,-0.39397967594221145,-0.5126566476418014,
-1.2803595439163395,0.5856054043994839,0.2226687530548232,0.6110268669686278,0.1039442119547911,0.32309635913680557,0.2326203480971817,0.24798309073586727,0.18933512982260609,0.2657659989380809,0.28997751209026534,0.3876254831147801,-0.06793155503120395,0.7619677109513505,-1.418102903108943,-0.5276284915949283,0.5352576855046283,
-1.3212207332543418,0.29980088478774103,0.12493301855411965,0.2706003134727766,0.3677174426201124,0.5716958093978338,0.12692685953907265,0.37577220181293625,0.3407521317221851,0.29178583281792425,0.25327090078616793,0.7142609706203485,-0.22864909959787386,0.49117697534905835,-1.5741276839300438,-1.0201421206749728,0.4817231409824414,
-0.9788322099083919,-0.01511045845837218,0.15224636671315836,0.3920402520595879,-0.05257755329876408,0.19766001536989308,0.05562260747781458,0.15594514738052664,0.42658200904148574,-0.0024213148694978196,0.017019465025075953,0.224769077258799,0.008142040722364408,0.09548274023943598,-1.300646679905381,-0.7702986827134316,0.3836008438682008,
-0.4267974957730811,0.1537722401237646,0.10759453748437967,-0.13869819136426592,0.015467835588319066,-0.039664639564797106,-0.2467743573287318,-0.0579027668199149,-0.11255828243581216,-0.17611862859359528,-0.1356346306272516,-0.16144137611249543,-0.2949050637397876,0.2165953380499319,-0.6747981578043832,-0.845781486364437,0.22555356886601785,
0.4740460859966835,-0.2610922928830248,-0.5976134560758661,-0.3593696064471445,-0.19284450584457288,-0.23862992999225632,-0.5858903403854833,-0.26629030089846134,-0.16624655061672627,-0.6095605826185825,-0.443507707898096,-0.5142039875259005,-0.3640772580116192,-0.48374716380892424,0.5265339602645994,-0.7839298030267775,-0.6335885132558209,
1.008948947873004,-0.7965188916059044,-0.6645525445681817,-0.5414570605414012,-0.6912057093462621,-0.681682955563251,-0.35682319781002636,-0.6563805114484369,-0.5424274606178153,-0.3428537995735888,-0.613136220958701,-0.7831393588987794,-0.609230994475715,-0.5616174879213855,1.2578427987905092,-0.36176786093644514,-0.7971659044374724,
-0.4406515615291177,-0.24229923547467846,-0.4125808418419445,-0.3957565584848705,-0.401148568192822,-0.30938065685622745,-0.01018565895158651,-0.39276892267690605,-0.15708276116554673,-0.36109514682842453,-0.28928738545222266,-0.275905341741605,-0.17796178353048428,-0.28088126687134723,0.00235536053520003,-0.9608871155092401,-0.30048015302615766,
0.9648888546406302,-0.41986349960477926,-0.7123865015595033,-0.5633277182159805,-0.36957840963751953,-0.4382704811690476,-0.603204884777176,-0.6234826871876565,-0.7565094399529245,-0.28584976186471966,-0.3050036761672674,-0.749859903529464,-0.3656623160702277,-0.5330069647653679,0.9973476144414737,-0.831766206625247,-0.39703034052268515,
0.814054666832009,-0.7682598866384901,-0.4063661334571876,-0.6364218429926733,-0.5690330384848413,-0.6937556127466127,-0.7342991361712886,-0.36035526574215077,-0.7138059807382249,-0.6699077070319123,-0.5298324259497186,-0.6803059451961654,-0.5482619920272994,-0.7972887379704404,1.0129216301686652,-0.5681304795212342,-0.6229334615754013,
0.8096991589590791,-0.5939286462958104,-0.35650455484338256,-0.3829434607147945,-0.6952269756372318,-0.42123494611244316,-0.3681554707093573,-0.6102474367450064,-0.7068535763071557,-0.5952909841069757,-0.5385442250701623,-0.3186744589731796,-0.39015919048775466,-0.8109382813455885,0.8686776328430997,-0.42583053628518747,-0.4290584861274141,
0.5877094952064238,-0.28948767157253474,-0.2775138986588941,-0.6470275287950623,-0.596731114841457,-0.7486760505042733,-0.6399602304036132,-0.5989713346311415,-0.44626125402870226,-0.2443450220940825,-0.5814282139041724,-0.3065019177932153,-0.2913650396966004,-0.6267887842789435,0.5238633503690779,-0.5107370240647652,-0.719157131781826,
17,12
0.5394844202311956,0.4111547715097339,0.5363595182222808,0.4077401145875977,0.6325282961137992,0.42723396029407296,0.6865640781230813,0.6154323021394562,0.521028516260771,0.7042045145630295,0.704587324725206,0.4750971422879102,
-0.19858867434797248,0.029715299642290294,-0.20133883624388352,-0.11273559911586227,-0.3173786211410944,-0.23077524539673258,-0.20196926831290782,-0.017754183914373195,-0.35029604060161224,-0.02985130407962272,-0.13993576937097565,-0.007357975192722925,
-0.22940023138286605,-0.043889068491830115,0.02555945972066541,-0.16781550880250795,-0.2059280612533963,-0.12379090446818813,-0.33591972396943176,0.036264418998139175,0.004145732846231175,-0.13454370964193552,-0.2958376211158745,0.14242184427315618,
-0.31631253392418057,0.11168840113237598,0.2090044413595089,0.05693311688138274,-0.1209602457543461,-0.15433860987308357,-0.22287398492602076,-0.2893226747149415,-0.12010242607632876,-0.37596966696051326,-0.1780757272126382,-0.06604181540112733,
0.055713611362236126,-0.08636629928187156,-0.21505941832775508,-0.10033882552081214,-0.1300840967507335,-0.23869903901611847,-0.01639839523480923,-0.1005135492618502,-0.27700057961926355,0.04285738017673645,-0.009788881725582406,-0.2776921027653387,
-0.20018123171489263,-0.1345609105892461,-0.13591022532793653,0.052427824112070566,-0.08073464615778464,-0.24905865465021892,-0.1355784696949672,-0.2795948176901616,-0.1286160067892033,-0.15196561057660268,-0.11862123054138903,-0.12911546786681066,
-0.1923302260979879,-0.1669608085165573,0.008797579313948312,-0.2594576410291791,-0.36523274354463314,0.09988565621356488,-0.020323766318531302,-0.3038629293621281,-0.049227879943893924,-0.10455298076223134,0.08283380991452138,-0.11496858105175783,
0.020177627629606384,0.01944503009717341,-0.2144278426901116,0.10356713380898501,-0.16320638299780826,-0.3198407587502768,-0.2730210993083837,-0.2294483095423972,-0.010012095734975617,-0.19701222136332688,-0.05961172402936476,-0.08033775131146124,
0.08309754897202633,0.019604184366240493,-0.05058305631819004,-0.23131298175086568,0.1072343330216413,0.015179645993595562,-0.23695618564016568,0.030670156744619415,-0.2667247399788921,-0.35038478812196255,-0.2615074613953702,-0.3112230032488156,
-0.1938241385702156,-0.311367383515541,-0.20526647623226088,-0.0828722685952311,-0.2889297611061978,0.08100401143310346,0.060574478197012775,-0.18824398497751355,0.08777178263471559,-0.1950500361845103,-0.11395893603988998,-0.030085362868593576,
0.12565408112678728,-0.2301091553846844,-0.10219430065865501,-0.13115201919917527,0.08999118271619931,-0.16962408344999363,0.05711467301275093,-0.304758276331762,0.008710626742204752,-0.24077525680105727,-0.16090075638800996,-0.28091845462688075,
0.044867576942597326,-0.01838372329717989,-0.2587302348421522,-0.1995117344862687,0.06899609011408696,-4.992339070279846E-4,-0.36540233071725964,-0.09746079532041213,-0.3492859875497281,0.010218806711515184,-0.39388696830525677,-0.24196492045595958,
-0.19594318082459417,-0.06785311022363769,-0.1986530215336703,-0.4540497348825287,-0.1267465330301101,-0.2477244517887887,0.08793586907671297,0.01964486602752721,0.020621745426118984,0.18320850181117726,0.1484880910845105,0.09108543995320122,
-0.24812037697078512,-0.2709223287342156,-5.888154451647464E-4,0.1059520613014946,-0.0770462737246649,-0.0051157433587916985,-0.1888505435916948,-0.23333978088590007,-0.3124465973139519,-0.25461289740543885,-0.27884366944981387,-0.2093054878357011,
0.6989466974711839,0.6738131456704302,0.6335892730334581,0.7216370087220905,0.6153373178362962,0.8254346510931281,0.628982310519343,0.7449753029347863,0.8553384489161199,0.7163910540309463,0.7067702472743167,0.8795194009336464,
0.45886726110312576,0.3998332406763094,0.2778742647749926,0.3842594821997984,0.43011759896571766,0.8050795824580608,0.6540951826509547,0.9046718320979892,1.0242166489826832,0.8935778268552834,0.983209127054543,0.805717645458137,
-0.2194653347469499,-0.27182838463615283,-0.11901452432060458,-0.06837196682616203,-0.017416540650996192,-0.24199430272594002,4.2201177624533794E-4,0.006017772122528394,-0.26622684495741267,-0.21617809421026216,-0.25232089114356193,-0.35332871871369453,
