# Pesos da Rede Treinada TxH=  0.5 TxOut=0.05
12,25,12
12,25
-0.28569254212186246,-0.27692744958829046,-0.4503713478869673,-0.5580941894350323,-0.4187536036872528,-0.4828439371771734,-0.6057635302862703,-0.5752129866636403,-0.3704381508280763,-0.13429890124995103,-0.5672037745824062,-0.21499785043425182,0.49363531749674316,-0.2568349797720779,-0.5705805291222734,-0.3229872768677481,-0.6851488248276366,0.8648534080663164,-0.2693750815181379,-0.2974062671370784,-0.4228648621757645,-0.21606066528773424,-0.15469592850903546,-0.6125625915533705,-0.7280186708895496,
0.27979645066559317,0.3591868702572415,0.4870111854427753,0.36040425589869934,0.23070126322825735,0.48397724424040367,0.635135642138844,0.40683744910168185,-1.2207408106686766,0.36616062317164977,0.5798892020504178,-0.396698213318443,-1.3862390748938191,0.280467502227231,0.546744556174482,0.2538169576692519,0.4479248698710695,-1.446598661214862,0.2797256592298987,0.2796191899563465,0.2523511534213754,0.45439457846600845,0.22289149535858874,0.2926548576572167,0.2779291253409428,
0.7237565097187809,0.6309938024264579,0.5693771773211259,0.4982557225171505,0.5641058679562664,0.3547900670109872,0.5323481170802719,0.30601940829505375,-1.2039945431612535,0.3905671099242146,0.20153967029787287,-0.3288225221703027,-1.3487630140958877,0.569212676914927,0.5048721591345022,0.344875344201534,0.6332561788204575,-1.4297511444748867,0.5944266383779849,0.5411015779337904,0.7092635845124456,0.47703443239168825,0.3780320327361492,0.6189867498608305,0.5571153318126649,
0.04264026429854446,-0.14375915952077883,0.22392436334453786,-0.05570204895935068,0.051246921270858864,0.2721158295139894,-0.13408333545676712,0.1979087740507679,-0.8172597530931962,0.010522257662865693,-0.036030396359993735,-0.5791745195666728,-0.3099017874690392,0.08142391696000434,-0.18013854288801806,0.19686682403754163,0.058899957868171725,-0.4377621204831576,0.24852743872686744,0.15976675826589612,0.042662719521530744,0.03210223876545793,0.17976547274721577,0.16005477055077802,0.21283610778564876,
-0.31476773355237003,-0.42001758067684636,-0.3891976919365644,-0.0838059100888631,-0.3098887877352358,-0.21265760247337298,-0.29133783349774434,-0.0014532410678912526,-0.6625223926288013,0.036913140102575105,-0.2334009403588989,-0.1550954661423669,0.03131020744313935,-0.1493510085407046,-0.008608365023741318,-0.2204994214571605,-0.12403721563172751,0.17748867191855822,-0.13712552856400156,-0.1608474371664449,-0.05827893635805563,-0.22952150511019057,-0.3089222667141511,-0.34454359119948946,-0.03699728290982171,
-0.46003298985731705,-0.5849900515179504,-0.5530873542976484,-0.8150066101826501,-0.440129128146792,-0.46667602764328503,-0.4425399692695254,-0.5724558079485549,-0.5749519486679417,-0.3758993360249586,-0.476632612969199,-0.24670514039977826,0.8492397817863723,-0.7128592477512852,-0.7442276771525879,-0.47931166205213527,-0.6309093908688745,0.9823843558574614,-0.7974495624328735,-0.7411288250355177,-0.5054180707717483,-0.768470530222638,-0.6501797241500072,-0.697285113420972,-0.5668963055599487,
-0.6274596977053757,-0.6420743105155455,-0.8862027128270432,-0.916727520528513,-0.8146680797755885,-0.7935784853146516,-0.8321875027950659,-0.9574120520775514,-0.5370838219193836,-0.8297435627267561,-0.6010916830929666,-0.42650914599817785,1.6671297806784688,-0.9644451193569433,-0.7870423372322158,-0.706434188385962,-0.8337612889588103,1.6253839879585614,-0.9144905031635845,-0.7272267340733332,-0.9091443328701476,-1.0488507296993832,-0.7493474850246096,-0.8300234720242605,-0.7734067827444533,
-0.5142995083463552,-0.38649355905319416,-0.15506708147585524,-0.21066846979899267,-0.4347922659925195,-0.25561380769906,-0.19127912306567144,-0.439178482091686,-1.0164407118403065,-0.48358893129728686,-0.5239146015374537,-0.4464625913543942,0.4658470981592887,-0.2760701369972457,-0.25241626941772405,-0.221446863866584,-0.11149525422738793,0.5134946851367042,-0.3907986646291845,-0.1883882181566958,-0.4409772005836821,-0.03332374305674014,-0.44332512029792953,-0.23884823017654203,-0.3342156348293292,
-0.9628352712634568,-0.7604398047251479,-0.6927251941408413,-0.6325509647026031,-0.7827564495381659,-0.878769568591579,-0.5695219409323717,-0.7540463280138159,-0.4785306565411019,-0.8380658959570998,-0.8751448768931249,-0.4906158405518042,1.672728419281499,-0.8844735810631853,-0.641279724718457,-0.9157797833840161,-0.5875927082370976,1.116305855397166,-0.6260665534140398,-0.6297147896836297,-0.8921653376715056,-0.9310835593493596,-0.8283827482856334,-0.9471450110202454,-1.0657591949777936,
-0.701482649360445,-0.7335424666715482,-0.9444572465890483,-0.5597690847015679,-0.6427417631899558,-0.9477219580189621,-0.7271282881526637,-0.6491747829138254,-0.6356932147107986,-0.7444179054763749,-0.5548285318416852,-0.417549181808101,1.6022649916342757,-0.8427772747251707,-0.8281475794742471,-0.576245301739192,-0.9184074046161824,1.324488429791568,-0.8056143344327229,-0.8545170221915503,-0.702140041128657,-0.6774430498377823,-0.8326414598765337,-0.4830458895957212,-0.5971439984144757,
-0.8006626342268277,-0.9131832113001864,-0.7025535332866224,-0.5810112225020521,-0.9951172371033252,-0.6934322888683475,-0.7712041347273205,-0.6188449252083427,-0.620535198704624,-0.9663023959608142,-0.6993582422399653,-0.36795577740053015,1.3430706466546323,-0.7592743860396769,-0.8419879093593796,-1.0190102005834607,-0.7234462486142936,1.3369800841130963,-0.9683783802862101,-1.0934261409430395,-0.757229326228945,-0.6664217944349214,-0.513678570679068,-0.518882594198171,-0.8347629885427047,
-0.7254451359156883,-0.49121427681883584,-0.7493253183415342,-0.8220975684928319,-0.4024446505148735,-0.6717475638624923,-0.8320022729610277,-0.7554339688299319,-1.0112918005812226,-0.7050331843522637,-0.5400560755730692,-0.4012833075884571,1.3938730814817102,-0.3812341539679221,-0.5416313597799743,-0.6250059010249562,-0.7874035025423529,1.1284068227858006,-0.49281399584740887,-0.6000562324965346,-0.6882644407590439,-0.76527558725273,-0.6043740942406326,-0.7342656239658204,-0.45298012641493746,
25,12
-0.2213780624974891,-0.14766477608651749,0.1901664656985211,-0.13331295016316053,-0.19618280614296166,-0.30433879424132104,-0.1350671667184503,-0.25288798705138965,-0.16264661601827932,-0.05934382378610564,0.025459911655595767,-0.18821713883598604,
-0.22683328402045635,-0.09986018204955995,-0.0796755822231833,-0.12817397226857682,-0.1685781132833892,-0.2988077286694107,0.06328683607141074,0.08719279059213372,-0.059023680726069706,-0.09964247769812878,-0.17792964993530097,-0.378749139751458,
0.034845978737773134,-0.2107490307266773,0.08158196327696117,-0.29181237860173576,0.04547422876450291,-0.027274673453825046,-0.15369887946479963,-0.3284014052569011,-0.18833587404072866,-0.3400906860555508,-0.06604135535440553,-0.03207294166088499,
-0.08277717813091275,-0.21407582265506467,0.05481225115464264,-0.225313680500871,-0.0793040889176042,-0.2492263990659783,-0.09639646935967588,-0.2724946216146934,-0.24142105693719232,-0.020987712803453476,-0.14475616281735226,0.024955411885005573,
-0.0559233841253328,-0.18136859130501518,-0.23907593041324332,-0.12157502496365244,-0.24613006266106668,-0.06126167922898273,-0.36469214516072807,0.05430354760059805,0.05425720817362917,-0.21738256445566675,-0.07823765633171773,-0.18982251314925364,
-0.2723653553018917,-0.026911814969539396,-0.2346419978794559,0.03760571886512208,-0.3483368531980617,0.0023312883509124262,0.005806686996725146,0.01868324346646335,-0.21482947145694214,-0.02981695828320094,-0.19595103380949044,-0.3108103066234089,
-0.21594513250427033,-0.13119353034040765,-0.21687665444514567,0.09643112026826542,0.14403045811971787,0.031976203703429726,0.07151961392367899,-0.24954908396490014,-0.23653553345599918,-0.3153176167494113,-0.08887013752205913,-0.2352890454517303,
-0.12672586670206903,-0.13926488029428097,-0.29913546007430153,-0.19260025701668523,-0.2663527095009814,-0.35994409743080075,0.004970020749136998,-0.00686113647407279,-0.04364082560112706,0.0010788451521840854,-0.21146191658196434,-0.12009886400238416,
0.11468528527113386,-0.042134642179418896,-0.04706233156961841,0.028782865744026272,-0.12762588459192611,0.1466339563605527,0.14868457529546716,0.16383851143688993,0.19798692643614815,0.3530008997803739,0.2623418041127872,0.17563897197702572,
-0.311779605266357,0.12552492944905067,-0.11505739338459181,0.04289184342686929,-0.07101854605554822,-0.26510198005631136,-0.10685629320318411,-0.37795784265705307,-0.08618172666191438,0.024011162161119627,-0.046231558975753595,-0.25645876409027646,
-0.05618946239017579,-0.19010189827748208,-0.217148992307274,-0.22942275601977835,-0.15129250219989301,-0.1292518123863121,6.380314671962407E-4,0.05118787665998649,-0.1788609290505049,-0.17820381350870532,-0.26674194565272497,-0.013810922482997059,
-0.13108121557718816,-0.1494888583805669,-0.20144826631944882,-0.3853688666618297,-0.11348529381973473,-0.05426847371441491,-0.011716655736027854,-0.04267254262653943,0.08573638354006709,-0.13953478007156295,0.10213207945793715,0.014885153547287922,
0.37975037687970586,0.5922931740604772,0.3802924781055006,0.4106045728743366,0.42306463576277226,0.3642820310711978,0.3753281781984992,0.3440581371852507,0.4546066446170804,0.5696494955062235,0.5640287378331033,0.552702864320033,
-0.27519573856085977,0.10823218876737874,-0.14681139205230048,0.1335318971585047,-0.15436736776011667,-0.1285022491201256,-0.06760021406146613,0.03561608658164311,-0.16112255909082993,-0.32140161645052406,-0.037196149363267934,-0.376700709149516,
0.04720877586483623,-0.13468301429116464,-0.042481142415021565,0.02112216072972335,-0.212733627424546,-0.4248511123368621,-0.4630733832453865,-0.2287452705892366,0.03082446788813272,0.013208190877336054,-0.05658200876261866,-0.11905029333666306,
0.050720443108372065,0.024370574420537788,-0.12374526054230103,0.013703132839820944,-0.2884624877604464,-0.035352292433975904,-0.09901303118893938,-0.0276060665153831,-0.0509937201671497,-0.2624821360733818,-0.3966942645349974,-0.1925995993528138,
-0.011799857075347968,0.08873317247439776,-0.07684040902597565,-0.13141832180643978,-0.18730422434363828,0.06929338944903476,0.013223188386443697,-0.3645472479088043,-0.2705424337652362,-0.12375378311615769,-0.37343059623317215,-0.034590477454931934,
0.45143245756390327,0.11900786227371997,0.40102496485616046,0.3649548173035123,0.39878261305134,0.47111516033080864,0.48653380085708775,0.546830288323356,0.41993931256120404,0.3425423350750343,0.33148667883519345,0.32866077389688014,
-0.10333647084649822,-0.06846437568946724,0.09047208501448421,-0.1826710789220739,-0.018660876992227626,-0.25761598634679816,-0.2063928314219988,-9.873122435825193E-4,-0.3502339673375781,-0.2848527300895264,-0.02786693282851546,-0.054793950835011,
0.03666773712925881,-0.13631642838544836,-0.2013904493556567,-0.02505430458863497,-0.07401548360744983,0.08640885934316538,-0.27511863687252613,-0.20125983290250857,-0.0676174247712462,-0.1654485854566342,-0.28232517752621755,-0.20580102967715805,
-0.30312782824500184,-0.1996265553668727,0.0933072969046052,-0.1872563163933817,-0.08447813602601323,-0.17408095137975158,-0.21195391401997252,-0.30325714654746655,0.006417507836970347,-0.13678466971860007,-0.14789525005592286,0.015544189532637552,
-0.3168947668625688,-0.29718562726853104,-0.31325010306120327,0.046247251420612215,-0.028397519119703268,0.09612021587147972,-0.38461086646182463,-0.07572745110777544,-0.05068346248524357,-0.06256144513248067,-0.035312949050885535,-0.2272190230897876,
-0.19293568998744154,-0.04096328937874943,-0.29215850319679676,-0.17090533636038246,0.05339593770462777,0.03949167992092774,-0.1435767484762067,0.023405466190751692,-0.2931007933099036,-0.2720042931518917,-0.13422870364191167,-0.022452052395443088,
-0.019701164055721528,-0.0568834318889172,0.015577816872659422,-0.12726583749187104,0.008945112228244668,-0.315933622440431,-0.16397940892137056,-0.2407989053933455,-0.10483164710421365,-0.06310006576313178,-0.40542942842996044,0.045936439663812285,
-0.010628306107301741,-0.16158052682805682,-0.17963045559643476,-0.29116762732046736,-0.11328221059963436,0.0160505542072083,-0.1587283070151979,-0.24002986697468284,-0.3485121404491217,-0.07028504376702414,-0.002561194324335218,-0.0610303923909996,
