# Pesos da Rede Treinada TxH=  0.5 TxOut=0.08
12,22,12
12,22
-0.6400218122744947,0.21845837478591612,-0.34771342505345126,-0.6332471666540572,-0.5015247142320516,-0.342594507827164,-0.43626025768470583,-0.6356627071752966,-0.44779162666191974,2.020740040122951,-0.3744626939485182,-0.5307084144629222,-0.46944430160183076,-0.2375146373537826,-0.7181844648306749,-0.44479315381561474,-0.23330968977946825,-0.45377716272721147,-0.5346581080877681,-0.25082941575646106,-0.30402905064678726,-0.3838907801045896,
0.24314306093743596,-1.551902792209272,0.22256325935955928,0.3143551420732529,0.022055038114883817,0.10097394434618649,-0.13555457351144143,0.2103901109282351,0.27450022260918794,0.177687903943141,0.1626883080540304,-0.0832125278618816,0.22357752543124787,0.0037494473864576015,0.368195104413024,0.3256774748120548,-0.07076719130545929,0.06429265060381607,0.0386134371701861,0.14471315652618996,0.13113518890914494,0.48905032112233143,
0.5251347206634254,-1.653041715438284,0.42808615901477376,0.4809077868416156,0.1376361465329665,0.16137605805715632,0.029712746950665357,0.22574203552437225,0.180146882493656,0.02534854790221904,0.17318645016239198,0.4906497717799818,0.5734179424734712,0.3114190847039301,0.5356216616728434,0.3662560789211922,0.02267419093166282,0.18637346635791918,0.15289437582519047,-0.028281103139766627,0.49810344848183835,0.44342295089910766,
-0.0912143365868134,-0.8674255217666338,0.017539157650121977,-0.32678709564483543,-0.244074501742403,-0.0725758134666942,-0.15634701463257522,0.018549675945158342,-0.03511140062650642,1.4451850568816007,-0.32015193427702054,-0.43669545233192625,-0.3654457062110625,-0.01934303806774848,-0.05849982590064664,-0.04366198098005725,-0.24053377646958896,-0.22227207498634236,-0.1523661736030313,0.022252001240009856,-0.3309571055752504,-0.33933562845223025,
-0.3345336575024143,-0.026944739053230752,-0.44795846771809494,-0.176954627996974,-0.39133579605421587,-0.31883426619071353,-0.5692000989182228,-0.38686446479437714,-0.41869689159846335,1.8118030747640779,-0.6231933864226278,-0.7015175508483705,-0.6246780426885797,-0.4364099446079199,-0.4544605731895689,-0.042779531208811325,-0.42306856081178834,-0.2388426546880744,-0.30781150216438463,-0.41150666794250373,-0.36306708311255975,-0.5945054488736509,
-0.4140776922208641,-0.41320578887240406,-0.4922234253079569,-0.6104978264070654,-0.2594245538035239,-0.6489552059905244,-0.3135640298144385,-0.3485721915793373,-0.4801620484245706,1.8330654888145843,-0.3554695125134278,-0.3268757756042616,-0.511487329596001,-0.32106532279119615,-0.4395274982407202,-0.28036199446399696,-0.5998544201142497,-0.33226887125269483,-0.3253555454020694,-0.49333798431740244,-0.4089507360016494,-0.5620667595042774,
-0.8140689732334137,-0.08882645836925533,-0.508446291106875,-0.9183813310883091,-0.6516598732553329,-0.7970427796339079,-0.8564249559550567,-0.5676607445844453,-0.8574770309616468,2.316574211353763,-0.6536718417742534,-0.5663546410582734,-1.0227223523146556,-0.6844214736401605,-0.8900181100085012,-0.8138631555768117,-0.5747012784196197,-0.8740622317450586,-0.7691560682678659,-0.6693997553948348,-0.80135956654788,-0.9130447683995164,
-0.20114791182713024,-1.3647891438823538,-0.3065450140071424,-0.12796480153195292,-0.42422262758654894,0.04140186697431711,-0.04088967987984995,-0.2365906362565238,-0.15608412835199104,1.0966765444433033,0.11634630548457427,0.06198190172780729,-0.3360061314441057,-0.3959133735917652,-0.4013775817844582,-0.3652959224192263,0.0038350942863368664,0.0036491690462071777,-0.05751025887380028,-0.09861042907358634,-0.30155782733063397,0.08761243816916309,
-0.5345513642071839,-0.5960099165687112,-0.6683428140967301,-0.2882639779062736,-0.38873169214365877,-0.3806077142248243,-0.14998200861016076,-0.6221340592682264,-0.5334520939952165,1.7641317992477328,-0.4237819385540524,-0.5020660656354985,-0.308463988250639,-0.7328783068872707,-0.3589804121437961,-0.8110187360358175,-0.5358926908477889,-0.3737668436902417,-0.5988503146190242,-0.6590699792503927,-0.7167596733116472,-0.5618292017811498,
-0.48271097959358994,-0.9758480361310926,-0.6986690320832664,-0.5687099941255636,-0.5658441704077093,-0.5235436077428685,-0.520917321229362,-0.473418107116432,-0.4418132222042001,1.4434794271331581,-0.5741924627503042,-0.28166767104066426,-0.4610659217033309,-0.47921326490617194,-0.3842043839834179,-0.3821424830311686,-0.683077196625097,-0.7632637024558364,-0.6629890601288951,-0.7171577847337208,-0.5433221668161095,-0.6522431913380456,
-0.5816925885792379,-0.57857192348995,-0.49192645364785287,-0.5527453763200821,-0.4636535252447915,-0.7905385210505889,-0.6503482160973828,-0.6640508278638647,-0.6210004509503907,1.9092647238016134,-0.6141538369637431,-0.6910209302493641,-0.5283278726999304,-0.3359597477122585,-0.3935091196576901,-0.5296708891697274,-0.25658732643859067,-0.32582931228369416,-0.29674054824149515,-0.5627306558391346,-0.47323051939021443,-0.5515986186167664,
-0.6213900273888516,-0.8262304337700769,-0.5785444267425999,-0.5872071381417436,-0.2627861070155371,-0.3663226538800085,-0.28734535702404546,-0.4088371627336217,-0.4570995595421894,1.922608529524522,-0.6186699384039772,-0.5001333858845841,-0.2938063885072559,-0.5938572324174622,-0.6921408910611804,-0.741426512886659,-0.5023094360059928,-0.6167536663396692,-0.6024242411124909,-0.17391915016867313,-0.4617113154512201,-0.37431560059123636,
22,12
-0.30290900145735566,0.0029066728240863676,0.08797370198396702,-0.22291760534886335,0.04579206500156165,-0.12512473214886558,-0.09688939219334408,-0.16936257611635439,0.08872017429715408,-0.13420792633915937,-0.27244101052229935,-0.3305061352541227,
0.1430085080324076,0.032930574340672814,0.04429332152735864,0.0227291493746452,0.05408599746798685,0.13063559032890668,0.21413382324929683,0.15614272879220606,0.2056804226184277,0.23369227632760997,0.23803769147071666,0.2005501515559126,
-0.3178029832661669,0.005003380601076793,0.16499453102063874,-0.009941103549064786,-0.21811865240846512,-0.023744640061106135,-0.040521982533784986,0.021876136681071162,-0.19389630494266066,-0.2831081408225702,-0.1698289777672687,-0.25955665111362164,
-0.15691242914927828,-0.161590673720465,0.05699866710304813,-0.11107095097137434,0.12213096155216281,0.05025781519768202,-0.19298976799783557,-0.0065628729927055774,-0.2515977465821811,-0.3332468129911882,-0.24504158288730873,-0.004822808416799124,
-0.14794652377226417,-0.21583424084999947,-0.23680880354519837,-0.2620259115374857,-0.2849668255946556,0.03392459700082933,-0.0025801735265196138,-0.1511724642545017,-0.20347646965591218,0.06753625271023797,-0.007447359040341128,-0.1604360463182233,
0.08185762492633171,-0.28643712546013744,-0.2076305293401602,-0.09315006190451976,-0.08205690990462486,-0.20798566214255962,-0.13315498528185588,0.033271364979866686,-0.24588769786279763,-0.16029166900137268,-0.0433925554161633,-0.1390989005109116,
-0.10599982828955011,-0.192874597287503,-0.27623639761136404,-0.14724938950188132,-0.29022156191432774,-0.19158225914232865,-0.1695817527286343,-0.018800239217316925,0.09272039505953371,-0.03073673211306756,-0.13300718303588788,-0.049452331726094166,
-0.1276383537010569,-0.06035659148066495,-0.24904087785966947,0.03401439137864649,-0.28899261031174717,0.10713335739822039,0.05789333640305121,-0.27684011994959445,-0.32382167841351234,-0.3332801524665353,-0.0732513792775949,0.1485143484837986,
-0.20255001194945116,0.13423096218937217,0.1463060811748276,-0.08468098151031445,-0.07331346039631335,-0.1508647160276026,-0.045220492946227785,-0.3192698942789457,0.032607499865594775,-0.137417412342317,-0.3156255019723387,-0.17873157576069354,
0.8345320533537128,0.7460233561773126,0.8295971462871272,0.7896378284501877,0.8588081615296325,0.8300406522063137,0.8515663059850688,0.8708947762047005,0.8623004908898037,0.9044304875090003,0.8765358568197763,0.8766484916814233,
-0.16350648601083062,-0.1218444214355779,-0.10790422637868649,-0.20079997984491493,-0.2908185243064202,-0.20542777425844513,-0.27765528789532884,0.029463694474913697,0.15296923593188053,-0.2934911484736725,-0.1379752664563801,0.08423708964199361,
-0.03870652531280125,-0.2123338407281256,-0.10027092640968534,-0.22239552219658623,-0.05627833326958037,-0.3032259266891956,-0.08843315846113739,-0.3105589252122869,-0.20155651706471103,0.0796644254254007,-0.06082734256038374,0.10992865917166707,
0.05056514891315902,0.12354019798988983,-0.09499453026463314,-0.15229484594125986,-0.20972840132747714,-0.01872542158568757,0.09397345338739087,-0.10809146776152116,-0.16964541446819403,-0.28938901211487394,-0.25475163073161394,-0.14465687572363414,
-0.21129420741942395,0.008882654326063598,-0.31265311256629874,-0.05258361376762332,-0.12326231577318132,-0.06019920925119213,-0.3243544516656644,-0.001311092512334037,-0.24603118468609544,0.0838763323947672,0.08505668042393982,-0.29537610765530514,
-0.10800907664765778,0.1169914372436512,-0.17448182909157994,-0.08118730979637741,-0.10727676343055562,-0.23939735027251235,-0.03921044228316464,-0.26532314114465355,-0.24203656611831398,-0.15130977247310878,-0.2149163257016672,0.11588924966906433,
0.09742404035786449,-0.10056626904231968,-0.13017744867571454,0.10139193850294746,-0.27381284778786713,-0.1985599003665693,-0.21198109986896593,-0.15619797272911273,-0.1366928374452787,-0.08297021933842645,-0.24760435411576429,-0.11816966128342729,
-0.05747150669400203,0.028697158383061312,-0.0626157080201803,-0.10855510498253416,-0.18604285027884884,-0.27477207638815726,-0.33117982877259905,-0.05478466080823534,0.054669542802748376,-0.16154293625369728,0.11301210501157685,-0.22556848303371707,
-0.061539551919692605,-0.3927593893982738,-0.296844807614304,-3.676924904581862E-4,-2.2141808524914338E-4,-0.05392681105889231,-0.08918243156131254,-0.1502170786197743,-0.03107260135425529,-0.19093765332867219,-0.10707925621075119,-0.0696982875231247,
-0.10022027748157204,-0.17562700126944725,0.10773487667662865,-0.03679783064480147,0.07611419625720205,-0.020867537394681297,-0.25455338927286586,-0.1479405515105805,-0.2228017870449461,0.08274216898663615,-0.20128503152762095,-0.2609908120943962,
-0.19635383144754293,-0.3310877550651416,-0.3320028136492839,-0.2828323419194976,-0.2715014693087206,-0.16163962686914493,-0.015103732825464001,-0.09115600579068807,0.09027896421937089,-0.11761970513110365,-0.08640093501715407,-0.039938519754754945,
-0.20795416577934828,0.04597925995656447,-0.07118068062911226,-0.0904710432907914,0.07770473931721877,0.08530388293472531,-0.03378698083002285,-0.24211011734743787,-0.18789494151622566,-0.1029757945971147,-0.18781862427597296,-0.2876756532696912,
-0.06947299908468778,-0.2253871112873217,-0.1321429174328904,-0.08991110725235578,0.11416291166276162,-0.31258156330965214,-0.20416612230980816,-0.016879315707405824,-0.2619375520442349,-0.06247315691099172,0.08483829462746731,-0.30743054263024466,
