# Pesos da Rede Treinada TxH=  0.7 TxOut=0.09
12,12,12
12,12
-0.3761055208699249,-0.3966684114322455,-0.6755724851143263,-0.5312089307305008,-0.36898175357371227,0.8993169881579962,0.538123024581619,-0.5766897019501485,-0.7539379833275717,-0.39714420740161344,-0.7918910178695528,-0.5306710166451841,
-0.43867226004136634,-0.3763770527491964,-0.09310961321012746,-0.007239594820561888,-0.23912488416214625,0.20398551037925625,-0.20536987249772579,-0.3978775803327298,-0.07410017857469653,-0.3103863806435087,-0.05347497281989799,-0.17122946428697516,
0.05818396908772432,-0.10334675015149218,0.08075840207156748,-0.3363210102285567,0.03008970597481435,-0.13346350833605536,-0.3250526683076466,-0.23773678180041627,-0.11325357411559939,-0.38771827878185905,-0.11096983248758682,-0.11234427726257111,
-0.2862192366908675,-0.41150859482157076,-0.5281199128744233,-0.590090958958387,-0.5039059022245593,0.4689214308378632,0.4131227087488974,-0.46583061983523966,-0.46703087459149634,-0.48505089059789064,-0.3614832517917737,-0.5687630403030614,
-0.7706466590628789,-0.4226459453240583,-0.7442872091766504,-0.6463792344226429,-0.6325881212111908,0.6467645849625012,0.6103219511675373,-0.6000299372438715,-0.8759170711016139,-0.523047064278423,-0.6545790584147941,-0.7290975770901991,
-0.7086285191145077,-0.4383754132111163,-0.5946458229730133,-0.40223490728954314,-0.36575529208213636,0.45167571719266625,0.08238024877089926,-0.3599763666638117,-0.5226868957823496,-0.7792398312516998,-0.6479371613664897,-0.5381009504186416,
-0.9048317930610644,-0.8543021578149076,-0.7348140022731894,-0.5860663847002305,-0.8194415263688405,0.9614603328053573,0.11843579962054407,-0.5773509915801965,-0.6323910324101493,-0.4151229475530975,-0.8190971889891433,-0.7944532758452754,
-0.09693046776513274,-0.3084809892998416,-0.3933525174622112,-0.3006245391835347,-0.3377261904321675,-0.06420296185859675,-0.16737236514442796,-0.177098043930387,-0.3813150551168626,-0.11454668519976585,-0.09232579393592433,-0.21978613852311796,
-0.641231363821517,-0.3096332569438457,-0.6405627212954705,-0.4649315197751832,-0.5279130827828412,0.6700686297118722,-0.2410319286334844,-0.3930568855497931,-0.3477364755556653,-0.3119055495483751,-0.26632232650001914,-0.4646233157981301,
-0.5375913632799383,-0.6673118344928766,-0.22752031093875982,-0.4291520241210497,-0.6816052391685804,0.34735253947621436,0.07418138528186934,-0.34688793901750137,-0.49444943680936143,-0.4774907847781241,-0.32652047041137633,-0.5334884534155104,
-0.40529884540968353,-0.6727789850060751,-0.25748704945576206,-0.4045915547790574,-0.645005797130999,0.5514350735707406,-0.14365729196106874,-0.6935930824042311,-0.3581357586842756,-0.7603342181895513,-0.6433089648074601,-0.4921000357336758,
-0.31985953956112756,-0.5425882010783033,-0.6818452282405771,-0.5855996701543714,-0.4335463400756626,0.3503728132701199,-0.24390108484175238,-0.6122765022689932,-0.4138393318495807,-0.45482696362094027,-0.6130013163348119,-0.231798770841854,
12,12
-0.27979659496450177,0.008912763724532188,-0.060487944798833966,-0.27244878656554217,-0.33180870223978504,-0.1799882398289896,-0.4227665081543726,-0.3112523189713564,-0.34424713773408117,-0.30691389220317883,-0.39744824786185456,-0.19474491993994952,
-0.3521173070835391,-0.21829613318222998,-0.3480879189410378,-0.2830178294986761,-0.34740244482968063,-0.3294261802964074,-0.22182227302812146,-0.26210568765322184,-0.45510995961014744,-0.15562343418717683,-0.19809059653505848,-0.2536783718926697,
-0.19149529529585374,-0.3494044998667879,-0.16629684848578521,-0.3429686932999301,-0.18187363414117647,-0.261913442195881,-0.5006948936300039,-0.23784075371462574,-0.15101835208669248,-0.3751819479102187,-0.39419601373027896,-0.22382547175710066,
-0.31721315953973955,-0.16545753459722504,-0.2679699544500692,0.02876539022477307,-0.19998381719598923,-0.22960382937688428,-0.16278441729908852,-0.5006488143867657,-0.33930287654286806,-0.28393513594231934,-0.4290687080027008,-0.19326551234943154,
-0.17059245178984248,-0.259928336215539,-0.33980467212125104,-0.3282628893900913,-0.3314701734180083,-0.1453765434392809,-0.5568375695445914,-0.12037533391476793,-0.3595333757591646,-0.1264855612376121,-0.2577933470965096,-0.41374164287339665,
0.7885760797518888,0.6907142227300748,0.7024537819869991,0.7670817720222451,0.8186865418188134,0.6621940929027053,0.7363074158094445,0.7603900128151762,0.7506371054062886,0.8461182143921727,0.7303464535038443,0.7969535145342249,
-0.011963677039940772,-0.006457462272431528,0.11397942975730149,-0.07533750195077285,-0.042397028219888305,0.20187937691052546,0.0786228979867328,0.15371614158288602,0.10827610100554094,-0.006292288842152103,0.19929905533995465,0.045011315584284464,
-0.4326793282534971,-0.1793262507684941,-0.30947672669357,-0.07810948653139824,-0.26140266915630894,-0.32621450701033317,-0.0997599611353237,-0.15477181002723855,-0.2544713201491937,-0.4706208154352173,-0.16930151417913333,-0.28369925880213986,
-0.23544639870825587,-0.3202248927700521,-0.384647798048098,-0.11250380881901126,-0.144313794738532,-0.33890241748394745,-0.34592131764862677,-0.15662959429703974,-0.22919592496704472,-0.3406166663411758,-0.37378369744249734,-0.38793436745549104,
-0.1966694262818047,-0.21903902531984418,-0.3346257406520719,-0.3943637294691772,-0.0953377359363565,-0.39532926461204354,-0.14624960888056818,-0.41981775596332677,-0.1441617033859878,-0.37685699309342735,-0.19074286624507192,-0.09602574942893827,
-0.27863709540137804,-0.4192960878813172,-0.357476460576509,-0.10439928708720929,-0.1758733968377943,-0.19126872104246917,-0.1888368755784768,-0.45066855564271063,-0.3032280687116118,-0.050314938682288396,-0.4092830037965637,-0.41441235425768236,
-0.10679527409667618,-0.11769904319009271,-0.09168900069724183,-0.2897193732022274,-0.3741770046805255,-0.4775705689053888,-0.08188163621624525,-0.42664002480210084,-0.2957278796688996,-0.24090855949352433,-0.33544928344344865,-0.2845152994781515,
