# Pesos da Rede Treinada TxH=  0.30000000000000004 TxOut=0.01
12,12,12
12,12
-0.17531612496577337,0.14605918463448186,0.5381643015874041,-0.4502997909459525,0.015594843918361734,-0.442422815756556,0.1366316334169574,0.0800887834742108,-0.3116517818812148,-0.11190916539910731,0.4583263126237424,-0.0019358082905348165,
-0.08225967222930082,0.025465647065693604,0.17191990323667694,0.4412219713057763,0.10466038974889282,0.18088185311497318,-0.3438456778481814,0.0022866138403260065,0.20393426333801046,-0.26243098816762206,0.1702352154825887,0.12389607476384293,
0.15219464125393226,0.10924280984116652,-0.020495399090212578,0.438398537409029,0.14199192182735224,0.2998796554772275,0.18918107097007425,0.1687455310089891,0.10926218232006527,-0.09674914851048522,-0.006270899475173837,0.13449569992719185,
0.041927043611960105,-0.20812929263228502,0.0757806310546647,0.4777589906171957,-0.059818380839310424,0.21243845305772627,-0.18669406763450372,-0.19563266756855302,0.14201930136811197,0.040652023416142796,-0.09377669967862488,-0.29816863887636497,
-0.20433029657381482,0.12978464691235855,-0.10181891034482374,0.13033662956209957,0.0483121282198498,0.2721011116497022,-0.18127452909502723,-0.22775282402444044,0.3860370286658674,-0.2856416106473432,0.1530181076304224,-0.043043626757374234,
-0.35468039731572104,0.2692921050685913,0.1590853616630122,-0.0905202319410498,0.335294115796717,-0.34039143724754495,0.37842279153177616,0.30894570868606563,-0.35677666334482133,-0.17910969774967037,-0.07920356469521865,-0.25304690212006276,
-0.29242995364217983,0.10070637280215836,0.2604194122395834,-0.571758711212826,0.31265140584695517,-0.277893509601426,0.5414746067483956,0.45721169275776863,-0.4131908357454624,-0.2613171086421556,0.16391604228578974,-0.40402302713530974,
-0.11215919708755129,0.45695041671016334,0.1881756419201456,-0.5858171624559118,0.13661844637869927,-0.36020276759255854,0.1591231908014054,0.21062219605805427,-0.18976054242315388,-0.1644846368962837,0.2017072998825058,-0.42084853793426735,
-0.5544157785491753,0.4284002374479023,0.20856164800861468,-0.5504857694642679,0.5046485345768593,-0.4464954836867284,0.32469447194154377,0.6346036431937008,-0.6220724079165308,-0.2727427522332079,0.3494288085828631,-0.4707241100568646,
-0.36601584631387163,0.4857810899291771,0.413924716786812,-0.8797025465904542,0.49718708247745197,-0.5611133774619107,0.5469296066951376,0.2663414196441999,-0.6432941265776936,-0.23149327858134636,0.31488056930787495,-0.28436928385232213,
-0.16002330733806672,0.49842657674430046,0.6766419905137269,-0.8339430240334086,0.24791838337960356,-0.7188178386666517,0.6780290904326218,0.39955439113980656,-0.5420667792218145,-0.4692863978174292,0.5549764023939137,-0.3524696804367255,
-0.410675656797185,-0.015121667175548437,0.04758427917554631,-0.10095349260946668,-0.0026207955798558478,-0.4105135301229966,0.26826996234899375,0.41342385369447593,-0.3490356299322899,-0.26009368357836815,0.31724319784683336,-0.21668158221625866,
12,12
-0.1322279592682653,-0.2563467822502875,0.058632625202825965,-0.13294076784954456,-0.278237064392179,-0.0961714223708138,-0.04256340309600461,-0.08714338482820276,0.07908754725218164,-0.21349526191518495,-0.1957957769382514,-0.05203321351783897,
0.30047973619300733,0.2741211623437083,-0.015334215652287079,0.18518102236885245,-8.367621275735303E-4,0.32342789488150275,0.3877412358973873,0.12577417166570282,0.2428335221657824,-0.059822073880200215,0.2420088529101315,-0.03792021287434558,
0.001404166467937637,-0.03380955514955402,0.2590037078095188,0.37846262051583174,0.2481126035539211,0.37720089580073213,0.2558448190863093,0.06190146366110075,-0.029697807268605467,0.30144681830178643,0.2682578371408414,0.3031743507880535,
-0.11505930441885462,-0.3412166509760575,-0.4600122844002622,-0.20512622961521998,-0.4896797521309671,-0.03924784070056903,-0.3894879489433084,-0.5238845893171898,-0.43177272926940385,-0.450677146809364,-0.3590092725719645,-0.32735961638567534,
0.2158004735985411,-0.1375914327163487,-0.09867579307579986,-0.043120306159857534,0.12473644856031561,-0.14936156889837832,-0.09530387205059233,0.27492696733826266,0.13936900301605532,0.29544594646638395,0.22240870816058184,0.21871682011232832,
-0.24816541496816844,0.06342237281764031,-0.47419804423311607,-0.3437124309697372,-0.1247540477113798,-0.4656050770416794,-0.40814318096776997,-0.34820296564757014,-0.19085818135530172,-0.32327665650406845,-0.3870486850906574,-0.022964031401756502,
0.2062238218761209,0.3432584110859803,0.2591819252742686,0.2671455426916451,0.11231651168563384,0.11118972068630943,0.2737796289833243,0.20018216039165196,0.2960701828080873,0.3968239279184282,0.09800028487329292,0.2719208742691276,
0.10536783736455733,0.12263719630897577,0.325408596299752,0.06554669014447564,0.15545389266456894,0.39995650565036595,0.09931684451975178,0.33459917099830633,0.2757844912516361,0.013105870529514972,0.29420612310669114,0.19122398342518193,
-0.28228535002971517,-0.35485386048749756,-0.04689841542682684,-0.4374266375534244,-0.2702883323219707,-0.021189344789997712,-0.17638429685992318,-0.1412890075460459,-0.33756125795562597,-0.16349590001047937,-0.4059069634084505,-0.5110202090499091,
-0.21842351882927347,-0.019437308758033678,-0.013582419636552347,0.06274665045156556,0.0011137034990548543,-0.266678086432411,-0.0690383529700623,-0.20834185501736685,-0.2951416823893042,-0.2593972963654309,-0.02390312633672241,-0.20603110675933534,
0.18043717018557595,0.33176448126065283,0.27075747840728953,0.1220830022364442,0.39466502932029884,-0.06882039574322173,0.11290817796521356,0.08883901010729131,0.13898522615218512,0.1602419984165296,-0.046202649194177846,0.12877935527674006,
-0.20978492779402275,-0.17046585943808815,-0.2726615536516771,-0.11864170576436987,-0.06914905950261695,-0.2713000914794845,-0.16579485697516763,1.0330463339386072E-4,-0.1048649147337711,0.07566568587254639,0.07215609872779892,-0.14006716034436048,
