# Pesos da Rede Treinada TxH=  0.6 TxOut=0.02
12,10,12
12,10
-0.902767168338561,-0.9727117009479028,-0.8580580028658726,0.6168149591054243,-0.8146446335298861,-1.2844847402347939,1.0309581688041398,-1.425502115117873,0.6825650904945266,0.8698393849766105,
-0.6232648744763195,-0.6853290241114454,-0.623386148799728,0.5421961935276743,-0.6481850869341614,-1.398827126897652,0.9302236187293863,-1.4472320806417929,0.2417685578665599,0.3673936252623057,
-0.7186218072211187,-0.4132209637636686,-0.44578961269328143,0.30601458612576354,-0.6716030755723684,-1.8920374980577679,0.5480569061784715,-1.712593368483375,0.5734904717012398,0.5142687611104478,
-0.7574866334330063,-0.4812418076467029,-0.8118780417522512,0.44226039685301155,-0.598914514890887,-1.4458858143332558,0.794582333971713,-1.5400448297737461,0.6281906651576341,0.8266410035642796,
-0.475149931809748,-0.8470275725091669,-0.5065066226609097,0.5249940449059364,-0.7397977657140963,-1.6937509102314845,0.7061360790687289,-1.8623807171243412,0.5992715034242653,0.6787839153843778,
-0.28920518024285796,-0.2445614098718557,-0.2677920302843272,-0.011975033394619998,-0.12818243732763693,-1.8752090724233776,0.14776017318766918,-1.7110512902592387,0.22599415148429303,0.06357742006523763,
-0.13808027531421083,-0.060652061189565724,-0.2173264383414102,0.47185653729698934,-0.39032218335620733,-1.5767550275609983,0.09020043364110755,-1.8679718153354448,0.0933015447930333,0.4833256460412258,
-0.19076485003700616,-0.4032968223273987,-0.46599222107010374,0.2780259687882392,-0.039989657214028494,-1.780685258824387,0.10074403074932102,-1.825749182318723,0.33244290563366863,-0.05640457399885766,
-0.08464068864599737,-0.05404651706980718,0.06521472879677281,0.23003209918859943,0.018666708150887466,-1.9795114530664757,0.03436189341345935,-2.0379415380270927,0.3618966659016696,0.07990327187827465,
-0.29668612002577344,-0.16791391066103264,-0.011326179857978886,0.3210703056432975,-0.2750749514432632,-1.9542726194232103,0.25110205203076147,-1.8342116216176605,0.20247479794348638,0.2887735111330766,
-0.077721936110558,0.030733842212230307,-0.2975580654620504,0.08555447217041333,0.0336604596256119,-2.1322455432498884,0.19956743549213343,-2.0839154960472257,0.3227514985785479,0.14821922553537267,
0.021622473299278706,-0.1607505328732074,-0.06227075842395097,0.35700269108268234,-0.2294142778636268,-2.0909703885840827,-0.46799508183510263,-2.1576184597922716,-0.22285457121944868,-0.12776490750111696,
10,12
-0.24822979387586908,-0.2361803831460482,-0.37823692277227644,-0.32045938030742993,-0.47281704788209056,-0.37696863433841277,-0.15408868539096565,-0.3924945211242887,-0.18684076469754066,-0.26386544476981527,-0.1208990717084691,-0.35442856272827666,
-0.3217208967464353,-0.19259307636418488,-0.01015431192995669,-0.42647883693857486,-0.14964842903469633,-0.1890890498172922,-0.4866810596306937,-0.24783399428834643,-0.5127513504239575,-0.21103358713317522,-0.3999495710204879,-0.2078699332095763,
-0.2668374546391696,-0.31881622807374876,-0.32647944050694816,0.028939238839991187,-0.448938847569987,-0.4165207048016272,-0.1968271093134527,-0.24472649468768082,-0.17557952463714085,-0.34284250620478324,-0.3079294071222906,-0.4118504376363626,
0.09143215956362293,0.13236783586019193,0.3164506180444909,0.1759569537728387,0.2635205899010788,0.2903177032145731,0.13776578130198697,0.15137742417201974,0.2814283724312155,0.23123160724614333,0.2512629287889664,0.2227695281254185,
-0.26498172766277167,-0.23436280232088277,-0.4128036160117617,-0.3461083475284717,-0.0650132469457286,-0.13597981014968935,-0.29384748617736706,-0.32082827069460645,-0.2910683716399233,-0.41680420392710604,-0.35583920472087816,-0.19792117666936065,
0.27378001672691343,0.18788958220250776,0.3180235788585342,0.36699414937695995,0.4109898263601629,0.387486984341423,0.20869428662514394,0.32656693631979317,0.138711589523396,0.3558112694967373,0.3043506496686329,0.1697817449408702,
0.03005431014138339,-0.008599498606337814,0.35152593735390597,0.46304720269184946,0.2590042959966157,0.27075922053474943,0.03449923328822907,0.3166018174412251,0.2257845004585621,0.1396761677599145,0.4054658081883841,0.30101699318226655,
0.3247514657954507,0.3270940829328705,0.23434763221871852,0.18564584912928858,0.3562461634353198,0.08348238491133939,0.39119119457804896,0.2121193563138639,0.49108628689368133,0.4588100058937338,0.2063820876752125,0.45164307029819384,
0.3333940349654718,0.32307606897632996,0.03923798189166884,0.09154155706888607,0.10315984538332569,-0.025085748956912093,0.30958331094334957,0.20377378721058878,0.11704276032399513,0.42808833939951924,0.1592442369919105,0.07782132044598988,
0.34411907220730165,0.27072380262423085,0.09313375030886135,0.04563365101636188,0.19889723446143875,0.2677096118542167,0.34135211907094465,0.18716062753133716,0.2162266913053271,0.0810125748801712,0.03645161094941327,0.25706473582810757,
