# Pesos da Rede Treinada TxH=  0.4 TxOut=0.04
12,29,12
12,29
-0.156736141552841,-0.5071059294095707,0.37559523670129386,-0.5192076677462988,-0.4548943742247856,-0.3939972118181965,-0.5140754724070937,-0.26724223435367805,-0.3883894877003907,-0.3371371769423206,-0.3760814764713731,-0.15664678229635204,0.38669897187114005,-0.28184414129946345,-0.22680745691958548,-0.28313276173807794,-0.17314688124728264,-0.40216757051462565,-0.279665939146727,-0.3485043671987314,-0.4029670803226309,-0.3065755003427505,-0.11679258473486204,-0.4340226746514112,0.16177167858494068,-0.1681395261395342,-0.16759587597137504,-0.4086925857357153,-0.03327223877910567,
-0.07923515061880751,-0.33005261263614827,-0.41707816876033277,-0.19634233526820688,-0.20567977580094393,-0.21032478414320763,-0.04081516680808398,-0.04226927828982556,-0.3896886045513677,0.1320909603545275,0.1461546446480364,-0.004278771285680296,-0.2797016819366704,-0.36563394490491946,-0.28844519682411357,-0.26495959945300157,-0.26784552784532717,-0.2900849705522401,-0.005042986932204844,-0.2104709109187462,-0.34840916452565895,-0.2611041937029722,0.05756318093364271,0.018066278143979275,-0.4951664826708747,-0.15025382746706922,-0.18266540579608964,-0.021290001786105225,-0.35607490460621116,
-0.4024849902707601,-0.2755642328038981,-0.05609599748906362,-0.32123133815592936,-0.3413681569073814,-0.0422107497651989,-0.01482686805949264,-0.264001914512827,-0.40858924177502465,-0.2322040458799088,0.08382892958910688,-0.38139523533463365,0.05479037315995652,-0.21286278444531673,-0.23986846407827717,-0.18247873565469655,-0.46314676098330537,-0.05983657674543353,-0.019559439568808873,-0.17057760990281579,0.06773005954208655,-0.21645553001713658,0.03495109580783055,-0.18961566953282033,-0.07968327328027247,-0.02822378452008731,-0.18993567682344958,-0.33794524691114175,-0.12262522393091126,
-0.2348925116154567,-0.16316535307872526,-0.31463147551967974,-0.5649164627184774,-0.06760291321974905,2.867027869554715E-4,-0.37212117109656084,-0.34396433547178107,-0.17788125168115812,-0.18772972906723628,-0.21935366001503112,-0.2554296126913935,-0.04801825768174761,-0.20782200306643084,-0.4178611573632198,-0.17322508207727996,-0.33102152763675785,-0.30164120938439276,-0.022284489810401556,-0.035821034724239885,-0.10834333351000622,-0.39639607951538874,-0.36537520625839676,-0.26548830304483134,-0.0268584047997282,-0.3667790023592622,-0.3123862134284316,-0.2546769006793348,-0.2596543146983268,
-0.31510231601962807,-0.4258612385751967,0.04423974287932021,-0.4902301924700615,-0.23499177688678355,-0.3757783653834416,-0.11914595103107439,-0.21129932792354944,-0.2129086858153986,-0.15918825954196963,0.04695185439495719,-0.26759513246584904,-0.17519315144207645,-0.2239498172981543,-0.32465594901968814,-0.311694799138629,-0.40907749135053906,-0.07916942591985036,-0.3048897794100833,-0.2565325411653957,-0.3279751781336224,-0.52821761214443,-0.4248025850998161,-0.18870526508017582,-0.26182470890239806,-0.4132487247452946,-0.05437175084618067,-0.48352139490388707,-0.3671788059869711,
-0.4569456445042444,-0.5406307786150123,0.3019182661469648,-0.47548399859479484,-0.5277290074768053,-0.6060980868994854,-0.19236555857372256,-0.5583152819949984,-0.35508543078804156,-0.13207207672057836,-0.3247280851660134,-0.29287964176342973,0.2617674163607897,-0.506776130930498,-0.5494944217294268,-0.38350289935523363,-0.5797595061820628,-0.5010035108193167,-0.2754942523723872,-0.13262977961229191,-0.4791502297191634,-0.4653701251503932,-0.23527857670331997,-0.5727322057732037,0.036729717378787524,-0.1838031657347148,-0.6152394161560242,-0.3930495206408994,-0.35807279643698303,
-0.2884510634069061,-0.44966112072713166,0.23078267171687658,-0.4787131660603693,-0.43724385490825596,-0.5600405158383047,-0.5022840132462714,-0.5586444143501458,-0.6456599088238574,-0.2794828981370328,-0.5021684046708467,-0.5139749882792064,0.7097582282687322,-0.4885713835097963,-0.3194542617548192,-0.3754068824249713,-0.2128127865374403,-0.49165242375685947,-0.39299859017506916,-0.5004059394420416,-0.5958805993739434,-0.5681906091352938,-0.49061534638545895,-0.33984525852394215,0.36902790700692895,-0.19806437051137754,-0.4737132289572039,-0.22765206492439777,-0.5065676453666363,
-0.5949051379209148,-0.10576946195376977,0.45721065868412925,-0.44988060866799884,-0.507842662733091,-0.5295514413824189,-0.4555763041734157,-0.337644415796209,-0.34390062416404993,-0.44759048595969586,-0.5568577271208344,-0.39826630233397203,0.5261784868343115,-0.3036447437277324,-0.33070465241623265,-0.3974036460604673,-0.4886096016708409,-0.5575202708940936,-0.570190464984327,-0.18958505309528056,-0.556150077328785,-0.2926456038468999,-0.6363487203341169,-0.1579605767834304,0.5277506185981878,-0.37565005739801605,-0.23349375813855408,-0.3685036100614935,-0.34566234196339357,
-0.6601149239167784,-0.5508546274693547,0.7281688761141932,-0.28653781320032673,-0.22444599068756135,-0.20871947459016926,-0.3463465068256319,-0.6004203281853009,-0.4479909047197836,-0.4504882545304614,-0.4119966710328206,-0.3848816488486773,0.7481405566950698,-0.34619799384997685,-0.6205131823202505,-0.3113665781204938,-0.3851350215477006,-0.31182910103902167,-0.6053992662537316,-0.6468437306448137,-0.6399611045312688,-0.4660688676127831,-0.3537931584418155,-0.5070786895207737,0.5896477422871955,-0.5404602374425868,-0.3391517111408474,-0.6569173017750627,-0.6059620556727315,
-0.3812336225932409,-0.2395599251654555,0.8226679852963585,-0.5027902715053884,-0.22833319884350445,-0.55503557167066,-0.3646260473948216,-0.27552583579041595,-0.2564870453104221,-0.6637866529432823,-0.7036105233136952,-0.5174507183323681,0.6359720969289928,-0.5009716720375297,-0.2897979792447195,-0.5335837869315099,-0.4764156700523772,-0.5366858136892237,-0.514567024364369,-0.5356257883796721,-0.37555061051383554,-0.6065370003638759,-0.6968974667303063,-0.2888497349975021,0.6518623205135231,-0.6617501998644095,-0.6346676002937198,-0.35604953769009673,-0.16878746943587047,
-0.41608066233535973,-0.5880957367906254,0.6018901305403508,-0.40460903817646515,-0.4690126801765233,-0.2633617126185727,-0.595219339929613,-0.4326965525056591,-0.2666332972882416,-0.7215593034549768,-0.505099510830393,-0.5238939670849655,0.4689384418913473,-0.6916773130227966,-0.41676091539398946,-0.5148271621987633,-0.2938491846728265,-0.6361861322230294,-0.49038884422629475,-0.4923743136171729,-0.16252477589863631,-0.4746576744278026,-0.5039134830448202,-0.46373580804189507,0.7912514484399061,-0.5361035957660617,-0.34914866004117423,-0.43055902213361524,-0.5647977107996854,
-0.3305685899554434,-0.1314593942046786,0.6280714205111847,-0.29886602608692525,-0.46757023745166,-0.45469023590297514,-0.3229639878687672,-0.16825639825134253,-0.4114995904289179,-0.36647057233223096,-0.4665236267072954,-0.338478605656197,0.3047615925730383,-0.3634267903421768,-0.3038123010451124,-0.2885803978098156,-0.4899288391181925,-0.19867676484134347,-0.3723176173428538,-0.39750178435291794,-0.20986791933945326,-0.30425777839817447,-0.47879880154297866,-0.6041151463701001,0.4412236976994923,-0.4222924311426839,-0.356762852236489,-0.32483932591103776,-0.5189774753716486,
29,12
-0.011951952220246894,0.026031849262395927,-0.15868385228823156,0.12022581863088043,-0.07702328599596914,-0.26299246326354825,0.161630168736673,0.034642063164764966,0.010344494185604064,0.05689691624870574,-0.11140808670422724,-0.18654987339157764,
-0.3266631042555296,-0.07253922451877093,-0.004836472488944428,-0.2962288725744146,-0.16440926757330587,2.70877687179644E-4,0.0030675733649107653,0.049150668850352686,0.10372052673911308,0.11595099537425316,0.0702376819616283,-0.13870740750892896,
0.16992940009964277,0.41372503627581375,0.3755346353164558,0.2266433010304164,0.4842220904517819,0.3409743794466329,0.3756677471748955,0.2869259609598907,0.2999516814315373,0.33047300792322276,0.3653624550032416,0.18506688076584152,
0.06177272071754874,-0.10370487714344802,-0.13680634812769946,0.18655632670441788,-0.07265227392226407,0.08980168332410784,-0.014775921325172326,0.024659531439919547,0.10781981090057756,-0.13447389734062992,-0.1890433486907443,0.17545750742783292,
-0.29241160215442136,-0.21753915693995704,-0.10673677112657326,-0.15519281027975562,0.07024501450942844,-0.017815861162681315,-0.04320876420826342,-0.09264102533784455,-0.13340026957842038,-0.08551082943251517,0.10751083678191785,0.20001675621577836,
0.0032122725353695624,0.14627211337227916,-0.12833734023796092,-0.1774653064978599,-0.048944148385438146,0.025664825124891436,-0.1776165632215355,0.1505525695598345,-0.18443271395579391,0.12808882242162725,0.025483284838284593,-0.24174850594896627,
0.02457332670325486,-0.15916690776199885,6.974405337458012E-4,0.11601043302660174,-0.2713642505418944,-0.24323934273061615,-0.21232848769557813,-0.26391517722516156,0.1517150270927398,-0.03946943392513163,-0.04990895480091075,-0.01241495908771163,
-0.19263301363296786,-0.05457076313551924,-0.17712751095313242,-0.012655885774947664,-0.10939063447393266,-0.021479688374999896,-0.053180459144892396,0.02817778897738678,-0.2219915712467301,0.010579340437755342,-0.1639413111982542,-0.1503437855027317,
0.11208361802036987,0.23345696338679325,-0.17367051857418453,0.15674178661352273,0.1558508714578391,0.06124281090473832,-0.07390667978537792,-0.20519837625739337,-0.13829787216014813,-0.15810211772833005,-0.279554861931581,-0.008801116074909826,
-0.012432166678524096,-0.10316172059522072,0.06157876223709772,0.015109429068222059,0.04675578788202511,-0.06737241282514973,-0.1710234144278495,-0.0023336077439424134,-0.2389414834622122,-0.1701203510383404,-0.2071549684229759,-0.07105905892792984,
-0.021364661349708824,-0.2647061801566908,0.08972799616174035,0.18881798129179944,-0.08601066268215961,-0.20076111202547975,0.04200306282698256,-0.051161991747315956,-0.22724214797012543,0.07914613658023716,-0.25688015488282256,-0.22678936134900363,
-0.1511331421049688,0.1372936226116413,-0.10370148990806535,-0.05681536181973247,0.024298743193352706,-0.12658732860515604,-0.10996059766279113,-0.13156135671443872,0.01699816610696485,-0.1178398883690508,-0.09302191483392301,0.1318539735642603,
0.43468689377868897,0.3155686364097001,0.27915925217518006,0.49862813700234054,0.1245726295754736,0.24432146097731183,0.44300171869714766,0.3243053829825795,0.3023680990856531,0.2826846698918486,0.3934577023826063,0.4003728756106469,
0.06126192862328507,-0.03522039927027403,-0.20821028734052602,-0.15537409716819395,-0.23742966443331653,0.16248236475736713,0.11311737528708628,-0.13611014558492388,-0.17282113901541082,-0.16099293963206315,0.17350016822871825,0.1915687383486466,
-0.2698535172936962,-0.12891778325425388,0.12086682179030372,-0.1659337536605266,-0.18403653487906152,0.17740970089086996,-0.07515914373568237,0.016779736212836124,-0.01296533233172931,0.14865769150472735,0.05272778706450825,-0.22315661940321266,
-0.09001767609995177,-0.1729098507884201,-0.02974712120557145,-0.2505147216887172,-0.22866956378989273,-0.07092852758723098,-0.10903440507014102,-0.19483711758388236,0.22013156178623078,0.07896518954113832,-0.09511898313613074,-0.14350251549712012,
0.13760232915722842,0.1549353662969541,-0.13651404292452782,0.015520921000191852,0.10697551379509669,0.06748459460426157,0.051677770011128284,-0.1483412541182237,-0.2369162323912891,-0.28251169952086586,0.08373368746323791,-0.021065631260320985,
0.12065391228511982,-0.19861507263227018,-0.18340926053717196,-0.14769326272758995,-0.18782716855410844,0.19226676793679232,0.025370913629438965,0.12598153898297176,-0.08781027457869503,-0.14421200066053746,0.029783685310645402,-0.048734018508100906,
-0.04598255685575042,-0.21253048927698404,-0.05794126215931346,-0.10887659379066823,0.041162580472462074,-0.16949193362992465,-0.0881062961864936,-0.27302918403051957,0.1974933170287954,-0.16927752854728895,6.607901057191349E-5,-0.0033923452872480562,
0.0776602781639601,0.02681965456250486,-0.16116287254318468,0.11918314495323597,0.10269174639875936,-0.18095835155896137,-0.0753514281393596,-0.0803160315137902,-0.1682705426744155,-0.11677537488460052,-0.2263405023229857,-0.04917290795943067,
0.0120716217113072,0.19090412428284087,0.1264925183696279,0.20379348301691738,-0.2350847656338839,0.04247528254537056,-0.1338911285424846,0.1061267460159917,-0.3117250302816079,0.07164863904493707,-0.3045781841945873,-0.15404487934764352,
0.11782085303833519,0.07607033225208436,0.24765058882433183,-0.18372178481474782,0.04786938162561662,-0.26268126768354316,-0.11311387123183704,-0.2545558711530215,0.16728599232163777,-0.209101549112656,0.19652684479066806,0.15770389560680195,
-0.20637479460135366,-0.11052649328725814,0.058778423283875725,-0.2151869837960908,0.10795977527869177,0.0021020338091577388,-0.2570941527280562,-0.032076141674432554,-0.17747379364385127,-0.07021912848286287,-0.2500093281240632,-0.12265906161565955,
0.047554176742976254,-0.14096893868841803,-0.27958913899582655,-0.2610504774100565,-0.07515324654428235,-5.529982877174257E-4,-0.17881184238690176,0.1509283550315278,-0.1537863877312945,-0.03708215309949193,-0.09576242897902437,-0.09141453492660846,
0.24441536287092194,0.048559661441800205,0.17682258923850197,0.07296936876095142,0.2628098812404527,0.27645974146985086,0.05357122123730604,0.28386942273249677,0.28265990783012906,0.28743341421375335,0.15771635027592484,0.3392384286965264,
0.06836165644405566,-0.2108880222904503,0.062274265359505324,-0.18704408645962958,-0.04605537866701606,-0.1287238931555873,-0.07500072160332275,-0.16041117124009743,0.06105752490148566,0.004050577541951828,-0.07180909095695426,-0.14055705352765044,
-0.16188131952290255,0.034244749664725856,-0.08553498975329825,0.032408609022800725,-0.15129933454536265,-0.08588840273818729,-0.052140950690798646,-0.11863913592354494,-0.08478988520394065,-0.2954206331065449,0.0846556254872106,-0.07214763953533758,
-0.19133760696952987,-0.24788995015447898,-0.09951994119964387,-0.17429201506128403,0.03917002856004442,-0.11986611271310438,0.10219881679028765,-0.011553090171646517,0.09724765397872094,-0.003151544810343332,0.11628764939059104,-0.19673112161037745,
-0.28701280798517814,0.08698159944757404,0.10271679445692851,0.08746468144769866,-0.05821483559255778,-0.2744291758242563,0.05280148031493314,-0.010079420977306916,-0.049004307619169456,-0.004876027069236514,-0.09555267959454754,-0.044743080830020494,
