# Pesos da Rede Treinada TxH=  0.1 TxOut=0.04
12,24,12
12,24
-0.2545820847934052,-0.35768522820240717,0.2724966542069545,-0.08297858845645541,-0.3592086824877705,-0.38348966723899497,-0.28279797828250164,-0.38502919926388285,-0.196591460415922,-0.07168543212930312,-0.5330347065691684,-0.1403194348912945,-0.3034053447898305,-0.32240553247365794,-0.019187270218974022,-0.08397645399912511,-0.0572326336568146,-0.11297593392710031,0.08006193292111434,-0.06388278035617449,-0.007339591959146285,0.046256098312748024,0.04723618377457619,-0.13091677809215238,
0.2061318698671241,0.03541714031382599,-1.0407888357878106,0.19423891808438698,-0.41628245230477057,-0.2816560365008762,0.5638061343494708,0.03279815058133981,0.06574746286832621,0.06687980574162751,-0.345752434981631,0.13649496938167877,0.028233060665409492,0.45623043894962517,-0.004983817389939584,-1.1641317099586221,0.12086800688682933,-0.13708329228918809,-0.798160213057689,0.2072946907329445,0.05319921232073437,-0.9964766549780881,0.12203289141216446,0.07149975402457566,
0.19072141761103262,-0.13024953100090547,-0.8088952967771509,0.05068733427742402,-0.4816072780172055,0.13290091266652135,0.48501974948373094,0.01866931669300387,-0.0648882527256777,-0.3073446167500626,-0.10120062448268909,0.4104867772293446,-0.12502466673650336,0.24343898735388664,-0.09219457549860596,-0.7858679957021585,0.17054825061913115,0.04510280673828538,-0.655623659225412,-0.02906715790717655,0.13203254031671668,-0.825867768293263,-0.07871356143031014,0.0263222881418338,
-0.08387140765942735,-0.045091706748895094,-0.8621539273780067,0.0627049549946053,-0.5248365910429409,0.055017560497489626,0.5896182790417317,0.17685122844911214,-0.17679929180789306,-0.4400790674780154,-0.11238083935608587,0.06256240204495553,-0.026152540034324805,-0.028166146623816755,-0.06466626073014517,-0.9868482212624506,0.2723049636946288,0.03525408352382039,-0.5191130384095014,-0.007765416898984962,0.09205779137273562,-0.9088558000678076,0.06478314363816783,0.04671080110082898,
0.12424117155271572,-0.06642565253014672,-0.7774918513719034,0.4424673643540802,-0.640075649969696,-0.3545443915623624,0.27065709550446926,0.24062756080338546,0.12799258120186718,-0.04227787311789689,-0.005139489932395768,0.03893821712875199,-0.16615742210527068,0.14225657195359073,-0.11421325481608748,-0.8505224435830568,0.16112267032569258,0.009306079116321976,-0.700076420117714,-0.07069171829296006,0.16715796658876708,-0.4742817305701128,-0.14358827061173818,0.17039612496826442,
-0.4111614240769617,-0.0694777552950278,0.17261617781091385,0.022457599532853353,-0.36325972410406043,-0.37248448523341027,-0.43035274731165307,-0.059319382642920186,0.010004002321425148,-0.2647522968649263,-0.09155836401336997,-0.4052881245593228,-0.07435081300200985,-0.11479375244559392,-0.25464052089854833,0.285337071383534,-0.06785468769497553,-0.3234039550556201,0.27883922944833944,-0.36002330550195066,-0.35168421452946824,0.2230764372847779,-0.2431835467922592,-0.21205177940186673,
-0.06530825655398471,-0.4102384310548955,0.5036405872009366,-0.44344894704629784,-0.03332198879153095,-0.13455275055275423,-0.33484654636218797,-0.1524810344785811,-0.22917987995750483,-0.20601786498983599,-0.18029214069733765,-0.3392173449489592,-0.4428451713892294,-0.2512009545607919,-0.21656120183347566,0.39347459273694796,-0.09133432642504426,-0.13163833016196935,0.34242223663676763,-0.5010729953556182,-0.10499765605135877,0.5772475763773026,-0.06312816123979977,-0.4482884091828501,
-0.23677876597962616,-0.3891880959251655,0.3408258282097163,-0.38796989710882024,-0.07387713695376733,-0.1561566568014567,-0.3669141300070282,-0.3367282226236597,-0.38619507510908674,-0.39353752509577083,-0.18937757144085007,-0.12951314028789643,-0.4183064131253334,-0.011951435367590253,-0.37470014534543844,0.13048751221266003,-0.1737661274397869,-0.25258412635147637,0.1224073309796222,-0.010054978916117271,-0.3981037034507381,0.3698656373776785,-0.4500900424019162,-0.21878493374843005,
-0.480821149418005,-0.27583973798665445,0.9101721843761943,-0.40111066637948495,-0.06162491135990542,-0.5913623163146289,-0.51746477331496,-0.5362304133871735,-0.3818930614559606,-0.3656876437119361,-0.5770622561195476,-0.5125916521935748,-0.10618039753009817,-0.420976616841147,-0.2994927071542063,1.0096254063003027,-0.5252478673598742,-0.3736672246620986,0.6826736253899666,-0.278833205348935,-0.34040303485503803,0.6349739497447396,-0.2638523484731905,-0.5014795622418293,
-0.29630472390510376,-0.1853690393918326,0.8660713549367395,-0.5646664307155872,-0.13367179518611935,-0.20045963753461893,-0.7085371646661458,-0.507894023477268,-0.4873261220911132,-0.5759413007514936,-0.4834079546155976,-0.5013655653507636,-0.329820002739423,-0.4786821005882185,-0.2318598650643801,1.041455789406671,-0.5420191086460147,-0.1688786900868759,0.4804312229352911,-0.40763199116371496,-0.2589650572001573,0.7354476905986895,-0.53424650465988,-0.44514592117464225,
-0.35767061955950885,-0.49313504336504943,0.8242598535930296,-0.34560670264429005,-0.15856855835044523,-0.28072894344834526,-0.6877839527130435,-0.41740581267486154,-0.39245406989407516,-0.3704177756993014,-0.18757420153351567,-0.33764193381817564,-0.40482803421096886,-0.41438774398346867,-0.46568570865399533,1.0139777381315183,-0.5702466938338112,-0.4735427878264526,0.6768671802728339,-0.27699879280199324,-0.4030673862347164,0.7440360216975866,-0.1287143910729632,-0.21046122375350831,
-0.46973624367624445,-0.07729130723011945,0.20692535168047718,-0.2968976206007645,-0.44544959283089547,-0.23665676212486575,-0.23323784559559885,-0.20709523594284385,-0.2716726747834027,-0.14223740627389664,-0.3917638934509478,-0.22811240015849774,-0.1166304677939132,-0.4981759453996636,-0.16078196648444484,0.46458463156916086,-0.5041391082607461,-0.49243580947440174,0.3455425186662759,-0.3587239205255365,-0.4860205235898954,0.26678696893771425,-0.4694192833171375,-0.3432754944388143,
24,12
-0.22852767539321373,0.14865063214467297,-0.07946600554967498,-0.1426715864316132,0.08068138220960927,-0.16783518391616212,-0.1222635991218776,-0.2162087833809412,-0.1466397855510946,0.06295822793759306,0.08676704331404965,-0.253353463076156,
-0.06216136064760486,-0.11533739780212002,-0.09955224966956924,-0.08484101024148509,-0.07520782259894719,0.13244205187375085,0.09528941385469657,-0.261944633651648,-0.028165143187077774,-0.1373676195458304,-0.008005007299749622,-0.13974464002578366,
0.5316710545118218,0.2129368620698014,0.4072377172598137,0.5461457550290292,0.5837827944947009,0.4852544418898849,0.5489557883439214,0.2583811237758008,0.49407494849298994,0.278077387432419,0.3803589376989863,0.6163597753794476,
0.12359331772930662,-0.23860774059603576,0.20784486850408876,-0.0988309102026617,-0.11681350752312765,-0.061507981361328484,-0.19633338553249544,-0.2501999882563124,-0.2654703178306181,-0.08015734828121193,-0.33505631373468525,-0.2142936468037247,
0.06535176504160069,0.1021825823095989,0.021628027906353212,0.21581678896427384,-0.07903672329812729,-0.05597675577705903,-0.07745813543485543,0.22943956967264412,0.3039639381934527,0.09963335303841747,0.20895424869902443,0.12507562356945387,
0.05406324642416345,-0.17648195577776873,-0.020718662372156055,-0.11690829750378474,-0.09738500759444187,-0.19840161428376465,0.2424765551045187,-0.14616189211569833,-0.0731870024649355,-0.11418792712198228,0.08047456640414503,0.024000500001162977,
-0.3921863654468307,0.06714431583389997,-0.3206189288205551,-0.33393275229313196,-0.2590970895869121,-0.054909682134356166,-0.33323230313321095,-0.02585079941925281,-0.053621328353231676,-0.2644109568931096,-0.36657313814667253,-0.22853972230114872,
-0.2692200745181901,-0.33925037742025865,-0.19621165888202796,-0.17740148649362486,-0.12101987402175235,-0.1443249715994014,0.09850321535910947,0.027109024447059815,-0.019196581839262566,-0.174830406680948,-0.09185072961167401,-0.3241233646131609,
-0.18800173377247875,-0.19116439615850941,-0.001436399352850175,-0.13057966236028673,-0.0883378511420653,-0.1560762722949005,0.007043834378450395,0.16068666259785713,-0.2781504984703326,-0.07094093239073443,0.11748471908542638,-0.08445760074170473,
-0.09508859065460372,0.15767684452570307,0.041537004092784255,-0.2718928785377238,0.12589523920041387,-0.05815528364911861,0.003196692673521779,-0.14149579605563287,0.1116604171441883,0.04395307625330253,-0.0289236796124546,0.06836045737989964,
-0.0640039434695111,-0.19136492073240227,-0.21682847028157637,-0.08609513844547646,-0.16676918273216992,0.16980278074005126,0.03894691986829869,0.236381488534368,-0.10534866517610758,0.1918616231196459,-0.07284559026061577,-0.05595220149320465,
-0.021809465029044513,-0.21813149967886794,-0.29719876104177256,0.11341257784824019,-0.3283334324568679,-0.25525121015832397,-0.24029866410325532,0.01846669224681933,-0.3095404630359958,-0.19324297991117548,0.0022497478742786008,0.027338903909092275,
-0.176403187767007,-0.026744511667690228,-0.0775638693226515,0.03811637898065982,0.0583876974197388,-0.06271254060437742,-0.015807223097824452,0.021783291487028626,-0.08449034250414852,0.07991174542404189,-0.26291980109303176,0.006337462001935237,
-0.18467133757260767,0.13532652386672703,0.029982508136816327,-0.11217967829586042,0.10542768434595387,-0.3035480509732583,-0.16881606651581654,-0.12183235433245904,-0.13316704308593366,-0.13594649271809553,-0.3626874861207995,-0.0932946778030698,
0.0015872996128276048,-0.05713737291119118,-0.05441216761754971,0.019029931407165968,0.039176736628028175,0.16180185010261294,-0.24904559829704367,-0.26976707933419886,-0.015254936415141425,-0.1907398414305946,0.06271412555012454,-0.09467893772868122,
0.5548130036249755,0.26375737997396853,0.5225566819471659,0.3359550737017252,0.5879425095735605,0.5301870992252032,0.19556338439077064,0.3870304164293925,0.4630239368288877,0.6690857212940143,0.4796380387059908,0.5191551152066293,
-0.0793711094184581,-0.06100402267329302,0.008362371029792566,0.04228014745586914,-0.2787545058999232,-0.21762305235489543,-0.002169184991691332,-0.2595495605985158,-0.3298629686117277,-0.19208960353809068,-0.13425700590165315,0.019710995690591496,
0.15640725810341066,-0.1346842538847527,-0.09390571064560184,-0.08603382476473262,0.05610127460618142,0.18294895526323482,-0.1675485986991899,-0.2293815773547359,-0.06864525428637851,-0.057735322752963544,-0.12711772520654666,-0.13937020338834483,
0.06773526104531076,0.5157470138011878,0.09225926279606997,0.239214551140505,0.22961782011945392,0.2801184511409887,0.44482742890240795,0.4973298440729796,0.43556580115026006,0.364753794142493,0.44410006965889604,0.16926515816403592,
-0.1581581298577881,-0.32948105754536355,-0.14669732037364633,-0.05216288877277738,-0.15672392534840748,-0.03722840042463863,-0.3364696152871354,0.045273198601982916,-0.01442271876092162,0.0028864701666547663,-0.20194654248064958,-0.0661529167882353,
-0.05304150573469977,-0.11959981357337222,0.0908358227887091,-0.01290374779452361,0.04795442008310156,-0.28689758139359306,-0.1483036387996815,-0.1845769669226644,0.010593035222427674,-0.31321149060395276,-0.17830356843939588,-0.0045815852148084315,
0.367741291134153,0.3764281339500293,0.4152991826845145,0.3303564734822932,0.13655653345821064,0.2703672974160305,0.4652345124057926,0.5815781734489927,0.29776197799403464,0.4654609941907458,0.45656364816053396,0.3313009670194773,
0.01976689505869275,0.16293259948828476,-0.05658848144638082,0.0617993350309287,-0.0050328673969317,-0.021138419197440198,-0.1978298047456824,-0.1961628865982858,0.08801555276662924,-0.10314929291512916,-0.17983261288426985,-0.19679837865062025,
-0.02102123056171887,0.03565369570410485,-0.19953036598030138,-0.25258042380944756,-0.30650027639565525,-0.13601317949090513,0.09131587716345711,-0.16247182460233414,-0.27352873826046087,-0.2366122940768998,0.023722614569634873,0.0015770172799146655,
