# Pesos da Rede Treinada TxH=  0.6 TxOut=0.060000000000000005
12,12,12
12,12
-0.6084429549545285,0.4582188296744848,0.41055669520921456,-0.6003237959313663,-0.5336206800046394,-0.6336954856938394,-0.37539568867963424,-0.6857637793156286,0.5924193862948143,-0.7000156341899473,-0.3327798926727509,-0.39481162120621505,
-0.01451066257170388,-0.03422540601793116,-0.029294032693640122,0.026827107393185272,-0.054142442712337424,-0.04854381296000139,-0.22216033050625986,-0.32879539346893094,0.09889852837168671,-0.07272226468001884,0.03636237658986866,-0.08261245954310809,
-0.15218242365970547,-0.2651321967139267,-0.3481940003036798,-0.3849885188648271,0.03693944349140469,-0.2575999888106661,-0.3092651548269775,-0.09398361594324071,-0.07385060134231418,-0.021957625595172312,-0.4037155580263475,-0.2006345334132164,
-0.32850072341514114,0.23968478616303285,0.06265262173682912,-0.16476407355465067,-0.630309564559196,-0.5131894875856715,-0.134436929357298,-0.26390983585186967,0.06386351117289815,-0.2852188200696132,-0.36178812332629195,-0.2204313773742347,
-0.3962861705445454,0.2701265214621538,0.2784553564269877,-0.6713858224056801,-0.4746363970438561,-0.3356200517913936,-0.3892545477663132,-0.7347363169551148,0.5288964238188361,-0.403629792254682,-0.4356769220240985,-0.37392635409215197,
-0.7229117083531402,0.4732434518625006,-0.10919103908783521,-0.41567077583077533,-0.7056839228569894,-0.32823660632004764,-0.532073569445431,-0.2532480753107133,0.2449640987529388,-0.6763594507446109,-0.2997627087681494,-0.6983868431597686,
-0.5143164541971135,0.6153395585221948,0.4684594169417579,-0.6746961048587427,-0.44789698908175146,-0.6325441863105098,-0.5464814195598029,-0.7461223230000071,0.7661856517924723,-0.6052528297630545,-0.4025155172156277,-0.7371053654755692,
-0.1809932561979333,-0.03368333478618611,-0.22180268746245216,-0.24273661007412603,-0.26397262539202965,-0.25300987525631313,-0.22516061338070734,-0.19488574325963884,0.2110085489186106,-0.2972745340351189,-0.29423286581046254,-0.3545130866485134,
-0.5546563452434728,0.4920288652869414,0.39681651483466984,-0.41474807159720767,-0.5358592762968557,-0.6855156228399056,-0.6975652604976518,-0.2765799202191595,0.34229166157290236,-0.5725427105784977,-0.36609559390393254,-0.6038638106443341,
-0.4528306350713944,0.5992427217901496,-0.03061917941912881,-0.6405754144485264,-0.4574174117590326,-0.5874413825092106,-0.505387991755406,-0.5849864913266154,0.671374548381548,-0.4574479430687811,-0.7673431357021452,-0.7116337420303794,
-0.7747417066194187,0.42063120863668446,0.28451612869776277,-0.3561341089361862,-0.6809869135699284,-0.4337473332100538,-0.3046667984424485,-0.642213215908862,0.45342673050904614,-0.6528537275412819,-0.7108734008975007,-0.5428931022637441,
-0.46411250557831196,0.3819661392491594,0.2998688555370085,-0.5366973270910385,-0.3791687450644713,-0.3870093873356975,-0.7297086460202455,-0.3292550006362319,0.5162493509035536,-0.4509802134029589,-0.6258667451806184,-0.22701860453939085,
12,12
-0.15139518520399867,-0.30094143222378117,-0.39675059874351004,-0.3379198478267448,-0.29639676587122227,-0.33862930401792773,-0.2509231272038045,-0.20101671352552433,-0.3711505032970838,-0.2529945296845084,-0.1880000365450498,-0.5076223347336565,
0.33080482733162303,0.11689733861950549,0.33326155750761083,0.2572182526234235,0.40939604998616186,0.38670061111727994,0.3583458527171165,0.09732201794851826,0.330500579727372,0.42160168021827027,0.3031058780659425,0.15968159750736094,
0.16447984867031734,0.2620965930016618,-0.12733362456029013,-0.021437380860709274,0.12406498372704755,0.01745545459362345,0.07058933837115969,0.2871788269393423,0.19674873780960123,0.0596619015865139,0.06420337743530549,0.24518872182412632,
-0.5283214766767387,-0.31332722515979594,-0.29983344163042286,-0.15109136849705868,-0.25885506275912185,-0.22775524865795763,-0.2468363786302183,-0.1582122045151735,-0.25940412665731755,-0.24527277365115757,-0.3696773207767945,-0.19324839572973146,
-0.2993480610566113,-0.31238706080056833,-0.11642908039787886,-0.3906903603089685,-0.3492448698688808,-0.18070439684093112,-0.1937995062194363,-0.2826005541402023,-0.1943623936233705,-0.3774007746822107,-0.3043425382620339,-0.2325557327293507,
-0.17988829573456683,-0.38407117354222425,-0.3627495591421828,-0.2489272560392798,-0.23984232899012778,-0.29074976198011254,-0.20243329375819688,-0.16853991339466345,-0.22441751561710382,-0.26051541778469656,-0.1424178039050295,-0.5064152989992622,
-0.13018386815556623,-0.08419383804687945,-0.2062123108291578,0.04467057103028254,-0.43137659963840774,-0.19848822918988734,-0.20930356355277477,-0.5723188609424272,-0.2958231763398208,-0.31502680209956757,-0.2573045633347597,-0.15668768872419306,
-0.23031107415886387,-0.06697563956722626,-0.3711753318912454,-0.3125362814518517,-0.32605571476928824,-0.43889227767007244,-0.4602721501159567,-0.3860492756772561,-0.2290665777180928,-0.32579399174935086,-0.28178828188236027,-0.08429803294292976,
0.3392641254306764,0.4149508480169027,0.5786690657594362,0.5097294480995402,0.2636651922966108,0.4557510802918113,0.435609514104655,0.5104809944979674,0.35048924465779485,0.4493637504948723,0.5047464415960118,0.5638028239039434,
-0.42507687465679583,-0.44513360355078485,-0.25689052196094553,-0.2862702606546697,-0.4587886090904938,-0.18149898795555566,-0.14045848398044328,-0.4098109647395488,-0.44864734868368583,-0.2152187800312447,-0.38393223141161,-0.2257522436725516,
-0.2672750424787782,-0.11128031573758014,-0.24387953504930707,-0.3688982024468465,-0.2102363351270855,-0.20242141814150913,-0.34731640452271145,-0.23687651550729016,-0.28208749926098137,-0.1866997861129711,-0.2457839462823379,-0.18027061464010186,
-0.39277797886851695,-0.25718487708002735,-0.22606170639353756,-0.2844599573361706,-0.23401631343110071,-0.26472564297059886,-0.5084624157525519,-0.3032642957459116,-0.13652248411325574,-0.2922470119447842,-0.2582613510275402,-0.4399949907202382,
