# Pesos da Rede Treinada TxH=  0.6 TxOut=0.07
12,16,12
12,16
-0.4855208641428604,-0.8558527326079151,-0.6501987429713826,-0.0359668805227775,-0.6712263625296002,-0.6147649945020301,-0.7608056000714188,-0.7698920432281047,-0.7136390638144401,-0.7897752663541853,-0.49055278239322553,-0.6324415027571118,-0.7830455783734835,-0.5289804643364332,-0.7571250954494065,2.4478200717136542,
1.6859062881125964,1.4350543950390136,1.7669857628472394,-1.2036551479061683,1.4928618733389927,1.871173802714861,1.562562062569203,1.5646791247937826,1.6964795825228658,1.3326914509923762,1.8495709137432224,1.6207110360622028,1.4693647327458166,1.8852129000918783,1.7131963603561848,1.4301141285566275,
1.7646771467396873,1.9613023684340254,1.9290337037377117,-1.7889881812915507,2.0218130788018844,1.7440245503289173,1.6768812819383148,2.013164875473584,1.9185511884638053,1.4662283559614895,1.6905004333025835,1.7909210667629625,1.7664691002179478,1.5827355630403326,1.6786091941895147,1.0438924288896578,
0.5104979969534076,0.2588002898868351,0.45045590920157297,-0.6688230059005481,0.4983323288442153,0.1400633846999824,0.549486788642765,0.6041869150494881,0.25926336096257024,0.14095426803498884,0.5961768852552087,0.31346480134347404,0.2005747751746607,0.2839003171330434,0.30400171029765816,2.317999786625946,
-0.5003537392449706,-0.5382575521775299,-0.49481747887333577,-0.8076056917671383,-0.1764013703084472,-0.15433643024163676,-0.17779972186124995,-0.2752064053644718,-0.48130356883534864,-0.6234672187070641,-0.17308778492364876,-0.5055313413437511,-0.5215634462027667,-0.10930390026499272,-0.1805410220195572,2.7505540006509284,
-0.5396297356627221,-0.5024598766817419,-0.6301032472076222,-0.47274581951258693,-0.6689313616332833,-0.30987711823864983,-0.7272456502621908,-0.6242654382604016,-0.727411402846926,-0.33298862074323476,-0.6296174462902225,-0.6813868424048912,-0.6422413251603132,-0.6641647198272591,-0.4810498045705186,2.6142233401951698,
-1.6076552890181561,-1.7210558438166348,-1.548646219698951,-0.22819009312383545,-1.7599920887036915,-1.3980128824537106,-1.5633987815152082,-1.5579751872168226,-1.585703058492668,-1.711654696095627,-1.5199708317213274,-1.7309167286937108,-1.4352343495692832,-1.7367917402407875,-1.5390281188247967,2.896073987811126,
0.14562114730171388,0.5195815694479184,0.2155599489526759,-1.2418851076508208,0.09641606879515091,0.3169931144974263,0.37288917047451775,0.19608421775349497,0.39961967391674885,0.5427926443028953,0.19036288565962464,0.5121034297600712,0.32422384047138875,0.10360782490128714,0.15471012939593456,2.488034657266062,
-1.0646695558038437,-0.9761046480684661,-1.0047162160311838,-0.715218853083989,-0.8483272293616327,-1.1755244004218441,-1.0331028788382601,-0.8080626617358482,-0.834461989998935,-0.7379278234429422,-1.175491463070461,-0.9774822904843659,-0.7660456377073062,-0.8118427517187045,-0.8175642768380156,2.930268926425265,
-0.8727493614269324,-0.626652271770173,-1.1743610076160491,-0.6180077299527156,-1.129879971310749,-1.1610412594940605,-1.0767637142364843,-1.1289578958466098,-1.0069521339466376,-0.7604968454576286,-1.2515425029870642,-0.7770564350805342,-0.869522982596612,-0.9179802266307797,-0.8658131122674024,3.0700428744316843,
-0.9490481063609186,-0.8882804556811118,-0.7415564252584634,-0.8519464443405609,-0.8053713270548536,-1.0112432182349695,-0.842417283586169,-1.193062002335948,-0.6762085308126413,-0.5808258494313643,-0.7751117707990702,-1.0613499307583374,-0.6421227504117807,-0.9923840644823386,-0.8258783610797128,2.589631744354689,
-0.7487328866733627,-0.8826487187925245,-0.7682891589847402,-0.5484986122544832,-0.7254410491298845,-0.8284670498651442,-0.730326566044826,-0.7366657784705017,-0.9815829921358569,-0.7526210370234545,-0.8600633377392797,-0.6215044045454688,-0.8755032366197666,-0.868847784990845,-1.0463927376956652,2.794044327479648,
16,12
-0.17191951105967368,-0.23356424362958073,-0.06900029297180946,-0.0210991657194829,-0.1580791468129127,-0.13928366271339596,-0.3425609865178789,-0.09563471900218388,-0.08654382361226351,-0.35755715596378007,-0.20487750261758925,-0.053159474462484556,
-0.1344077913872222,-0.17734218670618604,-0.37188754872783486,-0.3285828377838713,-0.078058455766767,-0.26093658657674956,-0.23679222193762495,-0.0431974425517228,-0.17415084221090305,-0.22253412110134937,-0.16898778357222216,-0.10425749861800815,
-0.30203136192010444,-0.045083045463273276,-0.14388014887461764,-0.2108615496731816,-0.06200642019063518,-0.05153134585854068,-0.1026784082458291,-0.2733371230641315,-0.21669668000532832,-0.3518353952182844,-0.10920243862833588,-0.11055513409196203,
0.4635653439024955,0.2250511443284599,0.20767540851814456,0.12810808619898786,0.247784386282873,0.5234883322304219,0.6079537802998095,0.5515679418654664,0.6956020081351261,0.7320048307177239,0.7110804647278473,0.6095246319969464,
-0.2164565426065282,-0.005694554019596774,-0.07895559537754704,-0.0925291576900795,-0.36349390939395804,-0.07488154820503475,-0.056094148203660474,-0.09338172913539317,-0.22993966273985614,-0.22372501850944815,-0.28650629752519663,-0.1691520337436448,
0.038725095861431885,-0.2250510696177415,0.00810268021663291,-0.237768567052808,0.041419848178586974,-0.2169197477346148,-0.09168162494222355,-0.20146974395884445,-0.3124564521758666,-0.17921535257241597,-0.21950216927116944,-0.24644485835743563,
-0.23980274967690815,-0.07438173496111926,-0.004283891306004126,-0.2638944142193385,-0.2681845535374561,-0.26754138388834436,-0.12739746323650128,-0.23044240075808184,-0.02546020694885973,-0.24478763301831563,-0.09152275204680632,-0.2001204266153217,
-0.2786778396197253,-0.014990232953017832,-0.13255153690874677,-0.21170408180382566,-0.12957581258739,-0.1001547968520781,-0.0777730433642486,-0.2103485241945451,-0.2003644644261269,-0.2127371692028107,-0.13494051250553205,-0.25244226249272433,
-0.18359973090985118,-0.17535966929629543,-0.30359711427820096,-0.08307537735351714,-0.11731472695662358,-0.09684858683365791,-0.23086359771182255,-0.33859080628294835,-0.07266734197331476,-0.08893614762301816,-0.384599825539367,-0.09626137242366174,
-0.0595432220825101,-0.33687732348099236,-0.2357049236932527,-0.30005543038306814,-0.10277934050147314,-0.10581805546027807,-0.15448819853018936,-0.07976054147135313,-0.1515042869417561,-0.14871948022061318,-0.3354166394105571,-0.2498146541892786,
-0.36766599825284446,-0.11392315659652484,0.009854545280397618,-0.029897570463764064,-0.08620077702425182,-0.1552536804944753,-0.2120639219143373,-0.17232730892932802,-0.37859901329899487,-0.055284129708982374,-0.10357507909625754,-0.14407637943787652,
-0.18843582066537168,-0.08457641154263022,-0.35170843699554205,0.03930606505163925,-0.15307700605186725,-0.28870952863491334,-0.2598101481072524,-0.11368260741576866,-0.011574725172978133,-0.22620375771117363,-0.26228862082872845,-0.20116836767873356,
-0.11090933834756488,-0.368119402309978,-0.14930889053234409,0.0389788986083882,-0.32177512485167475,-0.15528023985935574,-0.2857055643380855,-0.04850650556191942,-0.22120609623723264,-0.16020091629935224,-0.13236967983905765,-0.2416209503633913,
0.05145644918425399,-0.030232523200387284,-0.2964148230029779,-0.09055605686940109,-0.1943371268855165,-0.31574107868338064,-0.1257327369795918,-0.2880003321285211,-0.26059690331196755,-0.11258011417455661,2.144210493680109E-4,-0.34286572766524037,
-0.22237530666529454,-0.07163300395925291,0.004183340913350469,-0.2516112506749753,-0.2521618765212733,-0.10790263431091965,-0.178518805171809,-0.31183539183411363,-0.21944823315358422,-0.10146456950602274,-0.18121789538347582,-0.09889977014878341,
0.9564742817274626,0.8236061555624566,0.8987201811097987,0.8775720700693421,0.9452321522297763,0.9456615594982606,0.9846537396848185,1.0076764239471014,1.0100084737435002,1.0544764170920526,1.0285078285917573,1.0139979295771886,
