# Pesos da Rede Treinada TxH=  0.8999999999999999 TxOut=0.09
12,23,12
12,23
-0.26858504085211854,-0.25821414946545396,-0.35685007503955274,-0.40555908942379326,-0.5939652681465196,-0.49922117898197743,-0.21227356437349618,-0.6071734175314996,0.522370789700072,-0.33233701239894603,-0.6732527375907986,-0.3624067445794586,-0.3235656569088314,-0.4515264722428092,-0.400692212307461,-0.2856951119933159,0.16887672933018913,-0.2409019699164169,-0.4048226585919772,-0.5856168051550626,-0.47647378283646435,-0.6919749246308317,-0.30243169250214064,
-0.3853563692587395,-0.23427248548274576,-0.5431524370231839,-0.2729726371131886,-0.3242271117169445,-0.37961042641161213,-0.5335721336081092,-0.2522028844638776,0.2509782112239011,-0.3664952805114535,-0.2718621363815693,-0.3800764474717129,-0.4741002206590049,-0.3860633544702795,-0.3112110202166217,-0.6482188471331639,0.13957186060996243,-0.30963812053705436,-0.2051834176884847,-0.37468581676291013,-0.41193007116911523,-0.5044188451457488,-0.38844287930025806,
-0.11008109639276095,-0.3711370451171883,-0.6262479198601607,-0.5144839626137069,-0.388599583180616,-0.4837699458666942,-0.2577725536857035,-0.35320582658706884,0.3782109091588356,-0.48423388057674105,-0.5432483885406357,-0.5531776062697044,-0.42979122004137393,-0.5181953089334728,-0.5276391855506702,-0.46772468607965356,0.5009090047505892,-0.31627303756373665,-0.5264185689460151,-0.541887960081576,-0.4097686856278123,-0.408916046233969,-0.46042466721566394,
-0.12527608355700035,-0.5995870344898397,-0.3468751146468989,-0.6048935694583121,-0.5483736422198358,-0.49404325218532047,-0.4239316306325056,-0.3889319513143024,0.6058268499152518,-0.33511336134383396,-0.5217600593420638,-0.4997415339985464,-0.4989712214527264,-0.3717797267559408,-0.3030080179231151,-0.25214055317159534,0.5913124027128325,-0.6186127186904681,-0.24290533443237192,-0.45452867735819047,-0.3518025112826873,-0.2731182099851156,-0.23607225835424436,
-0.2366508333273561,-0.4996610802113352,-0.24299336529931595,-0.4191414112131128,-0.24981889013224481,-0.22149259024202114,-0.5648901642218667,-0.5521562720613434,0.48615285213592685,-0.6013995327261881,-0.3847584601962633,-0.3045671075687881,-0.620840295288521,-0.5256812893380137,-0.5330678168908434,-0.5881567710784215,0.5461454065988284,-0.21788938503919428,-0.31029982569538084,-0.2766079789347642,-0.36146168044565247,-0.38385306440976835,-0.5434432675292064,
-0.35145095073718485,-0.6863589467212242,-0.6414931889234422,-0.3948580064100316,-0.5455150328195875,-0.4490521757225556,-0.5189959034889782,-0.5028638402233959,0.39426549210801926,-0.3745930290126151,-0.2599838741681542,-0.25237244574529616,-0.5340957961995317,-0.2926428077035061,-0.3028851603220734,-0.622012228055977,0.21641279936822252,-0.1516350930839066,-0.491981159864165,-0.240882660538867,-0.46971036530932175,-0.5562124720007471,-0.5830656275352115,
-0.5741222971311113,-0.4748038594486453,-0.4853859288732977,-0.5607569529237254,-0.19600620885315997,-0.3100078655639287,-0.13235024656623204,-0.41073064114645635,0.5962471010948339,-0.442118715188027,-0.7136276897747398,-0.500602946259517,-0.6190693726241274,-0.671962870737137,-0.3437038204225802,-0.7007672498184637,0.4043404004660723,-0.5157918976155252,-0.31231166845627123,-0.6187548125174388,-0.5549091135050076,-0.5536865339552707,-0.1834287416013974,
-0.2560201180473026,-0.7262204477091915,-0.4494669887142105,-0.3558741399327047,-0.23184400406976077,-0.6085306924460004,-0.5288887662203702,-0.3795693133236786,0.5502192598347885,-0.6386074902707014,-0.6353713136971678,-0.4145811875283974,-0.5342623336044954,-0.41655254918234413,-0.7563530686001663,-0.3473807331682644,0.5145128362515347,-0.5198839873677391,-0.3920080880864827,-0.46795938135224513,-0.44211704206217173,-0.3894539748962253,-0.5231550566664851,
-0.4542719248544734,-0.32842946907011017,-0.4318622224740927,-0.6424294116746851,-0.40951626958342946,-0.23479156253178127,-0.10567857712828073,-0.664022943740293,0.33798132773762934,-0.3092473339107525,-0.6089677526216688,-0.38626985485312887,-0.43021641108839237,-0.3842577435885159,-0.6812275011264092,-0.43929820864665703,0.1232161264971249,-0.34482187506061585,-0.6267879016586448,-0.2665530707380856,-0.36746180434741865,-0.5900399727213704,-0.4251882794879724,
-0.3244099866980073,-0.744549325105122,-0.5622946949058635,-0.49085420272806896,-0.3749069090846377,-0.690246474145374,-0.2595746865213694,-0.6402849438559736,0.7316969702098075,-0.45545218669757215,-0.4889036875776299,-0.25294641280454705,-0.5470699942920744,-0.32076376773462,-0.6010551077329499,-0.3087976924731419,0.4172164440927425,-0.18225854948427975,-0.297867346857545,-0.22067746179191908,-0.36423333020631615,-0.26144741366800256,-0.42390682470973073,
-0.3660682112109422,-0.3443931801677663,-0.19990582898225548,-0.37962380065999507,-0.5739565926333076,-0.2437356842698792,-0.41451199471831557,-0.6102205359774044,0.6261756544679324,-0.33607676992096486,-0.3858467567295911,-0.6387579217390249,-0.1977132822021493,-0.5413087691847085,-0.7198041108465169,-0.6430205158186666,0.3161323231335416,-0.4710921996035874,-0.3528973406815535,-0.5624366193087597,-0.509270928772457,-0.2508097804015037,-0.46138519748564577,
-0.15338608327813627,-0.5307896235006959,-0.2805441190798961,-0.5649171901556322,-0.45599573558091067,-0.27254926934342083,-0.5279955399692544,-0.4509110689488617,0.5011352055005911,-0.7521076616647756,-0.2921202241469887,-0.4502959573995005,-0.441192942623216,-0.4374090673327318,-0.747717757064122,-0.6786811877478554,0.12928054792226645,-0.3241397486468445,-0.44328875083407526,-0.5997656424632732,-0.6332848455798438,-0.5920951136431893,-0.33379800657875847,
23,12
0.09472100645780938,-0.11546959309982953,0.1389151888414723,-0.1880666806445928,-0.07966501818667379,0.23711982575651225,-0.11171083997665762,0.10174269467932959,-0.04554535802273904,-0.09584248454688465,0.11148538005278663,0.06539610901709976,
-0.08577344839005582,-0.0876011763575849,-0.18292359176945544,-0.21603613706667155,-0.2507498457069764,-0.16009629296254616,-0.08452982797069267,0.10541525550570707,-0.17038808952926593,0.03546640863344529,-0.15651885576281419,0.04506573251029195,
0.04066951648177229,-0.17847228737412524,-0.09688036158458625,0.048102257661970446,0.11429485264358645,-0.06365451990405539,0.034080631329802866,-0.22509639998199293,0.030516853450258917,-0.0045711765911690735,-0.27673143540908834,-0.20987074070300032,
-0.3499847741092072,-0.14158056798281607,0.016701709741424344,-0.18293741852871484,-0.11520048882326708,-0.21889868796225811,0.06888714599049581,-0.21787736874115032,0.1502371168998397,0.006440858029807416,-0.2708207589562976,0.15697390900239616,
-0.1961909836838891,-0.05572448314678519,-0.09538370777288288,0.08918995465654302,0.09708183022104473,0.04408711902786692,-0.007910793428050233,0.12374138393524396,-0.21465267131050636,-0.20028081742428022,-0.08851023639676958,-0.16568075387886022,
-0.038630006430818334,0.07942768091632588,-0.18796048798540596,0.08095779888931844,0.08301064220829753,-0.22162522074531185,0.059460900895607946,0.06232464310790186,-0.15254458825354406,-0.20882552749119815,-0.019290998890813493,-0.2766291199959066,
0.08508183278594367,-0.07744458637281317,-0.019729229371625457,-0.0392798254028413,-0.16761842607293193,0.21616825722319963,0.1299643321270546,-0.1830638515360438,-0.14622086358785452,0.16524828808010605,-0.06111046138294727,-0.10240946814700934,
-0.016478757630077372,-0.13536411178304442,0.02940077770622045,-0.18967970340158413,-0.14209458432815508,0.005185584396583671,-0.24714726447037408,-0.03386097975964536,-0.2427136653459634,-0.04505725151730065,-0.23895768223841177,0.07635192931461984,
0.6314469466195919,0.4636773100854681,0.5830628382210132,0.40821357822864934,0.5610342562712937,0.6364782291787405,0.5818921794422308,0.5806144022633541,0.5644764340231826,0.5972852403517487,0.6251677264167164,0.5204558837744544,
-0.07719876413196233,0.1351392250470509,-0.021403768036161886,-0.10896923829793814,0.0477527735034572,-0.24256319783068195,0.06035511498307361,-0.3414045475156433,-0.1155586231061233,0.17786768549387066,-0.29946029019469456,-0.17064429680867338,
-0.26546268130432793,0.016232916234853907,-0.29391490892778144,0.054828486140143046,-0.09216949070201906,-0.11786878155936907,-0.16363066469469956,-0.28535384494419214,-0.16688810000190474,0.09878136939140751,-0.10987724740619947,0.17683021649603387,
-0.12894551271651622,0.007635596883404861,0.11908923595188634,-0.10524350459127767,-0.0891478386873562,-0.09113686419804318,-0.20585127212268872,-0.05758211488028342,0.06861142385999554,-0.23906450906954405,-0.20663709104693173,0.13618938872913175,
0.03572661550561834,0.11251809226783602,-0.34666545955151384,0.021014709784606223,-0.07220822657825043,-0.1858365378322699,-0.27582112801461917,-0.028998306933262302,-0.03414607428576458,-0.0584540132077061,-0.05352543512895281,-0.3064427373899271,
0.026516137581511914,-0.092698739557502,-0.20572723071532667,-0.10235178484222224,-0.021222792466413645,-0.07333615078268654,-0.06214157905223424,0.015433754004652826,-0.1646513317601479,-0.09834669962523927,-0.09993898747552481,0.03904040936726828,
-0.15285109196684718,-0.2344014124710202,-0.33693303989219575,-0.004576574873847786,-0.0847630401823986,-0.1231619944392329,-0.32079402159394776,-0.010478822628411804,-0.23122304739237803,-0.1998083591866886,-0.1312138318695487,6.440159726118161E-4,
0.07849349364608106,-0.0057437738619604654,0.027614392653069145,-0.18737208047806542,-0.13586673239516653,-0.20897171182491958,-0.30783288151270305,-0.3292521693511508,-0.063948745052163,-0.04319354941279707,-0.18249792993589287,0.023785932829956648,
0.11403133545929975,0.19571418668929155,0.13410230464216283,0.3203582967679491,0.20412686481675224,0.09920639458793734,0.18712927728703097,0.20878399749039922,0.21893353614138822,0.2405070576614813,0.1771724319146393,0.2996638919934678,
0.11055836247216834,-0.14872520204778247,-0.05123509784139721,-0.04767689322945077,0.11608559939690849,-0.09574254490867917,0.1289272888362625,-0.15051392621573612,0.12854435114101073,-0.21797107365345825,0.04092801044834057,-0.06868444454901967,
-0.2988668008753261,0.03571611207668311,0.06693606344165924,0.09059565221953758,0.003430222877000799,-0.17687341205207838,-0.01477188388691254,0.048861807879318285,-0.001730197805479742,-0.1157302773993998,-0.07923825023180237,-0.13213254761334897,
-0.2279743122707706,0.1795199901086572,-0.07909745655259923,-0.16478403032403258,-0.18957994429639285,0.08200685692545856,0.03151725452138384,0.11069510276422116,-0.18877374712335088,-0.2506763012955438,0.1883369807294901,-0.2869168775580282,
-0.05675799934897055,-0.16101269696922837,-0.030483350661085783,-0.16099396972198113,-0.34597676728607657,0.009909085686050173,-0.20770313757842943,0.01620822432495256,0.11863719053828885,-0.10313944023340263,0.04988186196134966,0.023279828965530044,
-0.12377449937977865,-0.1835791919129213,-0.013392227213003158,0.09716669053913257,-0.004155928023958916,-0.18901237800684795,-0.25791255580417943,-0.19367756828948843,-0.036897367055766045,0.10130962359630828,0.15614765049067814,-0.22498114712373635,
0.010311495086582169,-0.168742412866111,0.11512087503657788,-0.08688182519169188,-0.13561381126393915,0.05809552807443451,0.09351854146211114,-0.049842074076172575,-0.1068785624951146,-0.192834041765593,0.10631227699670338,-0.1690684224302198,
