# Pesos da Rede Treinada TxH=  0.9999999999999999 TxOut=0.02
12,11,12
12,11
-2.190610951011754,-3.01491279910492,-2.8032366382512257,-2.51499861599315,-1.2135505381170557,-2.2916227451269027,-1.7358776335663382,0.024557090366363322,-2.070289808272748,-2.297253347009957,-3.1420008781647577,
-1.6691074103411208,-2.0278341457672133,-2.022742430028239,-2.0303395624075775,-1.6510672014380299,-2.0564365187690057,-1.7004400398061752,0.5731431379646766,-2.314701156739424,-2.1731152381016656,-2.280139097609707,
-1.9595711686157555,-2.313848887910511,-2.678204735281769,-2.662257679988317,-1.992285195381628,-2.4493705479133863,-1.8925164435026145,0.6489495576052957,-2.600299818852146,-2.502242041445982,-2.42878935598202,
-2.193471233879587,-2.372347417971006,-2.692623434618157,-2.410432965401365,-1.531160606890446,-2.0669052362385463,-1.845541826978433,0.8100197872804177,-2.411803756571157,-2.1070570053088282,-2.2245990932062742,
-2.0007588782067462,-2.913622565650035,-2.8009287436004895,-2.7525007681950875,-1.8539484400359103,-2.2515559938590965,-1.9375417542748148,0.6477110489463912,-2.3740328133344755,-2.4624547602864975,-2.8986024988750843,
-2.1422286480936314,-2.198059575896288,-2.1607883457856643,-2.561652646112893,-3.272594027742613,-2.7336115656749187,-1.8722395080033598,0.9448424575850729,-2.5377537181554173,-2.6651891534758088,-2.0262478516102163,
-2.0962150976015255,-2.110230200769312,-2.340452438373621,-2.7178115036177513,-2.7449560186849715,-2.385215923109932,-2.074167178931323,0.8815243354433686,-2.7570549351124467,-2.55584840272857,-2.0111090204996103,
-2.215371442270039,-2.3315328048771273,-2.1031955448714164,-2.6793759162232895,-3.3780679626981476,-2.5191662961098316,-2.0604951955271367,1.0083147893880835,-2.5847891844733675,-2.5576269919427723,-1.8263710008302636,
-2.0065257954920948,-2.0361676686302745,-1.783201154433346,-2.5271174136900623,-3.4350204580615324,-2.5563032909069543,-2.172216210998965,1.4497161476661338,-2.840559232060966,-2.6805847153429134,-1.7024287138479877,
-2.1563392359704094,-2.3715870278754134,-2.3837026539591606,-2.766227303661962,-3.1167814329753,-2.557111473373288,-2.3177454234300647,1.1620356986040248,-2.4782894809060325,-2.40698689970228,-1.6733295101785046,
-2.1798365233918786,-2.0967888819850033,-2.15427840706677,-2.9022590551753176,-3.4208586407660806,-2.5013026355174017,-2.2087376669053698,1.0711311549073206,-2.8576472724859916,-2.639703452177143,-1.8461358095496971,
-2.6020490615416465,-1.9085903247171525,-1.917528157580614,-3.291771836121037,-4.257004548156465,-2.7781390218759703,-2.1159856600060816,1.3890119599182744,-3.050324621524006,-2.8205383442741225,-1.8038154871713028,
11,12
-0.10206567242475693,0.06716517036188771,0.04735848194997852,-0.05420620510448452,0.011588202595642035,0.06813608219040564,0.1945307557844629,0.010837809430914608,0.1607448776078577,-0.050782194285538575,0.22074431522755691,0.002972532168158001,
0.2379103455391833,0.2118376899810217,0.19961601286822359,0.1464994294134788,0.02479181155743313,0.21048751930989107,0.29494614179776574,0.30704182622130205,0.1936654312920983,0.23780628840596463,0.20420959552205215,0.22605553736775577,
0.4194707484396892,0.41345386317435573,0.49421024967975286,0.4121744505822091,0.5315659730591159,0.49231755183795817,0.4955413316845387,0.514138897155976,0.4835374031455698,0.5284901152335755,0.5680023589964827,0.6023402427321776,
0.2986252202947948,0.3236956359813933,0.42689082357912894,0.2829252308486178,0.3303154249372518,0.33339277442467746,0.38089735646872286,0.39220986928401547,0.2777915864853154,0.46018427692417213,0.4764449370359295,0.45776339276715483,
0.5665015797234945,0.5034627048544762,0.5454786263705562,0.5498975599569274,0.6011334757401066,0.5667335122737013,0.5658333650231261,0.5883533134258749,0.6027154989531789,0.618665010505552,0.5942613417845373,0.6010031393670859,
0.03297254398090785,0.04547467054659548,0.013142096028974608,0.11652405531113162,0.1785509050699192,0.26447301170125753,0.3449624037901653,0.23956816132979436,0.19301344068410828,0.17648503478102803,0.4156773556004787,0.13283304916509137,
0.010267944075886467,0.1280010012309331,-0.2192865813424139,0.19587313403023207,-0.04872883822629517,-0.13964072474284203,-0.06025510414899063,0.13861103998036592,0.16942406884862346,0.22920638893399414,0.045729334329976466,-0.22069945842144825,
0.6728683858849055,0.6079075354239133,0.67867405765589,0.6585376088011423,0.7014380229119294,0.6895169246460486,0.6972710273122418,0.7254422820042429,0.7120639612029168,0.7418037020959974,0.72369254254632,0.7410627709623068,
0.3026951335361697,0.2665590885504491,0.22474026192691568,0.28126201396126144,0.20201259898695656,0.1657668350404377,0.3159740708519434,0.3652132682400881,0.4308684919375046,0.3119859220891758,0.27998402521405036,0.36999351834520905,
0.496223069292428,0.3754546879139306,0.40519459398301483,0.496600184455803,0.4771084648782349,0.47696554470032826,0.4158419648862435,0.46159724060409785,0.47760333526599197,0.4627081786143031,0.3954112107957018,0.35646124079755415,
0.32155247882812193,0.25881132300529797,0.34448055234810715,0.3276949868993874,0.26619404160116494,0.23180036158572304,0.33802573985925993,0.2597439617902247,0.33813313832753916,0.34625053769479297,0.3579704662443354,0.33098960163707347,
