# Pesos da Rede Treinada TxH=  0.2 TxOut=0.04
12,24,12
12,24
-0.3860565420303793,-0.3676824927716704,-0.2293348762369028,0.503340739268672,-0.07210490327091765,-0.37430835421890757,-0.5916176513616119,-0.4468565936610476,-0.529700199138294,0.21450976942811223,0.20423875166719127,-0.057988434417805816,-0.19997154368483097,-0.30788622813344707,-0.38912312894951273,-7.809628246738573E-4,-0.011135776282100818,-0.0011385672717183627,0.4449420094954646,-0.44025240040685865,-0.138172202172617,-0.1194874377426016,-0.24735786823782674,-0.1397961587652415,
0.43152435441111275,0.5638848303720528,0.5931564047928026,-0.9421181338714323,0.13703294812034936,0.4142355394668418,-0.741580534091374,0.22520336952292164,-0.598171798753756,-1.242796634404224,-1.0607877217251904,0.45035305268834463,0.05520878884137346,0.5821307911426056,0.029094445788717435,0.4687987943602409,0.29285587903500565,0.147953034361587,-1.3787194484478942,0.38238826647400603,0.36968464750539337,0.10956891174539087,0.2584008297098477,0.5435194275065314,
0.6700113920783712,0.5488585008467696,0.6588657718215324,-0.5293385614757795,0.14054124541186624,0.27678018199121124,-0.675362939711299,0.19612550862080455,-0.41500831839858515,-1.2204489647510353,-0.9623937774584503,0.3463511494389989,0.11569102524262087,0.5540238628136754,0.08026736336288684,0.17736982619616998,0.09663922239301635,0.27573733368829667,-1.3424688935144111,-0.0017300988084256784,0.23259661491117786,0.1390593387154542,0.5582475075587406,0.494804766884549,
0.30064984200328493,0.470375286787928,0.0946373638842473,-0.4548791840222768,0.247640566175906,0.4217502214131156,-0.6428006796972359,0.16214735779480935,-0.5220847382807482,-0.8913512945684532,-0.6175309147773457,0.11485190615305459,0.163132441820596,0.24444440405208182,0.03449842568720981,0.2197790866462627,0.03510618172348661,0.026719857165545775,-1.114460648413088,0.25174804542338136,-0.058818312590464564,0.3548803822048911,0.28471132253111225,0.19300557338133964,
-0.0014763023081533152,-0.05507050904355815,0.1403443306886656,-0.05761733097379186,0.13991825667619437,0.21321902427225004,-0.7147826814132614,0.082920899089826,-0.39991593052775126,-0.29473622519771886,-0.47039941588034206,0.14202927470856017,-0.2343792635486149,-0.09199008521354567,0.1289401321411723,-0.10443024210681903,0.20027386088308902,0.015353098394917969,-0.504518220256735,-0.22486718250807364,0.2758351187338244,0.1622107535071181,0.059823034456134724,0.2802452897442101,
-0.4274915195480459,-0.3091335390550297,-0.42257559037032055,-0.011343994537395551,-0.38636288065595237,-0.42711633232639185,-0.5333954750984147,-0.3036846998338821,-0.3144907255026519,0.3327351483486489,0.28245608634910496,-0.23185110322878985,-0.39033881832864786,-0.2971511076401546,-0.4168305960368573,-0.5050845276441591,-0.2300387797061721,-0.4838620798261589,0.5202297104436828,-0.14964192108759067,-0.3671512956511203,-0.4446875900831967,-0.6274197971126642,-0.3965312552542918,
-0.595050428234521,-0.44274358092924104,-0.47645730373869205,0.5214759841735603,-0.5249099188871598,-0.5930912974901419,-0.6413608141955728,-0.6934802949290695,-0.6032796628008799,0.9031222319693369,0.7919668713550342,-0.5061003989263537,-0.3278476667626666,-0.663731213033547,-0.3463719744904323,-0.5732710356685796,-0.5643730593479274,-0.37192727299208017,0.9953197455993058,-0.34194521964120805,-0.5608937618224903,-0.6938804699789081,-0.6042990841025582,-0.6301694806293241,
-0.22008190926160998,0.0031151705029098097,-0.013562613884753197,0.0630510348414871,-0.42765212801678393,-0.023689317984116658,-0.7321006830134008,-0.21271207680328102,-0.7236173468469341,0.1638190662821867,0.20599337927832795,-0.14312548845375975,-0.5403445582392985,-0.1086511646715913,-0.2450361029495569,-0.05512747134123513,-0.19105807658695526,-0.34147219240509963,0.08257453771930665,-0.09836271512063677,-0.12682964965874324,-0.4549922504371014,-0.2737525888557002,-0.043554344898509206,
-0.6586358388720196,-0.7649185842154156,-0.8329595296281241,0.4716081139113102,-0.2706590216322512,-0.4291885709753462,-0.3701152427845286,-0.2852830854992802,-0.5393185071555582,0.7658189834740381,0.6763699625285015,-0.6853409489916165,-0.6268425933748353,-0.38897068028618076,-0.561108856250153,-0.4194691234910322,-0.6047578919900951,-0.7757227868584227,0.8983841081882119,-0.5645468866473266,-0.6389820494147075,-0.42697212114415,-0.7716690589320517,-0.6663007920033344,
-0.33526764958308175,-0.45119518078411097,-0.5560253694887942,0.6591667655583604,-0.6340703580889568,-0.7058668716518645,-0.392232909995053,-0.4502348332682044,-0.5232445985140521,0.8817230907427859,0.6193412604448374,-0.5960615667139528,-0.36823421194586625,-0.7510147409126444,-0.327042051870324,-0.6935799818739617,-0.7990598202840269,-0.39882103630240834,1.0405071860544575,-0.5677244590348134,-0.35894617481490393,-0.5282239670948198,-0.43560120649208,-0.755547104173062,
-0.4714573170278863,-0.7710162636844891,-0.5936193071774487,0.6182948177986302,-0.5733471831798043,-0.7118641087498068,-0.5968131260914761,-0.600820556064339,-0.48471181965012056,0.816530205081291,0.6900184412442023,-0.5715209581338483,-0.6101797938291446,-0.6908345703237728,-0.4988052606463821,-0.6282572764728639,-0.5499407961289675,-0.5249710704142212,0.9843172849081735,-0.5267376503997578,-0.3610191981507462,-0.5568747410161313,-0.36461855670659216,-0.5847019320002435,
-0.49660732162490073,-0.6997057894911648,-0.648532212901781,0.3240803776108542,-0.5542608518481132,-0.4977667186499085,-0.632311067007689,-0.6037706382071212,-0.3463170799468029,0.7149670074881019,0.7224830898199476,-0.5855162578111531,-0.2530919559833598,-0.4815746644071721,-0.3227666874828968,-0.5798042075679773,-0.3820900566863914,-0.6480578126197283,0.602027549421824,-0.4008017642091766,-0.632755939774712,-0.5920113888407874,-0.3358770338496573,-0.48315171696675263,
24,12
-0.2090679389380319,-0.12648578324638368,-0.12442531829521213,-0.031821704416385016,-0.029193645276373355,-0.26246118162241255,-0.1279641898060078,0.010818252304050003,0.05289180790715422,-0.32052204681358853,-0.05873333732824239,-0.04668938066951789,
-0.21428749918482595,-0.1371040771246921,-0.18774726572413825,-0.06406319344602565,0.08554295212844441,0.14780740950268112,-0.004566472555265724,-0.024734831507327575,-0.23082425543824764,-0.33533323481902677,-0.15415425163020507,-0.13161125607159682,
0.0034452853697312154,-0.07333093756586911,-0.1387880691933333,-0.1261632942517892,-0.062026248919328175,-0.13260500825621474,0.008611585508069963,-0.2067303807489113,-0.1271607451260257,-0.2238310883392644,0.007367329959699253,-0.26992997329239937,
0.2485322892191869,0.3110765876070149,0.35799461489204554,0.4182354670769025,0.109212619261527,0.042521465424060725,0.15529570795087028,0.13553323431422284,0.30347153256955955,0.27998539989678434,0.19160568515870277,0.2961262464890922,
0.10275909366159962,-0.06703486165305081,-0.025690174523215144,-0.14672887029548656,-0.10862287649698565,0.15501336994967754,0.10239177986182443,-0.08565288486426555,-0.2325181316915133,-0.22555320904021567,-0.05580983218262952,-0.22935630202772186,
-0.002369734063392533,0.18574544001350635,-0.2712201002870797,-0.2898282678472557,0.12394155987465671,-0.2857856303442966,-0.0326894423445182,-0.03896115559687525,-0.1515529787742849,0.023931080932571378,-0.050727298402524906,-0.33839619977509267,
0.2550428716202863,0.21482512163731668,0.03866662893520001,0.24748249618449947,0.0566561775498295,0.1676152243322508,0.3409660359611104,0.3483579097049185,0.4136893164669974,0.13185285402317037,0.42484697861373444,0.22223189589080108,
0.09602786830836915,-0.11952397668984632,-0.11515925626113858,-0.15386150559354456,0.027986238822592605,-0.05827142691983933,-0.12246067162819334,-0.015940044615323702,-0.22712438035914057,-0.13497669210263158,-0.2600145307328824,0.11882523956932052,
0.0027470735449055448,0.028292890717527032,-0.06904851464222542,-0.10122276910605757,4.6589883262909926E-4,0.13926793451757935,0.2863790829810556,0.12785895587722862,0.19833143046672558,0.3151743187140161,0.26893878986270664,0.26880558704418794,
0.23996425623144593,0.20738962018069929,0.15373225727994536,0.30138879840119515,0.34489092067597876,0.4194243135483262,0.4701024688297412,0.27014680366919447,0.2200689595655788,0.39397602585103647,0.5715681839199215,0.21431701351957297,
0.33245893317379416,0.40779072214809703,0.24129472987925338,0.05466080378131591,0.14990283030985516,0.28718004742115383,0.40116150124987765,0.3229606153255255,0.43128466570104834,0.2711812753090962,0.42553311490176804,0.36876470616707996,
-0.1199910311054487,0.0055062903998239964,0.20940862276176864,0.16600528627260727,-0.24594583419653154,-0.1487647885414782,-0.30315683249523817,-0.04660305646655021,-0.16962325043628249,0.049918392496580775,-0.23641592231145223,-0.11415320605905131,
0.034034308927195396,-0.13345724651760635,0.03969395475237265,-0.211094415213638,-0.08833808595854012,-0.19352806472336445,-0.19411958620893735,0.08955198373143175,-0.06018682781123212,0.1328524024125114,-0.1085531066255581,-0.1094834639060664,
0.022863970776363818,-0.018047619474092853,-0.1417071423167673,-0.013353466864212727,-0.003291888258687717,-0.22395683315919745,-0.11885459247966232,-0.3067702698003751,0.08298144835922885,-0.18665041220714465,-0.22611050675444277,0.022430105962922508,
-0.23494803897761957,-0.009009302812267332,-0.015761064568021014,0.0425482097355481,-0.040988448552991934,0.06876521375824705,-0.10104481587802153,-0.27439066545514,0.19998668339079737,-0.13466791090381125,0.13872760233091141,-0.17495309323410685,
-0.29081919744676193,-0.129482327873504,-0.0142496958902011,-0.19228310541145072,-0.313153529743392,0.1604708713696948,0.05772065258553058,-0.1699535711753896,-0.010377269346177614,-0.07393259797362087,-0.07348627120097848,-0.2515080954179878,
0.16408209442574773,-0.16345534068004872,0.04376460432370848,0.12428505005495868,0.02968359104570487,-0.1602187655261161,-0.2687007774256616,-0.13315148244338393,-0.24244298773150644,0.019662183293489538,-0.025188750876429,-0.23690271656491746,
-0.0031526510187339487,-0.16092765501165565,-0.1754508794271963,9.899634807122248E-5,-0.04712807698867265,-0.08489443921131057,-0.2389367931208775,-0.2733486268534657,0.02302012912185628,0.13639904519247584,-0.11914383685970192,-0.0735942201688722,
0.442828689846464,0.12775797049467846,0.38800655633211606,0.333451587212781,0.5716521532842394,0.4465244152007845,0.2551077836977948,0.5576648994874858,0.35612721432398237,0.4427063490815548,0.1548351492883987,0.43399634247105146,
-0.19248160639028655,-0.2617864675070938,-0.28552399007295987,0.11708073249583055,-0.2879944455297619,0.0932158126566891,-0.12897393184236475,-0.08018374817851788,0.0150371074796264,-0.008993933455502099,-0.19286204922186376,0.1505638227042555,
-0.22364945862584157,-0.016863024004336015,-0.15502648077335737,0.08687507502062347,-0.03452496605750702,0.08827413047956877,-0.05227661759647821,0.03608356719637328,-0.1988774775118848,-0.13784215600698496,-0.157706585895256,-0.025868520655967932,
0.10082254457232395,-0.10696732611191584,0.12317289021798836,-0.23477801294762052,0.12153003578335965,-0.17853154143623404,-0.05181235543646473,-0.01102895616380633,-0.26359345525598776,-0.07597421865543841,-0.23911549807622415,-0.08896270618073528,
-0.27901783897036053,-0.015991530001227276,-0.11998746195939637,-0.12259702594117497,-0.14947425205469664,-0.1755069394182437,-0.20228633967481344,-0.17190046680295262,-0.13587670346432915,-0.08233137976851802,0.05279325593546367,0.11975575770714526,
-0.2851263350133515,0.05428316891041195,0.15822375757421625,-0.21927199087965682,-0.30809138161031935,-0.2776784993125526,-0.0072427198855164274,0.01837792563256211,-0.10008925923215373,-0.20794872692919503,-0.1222636877100456,-0.00914009014239775,
