# Pesos da Rede Treinada TxH=  0.2 TxOut=0.09
12,14,12
12,14
-0.3741398208022646,1.2123368043636344,-0.3542366722730959,-0.2540533182084323,-0.3525371290502525,-0.39579834162730937,-0.6090066018004742,-0.4228450370252236,-0.28476716130561985,0.5363873219272839,-0.38862867077286706,-0.7105920094742894,-0.6787274156174393,-0.3823257329878696,
1.1317686620483014,-2.362028904893148,0.851962626933784,1.107483297272694,0.6060542948692976,1.0057162932606627,1.3411294476629942,0.863279043509624,0.7365651113952282,-2.343194814198024,1.0773124398451606,0.6373726586584799,0.6927585119609939,0.9164549652325685,
0.9129586953806501,-2.643262175026521,1.2198832549652083,1.2760060472743404,1.0732423887265459,1.2711808862465852,1.4027522384458775,1.15725236169537,1.343991517965671,-2.9497024458618246,1.1983987392658224,0.8576472265050686,1.2013473592860369,1.0778611919962082,
0.19568120241592252,-1.1187927755608482,0.38943505426944425,0.15671514141300577,0.14298067563069458,0.5076395086295977,0.22327366806138318,0.35097931824862066,0.22466216280667903,-1.7732090232361595,0.09190641368878287,0.528027378255014,0.16470815783255696,0.3017651528552822,
-0.0042819717029800135,-0.08521480486925531,-0.2452550816624194,0.11324493076471881,0.05567264332148202,-0.17523371044399524,-0.10867201580444247,0.10137950029327934,-0.011230798816287973,-0.5959922975194074,0.09846103959930039,-0.13184137675645188,0.0809246072105033,0.19118558924689602,
-0.5631104298989684,0.9994787237751974,-0.5873616516179694,-0.7313314778534554,-0.6156864000446407,-0.7515326894387212,-0.5566451380112434,-0.33739696738416514,-0.4980858213601741,-0.14364117709264396,-0.4910223330973813,-0.46084008813678357,-0.41222200817147153,-0.5804628950041638,
-0.8396736307123476,1.864336121541412,-1.2539073423598053,-1.03408314267756,-0.8713216272313328,-0.993786938619208,-1.1880784801587667,-1.2540517693779956,-1.0865027750489253,0.7069617733034357,-0.875611812628201,-0.9306053552545475,-0.8268664605760091,-0.9458002260448355,
-0.3043932945358301,-0.6239441754217089,-0.14725908936900006,-0.17068368331057007,-0.1720846800484826,0.003146534839329144,-0.026823412046607053,-0.12879354176000837,-0.05494327877528615,-1.4578521585473616,0.0734766456349502,0.1583766707285833,0.022349128149275414,-0.0086654007634494,
-0.7061503284255729,1.4180934304452808,-0.6846275873028181,-0.9287419869042677,-0.7325526058844393,-0.9632562235431514,-0.6099204531152144,-1.0191044613870626,-0.6311434795409115,0.022194978568768783,-0.8884338414728158,-0.9228021151110757,-0.8493833386013672,-1.0460793172209149,
-0.7193142401680432,1.2199123578107016,-0.66476958591365,-0.7745147756351306,-0.637350666366726,-0.6795125267149279,-0.9368419113321982,-0.6791890739532871,-0.8699683584345448,0.13843082455606107,-1.0428197027588735,-0.9319535855582752,-0.7076194408264225,-0.9846522882054399,
-0.8363214200791056,1.3914101034523296,-0.5685232262238221,-1.0431164255981187,-0.9160874919750793,-0.8512200355287216,-0.9808641807235476,-0.7468733177332194,-0.915541416730893,0.4338480974874997,-0.9343011892178547,-0.6542799371964514,-1.0547571117891252,-0.7982687760797352,
-0.8422245174903785,1.0834815020282158,-0.8367777545871665,-0.48713969299002846,-0.5621809515631238,-0.6674834264398454,-0.5501329158280328,-0.6965856066946883,-0.8432398045284248,-0.28958878622299494,-0.6653195563951351,-0.465067662318486,-0.5265147387308747,-0.5194970808344019,
14,12
0.11976199575784427,-0.1894667488710997,-0.028128507133286382,0.008333203123835516,-0.07137993110169191,-0.062396040509400584,-0.28269575741847597,-0.32687421536493316,-0.1601951238970088,-0.20323529047972375,0.1605592511948374,-0.21503627072515152,
0.911959548420082,0.8047381394365121,0.877594663736956,0.8586116622473569,0.9229381331122435,0.9508426854051728,0.9866804912113583,1.026319599145565,0.9991216676296811,1.0842394784558071,1.0219512099962424,1.0218234363239305,
-0.027311575325560396,-0.05016117673615286,-0.012307795210638019,-0.12597913337531388,-0.06375101712894966,0.043586782946621605,-0.09459779395064662,-0.06919325034341503,-0.08285600920610009,-0.31473884544346264,-0.308378768654703,-0.1342947203748619,
-0.09086017409491425,-0.03738494822799984,-0.16713769453661573,-0.09332279694398937,-0.14703362320964775,0.00887294393184572,-0.08846173821885345,-0.20808652900260066,-0.058492000647745526,-0.05274913286083631,-0.16266128569152596,-0.4120729334515474,
-0.2526446336817265,-0.33587661706716637,-0.021054781403510036,-0.20190657358771397,-0.1285834814653716,0.13588394780047244,-0.1207105603399386,0.05239622662243732,-0.2740089112892444,-0.007068307638292605,-0.1712143156711897,0.04099192407243468,
-0.2832416778216938,-0.0022668745309728762,-0.2167172346952674,0.03208661034453497,-0.13208727142468663,-0.2101070399413791,0.05360170988332367,-0.11966601310503036,-0.13009072222323148,-0.18516108520845065,-0.2909802047407818,0.010554909430616044,
-0.2095859877068497,-0.1045602932017325,-0.13776251371665718,-0.17154093130362938,-0.12716492042875113,-0.16763155399385335,-0.37805808473338287,-0.06548090728504449,-0.3583277922545052,-4.398698917695205E-4,0.05911405668759584,-0.07964002119840921,
-0.028570635875406876,0.1396168503891119,-0.17427901346547953,-0.0505270065669846,-0.18287980290401487,-0.28799386443493086,0.0123109937070292,-0.271829891071307,0.008311424769314379,0.04726136993409168,-0.34273849608862633,-0.23210108304861388,
-0.0094964860466226,-0.23431740163772036,-0.2706260700192665,-0.10027333307566892,-0.1448631112721413,-0.307252932623329,-0.2522071116012526,0.05786948490890682,0.04894038435353011,-0.3125243477358734,0.06085484070587395,-0.030204877331007535,
0.339930562206094,0.18229503994181948,0.08386088709467836,0.1098911591048456,0.15034361852007017,0.36950626474242154,0.49126194936522555,0.4885739701125336,0.6156261287993535,0.61447720637155,0.6241936663766553,0.5083166318310324,
-0.14996634379793652,0.052953532648267895,-0.060789409791192225,-0.04949507367557864,-0.10887754519640835,-0.32957609347949923,-0.15308623558997952,-0.15377596104696112,-0.1743775152889583,-0.28143862059350905,0.04258848481602722,-0.018070847146431056,
0.08129142008279641,-0.21617525006655108,-0.16829509012078964,-0.19196803050583372,-0.039065049915131406,-0.28288410882406295,-0.1861679135523011,0.027386267714197526,0.1811932637039755,-0.3615195142254322,-0.12707126257054507,-0.016628888982909817,
-0.1463010079216716,-0.16530219407979435,0.15932045664602085,-0.0747076315835421,-0.09930526112103438,-0.07829325596224389,-0.09769563852047,-0.14346918064418654,-0.17080239562095373,-0.14542427220096069,-0.267920766617689,-0.010417319001612196,
-0.2673114641031985,-0.08120375639954096,-0.09540549409903591,-0.1384734764968826,0.021211325847780692,0.0271683013517796,-0.03492004154587207,-0.15241805428243263,-0.2851464570262272,-0.03463323890165101,-0.11419905992185986,-0.2552728086907884,
