# Pesos da Rede Treinada TxH=  0.8999999999999999 TxOut=0.07
12,21,12
12,21
-0.5714263280160207,3.2577075701638862,-1.2791124613567968,-0.6693192963978233,-0.9630304824918625,-1.115532024763084,-0.7163667132760709,-0.7772316062998454,0.10359750532378735,-0.8494782290252754,-0.9411965234252108,-0.7971246172614292,-1.2846095113101308,-0.6606923982193829,-0.9740643497044048,-0.7567924950867262,-1.0817497264086366,-0.9277035253520269,-0.8114591000139267,-1.0154132634784419,-1.0840127949732814,
1.996926684432679,0.7886478703565777,1.8781560674175808,2.1216643172983285,2.148148913985746,1.9551817442466959,1.6682140309025566,2.040136105411463,-2.197080317705756,1.9217919264832428,1.8643781516225497,2.092393183169685,1.8956550156207943,1.8138687821729624,1.9380454443615254,1.5167797579541855,1.7352733866065642,1.9377146747539276,1.9468740745645423,1.7202186023943327,1.6854829559426834,
2.3031802022294947,0.4281807956385338,1.8506822372033669,2.244331837735213,2.0134299709611967,2.151807342324786,2.0770065591997393,2.4170575301027815,-2.6027115521627953,2.1863041130180196,1.8658109058707588,2.2498188664741274,1.9715191371684975,2.0341447792962706,2.2516134568039208,1.905469942914001,1.9597927104778694,2.088099038190598,1.9111286462106722,2.0914273696133043,2.219184519707531,
0.2065860552779389,2.3731087772083654,-0.23742077712739287,0.002124304785823372,0.08271958975687776,-0.005130073673554942,0.11570322889127137,0.08438033408863711,-0.5598249833562963,0.21984613259125235,-0.17249545241439562,0.21385065800585487,0.1278780478267041,0.26172902387209673,0.20660212158062968,0.11325210945589738,0.34826800339664876,0.21918069798971226,0.0845052358369419,0.2685020315950282,-0.06489822546672072,
-0.6908928089848759,3.1423924041686515,-0.7679312376486911,-0.473362838874634,-0.7461861889705228,-0.3671264818527124,-0.6123810926455143,-0.9274887854386533,-0.0826663038062865,-0.8170070274005267,-0.764871655103314,-0.486236320235441,-0.8212390976677673,-0.3403855995618545,-0.8671174556169672,-0.7355262231671535,-0.6462061116311987,-0.4002704871791955,-0.6039875124344709,-0.6072276630453536,-0.5848466795460308,
-0.7461705417529868,2.8097834313977583,-0.5815022605099031,-0.6709748424273291,-0.6559227332856239,-0.8676974071739533,-0.7348046538603635,-0.7701804355413622,-0.3811186330377991,-0.8788156321204217,-0.7077784335395387,-0.5235875330274588,-0.575269732901266,-0.5043963442932151,-0.7458233743253739,-0.5354669668659884,-0.8565315141761642,-0.5976049104767316,-0.6805357010120542,-0.8078167570077788,-0.6974007312359286,
-1.7779530904104044,3.7068070162833626,-1.6717024038979724,-1.7592249619127276,-1.976194874074622,-1.6987676664009725,-2.0461051247932627,-1.7939728460945734,0.6552766882519772,-1.9355033994231299,-1.788426852607393,-1.8749139583504677,-1.743650536882738,-1.8866332001580046,-1.9267995288211377,-1.7740952601813131,-1.7574987246296825,-1.7876385676481032,-1.9039198838370295,-1.8171943868675258,-1.862849873263222,
0.589752465936856,2.286387145462666,0.8706715550451452,0.4989731994200439,0.8137165777087039,0.694859319139861,0.7479014625781869,0.4800375711588621,-1.4672440443294277,0.46302221327700277,0.5281138195434831,0.5902689068890574,0.8273887920680203,0.3103130606041495,0.5861004297431333,0.7375658756021736,0.7148943272716084,0.43005164919713057,0.27629120675173185,0.6920617108650741,0.8390734194098752,
-1.2225261573072437,2.8498310909627906,-0.807541292269186,-0.9920450840616488,-0.761612370097019,-1.0349032178198023,-0.7131295204044349,-0.7638708634762211,-0.5808707333624075,-0.7156722178548328,-0.6663865164485536,-1.2349053298814088,-0.6736676825579595,-0.9291034306918631,-1.0003756629239187,-1.0502362957236973,-0.8585674317192921,-0.7433390940079144,-0.7159775096859228,-1.0152472142891011,-0.6719374437491544,
-1.1811251391605069,3.373027525504533,-0.907807138711881,-1.1323861933815742,-1.05844933497745,-0.885658311724503,-1.0068410342589544,-0.841279838335702,-0.8539042075119972,-0.8571281571820297,-0.8136456252407462,-0.8091115642820623,-0.9258173578737712,-0.9485999610824493,-1.1194804638627436,-0.6888034136146327,-1.0491249318277902,-0.9933976526297352,-0.8771228045771832,-0.9462204185720431,-1.0037420753876924,
-0.9192509630373502,2.9099476216475435,-0.6084280192404602,-0.9644469787736483,-1.045191594398792,-0.7226620732167333,-0.8764981863877774,-1.045475915122901,-0.6634644350565653,-0.7087445807730793,-0.5493109242595854,-0.9345137181561234,-1.0518180681015352,-0.8372344361703545,-0.553569189771282,-0.9414308710661151,-0.6540352769356078,-1.0804442570782593,-0.6785506631492404,-0.8444006473608591,-1.016477154874476,
-0.6422088189154942,3.251233227812481,-0.7151480359864516,-0.9555864221455631,-0.6120414390746306,-0.932268590780674,-0.8354078976537893,-0.8121352136362562,-0.5159181559924351,-0.9675510894992829,-0.8375497349812684,-1.0023850041114117,-0.6655591669850583,-1.0287336788247656,-0.6880212975971434,-0.8521238761379933,-0.8034151293023777,-0.9444353016414517,-0.8239390810984143,-0.5956425426856266,-0.6944532532307168,
21,12
0.03865868354746548,-0.1474731921885399,-0.03741820328170207,-0.06865656211181193,0.002042816624571756,-0.11144316666893124,-0.22046568661026777,0.10206200958825626,-0.21375180242064235,-0.19228858400291882,-0.204471320634689,-0.22682197251685873,
0.9412677577671049,0.8021259110178837,0.8783957786486909,0.8610144999002745,0.9250674658416292,0.9265169244016798,0.9676927079672125,0.9903235721705275,0.9922980106194068,1.0347478145261941,1.0124993303953929,0.9970047711637567,
-0.03412412899821388,-0.20764447633622343,-0.27364752895776295,-0.2980867844507907,0.0366748184812441,-0.11495291250938255,-0.0839352499358716,-0.135038441350471,-0.023046455193795945,-0.3274811432630929,-0.19108682819106632,-0.07916800242081963,
-0.16046112201104418,0.004084569357013386,-0.11901470509760262,0.06198113420679522,-0.14156520395060818,-0.3003308824632326,0.010481283235615117,-0.13645816790082602,-0.1941546078875173,-0.1323273871616377,-0.19742134852058002,-0.05087414920210664,
-0.19092957938662805,-0.14353034469568943,-0.156906111253737,-0.0754931937444169,-0.015341538650398171,0.009376809222081775,-0.023625033632065796,-0.12352458531709325,-0.28885705729625377,-0.15440236793509746,-0.2171704455608589,-0.11704981562712165,
-0.11072069415320182,0.04106898817766924,-0.07561789501595022,-0.1311645639132237,-0.10267296448645415,-0.02663446550543144,-0.2613051070837112,-0.31369914940760874,0.01807955174328683,-0.1919514408861373,-0.1722124337526515,-0.09283161328059801,
-0.1827875176813443,-0.20098283869447256,-0.15398565919178733,0.014684075617154537,-0.09392595984977899,-0.19119063940246506,-0.1622722205657895,-0.25813709454176725,0.03661302607197289,-0.2914376947097089,-0.019627842062969542,-0.060449938549053714,
-0.32634780359326515,-0.11006722369794417,0.024070130172911895,-0.0695479776558962,-0.12074422633869815,-0.10807995914649655,-0.20962115757950853,-0.09483202850822961,-0.169970724057179,-0.08036040622099352,-0.23429388338644236,0.039013972172112756,
0.43373034445245456,0.1799210947422552,0.22066976294923457,0.14852109101717056,0.23780027295049436,0.5343796555811304,0.5630463980228001,0.5771532314104751,0.6752072915125296,0.7163917255447555,0.6994631865541977,0.5896853486997293,
-0.04953272127620817,-0.35779259399696367,-0.028612587301885626,-0.26660273753362745,-0.19159211927371703,-0.1720482170711207,-0.04585837543752172,-0.11159797215877386,-0.25921538294055607,-0.09822426924997223,-0.06277207071841959,-0.09548375595221915,
-0.21650103906927204,-0.10642801804292897,-0.1725133100104466,-0.2808932526031856,-0.2677737886539229,-0.006611359296260257,-0.04005633283705439,-0.14194512960240369,-0.03791341993519832,-0.28471891382825676,-0.14345337470015707,-0.006484758111782796,
-0.14510406560885494,-0.12022489375191639,0.1440979184685714,0.023531473829193822,0.059399570698526374,0.05367730821880329,-0.20562812942972963,-0.23925816589941254,-0.23081032189421805,-0.16105213872249957,-0.11726353921515753,-0.2147654607739796,
-0.12715982573338708,-0.03525297206313291,-0.28568320802570335,-0.08161884715507371,-0.23957451094380725,-0.24424406395032613,-0.18304748037775873,-0.191993643260726,-0.17610763687827802,-0.17777709922142113,0.03028663176194006,0.01918046889872296,
-0.14739539374645796,0.07652327162552831,-0.047745473255267484,-0.06578894224209156,-0.08328584503013758,0.035835373823983364,-0.09948335426712339,-0.08260666580135305,-0.14931961336513652,-0.20751330635137144,-0.2418944929618047,-0.1631535842785193,
-0.21344169205861988,-0.21343617078222843,-0.1063882664890248,-0.1979529671154433,-0.12569561230411805,-0.12456742536500497,-0.15436764872623093,-0.010679454631567407,-0.05079460239674375,-0.058212892952533075,-0.16110937093722194,-0.2576745125992606,
-0.01166863388992083,-0.2427189124083982,-0.30154027055720206,-0.091767552021325,-0.17786592303905824,-0.1876363460417447,-0.23228298265620467,0.005590295016393896,-0.04301523351111964,-0.01775206964592494,-0.18024593190262764,-0.19819083996797698,
-0.0207406164451808,-0.0985596769664419,-0.23181663726934798,0.01784531680708967,-0.09652955376184685,-0.3094658452114073,-0.02692425939592639,-0.21706200219600044,-0.26869541823306786,-0.004398274494458991,-0.03428775811294117,-0.25082312991489664,
-0.16533892283846585,0.06891357035280207,-0.07494498816682386,-0.011909134477807181,-0.180971425078035,-0.27974532191916074,-0.026505098734865732,-0.09251537555492606,-0.0377907578626077,-0.09016917764690395,-0.2981238385640978,-0.16461834235319664,
-0.17681610869041242,0.021132078943232435,-0.17728166373830498,-0.09552496236438623,-0.22290973373545897,0.016333829030912326,-0.1158365618279131,-0.12300880696843006,-0.16443067118016666,-0.05742189343370049,-0.1473558385308588,-0.22239171593272639,
-0.16929518862644058,-0.14880724243706178,-0.023820776398072493,-0.18770560577417336,-0.1624456302991895,-0.06533221595178329,-0.30493707423763144,-0.06444715558829917,-0.2240821720129042,-0.07712954441375285,0.07652099053968538,-0.1840899873881804,
0.009939085930795483,-0.024710923842726665,-0.02977644848905175,-0.26386677715321116,-0.13433167533494436,-0.2348888244360036,-0.09824424373688133,-0.2944016286158759,-0.09270528201322127,-0.09166850861554444,-0.11786768383361165,-0.19347164659503063,
