# Pesos da Rede Treinada TxH=  0.7 TxOut=0.02
12,17,12
12,17
-0.4117588298777322,-0.7631840173450952,-0.40269178097483416,-0.47124320274031084,0.8835082219825361,-0.5905556613821576,-0.5445528375446741,-0.8405742469289813,-0.8009495232454372,0.6036225881723541,-0.3489686856542792,-0.6938713600565345,-0.4853550426821253,-0.605546326077102,-0.9838574317569354,0.4374935682765389,-0.6007017509956665,
0.8922688674595508,1.3413110874907657,-0.42679387860498325,0.8823379761469939,-1.7044714810838664,-0.5985552103306144,-0.7287648957181276,1.186844130359515,1.35767300521517,-1.7563047445242697,0.887341537672911,-0.686027134708079,0.9806819070225762,1.1919397458604324,0.7649275429293567,-2.1700198123459034,1.1011614493431683,
1.0955516531347467,1.1240549713517927,-0.7826842435522171,0.7571147454469682,-1.1553047573383994,-0.5746078730358286,-0.4042940530126888,1.079134873971131,1.151795434613202,-1.9640746967413143,0.8335820530820618,-0.39303479589278023,0.8530391718219044,0.8853378475338616,0.9353748363045223,-1.8942071438678725,0.8179443859937142,
0.08231542868507093,0.1251839788449681,-0.7840587615147964,0.30312752621062866,-0.5021135426170542,-0.6165565815015221,-0.44624946378939734,0.2767604127106306,0.23742605719800067,-0.800744165657479,0.290782151173169,-0.4242095626142341,0.5036880158825539,0.390224638050501,0.24628870391334481,-0.8828837946387835,0.18562958030577198,
-0.16791725834257387,-0.2931535343287762,-0.5905092539516417,-0.541783349059373,0.20981547615065768,-0.5277100584033547,-0.6957389222950752,-0.06843796055020351,-0.2164772919431846,0.10430103822433658,-0.18663452760637433,-0.6742944950067733,-0.3530897670616851,-0.1633827666870601,-0.6932966384334648,0.03735537652564877,-0.2527680446704854,
-0.2515218242591129,-0.1448683139144071,-0.6221458043329562,-0.464718981837589,0.40883312219666884,-0.6699312277376795,-0.4919058124532253,-0.5046700122446569,-0.5718927924197548,-0.0666551655773687,-0.4772159139012585,-0.7314754568006755,-0.20649692241151604,-0.21512933522839187,-0.518792077579332,0.4467563552217958,-0.2880624296487534,
-0.9076184641900557,-1.078260315098273,-0.600499969231147,-0.8085066582055813,1.4241610994000151,-0.5887755950237965,-0.7712362477653371,-1.2104815000606322,-0.9755577780677653,1.3828243861936227,-0.8670628484980359,-0.6096739345148855,-1.116427200085583,-1.2342837721730182,-1.231597888504544,1.952946015198468,-0.6525967847651395,
-0.19904555639343252,0.0546934273626918,-0.6916898740142745,-0.15304322696694228,-0.22773419140004533,-0.7129250281542082,-0.7289450092650241,0.05423649196703615,0.17024691992732685,0.0367581768030798,-0.2128987420482394,-0.7139895025658116,-0.11038814258771286,0.06087342781668486,-0.027735567048795737,0.25107351096943725,-0.1042465539747627,
-0.9271082677493325,-0.822045590495196,-0.6834990827899575,-0.7845591850846989,0.9299710241250307,-0.7813480016110187,-0.860696584405035,-0.6219330059597777,-0.793591583541526,1.2281086797521732,-0.7080930441276311,-0.906805788605692,-0.7717385832765558,-0.8010865269717838,-0.6540089761187877,1.6669811911922976,-0.513502300413528,
-0.7098587230950694,-1.0501790499157377,-0.8317964790328043,-0.6917691556182469,1.3746795557807263,-0.6625959458668229,-0.62913289781807,-0.9520276959769475,-1.0763070405806785,1.3955374822941855,-0.8863893243402677,-0.5243720209125331,-0.6810092493280703,-0.9625744615975399,-0.7327289791294811,1.873701695675384,-0.9339871509315952,
-0.6613845159519549,-0.9195540711561586,-0.8542535090753013,-0.6695395536337659,0.6446069207862802,-0.8659409381245577,-0.671033466835193,-0.877851027901207,-0.5181387405860319,1.1908949592139353,-0.6026970755801679,-0.5746289705849781,-0.8685207706537472,-0.8358082799084176,-0.7110960499966386,1.2848049519746916,-0.453640421964272,
-0.5767175165036382,-0.9139819310427284,-0.7695343358051308,-0.847682589623811,0.6651370489256879,-0.9265208846633634,-0.9426724575086568,-0.8119306738812987,-0.8298094419951468,0.8616944930030638,-0.8918370595554179,-0.8848167285214618,-0.5603778383015408,-0.6175137472690971,-0.8182338727642466,1.450614943915592,-0.7900738157652695,
17,12
-0.07217768548366704,-0.2898807710447934,0.008104885693160188,-0.08331475471968638,-0.2029630417523806,-0.17268635452548092,-0.11589201877551414,-0.17130693573752281,-0.22524833634788272,-0.4094121820664266,-0.3304208636892699,-0.029710700117767733,
-0.3532699550583245,-0.20781251507872198,-0.3576525136625906,-0.189996677823255,-0.06043705802571621,-0.26015846404872706,-0.08796514243109937,-0.4587903734455134,-0.09445602392928999,-0.2536318731721067,0.003671215371136237,-0.25631281205403106,
0.20376507660464116,0.07395033155398707,0.23550932544406927,0.40085898506976897,0.332476245482988,0.2959582705262864,0.15453947714054678,0.39859629061005514,0.21473869550497632,0.4284071932403645,0.20406000574054803,0.5010313600662167,
-0.08755412693518448,0.008165785730760869,-0.13572638964735567,-0.09005179527279042,-0.49819879281099894,-0.0881935784564483,0.016957759639353788,-0.21142148696703814,-0.30298405918196036,-0.2938723088383912,-0.2058985157953239,-0.35367131646531985,
0.366193715340575,0.18070794008746063,0.36392659804335153,0.25344078530628267,0.28293843642817124,0.18438398572259315,0.3259875611176675,0.2257853700923055,0.12671391487218128,0.4347141870510516,0.2897605442434483,0.11838795440729903,
0.2416498650720759,0.4202511901284873,0.30739120365591444,0.4144032469347211,0.32249236081798827,0.2799768301101511,0.3637489816751507,0.4081670228700438,0.15598125402936538,0.4221992303708181,0.3920490935977212,0.25192247467671414,
0.3289507290931626,0.3533132832448676,0.3325634022968566,0.1390961083254803,0.4352041538369661,0.3505168108475126,0.3024801348949033,0.1878010530661548,0.47231044827651647,0.4411770446477475,0.2340224664747624,0.3669865539658049,
-0.24236753981782777,-0.08488996490815631,-0.16770936748058632,-0.35844257558539133,-0.09906053486522419,-0.2986793423500836,-0.27826042538607215,-0.25135571531367795,-0.07894142342768978,-0.2533179185336236,-0.10274189295500205,-0.24753417172790304,
-0.1989956556066442,-0.3247046656542724,0.01938468590402146,-0.3598280264182498,-0.21165040680008076,0.06214679327206809,-0.3518284925921884,-0.18369427075306619,-0.1996427752791221,-0.12810753454628143,-0.3234102338339958,-0.1899587814678717,
0.20916047372598925,0.15358226181637938,0.07793227632210377,0.2744547347721373,0.23146010248535057,0.3466116614133981,0.29265325126237607,0.3666091313807891,0.404782341020294,0.22095174094413178,0.43909436095480253,0.24267389803693987,
-0.19150293314022795,-0.15451127469579218,-0.13579849370637678,-0.15994562569300752,-0.14754046291029224,-0.014964781726161133,-0.3318098751722245,-0.27153516167926267,-0.0878953990909,-0.21449158717222272,-0.2610926554114755,-0.17741784919049336,
0.41084137227923545,0.14992239590952655,0.37656833492889374,0.043040715379701444,0.33001264370766126,0.37096716470631985,0.49992417766009034,0.3285615466260839,0.3354953631038359,0.30637085497043054,0.353337994973529,0.38555678948700284,
-0.09147950785202451,-0.1477279031055828,-0.31409668478174857,0.10513876193438078,-0.09642224200561815,-0.2931671743937249,-0.28013782932054226,-0.0802440746186325,-0.3670456574012762,-0.3169081695511096,-0.07928703187810864,-0.25437536494423096,
-0.2197373679840159,-0.11151405543786351,-0.2602950551935255,-0.23197023436793493,-0.12227381537211897,-0.04104386720372093,-0.2579092798679479,-0.004360526341015438,-0.2643296447376418,-0.04807438894500148,-0.33224423845318485,-0.4198587170335839,
-0.06391037860346542,-0.18479309744691966,-0.45361248303758106,-0.2536099020159265,-0.4925301775547288,-0.37665627645996874,-0.11616681045574288,-0.22614393781678221,-0.0676935099059333,-0.27980239294601067,-0.05539273802164018,-0.09494918088758235,
0.35564438193358333,0.4711273905533164,0.4260625388635098,0.3300997435150637,0.41291744999652163,0.39846597519928045,0.3586873869119207,0.3841598530858544,0.44968750957228115,0.3703325797022025,0.28961629212058076,0.6201610711625896,
-0.3461942451478784,-0.11997502897974978,-0.07448910320848229,-0.05396230426513114,-0.09915080646171347,-0.42879373496961526,-0.1730903938881477,-0.15210185137131685,-0.22448793175606682,-0.023915103866657992,-0.23518887295342542,-0.08770503677068295,
