# Pesos da Rede Treinada TxH=  0.2 TxOut=0.03
12,16,12
12,16
-0.36353223030685133,-0.30545285625704277,-0.45359659144668746,0.10427005049069815,0.3571967562643635,-0.22797123116742476,-0.18267052234496117,-0.4316647749541948,-4.8386385840351945E-4,-0.11441961756693583,-0.39798483616017527,-0.32128785503816887,0.25624855263342255,-0.0956047557743867,-0.4200591857108555,0.008681329588667219,
0.3761002028013315,0.6787448957978648,0.4009287783156334,0.3016838387816393,-0.8292235617935548,-0.15995660921074517,-0.9484870601559261,0.5145103997620626,-1.1847610139147415,0.03929827131155793,0.16167322746225637,0.6146876094849277,-0.9789919067622412,0.874452221726349,0.5599869446423642,-0.7875177418672841,
0.2828260688461007,0.4919341363357805,0.4176969618865383,0.13682686052197085,-0.8149247226023477,0.10191160013250056,-1.0835759094448538,0.5181703654637808,-1.295031972208814,0.08982452233500007,0.10327188926731234,0.6940646417660725,-0.9001422062398164,0.3820158339918826,0.14989895457492358,-0.915159714002792,
0.11469348772688295,0.5697627816111,0.14336383809648842,0.1484514397463149,-0.7293354454879624,0.1599072942392225,-0.9829423939371521,0.09350660263885627,-0.8339721304342474,-0.173104005550028,0.36160333056783134,0.733119879820899,-1.0750414791126883,0.5649441411872024,0.11736200682862827,-0.5637666931459651,
0.08517759674301269,0.602553247182785,0.24578494118880254,-0.08077278116956868,-0.7822627019563427,0.10989816033412539,-0.5598422588754226,-0.08186124848944218,-0.6987320680977935,-0.010607158176059065,-0.03679740696938079,0.5665331282269433,-0.4253067985320983,0.2984797260054603,0.05339048479137608,-0.369577563801466,
-0.5402608361136864,-0.381444273221708,-0.4288731294050465,-0.43742863414685274,0.21795616138523025,-0.32132296409531663,0.18098479676292142,-0.28495119698085253,0.24944463070214756,-0.2842841876415869,-0.439406556312132,-0.19450950847860768,0.24760459657993214,-0.438504314575982,-0.14963334120612543,0.06606339345552317,
-0.30517427912083195,-0.6827413046491081,-0.37762564949036787,-0.5332811692464795,0.6202833684003015,-0.23381170333381818,0.5217199678704252,-0.6843927798767367,0.6485195863123979,-0.45874869180254696,-0.2424554738558163,-0.5790405916548375,0.6121633894586012,-0.3718120086799268,-0.2236898988858666,0.35348933322591164,
-0.13145632394784734,-0.2169643198345451,-0.16697827464775367,-0.061591046662377844,0.06996434424333146,-0.34847720359828277,0.37252598130192954,-0.23424943915381172,0.472594699718962,-0.25609381552710997,-0.33162603989015893,-0.5321346949589832,0.10488447199561848,-0.5295880673978752,-0.3206857518966417,0.19300352939663704,
-0.36245523715078276,-1.0006002329702537,-0.7814825278747841,-0.43955717208727635,0.9650106194895197,-0.6787589621142458,0.9794741348911028,-0.6966074985981972,1.1254307024931671,-0.6386335623606236,-0.7124977031276826,-0.6161425356832747,0.5247869199799062,-0.8178225630607199,-0.7616993749491354,0.7276980174087596,
-0.5854716885859305,-0.9120843868246143,-0.5030580186692252,-0.4146136972287754,0.8086645345201618,-0.497383699750712,0.8170873734938343,-0.5837412699126016,1.1035918178659763,-0.4016422052382685,-0.5796213523281881,-0.8809659523620733,0.7417646366016992,-1.003996473062566,-0.42822603828795586,0.6943186076170863,
-0.38487968405925876,-0.9253773146130353,-0.655541720400894,-0.5915855184216813,0.9809574760960263,-0.42679222710527703,0.8152160068252507,-0.5086210348156395,0.7903457337538137,-0.27957880946943947,-0.43946664735686264,-0.7779568055322992,0.6851989504510059,-0.5279263288919336,-0.36171286091921945,0.5854642837731315,
-0.3900869271125762,-0.36955718311672875,-0.2967118658693207,-0.4173509513863693,0.26203308597431124,-0.3055760867265724,0.48005011930423913,-0.2743354152605279,0.5415095782529137,-0.22647114756659853,-0.24328020643857684,-0.5275039831082177,0.301294310014994,-0.5083627942847635,-0.4701682267418901,0.0721291116548331,
16,12
-0.027317617429863224,-0.07577913603552415,0.15709425001297428,-0.200782164607399,-0.08010860308686493,-0.1327133663015854,-0.33438712569207446,-0.09893063408243885,-0.2093088082360314,-0.10450641619163055,-0.17508390546197036,0.13669209925556172,
-0.313550499735763,-0.2733970975215184,-0.08755319662162923,-0.22034301110632842,-0.1264579410930842,-0.1308048055281173,0.0034680342654590393,-0.22244032229890812,-0.44578903213384885,-0.4234755443299741,-0.07029084031599529,-0.12084458867246943,
-0.07192101927957302,-0.33630707592926806,-0.08304402814339065,-0.12753331013674293,-0.09246199451213086,-0.26180201796344893,-0.12793645499840045,0.0925858035806457,-0.27796618036251336,0.06276811306251331,-0.21914388400459317,-0.24665750499022154,
-0.13955096964154795,-0.15602238704463905,0.013821531950575438,0.04962398413403637,0.03725960596305911,-0.13806510083593487,0.04818407679627815,-0.31814993831014804,0.03459221717604287,-0.29418254384641634,0.043024946551620515,-0.22432916167667513,
0.4057016853091452,0.41390352994609786,0.13783612920250513,0.43174825252332355,0.31189146856429717,0.2947509257831785,0.34188192936251666,0.31965811199324895,0.4648063066931918,0.012850818402491122,0.29193100812827666,0.2508886990258349,
-0.2014856415229338,-0.2152624869084444,-0.2973865633095317,-0.3360829084682069,0.07351336610215531,-0.17408461586624852,0.04656765887349317,0.06501185962821225,-0.015567542007342665,0.018107831209823014,-0.17410062681396501,-0.0246827908747673,
0.38065439133275414,-0.05071574087161152,0.5708927296997136,0.14744799766056027,0.2958458882465649,0.3353643418349835,0.24441243436576562,0.40263106202041704,0.34990147697301754,0.425777086083754,0.3312940281627391,0.10161376020540061,
0.0400142599578629,-0.0370097666697507,-0.12427062934825059,-0.3041319113579368,-0.3833565849995937,0.006726646923102028,-0.14468074792285845,-0.19303092813421094,-0.11049879267233338,-0.1520174456284192,-0.12348203349017352,-0.278706702321004,
0.11808183066901445,0.34798982802768047,0.4564792633112242,0.3564739754806235,0.1799530125177565,0.35304355365649476,0.5098337203210677,0.2809908999360007,0.15867402046186987,0.5020781823406634,0.1897068959674966,0.44663202142943426,
0.01232537227232621,-0.09449042948853785,-0.1545907207499968,0.03468988173920039,-0.22332760375292798,0.03867420933838826,-0.020323386632228803,-0.009854093692821114,0.13119480211443899,-0.29492351849981907,0.007491060834131597,-0.2120221216839287,
-0.2699115197514421,-0.013267698021372086,-0.49376988832443053,-0.10227224991141216,-0.2735404666303687,-0.0012895906315836623,0.012255913464403764,-0.2474134288384387,-0.05804854349949721,0.025327470998993885,-0.27907453520549097,0.038844911617208,
-0.0456064384289626,-0.18133167242748807,-0.07213743446638543,-0.05990730742261891,0.06619303338462201,-0.05568200420225415,-0.2693367312912009,-0.21260809414159923,-0.46835087988369206,-0.16564167535913307,-0.26355851712661205,-0.24559650732982258,
0.33475873513628135,0.18199174763228038,0.02393423184522192,0.1989084345501453,0.2689351624895976,0.2793123721297154,0.28473669755451175,0.19126662904804373,0.12883650069748923,0.40129016372439835,0.24781189495822323,0.49019589353596965,
-0.3625194963260178,0.027920453402487236,-0.05305878170007074,0.10633062780058618,-0.3328518318521426,-0.2271522573803943,-0.3244004180930683,-0.23120487104273327,-0.09594811053448912,-0.32590475564042815,-0.040697105126188564,-0.25005039187079,
-0.057768083026375434,0.12147166600029652,-0.10974803995229147,-0.12521606749283282,-0.12909913833441958,-0.3000644505887867,-0.32123918020191133,-0.15734491662115493,-0.004634970585881361,0.045447176025907726,-0.26901582444802813,-0.07326742446021643,
0.12739051756519576,0.29583841094903945,0.06293510810305801,0.1010659512002748,0.3580904915197318,0.09427303628009269,0.013378873501788601,0.2946038443863442,0.3786657003096038,0.21277086986447213,0.45670449958514053,0.1913940581966068,
