# Pesos da Rede Treinada TxH=  0.2 TxOut=0.02
12,29,12
12,29
-0.11242489492025964,0.054549090139684384,-0.4113822238666486,-0.2046624130105435,0.21289433827243676,0.0736625348605034,-0.08515553500919523,-0.36711178199905226,-0.06156910392407858,-0.27998020326872886,0.25168571287921465,0.15094311670235622,0.12821426361914823,-0.4705905094735546,-0.10947132732521783,0.14873965226386932,-0.020989400876354387,0.021969114295623912,-0.2515436443443291,0.036808593050318965,0.33378398524935576,-0.1928487605141053,-0.2113659869040957,-0.004059503955773405,-0.046230821721084156,-0.3485152714338755,-0.10785520928405833,-0.3752826932809228,-0.38454066181800955,
-0.06995772664214725,0.26819945934349165,0.32813190998684433,-0.5933156032935444,-0.7595881233840699,0.31682868785813184,-0.5493576133728667,0.3167344433862684,0.27778819771127483,0.1703720332822931,-0.480454947320964,-0.7915144753248463,-0.5785595249946452,0.24038950726276595,0.1028594682103366,-0.9335158811893677,0.6579869036855908,-0.9540000248261795,0.35735078551800603,-0.41414509072536315,-0.5531409911781772,0.41955671953951157,0.4760949598628176,0.2643702915532568,-0.19304430283192234,0.36106500392581653,0.6866723255882735,0.38075249192535576,0.1215016511357143,
-0.06888816266283133,0.33825841047842614,0.01925329490690538,-0.2757253598850358,-0.7737596620848839,0.39054388742763085,-0.359637068782605,-0.02388567980057904,0.37036683029446965,0.3611906951959311,-0.691189952571489,-0.7684757501078605,-0.6628658564481786,0.2063924246055065,0.32683055027166946,-0.4475406594170965,0.6022802454417896,-0.6783130432988602,0.23932046064333792,-0.6486393918339893,-0.40642487445081904,0.20414842951800866,0.2234733476027293,-0.10456205380070213,-0.23403713149031385,0.365037166202341,0.3393050739218001,0.09719161482376874,0.1515950029742476,
-0.367814452937075,0.36826199208291044,0.20120580551454054,-0.2462837978653446,-0.4058215212239442,0.25333455306135355,-0.7042352817488308,0.10204131455809273,0.5983789626415625,0.00544309910972807,-0.5989591681865144,-0.5245864185208935,-0.5889512836672971,-0.1962363717099201,0.3165832504467972,-0.7815597267900036,0.6403523999302163,-0.7044139289937662,0.2295866988201249,-0.29646747724479844,-0.5279208837145584,0.4968644683024723,0.17159631683371226,-0.056186570148862,0.04733770742776642,0.644905279609268,0.39728382287505193,0.09375499792227085,0.06841138215852133,
-0.39459671361246557,0.04947978598005933,0.27546668761747484,-0.44318379217573034,-0.5879601577688864,0.06706026762615776,-0.5940130770974501,-0.020075566853086778,0.30780962484023017,0.17372497176557578,-0.6469998674256549,-0.30448485480748566,-0.7281868562981697,0.080932338229247,0.07364050593095867,-0.421685338544542,0.40357137816251343,-0.5175556688992324,0.26829147078855714,-0.1768416655699849,-0.3838124727324957,0.16140337387989487,0.27176883727332185,-0.06663450412327888,-0.3196204698203654,0.4992698643325511,0.5049452785808274,0.06640260195576257,0.3335664680052503,
-0.3129678670507844,-0.28709639160722117,-0.18199802250451752,-0.19100883595855572,0.11154875267380615,-0.12016967508260235,0.19075015069883236,-0.05561297716490377,-0.37517273605385676,-0.35645764086500137,0.01021460779874704,0.3410989893265513,0.1160104546576364,-0.24978977826018708,-0.0809315582378717,0.010270108795114112,-0.5523936141248345,0.44010749621220263,-0.17272989276373865,0.10085549896778942,0.08889062102229553,-0.35246526707442993,-0.34880427354072696,-0.2839040325418205,-0.28019014928938313,-0.21573428158162058,-0.17718408067048164,-0.08211318771967298,-0.22902298270841592,
-0.3172732798764939,-0.5739972099583985,-0.16333787918167447,0.026027398040789674,0.18746401898492643,-0.4050805882468605,0.09099465957293473,-0.1381213552332686,-0.5319181788306223,-0.23135261908657256,0.3543053490687669,0.21230503894433952,0.4267316711455054,-0.330732856868668,-0.19041751841960508,0.3153164751644186,-0.4444363050889768,0.25464090175524395,-0.09081858819932415,0.30440908783060966,0.4743077056836683,-0.32374558628875133,-0.333063757858979,-0.40194128328231354,-0.20324883348082326,-0.6383975587700811,-0.3578961998041869,-0.17403135425873564,-0.27189741513439336,
-0.026221630968347932,-0.26639153437414875,-0.37702124476286325,-0.2076649615174694,0.03800366609563338,-0.10815214931818486,0.13898172645944892,-0.0936563113354772,-0.3310965151584181,-0.40504877815613644,0.2806715900695148,0.12680437900438432,0.2107803729081304,-0.04363869411630725,-0.0321816610427016,0.2871678576998725,-0.24089896339126302,0.19272641248898922,-0.339863974799297,0.005437956969402195,0.23197194608022575,-0.21115606784266786,-0.21749274545661362,-0.2949012992208571,-0.2787732154520963,-0.4504179530197217,-0.11556509901462346,-0.23418286047941075,-0.3648044054433468,
-0.1246004546448402,-0.5696484718972824,-0.41039305093613565,0.02996584515375868,0.7163090293325194,-0.5982050647740393,0.7031194177373725,-0.39863718762579753,-0.516462775402406,-0.34978076124686325,0.39381866840160024,0.6104109296617721,0.7800292722171162,-0.1887454505336752,-0.6452691092614979,0.6570770676894249,-0.8474603135572288,0.9988957821145814,-0.41570258429399387,0.6827116154496484,0.3496020972181034,-0.45622906555541465,-0.5632188144368871,-0.25598570233938917,-0.14341413019071692,-0.6535622433560909,-0.9540786953468605,-0.4201139655209567,-0.454777558580987,
-0.2531443991598697,-0.456655029656968,-0.31026188786548736,-0.2838648356727954,0.7091769488829144,-0.6729349784620101,0.6479028095494156,-0.6210150716440167,-0.4557578391721283,-0.5711317138263501,0.8161102841160185,0.5845799708272709,0.38705633183068433,-0.640146395909506,-0.5700325744740067,0.6029375750421818,-0.628985728907293,0.94621211729505,-0.4154674348415683,0.3997859220680308,0.27366872668437725,-0.4593097853143061,-0.48727926900905166,-0.4170221732166676,-0.1618914765972827,-0.6944003758613885,-0.46372978750333316,-0.7182670282763428,-0.5284267203552093,
-0.19722851669242578,-0.6051811006653802,-0.3781560573453659,0.10976620633043924,0.37277412844252633,-0.6114751588553248,0.646083578829624,-0.23492519769300252,-0.4503081439589012,-0.47845072555776785,0.49425593026345555,0.2188723199413944,0.636630848751412,-0.38646928542323694,-0.46626112990921487,0.24535321845127275,-0.7565163097922362,0.6452813341112017,-0.5555040371166857,0.23556986035311772,0.32284462103704237,-0.6466345600254376,-0.4301130236905358,-0.27809362516645586,-0.28434203461461943,-0.45676613731574295,-0.5711954275931992,-0.4157832012665501,-0.40128694053958447,
-0.26885751880898884,-0.3363125177289015,-0.6500964086103881,-0.029269913955915394,0.23746330228335644,-0.48187418611058525,0.3910447641254066,-0.5531262657657229,-0.515846860826539,-0.1896192535903255,0.42089052771545027,0.4066425570656759,0.4225112053061228,-0.24479553472071788,-0.41008695093118264,0.2567458434576361,-0.5463542760713271,0.2630940646320217,-0.5193467272084423,0.23078492238801895,0.37420636111030375,-0.5407218926439763,-0.34960650047454883,-0.13153152918064467,-0.5131400696474097,-0.3612930815315573,-0.517440244817893,-0.27825454768733787,-0.32969622748887406,
29,12
0.06519656601099547,0.18656318284257048,-0.16298556109871437,0.07064175715928894,-0.006293749751116643,-0.02807347647198465,0.15975396827484678,-0.005171381126012694,-0.09069680730426768,-0.05913531643735692,0.11282468027776803,-0.08568877195882676,
-0.25070698128161484,0.01873389637509024,-0.08128523662302767,-0.26206847721237514,-0.031908245202306444,-0.2996901389318368,-0.019430955421589253,-0.34547507427421426,0.0707180906171106,0.1342473339460451,-0.18914243451034587,-0.23531800145292914,
0.0028906570228738825,-0.19568230225750988,0.19008439835177623,-0.2244742702459121,-0.11288112629138455,-0.19968220204119158,-0.21600926730342934,0.016687588678893764,-0.042387823218860234,-0.021486746157788846,-0.1967779097465337,-0.04906799842606298,
0.20638863103295677,-0.15730747988801028,-0.18249184518713613,0.16957636874153117,-0.1343400591457222,-0.09123413067931359,0.11699950722877088,0.25158540031960697,-0.019352281029615198,0.03228610085280564,0.02527944973371071,0.16250437906870963,
-0.034061367774559884,0.12078735086817789,0.05606456581268133,0.014326778555897255,0.05296314378074705,0.06635367992574326,0.3591753495546061,0.13779220291933747,0.19710071446543684,0.2481893573256165,0.30273859520693647,0.33312789538314913,
-0.1759993412948762,-0.10590420705524854,-0.022803921398018664,-0.22846973798956946,-0.10812993175858086,-0.10003402242268951,-0.29138423412314074,0.01403131082788419,-0.27586564907523203,-0.2820578020287909,0.029195826726455303,0.10124531511280456,
0.30196611087261804,0.18872557763200648,0.05997714220403061,0.35010613818059216,0.3175502086401446,0.2617135512118563,0.015260398541679173,-0.04604472713568029,0.31071648639002286,0.12258130687372051,0.22985566720650144,0.27371454890488567,
0.009830710213316577,-0.0966964985481381,-0.04841315146922737,-0.008254785688742728,-0.15179103949391734,0.13852376588863,-0.023509992236430112,-0.31787309570953703,0.07274558502233452,-0.04215255355043399,-0.23284410022459054,-0.07163728370531074,
-0.12909531573545413,0.011453054388379373,-0.09365922432231426,0.08208892251930719,-0.16416858206610982,0.005040137500812994,-0.25624506883616716,-0.11864737804312248,0.02620612365762561,-0.1885485377305321,-0.18859637451954736,-0.27779503789105175,
-0.0513249768114182,-0.26307876948570746,-0.10767684776088178,0.1532482452797363,-0.059267502011024764,0.09764970193900592,-0.2903448827700781,-0.2113079628016699,0.1336934418687849,-0.16481224352122112,-0.20721310895165862,0.11735322264075042,
0.29278990810661815,0.316862651434922,-0.062243774951678515,0.322016305162449,0.2624409914981022,0.1669786167991339,0.10981066795810165,0.3656006097471197,0.2973981279585145,0.024424379469340975,0.06576389844897045,0.2357984708303613,
0.052832513124264825,0.18403182299454923,0.11387104605897258,0.07878650971901108,0.08839212189141943,0.1026804895075972,0.36565309811862046,0.1590305089598113,0.24623650687012855,0.22697961742470685,0.0963043209331061,0.24392070067978902,
0.13864728915483135,-0.018598701551972203,0.25662028482621957,0.3031574727082817,0.22736349215010163,0.20636047600116947,0.22530143484180745,0.3046851421361515,0.2758026463243452,0.34471517873464186,0.06865050057080477,0.13352479909078951,
-0.3096155829626439,-0.04030812512116636,0.0032427734755278497,-0.22823733548725428,0.15948213876513703,-0.21918167482727982,0.030357120051545426,0.1406841212943897,-0.01943926005168762,0.14726299114812472,-0.23009910927741903,-0.12827196126999202,
-0.059406760875561175,0.013130860467060147,-0.08286785033350368,0.18413836672641032,-0.20198311189369947,-0.01721377681610866,-0.08529654218689091,0.11421467883184819,-0.1571047122265869,-0.07552082753316337,-0.11619727642992032,-0.2793902197150304,
0.16537020927718787,-0.11889671307811854,0.23971327977249515,2.829103595379495E-4,-0.0690971592960679,0.060054577274449274,0.22563259005161315,0.29550086183271884,0.18167206598872176,0.41009681625086125,0.3451378902312668,0.016128837015234283,
-0.17515729970540092,-0.17039846991296087,-0.2936682750453075,-0.230137436091135,0.195798955211575,0.0015613257765458132,-0.2504922806168225,-0.2591990595272971,-0.3139162299567941,-0.13823847566068134,-0.2533901722763051,0.02409851786186278,
0.3077121522178478,0.2718569833164176,0.37302776077290284,0.19752286192171048,0.21613012829697784,0.38634374207041444,0.33605679467967153,0.24481165905430496,0.03020346583327082,0.14676676948253584,0.3423575294524738,0.29132401825394894,
-0.17704137569409958,-0.0026577154316634135,0.048330279121109945,-0.24277623541618656,0.16043397807134516,-0.12456429677605128,-0.00684966452264182,-0.018730194742451717,-0.25266445903049267,-0.24488455638483744,-0.23562792096535096,0.09566904016366147,
0.037031964431382694,0.21571611195138343,0.24466509550259108,0.17649413513600912,0.3126304288556507,0.10729216358803145,-0.027455899283724293,0.3225504058972946,0.2775053937455082,0.19540976415590774,0.13671730116570327,0.01764804732587327,
0.3252133432834512,0.22151797953992056,0.26354187931256656,5.278464669698301E-4,0.15956362876431301,0.24744159564227516,0.2079617133080436,-0.01777513726166064,-0.04097898467704708,0.18382351047293016,0.24300148047544673,0.1714144258547356,
-0.10226050510201168,0.18068593600524155,-0.21485887117890082,-0.09475804571311117,-0.14162859606519404,-0.23184864586444645,-0.29731424217073404,-0.21932810092348506,-0.10874259232617664,-0.1964706468998666,0.0636286644911205,0.07073491587764436,
-0.03858929230049538,0.13664521669571308,0.0337557609098195,-0.1483258218306391,-0.16788626929847572,-0.26048381430955336,-0.20368523164448663,-0.29041241820789865,0.09198074152926568,-0.3013197586144274,0.15038678113156698,-0.31265834309976753,
-0.02295803980020747,-0.08869658967747275,-0.11222305810737006,-0.025777423113958624,0.13027564210254303,-0.10516883463455207,0.12922117302490674,-0.11975854480216339,-0.056576907599610864,-0.12194718589326148,-0.06127003323117036,-0.12454572596620976,
0.18994986309197928,-0.017829039708396877,0.06469439478961435,-0.20810887301017025,-0.0832161915249913,0.09076368777522836,0.08228388865866659,-0.04169356651269795,-0.18702070195801437,0.06458415936382889,0.09366464808548047,-0.2714650740527273,
-0.24144183518460194,-0.27664089020272964,-0.1522193046508261,-0.09026500403397253,-0.24035341773367602,-0.0514862759512788,-0.32034110787897047,0.1204901025555449,-0.2798642731343296,-0.12103470596534034,-0.05017670325765859,-0.1391174156167676,
0.033981675289004545,-0.22999203227572315,0.09033946744652654,0.18255723489665535,-0.04864646655777322,-0.31705207230616084,-0.27285461974133496,-0.24571373275213026,-0.18968969067515257,-0.021443106402064226,-0.2995541124871066,-0.19914630702858788,
-0.19978537955517223,-0.02480921983273548,-0.2283344432755999,-0.19393807290520948,-0.29087372883153473,0.05307014360870932,0.08429299412766202,0.05513822436194436,-0.2843660929882186,-0.1905905683799124,-0.02241886301000592,0.0822001193734054,
-0.19516453563529068,-0.26966666461661415,-0.20220766568248444,-0.11920318733186233,-0.28444150233363996,0.06609769912683866,0.10783266542148702,-0.3008834116735813,0.09109327526304815,-0.12943409778962367,-0.03272476072759115,-0.19034408104583825,
