# Pesos da Rede Treinada TxH=  0.5 TxOut=0.02
12,20,12
12,20
-0.47873808530974954,0.201294566725069,-0.54098092112226,-0.1874528948291407,-0.6435196641143391,-0.2830226328996852,-0.2806905145948883,0.5744705407735102,-0.6281574644745658,-0.27759247488447786,-0.23441722316168845,-0.5152909154840752,0.33943238938657266,-0.6207301320853126,0.51203766596342,0.20866651034106298,0.7447905880096776,0.6667130310742728,-0.44416596679505416,0.7025302256346369,
1.049847578120292,-1.4212171127938054,1.2042650783371214,1.4323431869839571,1.291817886873853,1.345079593914791,1.0266043720696523,-1.6038265497766786,1.2665383207563183,1.031885694850727,0.9804285066750349,1.0978230863757195,-1.4167810538682726,1.4221664041100561,-1.1107719815349384,-1.4578228815375975,-1.4164638411817243,-1.5675598430308688,1.3201814025476293,-1.268896780658809,
1.3864073240042292,-1.4747043757555536,1.1568332557467043,1.4979756097186556,1.5816991142740044,1.106956606505279,1.352241062547251,-1.5942167421734952,1.342028986750503,1.0219465007155455,1.0817461070997332,1.172836713977706,-1.2777434442392341,1.2140196001418437,-0.9957738961250805,-1.100106944091983,-1.6686362395945191,-1.2486743616206155,1.2725407879341588,-1.2994252371243418,
0.8509774170482987,-0.724730923138703,0.6728768617356563,0.95149042353785,0.4736428679671289,0.45107285474367775,0.5346571274226453,-1.0148793558576192,0.5727022227065719,0.6595938049367907,0.4044571215906446,0.5669742745929874,-0.8238670025498944,0.5175262275476574,-0.7742463349173309,-1.1450044583190024,-0.9164534243686081,-0.7242371517442923,0.6533575745768452,-0.6469831655892728,
0.3283158616570302,-0.13867583870169017,0.30696377682993736,0.09641827537431119,0.1813645478935121,-0.09177295623625381,0.20935008947982198,-0.4031370081532727,-0.011198775619059314,0.22598493694704988,-0.08658707313440643,0.26732339068077404,-0.37670616043419114,0.34348894061207086,-0.21865999349996812,-0.5713197942356892,-0.24147156908149206,-0.32471974750025856,0.32060343696044113,0.05293424361360188,
-0.7041785471278027,0.4268142433837132,-0.623885504533767,-0.6497638252785365,-0.6648106000070356,-0.597873085927637,-0.5785576196807362,0.3007368425070631,-0.5974557889287323,-0.6238326031050854,-0.6016312924582369,-0.3905065077528816,0.40035529175868984,-0.7283501716570783,0.20600822807618913,0.03426730310268711,0.3132435913988045,0.5920349169334767,-0.40797748640315085,0.6732902639903395,
-0.9694977758477611,0.7569787691225237,-0.9749648448503668,-1.0227360349229115,-1.2216661873488628,-0.9428725844980188,-1.0537367352530476,1.1580226213971618,-1.1677201172868006,-0.8167247674255326,-0.8542668451400339,-1.293285272566019,0.7749679291318834,-1.1340237327378468,0.7431949555928093,0.9050079513908872,1.0743060880931876,0.7810001636626247,-1.192229294453026,0.9999887578286041,
0.08048269323973499,-0.1674540213173509,-0.14819503687217148,-0.2431990974761901,-0.22225957055224435,-0.055497845547871544,-0.19915913455402404,-0.007670201597954214,-0.1709022138265002,-0.11535146152681004,0.20881031463452904,-0.15797664856665253,-0.2191814276754193,-0.07280904912359501,-0.08190733624403278,0.007841830231390283,-0.1394649558430653,0.009723753136118896,-0.03965635036440865,0.09957134179665361,
-1.1334930425574024,0.8474427396691838,-1.0276953920250353,-0.8917003600366098,-1.2151510695590473,-0.9142453240537273,-0.9003482919414325,1.0981724734502394,-0.8877152060250943,-1.1681693835887712,-0.7674977757647679,-1.1091319477001067,0.9055135381618906,-1.0975735552379906,0.6466982244216261,0.740866426354762,0.82055073436778,0.6898285994103394,-1.1497398720706347,0.6442676055178679,
-1.2752532152844969,0.8664450964611223,-0.9672538510036202,-1.0808148548643584,-0.7909079850834789,-0.798530892653434,-0.8480016642800244,1.1469432314201538,-0.8700678221824634,-0.7998176864706119,-0.8938224483378366,-0.8605090195190489,1.137507882673315,-1.1687654009197888,0.7753479012378626,0.7356511508842073,1.1256632796865895,1.1334703111678666,-0.7315045058471522,0.9859730153672641,
-0.8666000373675743,0.9853032968057315,-1.0968574586569635,-0.895224133779035,-0.9128372600585233,-0.7728910025951746,-0.7565967188835622,0.8500545419340706,-0.9763558465314184,-0.9188157487222511,-0.9932087131230417,-1.0082362249584942,0.6450875323637267,-0.8465035308683846,0.7429410090125792,0.9202263090818391,0.7505081951065778,0.8025627051418508,-0.7010852720831432,0.6874803981197497,
-0.6902449873720219,0.504828962607696,-0.6573362211757113,-0.7366110590272669,-0.856563997959222,-1.0147560716387027,-0.5906609062048627,0.5729553393601192,-0.7940571775842429,-0.5185771835374704,-0.7266090158400363,-0.6066810533275795,0.6414258067109477,-0.4875131252072859,0.7043641491426609,0.17255429396918182,0.7095888017826306,0.6236449946564554,-0.8985775812938477,0.3496223375309987,
20,12
0.016770332440326594,-0.053084716617855576,-0.14827499110286302,-0.19372660073462947,0.06022772855709012,-0.26586835526341496,-0.1422118270898031,-0.0022535781253601493,-0.2392473312227958,0.0014453858953259705,-0.22939273584047257,-0.1911117844150057,
0.05173108527923691,0.13588211869678016,0.12081770025606992,-0.07195916529266556,0.1650157748884368,0.30076980220135285,0.1393741978598063,0.028780600006838398,0.010082075023284837,0.23489575114708006,0.32111778254073886,0.1940729427081318,
-0.04165319410710454,-0.10622540238480063,-0.1674094793397329,-0.015102742153304472,-0.21228270256140627,-0.1305290154482468,-0.08270539812383705,-0.2865658434404221,-0.06145103286974334,-0.2982630233743603,0.06384521037250267,-0.1314353871438036,
0.0296643913200579,-0.13344404387150574,-0.05145474348242302,0.13388514999181877,0.05909520359542232,-0.1232572974121309,-0.1448318593812517,-0.022277473756864005,-0.31355978838349285,-0.36713456379609677,0.022084137134934213,-0.1421718682191976,
-0.07501339979340667,-0.16703448565803866,-0.2960110609603816,-0.22774328799252963,-0.20171872362907992,-0.1023328689817101,-0.1147681892704966,-0.06841863835361468,-0.05333800341098647,0.05844068878225696,-0.13385113566235432,-0.3247499311125505,
-0.39167438237509966,-0.23857203344310565,0.028883793067255102,-0.11001136679692806,-0.11400332082147789,-0.1138610752590633,-0.13635275381683248,-0.04551164451995616,0.012833306578649771,-0.10163180571536463,-0.03535963641332693,-0.2582493793284691,
0.024827901688542504,0.111278161920427,0.12142142605238876,-0.21190172374329438,0.0071819750765979695,-0.0062788461930003555,-0.29580715891693543,-0.030090505526737588,0.10911165493696556,-0.25870247710274236,-0.2989156288620092,-0.2604465355557681,
0.10561006291659987,-0.07195197898846127,0.2207766330302221,0.2624880846547425,0.18089539647451194,0.08318338702401831,0.2832936687298239,0.3264473509880119,0.29240577923989713,0.22112092303875974,0.03601744076821804,0.0307193530710629,
-0.18617342173315485,-0.31769756083740736,0.014872038946458617,-0.24432991978610863,-0.2338910624452998,-0.23892429580905233,0.02760367874005866,-0.16961264757437275,7.917059095452203E-4,0.010485262402414167,-0.07796048448894631,-0.2477193468171109,
-0.4119798389871046,0.13588157258713307,-0.15646990433190672,0.09244614212576517,0.024165619785583806,-0.10950290174225855,0.004229840720533375,-0.2765360340739612,-0.09928479037805578,-0.22676695790948445,-0.1714512291985592,0.13993723534239275,
-0.16452375448007114,0.0084250265591989,0.08725249702971359,-0.2496753220907838,-0.15905235441078502,-0.24554674725225642,-0.16203647770772361,-0.15639770966674532,-0.20752531785156805,-0.16877940681816622,0.09959717100303327,0.07997656973114005,
0.026972498790427266,-0.14160176062983906,-0.28585456015849253,-0.2334016275026259,-0.12182177645517302,0.07577474375719728,-0.2308942944364475,-0.20615451757960437,-0.26418505185988056,0.04483467710677216,-0.12704307311496515,-0.0454829873686899,
0.32473643488457216,0.2248628559216819,-0.04959772973187593,-0.05013398952655893,0.04687268700670043,0.315595657693345,0.16511816270247068,0.0971998229539382,0.06136998409759048,0.06503460848230021,0.3514781945539741,0.058666556246061353,
-0.3009665182399004,-0.16573102254431202,-0.10290343611006783,-0.07431806620544695,-0.1794469228426688,-0.02947692798270226,-0.1202437600666652,-0.3315983538156924,-0.07163065576753418,0.08348789716730061,-0.347200306262279,0.12647586419770587,
0.30696464530431866,0.24442294556738642,0.22701055832457595,-0.033281202504978305,0.12727426353292307,0.0646942921603453,0.18759274322349295,0.17296988112392814,0.15605826205279422,0.24089576026658785,0.06956187702645414,0.025135639879221953,
0.15322327353166648,-0.04527179686124891,-0.11617742196582721,0.13165958809069708,-0.14224139575761077,-0.056613410653128235,0.05186829364639646,0.30960945449157157,0.19862402217082264,0.13803637404324642,0.1697357598822558,0.27330285311765157,
-0.027255960070793016,0.08568465450564863,0.11355926480737259,0.16702964907035192,0.3267310641983265,0.29672558286393164,-2.718156710137325E-5,0.19109690846924235,0.3307280965397963,0.17082253945869777,0.17950666761353073,0.15398998118000992,
0.24798268975629928,0.0827008936793569,0.10656446000497685,0.2637720862684885,0.18268600580340674,0.16298779711478809,0.32987370699144963,0.15085560297597972,0.09237563808931883,0.05393771999447561,0.17492212839957946,0.20156155881205998,
0.07897550476482074,-0.030092531626410568,-0.18657734341252655,0.15148291095976546,-0.13862942986817936,-0.005685388552846887,0.027288495741800953,0.09677328715950069,-0.26167837441728486,-0.3168477154336092,-0.2920125260174958,-0.1899563355084454,
0.05067104717086504,0.29550647934600915,0.3819278260806432,0.35302125111682486,0.1705903968343784,0.005201974607382435,0.061616241451673846,0.04648592795700443,0.15825563649080648,0.27216841175608775,0.06602563343148649,0.36343528155863175,
