# Pesos da Rede Treinada TxH=  0.9999999999999999 TxOut=0.07
12,14,12
12,14
1.3558462507802782,-0.9626791197475583,-1.0674979793804937,-0.7062934525329493,-1.0222358453938172,-0.9227014536778843,1.043970118386174,0.8023953413743857,-0.7020459565833224,-1.144471283774565,-0.9698079246792867,-1.2118102584905937,-1.2227535118888528,-1.0952930862139363,
0.28337803349472607,-0.4245555698436003,-0.2435877881728208,-0.3456996972275959,-0.31454629233132547,-0.3494327838333711,-0.20387904814795607,-0.4996654018409837,-0.0924234516532209,-0.4595399560474606,-0.3225342332396184,-0.4164352317442089,-0.2569405031966949,0.009845958239121181,
0.18134218414650838,-0.1603700905047949,0.17387797493148882,0.24097700929445712,-0.2255112754281126,-0.3303093870005156,-0.0759892691389592,-0.7570085117359459,0.19946139842394725,-0.22736699672392457,0.0677490255376337,0.10740806156592601,-0.06443072166770963,-0.3258911131026105,
1.3179490081275647,-0.5384856224408674,-0.669746206284018,-0.8769528879880714,-0.6685688983086578,-0.9176083447750062,0.6412376828232795,0.04072058604585905,-0.8648303982911427,-0.6619903543551721,-1.0302720084755228,-0.6355129197771601,-1.0798386735766636,-0.6240463977175791,
1.8504439144698654,-0.8095175863744338,-1.0788618757918584,-1.2478739777044787,-0.779334774777233,-0.9741840379167682,1.3471094662418954,0.6737722543089842,-0.9629885542547995,-1.115753226730821,-1.3092730601877618,-0.9614559899352659,-1.1164089055967623,-1.0945343435056238,
0.37418143038219276,-0.6855910335547535,-0.762503528064829,-0.6539486092838054,-0.6355301999834614,-0.6218546423746372,0.20587567652225952,-0.07314017193476913,-0.7757192615967109,-0.6104514535250445,-0.4025087935394556,-0.681796633168902,-0.5952745044707214,-0.5838340498283263,
1.2080746421176116,-0.8960436603037275,-0.6438959637426714,-1.037662684450044,-0.9465384181659452,-0.7882338472945236,0.5433556846080372,-0.011276250389191621,-1.0467480038296184,-0.9523260911373428,-0.7960719585952369,-0.9274620759312533,-1.1053340571873556,-1.0291647387647127,
-0.1531186193210656,-0.10162784725544632,-0.21263797789368255,-0.17607805588884928,0.026443886102988513,-0.21601318572630465,-0.5875716200293145,-0.8207089069869064,-0.3048292930329824,-0.16403374725911804,0.019780186109842696,-0.1121067761925884,-0.0548868200649657,-0.002177829827245633,
-0.2762127530879931,-0.300756117738608,-0.1540400847420337,-0.04663404041956217,-0.30397898833530673,-0.13920477049835617,-0.12521085277888952,-0.428756426042955,-0.46797872836907967,-0.28082112791747754,-0.4526755318030785,-0.20005561925395662,-0.192591741537958,-0.10673671894824933,
-0.05594639155861627,-0.22582645910455312,-0.47626865906617766,-0.3172907007841987,-0.43949608210811053,-0.07377788363726395,-0.12507663061391253,-0.6869701931102605,-0.10106440498391345,-0.16491183717009128,-0.08355413963837412,-0.3347709903271481,-0.08290612322044916,-0.1771370128909662,
-0.02089495383488372,-0.39511004908106384,-0.5634530091031268,-0.559108689488313,-0.47966222508393197,-0.5539765102049656,-0.020651632058623595,-0.5436287295315704,-0.18127138790862612,-0.2692731260751295,-0.3914451737561127,-0.3449637285804523,-0.25308229952605477,-0.4645736353546826,
0.009561790044663863,-0.5502447036329993,-0.1631080434483706,-0.09523527081888135,-0.1777864503804437,-0.30986906293552585,-0.22622567929740534,-0.3095523450214113,-0.43328619578911753,-0.11838944908205697,-0.31842251245950315,-0.18660151925820387,-0.09864653701664573,-0.3384101965287802,
14,12
0.7050329512048833,0.6276003112885876,0.6981570420931368,0.6619336116265669,0.7219316889701505,0.6500148573031231,0.7038402570228639,0.7450882324237424,0.6613956263202739,0.6853870918593354,0.65235337366621,0.6795370399577327,
-0.2136534373112831,-0.3493635609361843,-0.11686513857143584,-0.3713363991561951,-0.39278136075913633,-0.21757688617089235,-0.1625780175252688,-0.3059718826410919,-0.18704850291551442,-0.43640083347287245,-0.1492508561144458,-0.14005372469956479,
-0.18750648765049532,-0.14802773574845637,-0.0017131974643611362,-0.2440001358493365,-0.19464108830572077,-0.09299328418873859,-0.38093971586065833,-0.4533348621051089,-0.17007479128464414,-0.4352400116788982,-0.3678102183940421,-0.09389025660306571,
-0.29041500537441967,-0.12447015039218205,-0.09107741432180344,-0.2927439587949769,-0.03785689456155495,-0.17163240361802679,-0.23584900413258342,-0.3389880457936837,-0.16539560816441953,-0.3248588222878365,-0.49299904940861217,-0.367458560866323,
-0.39764010287600415,-0.28151422634684503,-0.3561930289535662,-0.07725503486890671,-0.11574755515851301,-0.316209507363813,-0.10261974668412507,-0.34033620689731253,-0.191972133512614,-0.16994421040190916,-0.34870958309033445,-0.3615002085622201,
-0.2634618466877678,-0.31867239074490245,-0.09022399331379152,-0.3027143701208989,-0.4086499586968158,-0.24345909405940608,-0.46549263841377014,-0.18112146631468637,-0.2239509441924974,-0.15066575391891893,-0.23535081603877678,-0.46950587545400846,
0.05389071548668936,0.04340492920763567,0.11612149909350097,0.1136055876215314,0.045667231154810736,0.1084140584640016,0.041175153295577,0.06035572222807674,0.1639704531099759,0.18104755420379548,0.2558679943854133,0.20905986574151084,
0.06380182212468724,-0.08193295699189085,-0.21984612134983522,-0.24085138575070547,-0.08412374013009669,0.041186250830128016,0.21228241871243347,0.12966279063295086,0.07074348704740321,0.042955437832117895,-0.0774806934824565,-0.09388569328838683,
-0.23221544192263796,-0.10273757283751167,-0.3457148504635126,-0.05329967684678088,-0.07874621668807757,-0.25827892563538446,-0.1172141316623819,-0.19502184567143163,-0.30055066704959893,-0.37183795225137906,-0.1898087537891665,-0.46889701467561695,
-0.35925952413140705,-0.22983117395673888,-0.25534886960289543,-0.13453598744727616,-0.21628125356540578,-0.4603974497290949,-0.3261198619800425,-0.29852985164680707,-0.2633454926699252,-0.3518533265834292,-0.2327030584070219,-0.020884894501622845,
-0.19528575911717883,0.08661744198845879,-0.3523110736030017,-0.15773907464297882,-0.23021969013902333,-0.3929654560879161,-0.3984865100361096,-0.18664180057792487,-0.2852211718605164,-0.3497909386424313,-0.09603460474061726,-0.43494167092282904,
-0.07553558112812106,-0.24544160041613894,-0.12230104573426015,-0.19381562082104242,-0.248210487241524,-0.3178420906812696,-0.32164900982288425,-0.2406851635502573,-0.44507455526954814,-0.10326616979864846,-0.4932244761704903,-0.2415061555808552,
-0.10679871924123716,-0.2856183190912602,-0.3279795851402728,-0.5016231979970011,-0.2848110350816946,-0.28347115823736824,-0.24932427075304828,-0.2144323531334916,-0.5050463830490326,-0.15433690312859424,-0.27041219196504995,-0.34275480050445045,
-0.3345915423014263,-0.20160291687349083,-0.30621365552859886,-0.04893729737413462,-0.3141381570001093,-0.03431524032156145,-0.153103893045048,-0.14631178649578067,-0.4208787768754443,-0.44644345962792237,-0.3782046674227331,-0.07392338193904868,
