# Pesos da Rede Treinada TxH=  0.7999999999999999 TxOut=0.08
12,27,12
12,27
-0.327420174746971,-0.6464442227550801,-0.41550477747826736,-0.2934295372293378,-0.6632959408420966,0.6234787713334591,-0.517367417201192,-0.28240397908749887,-0.35066323193190047,-0.1479832764031545,-0.559942159234569,-0.5756876507335446,-0.304482952031262,-0.45361258339042393,-0.20226852346456115,-0.6167966401234234,-0.5030314112279136,-0.6310515122074906,-0.5326391547323209,-0.16486832869569187,-0.5083319691627416,-0.5296578872739227,0.06886118617576586,-0.6504856647334296,-0.453250427650325,-0.6631352706922586,0.3019254145295826,
-0.6036347297967309,-0.23689984819214388,-0.28684301431537373,-0.19006132434126335,-0.30690323195308306,0.3029507883844489,-0.45546117462531666,-0.21725381701826768,-0.36349700041644206,-0.41256054588677277,-0.5230663132156843,-0.38238558851630494,-0.6478843541019097,-0.3486993029669267,0.03786430330132717,-0.49079392989842824,-0.6489375358731357,-0.33623055635317206,-0.6146713140099838,-0.17150883267048686,-0.4743202472096888,-0.24526669131746176,-0.2096875047462473,-0.489131311894262,-0.48404239930324267,-0.5847129789654435,0.16935877560609947,
-0.37780994315104044,-0.48828819056262746,-0.1411842759567776,-0.2056200366577095,-0.36001173508107887,0.7640497331125758,-0.29136610082703107,-0.32090969378908296,-0.40921879045256665,-0.15991286156015871,-0.34484533441808285,-0.5423364595381921,-0.4796427519808067,-0.5600213586450459,-0.2639369167448767,-0.2567318796629101,-0.4819893533530616,-0.5265301771870375,-0.40030894254399924,-0.148742542997741,-0.19169230209967192,-0.5154714616388621,-0.281233586976938,-0.4994388312973965,-0.528869087143642,-0.30852948537161,0.10340203690825295,
-0.6730293527472775,-0.3346426217781318,-0.528178822083041,-0.3527206184868965,-0.6303564209460986,0.23858636635265873,-0.44064785206989615,-0.32810602073573125,-0.6125843661443993,-0.1118432958553157,-0.4299209869605314,-0.444707014971017,-0.6776024228292286,-0.07432103410110152,0.05776603743638312,-0.5300949401085869,-0.47801319988901037,-0.5437067937427051,-0.564648304572597,-0.017382700968947135,-0.6294439861912342,-0.250289653168046,-0.2685594518544851,-0.2948698756316142,-0.5772103269456198,-0.39305366199649217,0.41415241777758505,
-0.4289047518677023,-0.36604831690203854,-0.30422217786482403,-0.4565098471574145,-0.7148273890646902,0.5662190314160149,-0.28877074028054894,-0.5454867588547324,-0.42991275809000623,-0.5360133199206492,-0.5137777059011828,-0.36654515045698177,-0.37059054317988716,-0.30903339817441033,-0.3581539431910698,-0.5354010081151096,-0.5933313183775168,-0.23524958072121033,-0.30104574515524196,-0.07286314762948985,-0.6827483143551387,-0.5590404093536412,-0.35081943888423417,-0.6210177744557338,-0.5599064372844564,-0.5376242020700165,0.09770632409773217,
-0.7111473137576438,-0.457685641553255,-0.4997567778219721,-0.313531520398409,-0.44765620218903635,0.5842657505230076,-0.5669534040658808,-0.4679167366026991,-0.48786819220011074,-0.20482097128861587,-0.2376787207734425,-0.3856664445771507,-0.5492475466706903,-0.19953660735515885,-0.2573381500773006,-0.6574006803109795,-0.4420561059182137,-0.593732748853411,-0.6718022147353712,-0.29741617301690787,-0.5420597154828083,-0.3995806833772224,0.04274797169793909,-0.306060663676356,-0.37219396099058194,-0.3659955497737599,0.28384484297443346,
-0.5405036208454769,-0.4678330442168356,-0.42288927724139275,-0.21967539751193563,-0.3174261778176308,0.32541000391899283,-0.5035426834893175,-0.4935630022850107,-0.3022747395114306,-0.4488057730807624,-0.49697095204610875,-0.3926686183814288,-0.2690915954884369,-0.3934504828571575,-0.4138847294374074,-0.4177868410430877,-0.3956853105812445,-0.5438293232532081,-0.6680389961310561,-0.4337061526814477,-0.369525288106162,-0.3916771986365637,-0.3610589161100627,-0.531669763607049,-0.5050103562332069,-0.5147451950096825,0.33566735045581186,
-0.30530441433580696,-0.44552426888821667,-0.49156142307426387,-0.44070398584605686,-0.6423039869314924,0.4845761494572018,-0.4718577173144959,-0.673300302520533,-0.6120247560524283,-0.5147076981075974,-0.2479431000766751,-0.2645484968332239,-0.7909632188920434,-0.20178490049204473,-0.08239068453705936,-0.33695651926373194,-0.2845277094874321,-0.3334497804930763,-0.23470157236626504,-0.09562189278431484,-0.42524671998494346,-0.4022080289676697,-0.2559664324280886,-0.6767597350876012,-0.5572608758976505,-0.44412802351693514,0.3860614210902751,
-0.3633307607067953,-0.38084298756553964,-0.37786525756511463,-0.6549640605885636,-0.27537992621254687,0.26759433816338635,-0.40187109433188584,-0.371420334567051,-0.49362203516262354,-0.5746388921616246,-0.5940236552464707,-0.4802252461906837,-0.3428411818938598,-0.5032098803386981,-0.02148179363429321,-0.3906478057167868,-0.30975792432207605,-0.4844273735342934,-0.45838407449836527,-0.38896642550524657,-0.3574842334640115,-0.47721721743303314,-0.24314112642906574,-0.4937743327833567,-0.319050087315145,-0.42185294854630634,0.04287945777321733,
-0.47332073020093085,-0.3030631775380937,-0.21992668164505727,-0.452879223751429,-0.30466664707964314,0.7194591668439531,-0.4157523792873855,-0.4025817771863198,-0.5453249182749793,-0.5134410096039249,-0.4951373379317426,-0.6215077232532912,-0.5414395591774678,-0.6146325037861831,-0.36997390774974176,-0.2560009211999899,-0.5625141792515275,-0.5607108880384396,-0.5733325688152272,-0.4070541531407008,-0.6061090422098697,-0.09059680874618102,-0.22664833821221603,-0.41437649176933894,-0.5723557356212867,-0.4096515352079665,0.3758802621088306,
-0.29399756268184934,-0.5795868252654475,-0.39570339965740847,-0.56920047126638,-0.5348046346160196,0.6156419868417263,-0.24427404284356954,-0.27207126097522255,-0.6832750439116015,-0.4303824311073436,-0.46098518188031895,-0.26374978433276974,-0.33411713258992537,-0.3752892689887613,-0.047998938708674665,-0.5227900326638598,-0.6206487910241969,-0.3363522624356934,-0.626460660220802,-0.1295153637662194,-0.37962256147779067,-0.09802300997754776,-0.24663052203558716,-0.5800888192225871,-0.33179171958095605,-0.717106915420852,0.2965376594125749,
-0.3347531746025117,-0.5555377167086584,-0.48513653359935893,-0.6091894478514757,-0.5293723852858346,0.4995678647622057,-0.43657957254520857,-0.6345618532417295,-0.2731837696872517,-0.14385755033700107,-0.6416923476495449,-0.33306189736169595,-0.6958716421279638,-0.2837909371393749,-0.07412613693664695,-0.484617310384539,-0.530721337357636,-0.6640168820868216,-0.3954084805173621,-0.28357334925054833,-0.5511053319039358,-0.12281565405863472,0.018056596947544593,-0.31619226359593783,-0.40672331297283737,-0.345694494955507,0.10901846674257046,
27,12
0.14249579590094977,-0.15650636428622838,0.028515263133981304,-0.16397386109831935,-0.22874589454130217,0.01640139225264747,0.00460356066418709,-0.23361676648086857,-0.046671337936717655,0.07417905508929372,-0.19522185190489333,-0.24814432266466901,
0.22515522649612515,-0.12784670064696532,-0.1798206965859524,-0.0531585321712415,-0.1798224906085563,-0.1275156461805905,0.10806355676320302,-0.17409323218065487,0.10497919285467058,-0.06693676366330212,-0.08845085568264027,-0.19469765612144013,
0.002456781775555069,0.006959371191748896,0.005411033923236951,0.08308503907896188,0.09359573980662779,-0.010004719189861679,-0.04977951326944735,0.15220371629754118,-0.0703600266186908,-0.2888661443168836,-0.23579628346076717,-0.04126276196446488,
-0.15660696759886353,0.061264609957502825,-0.25460107322926795,-0.21191731353316806,-0.1278202934475826,-0.039226820154271515,-0.1282780113101004,0.03385764468655776,0.16948125613650317,0.04657584710856865,0.1200562935291407,-0.05758940890420904,
-0.25885005366039754,-0.2390020570700477,-0.12146827571160661,0.06049457645282125,-0.19072266900996548,-0.32666618072546666,-0.2840793910031835,-0.1075989873775295,-0.0367359528304524,-0.017649260901536935,0.06320446087666994,0.127457597475604,
0.6110632149470219,0.47614461151081355,0.6103388226828921,0.5087379652889524,0.6877862323812175,0.5310850920942884,0.6506087817480651,0.6272108627114382,0.6777231460898878,0.6116566184919967,0.6450100260573784,0.5846568810615982,
0.03827827796566246,0.025510579560453467,-0.21486290995785426,-0.16328610788751,0.05022089982031602,-0.04202928633277742,-0.19617272142076833,-0.27136933745319614,-0.22470969966147225,0.009990740535261415,-4.495288427610976E-5,0.10196130598975162,
-0.0966054287926673,-0.185648329113287,0.15490626943755598,-0.07105407855024648,-0.2594564581248331,-0.0744982015291026,-0.17148429966170378,-0.07671143621418343,0.13905058761041056,0.06608109187101313,-0.055619000712936496,-0.1494553659208542,
-0.24400764750672138,-0.2260860762441291,-0.16897984203736907,-0.021921019377469566,-0.0300517117657713,-0.3025526899482412,0.09217356727311046,0.017976527731481052,-0.0925661558810253,0.12374002800442914,0.15253978302499974,-0.2258975516600858,
-0.058650688186621856,-0.10670508374245054,0.19580185609322326,0.040164275198943264,-0.16852728887693996,0.035319713809351644,-0.045242815226764745,0.14644928011736366,0.039096071954864975,-0.07837730340428202,-0.24111042476728506,-0.05782527982354778,
0.1318256456621684,-0.025375221363283785,-0.23006368022973608,0.001283204375672139,-0.2439443676206541,-0.045921513066617174,0.11068499287939633,-0.05842987820094887,-0.24934465455095578,-0.14735833325904585,0.061025757729150046,-0.17525902105786698,
0.10875383125085022,9.111070263909013E-4,0.0801600285430725,0.0073572510496880935,-0.23393963755967065,0.004662767739736784,-0.2960108867066718,0.02702198910320119,0.1287939352594949,-0.23848571073891836,-0.2663155669254527,-0.02564908660442947,
-0.24882458157497908,-0.018676434498312494,0.056477700155506606,-0.06706285291777886,0.11830387448173856,-0.12441069775564176,-0.2622816202621577,-0.10820492039378976,-0.09438972039098104,-0.3390496033082077,-0.3059700414199768,-0.07452731990948365,
-0.10647573370476313,-0.27730412817675365,-0.274121553392916,0.08231393783789091,-0.057894389928485154,0.05863476181277702,0.03490333862239892,-0.17521824122765522,0.15931045789589351,-0.004919620577026609,-0.2834484539098575,0.13356272913665523,
-0.006120014093863963,-0.029271659983808818,-0.005501822526726024,-0.09706644326735285,0.2580979587641556,-0.006672052355105157,0.16501630144791252,0.04968540635175788,-0.07803020724671607,0.1723075419449834,-0.02275301576938358,0.13639891926210812,
0.08887323065885402,0.17563104659226136,0.19048416593106143,-0.03270247155743995,-0.01097169022310484,-0.28864724165853417,-0.06639380202308033,-0.22935242290368352,-0.20747675460880835,-0.10212818544596679,0.01984775824836275,-0.2984662052105262,
-0.23069281411727913,-0.04806607133940492,-0.24606091149302897,-0.3188285894858217,0.13982160548992664,0.06329695880552344,-0.1813461950048054,-0.205890726978617,-0.25939544186330543,-0.1490652290409935,-0.14036992672179474,0.10830440943705079,
-0.2738942456810211,0.11120899597910813,-0.2777540039585156,-0.3722866354678651,-0.08948078110439577,-6.17023667790253E-5,0.04919293064517481,-0.17349682521309737,-0.12303477760596145,-0.02067105195724591,0.0687363153781349,-0.09878507950385833,
-0.3022758825339398,0.025402379575684406,-0.16152819164040427,-0.1815785746092116,-0.2321160723860266,-0.19209837784856426,-0.02088420463762378,-0.10887258907745015,-0.07881867957799804,-0.16906130577723713,-0.07517298294108903,0.08873341325919207,
-0.10145770476050929,-0.15294235053895872,0.16868668261062872,0.11619597351636766,0.1335494901173783,0.0627180485648561,-0.19568309501529868,0.2000726205735954,0.013647320092443467,-0.14603982479506883,0.08093664599753354,0.20491746455889695,
-0.3156371991860834,0.03156068925641251,0.16109060466655917,-0.15226460370583347,-0.240130171954057,-0.23188503446397254,0.11773310440490459,-0.17045869298969843,-0.015788501241782705,0.0272910860960144,-0.3206614926001963,-0.08101711409416894,
0.14661561721589644,-0.041394446975943806,0.11498346811616988,-0.029057853641272374,-0.08078182989432924,0.1924805283012906,-0.19540222617504083,0.0621299859857608,-0.1561463741214788,-0.06428048799382512,0.11979344840050184,-0.20531510870320838,
-5.728770289032139E-4,0.08909817563562855,-0.03953786201559097,0.2178808771816224,-4.761526285737734E-4,-0.05903592112065099,0.09075946131211307,-0.07123766902197927,0.08118757649071624,0.187170268697857,0.08893201380196171,-0.212131436631501,
-0.22693265903301083,-0.24061143595245477,-0.2639196770053225,-0.1998143535698162,0.0469984347060112,0.022528165395368397,-0.04100722560829385,-0.23836679526075913,-0.23760020356274128,0.036240742855073914,-0.19696678232597736,-0.041167022142969835,
0.11842351771376368,0.07769458583649588,-0.20698908675118258,-0.003984236042561351,-0.01596121780432596,0.07699792664174139,-0.31077572206208953,-0.1370808752930178,-0.26822512932541354,-0.38875912458228334,-0.025317970473465307,-0.047747647904624865,
0.15206580136487088,0.17970568759836533,0.16681122586196026,-0.25019578366139916,0.083807701033683,-0.13470686313868974,-0.10282460925171792,-0.12368656582252607,-0.2208218483645819,-0.3089325919082035,0.09726753242922392,-0.2791995632544031,
0.14162411732114363,0.2637689929860793,0.15404917112025202,0.17381792387459866,0.040584345329265116,0.21244570822675038,0.1437220354028706,0.15532377177317863,0.11716135233749295,0.18111975049504395,0.20302972622646456,0.24321249645208573,
