# Pesos da Rede Treinada TxH=  0.8999999999999999 TxOut=0.07
12,17,12
12,17
-0.6285185944169586,-0.8623919356952048,-1.1829910760174733,-1.0971657077588046,-0.7187913172181817,-0.813943528767554,-0.603077335964045,-0.7870872176679324,-0.997030189938948,-0.988513514339598,-1.149561347989406,0.6413148840112534,-0.8189571966903192,-0.6780616352772092,-0.5536850450864299,1.5916449509009913,-1.1286843618772062,
-0.5076835693119475,-0.11826678664415433,-0.26363249839689373,-0.03639322053605133,-0.09809569591294137,-0.05720421623733652,0.18769610919626203,-0.057597337151439255,0.07932100470575296,-0.2708920032952924,-0.26166649674415127,-1.0694873721392042,0.036269236974712654,-0.0850571847040307,-0.24077227502221185,0.4853855184293564,-0.24385291729006678,
-0.23819172096884883,0.09060931090370014,0.26555171822694784,0.11599297419620422,-0.13090692142466917,0.10332632469776297,0.09468258158075535,-0.10116911552122018,-0.06420242033087462,0.01936654221097137,-0.017293427255380155,-1.0231990793910943,-0.21916231943798115,0.2441876569689836,0.10027726712132012,0.2752575855468695,-0.1583026839634229,
-0.5891531435665396,-0.7020472223031636,-0.6818538116421721,-0.6359559273784141,-0.17476174355057816,-1.0206505030643704,-0.31443164643552346,-0.36373039790295286,-0.5201953561978737,-0.9699006628215728,-0.9687292921151447,0.009254311351793967,-0.9939617887833244,-0.28123049758678725,-0.5907319354180519,1.4841395764514496,-1.0311318401799756,
-0.6763451056969838,-0.4978759069263901,-1.335576517267211,-0.7205561865977833,-0.419490146135224,-1.2160682782328056,-0.20045883612176518,-0.5616065760781022,-1.2300440470397427,-1.0747213574091141,-0.8574651359523909,0.5123555168063098,-1.385813678136044,-0.5841545565916818,-0.8745284040978292,1.9032620212897917,-1.0335022636731046,
-0.38841658764000003,-0.7510249826714369,-0.4891532427481537,-0.4061361847765201,-0.6729353048330975,-0.5486578828818183,-0.7304544676359085,-0.6916573697037323,-0.7706335308758581,-0.707667779812342,-0.5585777168055919,-0.3343538127840241,-0.626002602998279,-0.742288824112333,-0.6422586247769437,0.9171652482575415,-0.3817978248439348,
-0.5930682425598994,-0.9542311225741874,-0.833236410518469,-1.193366379263909,-0.6191405841159691,-0.806295247398279,-0.5701381578982042,-0.6475986076020109,-1.1202047985231127,-1.274105694028003,-0.8607315278020357,0.11742198210832153,-1.2200676092536948,-0.8624420137840881,-1.0069339022937085,1.2408509358890636,-0.7933206298442194,
-0.5231079847833591,-0.0938808417190724,-0.34841827527081054,-0.38046878487931696,-0.4052393352267036,-0.008824577351517204,-0.5553873765768002,-0.5226613041691727,-0.3150643761013662,-0.027943819665003887,-0.35670922187209325,-0.9543063496974596,0.17679414611594796,-0.5533900236527737,-0.24739344182684228,0.14015319833820636,0.006325979379859167,
-0.6700178298441015,-0.43560446337299935,-0.5115766742907255,-0.4818166857206143,-0.43285854229127396,-0.6205204131252303,-0.9225735503461258,-0.7349731614325165,-0.48520116871431707,-0.39431509747084437,-0.42048001155384335,-0.8974056655239407,-0.40475864429143305,-0.5155096193197151,-0.45540583021968495,0.21067821553125796,-0.5816231080260179,
-0.69054081289785,-0.7797928590427095,-0.39246067560558306,-0.5111519926606933,-0.703946633789288,-0.4006498167207636,-0.81586034866585,-0.4441046141195849,-0.22993561824039044,-0.2857482987615478,-0.23773565648191453,-0.4039833836959884,-0.6180295346414395,-0.7905547675168692,-0.8203267877208288,0.39125578408428163,-0.6434226813951,
-0.23304438255392415,-0.4848650439325096,-0.7019000643317476,-0.4721601683111334,-0.8903486290789006,-0.4305000405368039,-0.9191045326375634,-0.7037264694360426,-0.37349489389041657,-0.5590624340540741,-0.4127119594668926,-0.26501683004194937,-0.27254855941207623,-0.5604604551742539,-0.619680539031957,0.7882627576307701,-0.4719355976559722,
-0.5716876448169197,-0.5309084691755436,-0.23988532758459802,-0.5517257776954118,-0.6352401850656447,-0.7345870429614374,-0.539205833588239,-0.575909868388627,-0.5565604416169636,-0.39381976629578946,-0.6306556341013259,-0.8264215765396875,-0.5414178400738466,-0.5173116339448667,-0.3431851436276226,0.6474084102785945,-0.5185953136813484,
17,12
-0.29126716942435205,-0.36566125317654585,-0.19217992720545773,-0.3064193914627675,-0.3230419315677316,-0.022419466197892295,-0.30662595903542106,-0.34510083318675483,-0.1328978558860036,-0.14318414302604707,-0.11328208252346433,-0.2048075958614666,
-0.3241436765916244,-0.20048809699381379,-0.17891665198740545,-0.09162846668461021,0.008781330751709702,-0.26862013922557054,0.060355326051791794,-0.22731831699802468,-0.48992444506053995,-0.3807539796407782,-0.15305111748761158,-0.2643134789256944,
-0.11322509654339198,-0.1018442441006361,-0.31244487917992925,-0.16790977717664404,-0.2262348179972582,-0.014238442749383988,-0.3683676517630372,-0.323631595533592,-0.4939031423284455,-0.3417527542121614,-0.3837579114746809,-0.4254474611877711,
-0.20081644879711552,-0.18333513549371247,-0.18679146154134668,-0.13002234063116705,-0.12590984591036367,-0.2043480630958873,-0.21636653126662642,-0.3041161961256509,-0.1640930656101984,-0.40070765360928373,-0.41660519896259235,-0.3339893731599913,
-0.1708102312879878,-0.24623208434916496,-0.05669394709611241,-0.18914350575206781,-0.07840444854919158,-0.18376112485261037,-0.3798471329932414,-0.18584659428038564,-0.24071903076619167,-0.07107252263440596,-0.22622036573074128,-0.32892998093708253,
-0.34590468089993576,0.07864057978329655,-0.2911499767392305,-0.2722869308528288,-0.1824616646980743,-0.2284562862102127,-0.35524942282529137,-0.244729654067455,-0.21360284464946316,-0.4446070482428778,-0.33740860321607574,-0.17974439584497914,
-0.28633424431424453,-0.16780646234844626,-0.28228454219766097,-0.31535280075914685,-0.24992688726765144,-0.23477827215377542,-0.11310783756982841,-0.20346113190914072,-0.14691893161047845,-0.13573151656290394,-0.19689868288625925,-0.1763125034510602,
-0.23257999809725596,-0.0353989178393411,-0.30914508253154027,-0.27998447486347056,-0.3703196954394939,-0.3029830955351547,-0.3404230592033978,-0.11939549084816331,-0.07368960405388371,-0.21315273775585672,-0.14914352694527505,-0.29008638738761006,
-0.42424501096714706,-0.4221897134583653,-0.10031068490686805,-0.014224423508487965,-0.2732932625400316,-0.21410602877212145,-0.29532811262097064,-0.23943655247311538,-0.558275143274948,-0.173435629757511,-0.3269040881398292,-0.1235741440656648,
-0.2748092552868249,-0.1934390003462136,-0.19539295702975562,-0.2570856250796914,-0.3629389043565312,-0.40081528382737697,-0.2869357515756233,-0.49335651979374023,-0.19371506466935734,-0.21647064992071946,-0.4023250011704056,-0.2498938941676194,
-0.3344345578742798,-0.21490306350154084,-0.12105495373439523,-0.27512373470321877,-0.3189190545285247,-0.27821011945311525,-0.33928645963467824,-0.21965279514306427,-0.2712552486710199,-0.5225852715775695,-0.15485247203464808,-0.21994449507696243,
0.017050016726298932,-0.16310696883451062,-0.15268683905798103,-0.101311176304026,-0.10243961303459494,0.043884259284428385,0.046752708831283366,0.0883376764366179,0.10115647948054121,-0.008955323887165276,0.03527358452582441,-0.0014709504182692313,
-0.3348891482819423,-0.2866053142348257,-0.19525096296924727,-0.29161793357819915,-0.16648216364452287,-0.451765322822057,-0.2963806229254204,-0.21226632297210216,-0.40639126351117516,-0.16833046205540023,-0.5230079662379491,-0.21729373926644335,
0.0018109542424864064,-0.0425702748475356,-0.0730346726050103,-0.07521967096290241,-0.2834316830574637,-0.3517563347034443,-0.28144559691455634,-0.36676334531246185,-0.07890027571551551,-0.2994390536836747,-0.14834106796832042,-0.3165814253350939,
-0.1650057774840023,-0.20960826861568593,-0.3417589271352743,-0.2588573130156397,-0.25285637813648715,-0.3225179611213077,-0.2589509258675801,-0.2581347659752647,-0.26275917712082425,-0.1480101031254572,-0.1969196941079119,-0.13123634661177558,
0.7147734355459391,0.6205717344517152,0.7009287279794981,0.6834970685046575,0.7310040969926103,0.7337406160674841,0.7592341268895118,0.7822841672274651,0.758289541225029,0.8098711454189087,0.7674148234791355,0.7961335632098134,
-0.3401958152594184,-0.3487711043949,-0.40163497818280625,-0.3888902142272285,-0.28993799241199464,-0.24189459222435178,-0.03730761345803969,-0.3883013588851138,-0.4454414019995699,-0.22897167931221254,-0.28799737079999055,-0.26758448549916963,
