# Pesos da Rede Treinada TxH=  0.7999999999999999 TxOut=0.060000000000000005
12,14,12
12,14
-0.47236317301124864,-0.46212684403958515,-0.6554593389984517,-0.39622892741380905,-0.441827991953613,-0.37579237287208084,0.03522785120795968,-0.5012481243173422,-0.22353272860860632,-0.4051449365039044,0.7452982301824196,-0.5084227706246303,-0.6119261386708023,0.5519813158989075,
-0.1194159972002557,-0.20409588435753556,-0.35735513083100007,-0.2812371488471724,-0.43269299435912784,-0.4332830019726037,-0.3412381448424044,-0.35368451370541076,-0.09786889239776289,-0.15228950662711363,0.26672454182628,-0.09608343445488937,-0.38481622370834556,0.31988208646019933,
-0.23526131798097277,-0.18189387621287745,-0.34140562112941386,-0.2981053906457882,-0.45095793066033857,-0.5492677109071634,-0.21752923756185832,-0.3372358712151725,-0.418249611987999,-0.18227826911090625,-0.04826804116280345,-0.14821943118019393,-0.3043471214458783,-0.12574342751977113,
-0.48031438896304396,-0.6981831884180837,-0.4046869684290312,-0.6199195449474868,-0.6160318287474023,-0.5589426982020101,-0.3685912842692081,-0.46710208489329164,-0.22445759361710765,-0.3762741937846128,0.5001184530743524,-0.4777107586682044,-0.5048630432176751,0.5646193731193473,
-0.3208585799650791,-0.5288719559795522,-0.39994228630569945,-0.6056023935325379,-0.7494166739405421,-0.5304558823761927,-0.1656108729561277,-0.5874343263206694,-0.2321435142132134,-0.6285252650697605,0.6655494056979736,-0.5635502229428558,-0.46210824079057905,0.7173231983766654,
-0.37358453089755256,-0.3371970195425753,-0.27295126391492763,-0.5675513839587776,-0.40914589405762825,-0.5010369138351213,-0.3463632753056903,-0.3363646257723263,-0.4546869161451787,-0.5628770795698588,0.2794958527653353,-0.49299774052504997,-0.44627691851784757,0.16984896530275964,
-0.5065140298828105,-0.4978208642037435,-0.7182913786327295,-0.5254636022353014,-0.3937043056816847,-0.3577662408915363,-0.27873544914237086,-0.4024978417901092,-0.7237261988398406,-0.6478994090763002,0.28644092458111936,-0.5996090608274534,-0.547505215500946,0.4393175135107349,
-0.3223715482132213,-0.5091681357148253,-0.15657218668542602,-0.2946231117487856,-0.3173733844648333,-0.4979234453263078,-0.19311545086018472,-0.5081499925129884,-0.543880495598002,-0.6356994516619019,0.026121122515079087,-0.5312039446605208,-0.20080143786299937,0.202707550731764,
-0.6267443364641162,-0.5544084291200445,-0.3894781883802919,-0.6022228298699996,-0.29221812835745775,-0.34914360980965276,-0.06792634589099557,-0.6401927439761995,-0.4590620966622528,-0.5909682625750141,0.3560897691493234,-0.47670306779652427,-0.5667252802417709,0.41639804244149414,
-0.6702619582067999,-0.6111107556998,-0.5650487239629751,-0.27976620713942707,-0.4473873505692857,-0.42766984280285086,-0.37438608219601344,-0.29597931151217516,-0.36204664094297867,-0.43059141561725023,0.5373009113886358,-0.2534192953727352,-0.60737515756428,0.6132987430525977,
-0.5086432991601952,-0.3846770575986311,-0.23453393343573398,-0.22525830383298362,-0.6054050584824557,-0.29564714165620454,-0.11644501772060087,-0.32414022944909887,-0.4177730065229187,-0.35492764080189965,0.2827866402700035,-0.6191481644513944,-0.36168330579607955,0.21507263020450043,
-0.5009743844819706,-0.6060221697528195,-0.45254624846612734,-0.2665181977503739,-0.3059458891592683,-0.3568136735001143,-0.13568792214662104,-0.5268950051499912,-0.6097460682633512,-0.30837442570066387,0.3550597257366525,-0.4013738340646051,-0.4235719863480477,0.3939031309514303,
14,12
-0.2824326205739748,-0.19694375617646048,-0.10751280762751925,-0.12041081791172159,-0.22199480775885955,-0.21828789323720557,-0.3540174539673189,-0.22079072699168018,-0.3939098448080035,-0.389979712375985,-0.12918556245401752,-0.19719362438761562,
-0.2423478547691803,-0.09881748735819845,-0.14477350808973866,-0.18937215361886367,-0.36079356477003227,-0.3086275130675824,-0.13075786482645202,-0.469250393018737,-0.16282990733920158,-0.09128817729820661,-0.3150606678046372,-0.21676235846586614,
-0.20950631116274554,-0.2796015223520777,-0.3176580348863856,-0.25085972580760035,-0.071326322738263,0.0033590031676595114,-0.17903014871581657,-0.0038052758275371394,-0.4374062363596505,-0.3890500444529727,-0.18228912586929347,-0.1491135651321617,
-0.11482838366892764,-0.13665110350103402,-0.026947331240441536,-0.1881375747956104,-0.10845548467644964,-0.3985609636514619,-0.3016704807707811,-0.019863763850633886,-0.3973420409257273,-0.3523731576184987,-0.1651452605823705,-0.24835447358646293,
-0.24076343520042554,-0.15699182180756116,-0.32239320602620675,-0.38710512058947666,-0.23554470758833124,-0.4335561733890998,-0.3656593598327561,-0.27749040318773527,-0.050853016290076936,-0.22317121718176436,-0.33804516503913823,-0.31458253761896665,
-0.12366833447011355,-0.2922537156089849,-0.2621168861180856,-0.14716132502179496,-0.3629601832378709,-0.17666566087621371,-0.09852989238540209,-0.3387694487872915,-0.1943555723470954,-0.27243515116896594,-0.1325335292165092,-0.04554893816584786,
0.0551848532453964,-0.04634321604640343,-0.13417096900263106,-0.1284875104927871,-0.025268424906626608,-0.060963080179850096,0.015417526265815813,0.056302968874002074,0.03410115324140837,0.03669102592895352,0.10820682525621524,0.024103959130481845,
-0.26794535868528113,-0.2020306312777862,-0.4143750648081855,-0.19739590016413092,-0.3121671168220851,-0.17669650729926892,-0.35739640278545365,-0.2722672228426923,-0.36683514100665016,-0.19533371333564964,-0.1175289095828038,-0.16867949590327064,
-0.13134942845680023,-0.16384169732742296,-0.10646558154963234,-0.12074860608236068,-0.03919120008730851,-0.1359812778851695,-0.20532602929300464,-0.1079800950666066,-0.22460194521992122,-0.15071849202430013,-0.18744225499783007,-0.18275058691575066,
-0.259440680718443,-0.4949097656056962,-0.2502216617780579,-0.2420854125873983,0.05957132291429561,-0.3164837416092815,-0.41519187137785374,-0.318486814080977,-0.3533295361528431,-0.128887871492695,-0.4989591692412871,-0.3919883253659138,
0.2268792776278641,0.3622159298399386,0.3607770703676308,0.39313833628946687,0.33246709630546584,0.4262794713590813,0.532742862869866,0.43686187404665333,0.4741554878171219,0.30395493177840965,0.4118864266427324,0.5147295211711672,
-0.1897234376594798,-0.088605741102221,-0.27142369397086685,-0.37102141788319803,-0.16610185869898444,-0.15782596951804093,-0.3080947443445951,-0.1755904377472791,-0.18255522290184353,-0.08649882787416005,-0.44638704716114275,-0.2006909941896363,
-0.2645329094597524,-0.2702099254914514,-0.16825670243251936,-0.13803149073449877,-0.34789122427482394,-0.23296783161182952,-0.08484149248206205,-0.1896761712007427,-0.15890039294274277,-0.5586914989706536,-0.18691611198411426,-0.3994684888213884,
0.589300062126561,0.37100254671444693,0.4458404009057184,0.40229254281497506,0.4802465226955644,0.32334164520292835,0.2653842367623934,0.4047733722388721,0.3407727809966104,0.5540218830665378,0.4068486449186875,0.38421079150494514,
