# Pesos da Rede Treinada TxH=  0.8999999999999999 TxOut=0.01
12,28,12
12,28
-0.14103555869585702,-0.40157188239830177,0.19032065591093822,0.6565819429153622,-0.3566402897996404,-0.17169459506717566,-0.11513226796477216,-0.32870571932594606,0.6464759619810609,0.2929118318176744,-0.27863524301221115,-0.30903109390448186,-0.20948286237642275,0.648502901124051,-0.18478252140812917,-0.3579985031111842,-0.1487384369834849,-0.3482980572447049,0.5969894031721397,-0.3897075208385483,-0.3887299948052854,0.3407493351206738,0.09764340590257554,-0.3208476559028771,0.6469338979176269,0.30475958950534104,-0.16557863590704497,-0.11741744409957727,
2.1712654152565785,2.041331962257468,-1.3649990485889534,-1.0873949417948763,1.1188109970128985,0.94601552892198,1.7374544520744393,-0.11115664698823424,-1.9706143759563732,-1.47253572382254,1.6082428347556037,2.0500489241870743,1.6177496006490453,-1.7719673711686104,2.196680192828312,2.0016114822677142,1.8427855043157295,1.4603000156326569,-1.9667021683075145,0.8050384051871695,1.3466605781775203,-1.972589487393909,-1.323442282459441,1.3538758735841514,-1.8627493764175265,-1.4756031695200418,2.325228874553871,1.7021537225837282,
2.2823531726531843,2.5008189144713584,-1.228185365097997,-0.99901622844168,1.2519442420272544,0.8316985320874891,1.607200980611274,-0.4412058634013023,-1.8663287721281,-1.442757649351198,1.5943120546444578,2.2408056030146177,1.6187623382295269,-1.7749829497110934,2.204344129285563,1.836711643701008,1.8041169135253923,1.8322516407568679,-2.031535669499292,0.8299193064900229,1.7240148378864677,-1.489457915173672,-1.3039868408650612,1.4414680109418214,-1.9497108443917828,-1.2644649199892122,2.3086181537402712,1.4094564053921783,
0.9243002942164473,1.1234479582586125,-0.7466020118757353,-0.4084593633761963,0.7595011887902261,0.4811801533068695,0.9644532881712056,-0.532254458491527,-1.0358643420862208,-0.8563968931018131,0.8484202726690202,1.1094043686882749,0.7356679046769186,-1.0888361459705334,1.056273635964665,1.1590878123925046,1.055728238630785,0.878323638458366,-0.782203084893716,0.44314182130286034,0.7607425640503443,-0.7738401805171453,-0.8695535355391637,0.7542889805939861,-0.9979657876720599,-0.5911212577848681,1.2922476156137588,1.0415633657627603,
0.7476867785224893,0.8109355820165852,-0.5522477622322285,-0.15168483522349935,0.43512581188426,-0.10081117041296996,0.4297667407101798,-0.34090618255569977,-0.6040048057727854,-0.513979512958001,0.4476704973264084,0.5514908913560308,0.2810055616209184,-0.46559244854097287,0.4069437173597936,0.5029627317764325,0.7856249531000616,0.45987066051447084,-0.5174898571946376,0.16760635635474688,0.16580631453780373,-0.5624332830899523,-0.36937429224993473,0.5950162162070467,-0.5161650837614188,-0.16381747888471576,0.5059224736746419,0.5487460614259422,
-0.6508920860671109,-0.8682181608770793,0.575846169596354,0.21128910135885032,-0.26519651778758824,-0.7477496372207272,-0.6641542961000341,-0.5727413763144746,0.7512446319105169,0.4601255653409935,-0.522455016956343,-0.6723348092737813,-0.7472509192469988,0.3912728810724547,-0.43880316889508963,-0.5431072099512431,-0.44379169368222005,-0.516829181216273,0.6065469022630865,-0.19403327754484434,-0.6366015048659684,0.6836455722179696,0.4136453629302987,-0.608152577627107,0.8631039451215453,0.24397330689426794,-0.8924630452849116,-0.6939583590968963,
-1.461376352060068,-1.6323239207031845,1.0801522827832768,0.5516831724147854,-1.0304159317095953,-0.7843768564777623,-1.059768471459626,-0.05146212727583775,1.4374604862932658,0.8876171691342299,-1.5402595808271584,-1.5787029309389025,-1.2623483630588552,0.8372530686167997,-1.627302161891194,-1.3889541293339422,-1.254192733505316,-1.3791829925099386,1.1044009660965344,-0.6513903489581078,-1.0834313550421748,1.178730251739656,0.7705470286298413,-0.9957611037242905,1.3702204279316785,1.0690782215385017,-1.7584513159487691,-1.2944218573196207,
-0.4085756133597678,-0.28669464524132426,0.024867533089713994,-0.14579916336445134,-0.17203247453396933,-0.01744184249463154,-0.33891732305155414,-0.11787842781182528,0.1393125620940534,-0.1520192414768631,0.014116831214879067,-0.2523285166214382,-0.3055254905291055,0.11415878279122868,-0.15320276715040773,-0.36768350335591476,-0.4238340479449129,-0.26995913107292346,-0.15188650173419807,-0.14620539555510192,-0.003857191988932869,-0.18544944054431595,-0.29502661390752344,-0.009378611530931091,-0.0514014913052738,0.13768008196453382,-0.17061336034198638,-0.13592842170677522,
-1.9225099809195754,-1.5875504001158802,1.036473581598817,0.5909499069997303,-1.2949865969555892,-1.1107964273036062,-1.1598064816936546,0.03357996693695536,1.3133012230032042,1.2820172512319363,-1.4561485446240154,-1.5461248641837924,-1.189103430592036,1.0954987204799607,-1.7717812707929947,-1.4428545257788503,-1.5851096198608325,-1.3524349902267332,1.5836813117917576,-0.554750612191729,-1.2891019312407768,1.2079429911301252,0.8277242881091708,-1.5978488721945296,1.2811699835318482,0.9307010301725716,-1.8138398336112305,-1.4331848811753725,
-1.6891184336954634,-1.847105344612272,0.8972878936296229,0.47062937449194114,-1.0670577211244678,-0.8005211893255794,-1.4834440672630957,-0.21950809158606124,1.2056661631319157,0.9013887385358982,-1.3789870746916748,-1.8904289923331576,-1.0721379734065026,1.0430745813567388,-1.627802759845566,-1.46454350179843,-1.2573200698900557,-1.3950347184006915,1.4341178885749837,-0.9459239067287335,-1.1445696400565186,1.4311797792267253,1.029844619129298,-1.0626732030412176,1.3533661851109817,1.0789524137788011,-1.6546871223337487,-1.213614774783482,
-1.68906999046854,-1.8272591829449492,0.7660010571369692,0.6581636605419343,-1.0227592622813209,-0.687392424494258,-1.386616139070866,-0.3421085867962275,1.046718193371071,0.9517689293801895,-1.1611345868542844,-1.6043136551178303,-1.0255847971078644,1.240786760734117,-1.318062269627799,-1.1397965725557646,-1.3563827205361378,-1.4250616497730153,1.2345979049766997,-0.9539668912715404,-1.1238421922082784,1.288439279124009,0.7350333797734104,-1.074496690639538,1.284858337618313,0.8044231655458086,-1.5309412063204961,-1.208106700340157,
-1.4260428529288807,-1.132843959060791,0.2925424753521286,0.6003301995577622,-0.7223321521666111,-0.5468522219984886,-1.1404750570523683,-0.4505599543059968,0.9701261023473187,0.5451366017901353,-0.921101661027021,-1.1683448044360347,-0.7361905652277806,0.7119002672737812,-0.8884863561903428,-1.062049296646723,-0.7294701300051161,-0.7876452159357059,1.0472639263115184,-0.5831468132020794,-0.6820068932980944,0.7095849914614962,0.47547901164185774,-0.8936465441532139,1.1504502871395708,0.5310242576953648,-1.142038869625405,-0.847974172688662,
28,12
-0.08946143958939762,-0.25299473054175975,0.13152978592018205,-0.24613827372352498,-0.15610247818826636,0.05926376726120001,-0.22921306372983832,-0.21985957906335113,0.051012404055274976,-0.11171060074117353,-0.08109087145254597,-0.13531108055460395,
-0.11318069401545376,-0.16933977364514216,0.012556702244761263,-0.15526711028515833,0.01631279696172738,-0.0592962998137488,0.04679333214479539,-0.08134077558250613,-0.15314447099826375,-0.2060251979037715,-0.2103717506842951,-0.17625526174772937,
0.050130888180619504,-0.07687890844008935,0.1497810890636989,0.12812704068675285,-0.0991507566660821,0.2860572337726627,0.12863598958658065,-0.047763289111749825,0.2704702004117741,0.17603778409374837,-0.02656769692499491,0.08572436160118248,
0.19217280582659196,-0.09965042535347479,0.20675052229525756,-0.030836488975531994,0.08656593858207286,0.2388706073336512,0.07971886332511986,-0.10117962902128719,-0.10779502370300734,0.10474349425058359,0.10172247042956922,0.26898274638186603,
-0.16086281054408896,0.12358712338688345,-0.11633515861952695,0.030985415527369647,-0.009732485303964063,-0.07380578055466147,0.017630211552526556,0.14500013604441825,-0.17832605901565537,0.0642175483059434,-0.2183916277506027,-0.2115976319848609,
0.07564584384099421,0.09577496944231548,-0.12993653591174328,-0.20546836786095699,-0.15513967033719206,5.250829732899383E-4,-0.08121000673035951,0.02902865823630721,-0.21337386543810014,0.028956344263727448,0.011322709690018617,-0.04833107017517853,
-0.24357527781873406,-0.06690549446711262,-0.19668581410206185,0.17176808861912518,-0.10948201048991235,-0.1732320076119396,-0.18153748420677188,0.06877847049062298,-0.10876986949848426,0.2127938564097767,-0.07634611379816411,-0.24023075883632378,
0.02806987534160349,-0.17313405734250065,-0.22381156413072426,0.057614295198324283,-0.1586132939740656,-0.06489604612605741,0.05825113283671302,-0.18485313919552257,0.01685314163727275,0.16205522826270957,0.16195805790426182,0.15579596257110426,
0.30543489755175796,-0.05028394043311246,0.24640866904690784,0.20812780105988982,0.29232854367716204,-0.10595728184160405,0.11046198747352581,0.2788448127301858,0.06248199434349003,-0.02348556928041967,0.3389305445490444,-0.03474336746826168,
-0.2339547751862904,0.010194475402205838,0.18486071578858163,0.14629199506227647,0.15686311473478148,0.017339076237837633,0.0072441673078386766,0.2357312799419411,0.22673226310187636,0.073918500633432,0.2821377072135195,0.08709570320113715,
0.07347071277333762,0.00801388137427513,-0.08549266740876062,-0.1528176735017889,-0.15396422339313007,-0.1741441148849003,-0.2811999187330769,-0.09974200849104739,0.09197138027405068,-0.02171081893851607,-0.03110942533068214,-0.1756452153705481,
-0.18561710921827107,0.07056707402035572,-0.2060226762378133,-0.21939621987097088,-0.13489716389132028,-0.155681080630018,-0.026848996684969338,-0.15963216472544198,0.0072088836730949575,-0.03512849130685672,-0.12574575935363116,-0.11431658774495154,
-0.1511612781398461,0.12679335651215742,0.02434283058878018,-0.2322224540925323,0.17292711856382809,-0.3376415772868962,0.046206690978878966,0.08140047378129805,-0.08745634337778387,-0.22149299044744544,0.013317928225065183,-0.13922912904344778,
0.16267963067051952,0.15245372147714603,0.019320350450982342,-0.0057844123679965855,0.03942339897496358,0.20551851156985962,0.31779651148893423,0.18762111083476207,0.09548085357036044,-0.02971480832945358,0.07561040699762994,0.03845232306676878,
0.12598434304124503,-0.11815129273078216,-0.17528177521549707,0.1927887792432148,-0.13397348281282317,-0.009161626296398887,-0.1148090363011425,-0.11356742999683286,-0.21504372188092852,-0.14037064320155174,-0.24362763895051995,-0.005686467632521209,
-0.031250160749505304,-0.09638582119932441,0.08185103073473281,0.0626325497962868,-0.05960356529877977,0.07231338753714994,-0.12624105513939654,0.066388452322725,-0.23479838441431902,-0.22577208129722148,-0.17597141219228835,-0.1656036753037665,
-0.21428117425220972,0.025595669634890614,0.241744165804464,0.04568129702900229,-0.05665425533221724,0.04194741283924952,-0.11474169417094798,-0.08414854058752749,-0.15820263464960863,-0.260883709584635,-0.09320801417398866,-0.020692226743422547,
0.0852876071849162,-0.08129345604514225,-0.2160575113624728,-0.31673859972954144,0.03175272694721689,-0.07093728580988952,0.10149051703779018,-0.09607179622690556,-0.09621353351906088,-0.2279776912016474,0.04922302710019725,-0.13317586925986766,
0.3039041528740678,0.2788343534750836,0.2211464228983834,0.1410820918302101,0.0031607110921515183,-0.043912044419673585,0.16136014818385733,0.15839321036751466,0.13371599921315272,0.24979979234501679,0.09228840160911951,-0.043985981493790585,
-0.14640249380271647,0.09714026857538524,-0.09020126952925049,-0.16122542169357446,0.03574443159536663,-0.15023814499633784,-0.1143891909523998,-0.21912343452007166,0.011506932139010531,0.18691595995974086,-0.073426296731944,0.08823276726142328,
-0.31964967657203297,-0.3059243033295515,-0.20226849383272422,0.028639544298225836,0.05319435750292929,-0.1486298952884586,0.09895681825995688,-0.21731068627413797,0.11122636800553129,-0.1377576526242786,0.10295008830502188,-0.047280451346945244,
0.0500538998583605,0.16502935091194448,0.04632510698883459,0.18380411502039332,0.06368643031924279,0.03856344456072758,0.11054882262466033,0.19351149921881208,0.1364483416163709,0.16561476451004828,0.028152968781316196,0.27060551264664556,
0.08537367592711613,0.050727272402559836,-0.12241761698430804,-0.10974684217765547,0.0570504536503436,0.1543434508966405,0.025370215147066954,0.18729260716724985,0.23680277114550705,0.07310272391026318,-0.002473676489380231,0.18896915861553712,
0.14372862895762395,-0.061352739125110974,0.04142489098783807,-0.12360172989682022,-0.2250906476796953,-0.22262860375834384,0.07776882969631586,-0.24996111079519953,-0.029000720916447457,-0.25700157687065117,-0.08103460457056376,0.16183172174053587,
0.20529640613875014,0.16675525556430096,0.10118367451583396,0.0372977711526015,0.22598291182496977,0.28568170448306424,0.1284977499136536,0.12408333681097732,0.059247963828743574,0.07007568137740394,0.09040453192252347,0.16438230885176128,
-0.10127557438058267,0.23417982355134567,-0.09050639155752807,0.20828066185764713,0.19959461562905098,0.07817697010096063,0.02582804116581432,-0.103299188191165,0.09951174793041066,0.32845828822653594,0.15457921763531343,0.16076918300456805,
-0.0961534517341389,-0.17478522794374668,-0.13066320058255818,0.08895031691079318,-0.020545302688450052,0.06843424217633373,-0.25196922160109814,0.043153766225177054,-0.26368024977838955,-0.17934851030482232,-0.13455564691638378,-0.10013744855399005,
-0.045930787546519504,-0.09940874503207088,0.07857808811391795,0.008734183013988456,-0.181959158049423,0.07318879435755235,-0.2533257928782854,-0.06415383210846755,0.016502352157960653,-0.06819533954244807,-0.16437829320162306,-0.09650189209976455,
