# Pesos da Rede Treinada TxH=  0.30000000000000004 TxOut=0.07
12,11,12
12,11
-1.002926219902246,-0.6738506951320555,-0.683353380724484,-0.7284518267190525,1.1907296132577057,-0.7605088767406694,-0.9029087520346821,-0.5594356079177564,1.3644969143411125,-0.6110686856819681,-0.503063418127541,
1.4771417786114838,1.4798357097325248,1.5516348466000105,1.4804468968996107,-2.716136380941642,1.5881530489409317,1.5766994102398788,0.040906968036375134,-2.7059070885297363,1.7484966380409694,1.5323176532814737,
1.8537200337668676,1.953534873263445,2.0342343935536533,2.158599209982568,-2.932418864423403,1.8076913515690678,2.031948684965126,0.2910079265406016,-2.9313102054685847,1.9969127560111724,1.8721217423401328,
0.523937943308261,0.054671018585731375,0.5159629413185862,0.35525723922294006,-0.7741948114132812,0.35200922192622225,0.4514600157807508,-0.4432688051852642,-0.47092928226304964,0.36682547792813563,0.37485034502772124,
-0.1548594386913969,-0.32395222119809985,-0.052872233102998115,-0.3922002716464847,0.6168254017132365,-0.3268018799008054,-0.1739047863047078,-0.40828953077684127,0.40578772331253965,-0.07626363372333488,-0.1121483529730925,
-0.4916462780113633,-0.7185115089850856,-0.9134870848557106,-0.7551107741075325,0.7787775364785602,-0.5627472200404291,-0.8915098726494285,-0.27491594642832595,1.188737150606629,-0.842042465979377,-0.6504564713122204,
-1.516086749393168,-1.4129242939040532,-1.720936850031316,-1.621736802285263,2.19659675254036,-1.3935527032430493,-1.6227364820142198,-0.4562283290150147,2.407281687637719,-1.6840472123963943,-1.4415857680633157,
0.18188105159181253,0.3498473723760723,0.37715614095680494,0.5775033687921687,-1.0628188538612762,0.20298600434476494,0.49039396842920635,-0.405587418691289,-1.0989957823097158,0.3247721330444993,-0.002426719260580368,
-1.1927454907300707,-0.9413617673279665,-0.8562617112357848,-0.963436834894067,0.8854276713149238,-1.1642059087598975,-0.9162067706187367,-0.5630715159889567,1.2299963383021246,-1.1330335808612502,-1.0061798826153885,
-0.8555297602447116,-1.0281911810889974,-1.0964802941206773,-0.9962160181063305,0.923776085904004,-0.7557084240748877,-1.2345448317057472,-0.3318839126559314,0.9259673740908839,-1.1271356036080316,-1.0173632728789435,
-0.9662056394654702,-1.0886882913193248,-1.0521962729280112,-1.1030459289239536,1.3352335206048758,-0.8747371619592954,-0.9387365977149011,-0.5813883899635546,0.993748007955934,-1.1475663520378658,-1.098766551108034,
-0.9357542252302143,-0.6983079499335079,-1.076390090408681,-0.911800859602924,0.7830042801278261,-0.9888838062823079,-0.745484925085207,-0.28693315306216255,0.908624330414553,-0.6904715083982579,-0.6739854791917669,
11,12
-0.15080195192098403,-0.09622565197224926,-0.08963791583952078,-0.12052561805840965,-0.2918426631183843,0.020642779109266776,-0.2972651904942442,-0.3094005514251886,-0.08428160422219864,-0.1544325725079854,-0.00970659291068096,-0.27911865974183425,
-0.12730705951108812,-0.030086230947345076,-0.12951667001404849,-0.03765871501868744,-0.3186711596870629,0.13556105965992954,-0.2704058611920722,-0.23873300862524544,-0.002839084613263402,-0.27996237425403186,-0.3230310772680243,-0.10289977516046318,
-0.11752366945942501,-0.05957316807332922,-0.28994556482718786,0.09732677388877899,-0.2536855913675733,-0.2640602594492263,0.007358803121635615,-0.20942494259015462,-0.3676646059945771,0.03634640732286463,-0.27910887769752424,-0.1703503658150438,
-0.03552951992504181,-0.2117780694972775,-0.013948178433825063,-0.15640641614524764,-0.11702765985363929,-0.13175320681179548,-0.04834423049834517,-0.14068510418391303,-0.369980445882995,-0.1519816092768224,-0.251805193672632,-0.19801521255926902,
0.3015287847372477,0.3416508273230127,0.29785223088085794,0.22766089765659123,0.30873149015752566,0.48846671850556217,0.5424667727246072,0.47693388571191775,0.4048874445437934,0.5483845146923044,0.6513103966868974,0.42984809214466496,
-0.31088059216848396,-0.058189365804717764,0.05010290315393748,-0.2847399327881646,0.03587884334836917,-0.36699769056860104,-0.00553556178055669,-0.20065722447275974,-0.13863275521222673,-0.18752552029543548,-0.17824850173505774,-0.05196926376048185,
-0.2072457928027346,0.0010878265210552637,-0.16932807187479348,-0.13163632194077302,-0.11948890611224398,-0.15814650849015063,-0.30645208731110973,0.020157653289588132,-0.23653157777996653,-0.21271472669456304,-0.19897917275215588,-0.10242697298334473,
-0.11387938201216735,-0.4136290136224531,-0.4332542107601863,-0.4951283861648558,-0.3282628226696819,-0.24131419089311426,-0.0017499854739654985,0.06827293345840758,0.1579844823736725,0.057909624728431267,0.0777970033271319,-0.005971801505428952,
0.6762111643325633,0.5058928777217522,0.6263363222893158,0.654066206397339,0.6520505538893289,0.49820855228085675,0.5046155003145374,0.5931494889795691,0.6602016034007637,0.5744569244333194,0.45906394679658125,0.6325806525094001,
-0.017012134365425997,-0.05014485737106526,-0.021987149683701915,-0.14858684236992475,0.023557024085176004,-0.0902507247799746,-0.2089286402883294,-0.4533090886389859,-0.15236722740519537,-0.2233098625245948,0.006329291156970012,-0.3765031637785268,
-0.19151862477342874,-0.18666300761118823,-0.08021686826327029,0.170936710099557,0.15243222968412307,-0.17557059576902548,-0.24696060396805863,0.10047606511778676,-0.16490929960035156,-0.35994248571207854,-0.31930500957022045,-0.04054006419624424,
