# Pesos da Rede Treinada TxH=  0.30000000000000004 TxOut=0.07
12,13,12
12,13
-0.48891925928871094,-0.254111780495389,-0.08166982678931664,-0.6212884650386213,0.3162591411577872,-0.33451895178734625,-0.2289676520609408,-0.11996682645139671,0.2612150216603558,0.3460711989046561,-0.5609401455975149,-0.24380957550297264,-0.3345305888761156,
-0.33449893717748125,-0.3465398467849283,0.14855849397175958,-0.4383597857056713,0.23878403992688735,-0.07419246704865122,-0.2995239634436693,0.07653080546646074,0.4724413957186547,0.5054353277354492,-0.24666313958993571,-0.3608129540044459,-0.4666231895134945,
-0.1648179389186029,-0.16521689664982395,0.1074737540323684,-0.17697045225994806,0.4189919308961071,-0.3514142674312789,-0.3704274115755962,-0.0345795420784367,0.004643102794969361,0.5280708996172601,-0.5726789353519519,-0.280238425425271,-0.48607058258423014,
-0.2785492729297445,-0.39415917367205955,-0.09827157874571482,-0.5707165490036129,0.36006214976627676,-0.05344802196037998,-0.1754866281719674,-0.2840953971000455,0.40163647019247256,0.1636958027168601,-0.4860498645067813,-0.28081793878010886,-0.17474928760164898,
-0.4397108308160375,-0.4088626867167728,0.23961124900913583,-0.46732959908694677,0.38245604247567844,-0.318452556226759,-0.494353249496568,-0.17278997233794866,0.11041091646786032,0.14212319283994998,-0.4035996544651134,-0.21883083967879016,-0.4684250543849316,
-0.22540143717732536,-0.201523201616184,0.14729841570674784,-0.5724090971537786,0.3492639427828391,-0.42540875909471343,-0.31069680263561616,-0.40385732099796806,0.23658124655088608,0.022728015779159273,-0.16901538130178373,-0.12904397743610405,-0.13616544146992698,
-0.3295509473015053,-0.44695199639735417,0.30725010256174967,-0.16356427297878356,0.17534820451973931,-0.2887300018684301,-0.47039361407315305,-0.044840930552441705,0.37791484863563407,0.23218901238685863,-0.2756612544756309,-0.15660611148144746,-0.5294106583985019,
-0.535312003110891,-0.30235709960619267,-0.07262735408711841,-0.5972602219952651,0.560747597262395,-0.41174827013201837,-0.22593571372585813,-0.4195504078651713,0.217831231189204,0.324419096891003,-0.30042566099221935,-0.1963272348934953,-0.31246308613756485,
-0.6294830939863609,-0.18833165678030622,0.14663372932344035,-0.23182285627363738,0.4463102098742298,-0.30089203399689,-0.6826701735472793,-0.17913080105070042,0.3508841315946655,0.40300995014671726,-0.5073584953457164,-0.5503019525836644,-0.16300077886128314,
-0.4454174956973527,-0.39108484293319323,0.00870211067208469,-0.1801025770795278,0.3497746261549912,-0.5190764934390085,-0.6062529384124731,-0.43587603145640513,0.09700596635485509,0.5099665480825076,-0.27600583187315064,-0.5088084920368439,-0.399834600440864,
-0.26471767222135956,-0.5578005087962826,-0.01644893739538278,-0.570529542048416,0.5404014770015815,-0.4114492507604724,-0.5208527874731077,-0.25113024285163804,0.15609920928228668,0.40296677849617,-0.35787432924345897,-0.48775710957796026,-0.40510098366498243,
-0.6236573555226966,-0.09898220468170808,0.029719099423908983,-0.5591562883095713,0.2696387702469458,-0.12309581176907299,-0.3097135975312385,-0.4433071626166717,0.15539912174236514,0.2493795563422578,-0.5341754997576124,-0.27831781246169746,-0.35194418088944657,
13,12
-0.3377801197612825,-0.022074860733652467,-0.131038531803127,0.028933467449877428,-0.2849785214170771,-0.24019671914054352,-0.010948286965587422,-0.18556144296942226,-0.21295722685366483,-0.22866376094685045,-0.3912082147810377,-0.01596298238140323,
-0.0404238774383943,0.04005641549588788,0.007202620106351403,-0.03953959569336672,0.03201006348178936,-0.09645546227575628,-0.1626984196077143,-0.18520303517095615,-0.215895245716141,-0.2488786284251771,-0.08697895342130335,-0.11518407407280062,
0.23121855016874884,0.2863370999133534,0.0698102150311508,0.11137355402199103,0.053473956151533636,0.03668475128990101,0.09055551135590445,-0.07846902465669511,0.10644797132045626,0.20261652033072106,0.04144120202009119,0.08747318075389966,
0.008161928571571418,-0.1874372905165291,-0.24535292305664572,-0.2264295148897749,-0.4091841389110458,-0.05302172243487366,-0.22273218292303862,-0.14037007125895357,-0.016310947081342266,-0.1310212640739175,-0.4448350244388653,-0.3215585056477619,
0.31824558590726254,0.29035350758853673,0.3281084892176081,0.07590054971708375,0.4803374390230104,0.21408028775420593,0.4950838832115261,0.41275690851033336,0.24150968879848883,0.5342475746477869,0.3532957019034458,0.15976879470723837,
0.11281547407342105,-0.12128812268652091,-0.03650138933978526,0.037853917552325145,-0.2801447355048988,-0.2327914711025071,0.06919727212376393,-0.2106129963954491,0.029152020439860437,0.0011266360956958628,-0.19869204316110367,0.004663124555337538,
-0.10352430105831611,-0.007772270155154302,-0.13258360164895355,-0.3340410353626013,-0.2899332739926899,-0.16210973391753436,-0.1641091114409287,-0.02822129956482831,-0.2846787752402048,-0.25755039873113184,-0.039823699960136655,-0.06247518086565284,
-0.22483323866324353,-0.11031381670991772,-0.15079151520068435,-0.014163559878060537,0.17014031683480563,0.06880797143852012,-0.06165208521302507,-0.027789340098630023,0.06936265514321611,-0.08683752778658224,0.08986496450908898,-0.25817348491729214,
0.17229938255547084,0.015246643344692811,0.1745408452883203,0.2436591442330328,0.07842756287171147,0.28542605422795675,0.14757667937691732,0.24599638216621772,0.23348862998997622,0.1805116293742704,0.12471755949393426,0.32375739774284057,
0.17725839925200707,0.1989144490199654,0.22735955691481788,0.35775169901179893,0.18876863397464286,0.2917842450139649,0.13024705004430343,0.26758897563287487,0.3115111360187126,0.04085345376122631,0.35184298666891006,0.3548674523085976,
-0.17223031042730455,-0.22139516317284233,-0.0685277833301703,-0.15912003601413552,0.023348684730959288,-0.21337992948102857,-0.25910856633639073,0.0163829638943586,-0.3688702080685849,-0.29159515230289695,-0.20368724450890371,-0.08184639000306759,
-0.08572857811831973,-0.1159707159232366,-0.027911750259293485,0.02720133117003897,-0.022695165257581567,-0.09598131250671293,-0.10122559584207323,-0.2531145886742482,-0.1802244894504995,0.016005040666496054,0.023955453378731142,-0.2787762392615759,
-0.2695144234763821,-0.18758064550642467,-0.15975396019578886,-0.2711870348284405,-0.10334483493666431,-0.05404827905294112,-0.23046161638206353,-0.06349671378516081,0.007296110882598062,-0.07965443072504935,-0.051918596436466485,0.07656195056061907,
