# Pesos da Rede Treinada TxH=  0.2 TxOut=0.07
12,10,12
12,10
-0.5764761158214091,-0.15823112803553394,-0.4513028985668578,-0.5497553071892831,-0.4228584447265574,0.5504145130819053,-0.48281726673203335,-0.33401811883397725,-0.19164947271028254,0.6541191941872193,
1.132508492622297,1.1189961976320064,0.7458620003726212,0.9215042002232172,1.055539070583862,-1.8048469985977214,0.8638277822232516,1.1234981611949624,1.175364519765639,-2.0017278598290384,
0.878779690182024,1.5125677010663205,1.079210927668328,0.9538227042757879,1.1401049957189244,-1.798787962474828,1.22018626183507,1.2087801303784909,1.3569231826031085,-2.0437381059041937,
0.33031711209064696,0.6671188860743481,0.4207157860002487,0.32590869785072996,0.6516813593721538,-1.1965610455944589,0.3923555619657105,0.7045264379559255,0.8266967029952395,-1.0729425281344416,
0.3585736984531722,0.22550320435073373,0.35613878340614497,0.25888785608803994,0.24665997358552894,-0.35483895247216357,0.4077911614513149,0.36382980016688554,0.27044738257260853,-0.573535606370958,
-0.4201826148330888,-0.35903582296437736,-0.5174959813639677,-0.47622056662393264,-0.7042211020866949,0.7532554175126128,-0.6523310019174783,-0.6632609590469472,-0.7621142064319177,0.7814914252277171,
-0.9360860006919594,-1.1390357183287565,-0.7281080987385571,-0.9354459743194589,-0.977074572693122,1.4514099573120023,-0.6565372572617881,-1.081533369274812,-0.8082573817556727,1.5725587628660147,
0.03869635769534994,-0.2595099400429162,-0.4098316059429628,0.10028929096630114,0.03266579610706324,-0.3263210373999236,-0.18956535504265298,-0.2612468265517409,-0.07574012797375848,-0.18770971139382972,
-0.904281354000531,-1.1865311128261151,-0.7174761186792338,-0.8762051798412884,-1.1481649330659027,0.9048561240374315,-0.9095021668828085,-0.6893546774414874,-1.274470462025214,1.2362777655377657,
-1.0426685436761758,-0.9591616858362741,-0.6530319849534753,-1.0117875868607946,-0.7574188444655918,0.9033333020040493,-0.8764410653955329,-0.8725409921007877,-1.1971627957167357,1.434078082533851,
-0.9800046669896596,-1.008764395892449,-1.0089095750597856,-1.0118707005733232,-0.9068315776293857,1.3066382446776048,-1.0590737876246517,-1.0919536992259822,-1.0810067941661325,1.1091947811511291,
-0.5910900752860031,-0.781839917879022,-0.8739208050628383,-0.5861993007575491,-0.7130001767622001,0.9707363837897559,-0.5152103458127167,-0.7319369111040254,-0.4975026674956544,1.0911929069271897,
10,12
-5.033435107764202E-4,-0.3106907954447,-0.21699868122368404,-0.08491614882905338,-0.1536770087440223,-0.4041372668598044,-0.12389331782349061,-0.21315045565136384,0.036312349361254104,-0.01707225695303248,-0.1474487328460889,-0.3102695430456295,
0.07629804006547003,-0.10283219622133215,-0.006848799396816607,-0.22799347177762272,-0.1978531058207644,-0.08488420774729924,-0.18290830735901611,-0.27982336213584763,-0.22259240941852526,-0.2325908875646894,-0.23604302842090377,-0.2393344920074641,
-0.4356630488269921,-0.21907787334160356,-0.13391573405517573,-0.16684828653269096,-0.09043327049061839,-0.10602090576925938,-0.14622241071697598,0.04446260756736652,-0.1701732741141678,0.016852311001542414,-0.15064272712458224,-0.18945760513769463,
-0.3430603554468921,-0.09366817430069578,-0.2787051624272262,-0.3088264605230756,-0.34345040646778363,-0.09916651147190259,0.06836885855398035,-0.1534625455942065,-0.0890412852891382,-0.31765307110357555,0.04212838876298818,-0.14301327673641867,
-0.04922547862610094,-0.16800824591942354,-0.022544635435542883,-0.25483161137505134,-0.1508696561677357,-0.08341784320768698,-0.0798997075987512,-0.299310891802038,-0.3946525231061523,-0.08949080425478247,-0.20371509432749893,-0.06222985531454795,
0.578556448516979,0.28980498314675873,0.437207252437445,0.4872111249367701,0.4153144983736803,0.35055820728163645,0.459167502479198,0.477949833477332,0.7402500778956099,0.37612674857213574,0.519280718912152,0.5862783713683126,
-0.19458602112562665,0.025340199914224152,-0.33470708096082574,0.026791122994286383,-0.06553114891098859,-0.16477766259620283,-0.09892362954101883,-0.15065319483866094,-0.11749980099017505,-0.280483995343234,-0.08823722894431416,-0.20813910460025806,
-0.14516887431560838,-0.0436682225187153,-0.15218099701567028,-0.06729241338702238,-0.16943320304836562,-0.09180363708597707,-0.36031695786589274,-0.13293345587791786,-0.24624734426534073,-0.31246821608014563,-0.1643220367369149,0.05914315096149905,
-0.16723119219520846,-0.16315978191252603,-0.04187254561119888,-0.09498189453912421,-0.07194256579255077,-0.15124892911623855,-0.3549788195441817,-0.1187883567176341,-0.11032338867361356,-0.10570346514664365,-0.3737653936640019,-0.18783643274657658,
0.4601666338811594,0.6159772795552113,0.5773074277140692,0.5140217664225255,0.6368984793601248,0.661564823586158,0.6223819377010025,0.6261309466086912,0.3781197164987338,0.7437280031988942,0.59904855757042,0.5194918661602848,
