# Pesos da Rede Treinada TxH=  0.6 TxOut=0.04
12,12,12
12,12
-0.6356364559271326,0.44118805405711603,-0.5600905310737215,-0.6203865335842678,0.3786729121539232,0.5968635084611308,-0.6213233479228334,-0.03564868431191509,-0.5717081632283916,-0.38925550159352756,-0.5055737904941491,-0.3804588128075622,
-0.3663086429393247,0.498178244675431,-0.556525943242951,-0.654022689751467,0.4159862815601018,0.512741368899813,-0.30331941940555923,0.0748783328793459,-0.6221818228474412,-0.30710355153128716,-0.22589031349045618,-0.381232834904032,
-0.29011338388448565,0.6359565507253166,-0.37289714512056565,-0.4575145757625246,0.3221064210729926,0.42513326134129825,-0.4941844082266035,-0.38620837335491937,-0.5949889604144396,-0.4205944954386607,-0.36104950088752225,-0.45683364367163465,
-0.5023962612387686,0.5667093942058044,-0.2877073091802146,-0.4351255264956506,0.5087793588344939,0.3900347290888248,-0.22154556902818423,-0.2990640523158119,-0.430466604871338,-0.46603898996557874,-0.3334823124251492,-0.24924102640484055,
-0.46744636094810044,0.5708866380632367,-0.44313122857455983,-0.3746248953061285,0.3814241057345968,0.385509262880609,-0.25647833319657204,-0.03460999144210973,-0.39315308630410334,-0.6630405787824885,-0.3110358543205457,-0.52849193211891,
-0.5473139202344587,0.36452879052771087,-0.5271648713689797,-0.40060761955891094,0.38718916090909244,0.37064256816877916,-0.40566240740264126,-0.1706743219754788,-0.2758147739451489,-0.4242382575065545,-0.5925499797584213,-0.48049703314445374,
-0.22930926844861102,0.38498926638394854,-0.3341371420167874,-0.2977572115980398,0.28418966088507547,0.22689824253012678,-0.1990905806667914,-0.15236692941848354,-0.4639858672712763,-0.5143630780185291,-0.27341655879337134,-0.1697017012848173,
-0.3340005724960061,0.2286380104223363,-0.3070766283290777,-0.30867196716134954,0.2891910706854739,0.45789060472912957,-0.6520304435985514,-0.07590569448444516,-0.3447459802763212,-0.5125505825667792,-0.5604737774600725,-0.2798793203822954,
-0.372650697047357,0.2634231082666048,-0.31689801732693484,-0.17665275737124192,0.3636755346802856,0.41379014174276096,-0.45866348871612783,-0.13712158536679628,-0.2653456063593343,-0.2412216116972586,-0.40198815052839315,-0.1664687283025321,
-0.3196016192851632,0.15326734038404138,-0.4780369281189282,-0.41718004221565336,0.2757404485360127,0.35406606025484405,-0.3050183876160007,-0.44789719643447307,-0.31868923740882715,-0.4217927571171901,-0.49713813566823006,-0.4974877651109814,
-0.45487222456210163,0.2231955319844484,-0.6625365278210684,-0.2302002006929813,0.49194401442319186,0.17782334262324626,-0.5470563789656634,-0.05190748171567139,-0.28004171131235756,-0.4377478934431608,-0.5765908783423274,-0.5900706903893199,
-0.33693380697491654,0.1822983095238956,-0.26044245785943504,-0.48520020298686317,0.19267208471249547,0.28197583298564555,-0.33629527160462314,-0.28828018059970734,-0.3740299652118275,-0.2765997377300314,-0.1947726024859895,-0.19898592221099506,
12,12
-0.1470094838223847,-0.2891128775900362,-0.30532082260473686,0.03985407521827078,-0.419627168999996,-0.28565953332130384,-0.009776857580038469,-0.18060410708684949,0.037000507988732535,-0.272489499399645,-0.38846648913662774,-0.3102128031537518,
0.3341777542806621,0.3694674179640027,0.24463209727481294,0.21317444484739745,0.2906848425340351,0.3391995681607315,0.3144680020321418,0.3779931947542891,0.14917838031632347,0.1898659141817252,0.3815236051760883,0.3972120108299293,
-0.21808481571417226,0.09438624521475375,-0.07961650029382056,-0.0248280057450751,-0.25105371964093365,-0.2503646146493922,-0.3563685639780889,-0.12784098119541473,-0.36842292106498475,-0.36174907017992897,0.004914480526323103,-0.07906041264982124,
-0.42969246408325873,-0.19765510212897275,-0.3546291311917211,-0.23870169025622992,-0.12382326762546013,-0.08715568267240122,-0.07246675245988095,-0.22970652332077657,0.059747473961893664,-0.1297956893838597,-0.10845472198397492,-0.44447853860043957,
0.2823596022438501,0.2817536723265696,0.27012868737094087,0.255992441262956,0.18628997666761823,0.11848727441026279,0.2032261920579998,0.21175438487750606,0.3340802688422525,0.4079822725083829,0.12175824768079144,0.3504092917441391,
0.22697766272762043,0.05834641696568888,0.2984182920555879,0.35210194916294735,0.4131248838780941,0.42211494803034677,0.3640334036157639,0.24975693544581598,0.4453386365892562,0.2624028006676803,0.42983512799742485,0.0700770446889327,
0.0605898990418668,0.02485932508748771,-0.05888601585636821,-0.3266467844426666,0.024497061728430084,-0.2680315322168187,-0.30597620171530276,-0.08260053106927205,-0.2960459627160528,-0.17876801322608799,-0.17112682738268467,-0.19818071200002735,
-0.13058026919448873,0.0056749571620994445,-0.04357369366533019,-0.0726862759612101,-0.08834280965391042,-0.1305237424489463,-0.04792411148504171,0.19848875027466895,-0.08433546231354504,0.21755973729948075,-0.11507602996380523,0.12400007298496789,
-0.2820579457763355,-0.36002519521213827,-0.19569794397998885,-0.20143606689949092,-0.16271250641188437,-0.38025587831436003,-0.05004984100150544,-0.26318460912383584,-0.35517588332225003,-0.265578413035416,-0.12613634515388467,-0.08900692821435893,
-0.20351082497143663,-0.27347246160202643,-0.2195653635247019,-0.14466706466269638,-0.17604416473965848,-0.11273174967660474,-0.4865071422522674,-0.2733423786051177,-0.17211422924770223,-0.4056984013958692,-0.2706020573230545,-0.4182257932377983,
-0.017947796759188502,-0.2441167066202743,0.04597136278742116,-0.2815651567379642,-0.09735640091218728,0.014214043506365449,-0.281311616511021,-0.36427000177756064,-0.3949079077631287,-0.13619176352137416,-0.3309555921559537,-0.030152877393927312,
-0.24186039362077874,-0.11679128639884644,-0.30566726698858165,-0.23030153357649577,-0.30972124277664886,-0.030025947904457624,0.08652741171638685,-0.22800979841515884,0.01725875897368343,0.006762269587365278,-0.18969657581149624,-0.06157306251486119,
