# Pesos da Rede Treinada TxH=  0.1 TxOut=0.03
12,17,12
12,17
-0.06898332913576338,-0.12404122619547923,-0.25707529282619396,0.06969786950326151,-0.2920609574321058,-0.3794804466545523,-0.036871214229209304,0.2720742381137954,-0.450326780003008,-0.2611746947658845,0.17600302330808126,0.08876346343821317,0.23331707464196602,-0.32641365118439986,0.2727010123493796,0.011346193464696447,-0.24034123369314422,
-0.028158272149804053,-0.27544507573739824,-0.10543400183405514,-0.17949721594114268,0.07033959500710685,0.004646581413610263,-0.12932144535923357,-0.12039218293592872,-0.3376685037646107,0.073568483320793,-0.24575109072859644,0.16569225264889995,-0.4665860240956059,-0.0849868465438639,0.003194786082576564,-0.23663726572290136,-0.019582792247277256,
-0.022444922849710242,-0.2856700049031585,-0.1750202498303208,-0.12020285799738276,-0.01408763960255352,-0.1240988644521028,-0.3699168528480356,0.020752859784024344,-0.072579777229627,0.012829774158489574,-0.10124900948690323,-0.041445270816952685,-0.055500568177199894,0.0130001766091488,-0.20106724000572604,-0.2355949923008291,-0.20344713514898205,
0.01219289876040069,-0.06565558226974484,0.0035871729923902143,-0.09966190497458442,0.1645879572084228,-0.22260559274190056,-0.12665529145660373,-0.3099276855592501,-0.12365001292673818,0.2866994735126886,-0.16706632752811465,-0.13554205661550583,-0.2973211556046148,-0.4124928436297026,-0.0573423770918992,0.08500186265379593,0.006529691397121349,
-0.00840061987735967,0.08281159769613994,-0.2529577825918995,0.06941494534950038,-0.03916412190354511,-0.23771877712621542,-0.06952264073258066,0.09817776101487279,-0.06202498738995746,-0.1922681701412866,-0.057984282833108525,-0.15036499399492204,-0.23847386106291063,-0.4681971541173685,-0.24598773434123486,-0.18579880660772072,-0.0656324967701526,
-0.4319504412343776,-0.02250884576127899,-0.10230460825296762,0.23959041163664463,-0.0012218151497719572,-0.08227772471451776,-0.348639078076789,0.23202104207395793,-0.15206052300331527,0.060432545223870364,0.32028192730468663,-0.04380263591153047,0.09962768116827525,-0.35418906186319715,0.2795319973344184,-0.151005649886145,-0.229801029802661,
-0.41919285750616464,-0.39487223012812905,-0.10499548575520258,0.3486032312292207,-0.2806469719432526,-0.20425210620544806,-0.3296790772707556,0.36620120302992487,0.0010060447924477491,0.058576630864264505,0.041864569392082815,-0.3439080289901749,0.30903447689064967,-0.04147858305575705,-0.008184760275408756,-0.20102881108994894,-0.38650883380780254,
-0.28512420666209704,-0.11393774536206779,-0.287122317235433,0.17758466536257425,-0.16965521687592955,-0.0049881688902522385,-0.3322973044637326,0.044043614901724995,-0.3946342646158451,-0.14349388552605616,0.4995732742290906,-0.05453618949710352,0.2572221867646796,-0.038589251621677756,0.23056232203958918,-0.1242806465861185,-0.1887116542455026,
-0.11999034455590946,-0.447729910677747,-0.18979111074888036,0.1853932840377781,-0.41922766611061024,-0.07700575997935256,-0.09751040997312177,0.09931064812975259,-0.1826097071754114,-0.2460783211397341,0.5808070490037316,-0.041025184740318583,0.48490053891888146,-0.42498521634069136,0.5706263576565517,-0.24232254998504865,-0.2799485244371833,
-0.18436049056076068,-0.03510258412920123,-0.3769926937326159,0.41676847952612855,-0.3527504063821082,-0.26084100784098263,-0.38132589466900385,0.42067549573848634,-0.07550746022585854,-0.5069158684493649,0.23182560993133966,-0.5372919614298691,0.2817731044059855,-0.23393228763860252,0.14338931112449713,-0.38233679852300334,-0.3029323718284884,
-0.38282326442620285,-0.32200955997479386,-0.21349638098187923,0.29216832893377986,-0.45872314459549834,-0.14510462699007057,-0.2685087880198333,0.07806129934984074,-0.35651799154009367,-0.4625348849317825,0.17366665415841767,-0.4911545965775483,0.6095587626682125,-0.21309976406268108,0.30054974330112333,-0.15566943360154833,-0.08209170125100894,
-0.07450042458379169,-0.21310021109097996,-0.08442716241091534,0.08216659522274866,-0.09607962306970733,-0.07238789765466233,-0.03363557361162161,0.23107066956883776,-0.47791122963175897,-0.44419478659747264,0.11175617567994192,-0.29715128355101883,0.32376764879173225,-0.08643826410184086,0.14739940428498652,-0.3208098145776742,-0.04187273563819643,
17,12
-0.05836063043403779,-0.15152237707968097,0.04345805979526052,-0.19342515953655573,-0.20162015308062903,-0.3458120978942744,0.14409996505404626,-0.15889336208056773,-0.2566488833946262,-0.330261008700572,-0.0962159701544419,-0.24273047804117073,
0.09179802188548303,-0.3606082753660164,-0.13646435377431446,-0.20205742576845018,-0.10697233833706526,-0.02202318018132879,-0.3184071395335375,-0.2179766885793815,-0.08767048226315843,-0.10093741997535921,0.059460954842618985,-0.26064242954740563,
-0.20977577374481615,0.024959313763127967,0.07370651297672688,-0.1871280200101537,0.09955203849493463,-0.12735985589586815,-0.2303513823995314,-0.15089436652424423,-0.2659113385171138,-0.19503366953878667,0.030351114832105234,-0.18922867901766788,
0.4830938372264197,0.3532237154939062,0.3020931331471176,0.32048197512006354,0.01596873254089586,0.09925114511080313,0.07989353415529611,0.0738523530337577,0.31813752173191095,0.1557712870186156,0.1855061461318821,0.32344315354334136,
-0.3777429357245917,-0.03022511903345458,0.04240501425048007,0.046988504381661536,-0.17261033671825315,-0.227531770446038,-0.3456374203014587,0.020590064227651188,-0.21474347709815628,-0.2808834913353806,-0.09421309329273422,-0.09887384739165375,
0.08705581174403679,0.04304593960219303,0.01940256825973573,-0.17965689396291998,-0.1564012892121799,-0.01847818565959801,0.19239528361374308,-0.23237839824399603,0.020723494607701537,0.14916700408592873,0.006997194989250101,0.0839716461503805,
-0.30368376773195205,0.15640888640024336,-0.3164406285521248,0.030564482845692367,-0.234948456812118,-0.15237336341374505,-0.2500466446302121,-0.2694089197967028,0.020497202639804805,0.08635303988021821,0.1537028471274304,0.1242726667618933,
0.11409213328231889,0.22508337940592335,0.09190241727122198,-0.00980140876673516,0.29423155986268645,0.45267929745954344,0.2431508943560695,-0.04901230856201477,0.06253794034810789,0.37260910072292497,0.16922341352645867,0.3995908049574442,
-0.09255903046774681,-0.11933641736786908,0.045412394682576414,0.034323281121330824,-0.15429804985366927,0.0588471495405719,-0.22967198395041127,0.15582858710620506,-0.0985546712570913,0.0842317698389987,-0.09201864471040833,-0.027243559320188054,
-0.3439236763594805,0.012637643924421153,-0.11396620471301731,-0.13185816265075337,-0.025506333627218155,-0.4121752906487669,-0.35730398642120176,-0.32241637545777674,-0.16948195299300609,-0.13865923863467153,-0.43960881570585486,-0.2738049352397816,
0.3947675066495603,0.07342623198390988,0.39477992128664713,0.3369744845808297,0.1461929989083158,0.24011542553190035,0.476950305632938,0.46473121360889996,0.1627947477737562,0.2896212890775212,0.35640813389465964,0.2097834875481873,
-0.1706502100195884,-0.3739720251019873,-0.4597983070235834,-0.3375570821296208,0.08613747244477747,-0.10251085369569862,-0.099830218005072,-0.15185932312174297,-0.318977801984238,-0.3431954480557514,-0.21380888272030188,-0.20816462876836897,
0.34508955548439496,0.29031438463369813,0.25515621309250397,0.36517662866455386,0.4508671643829723,0.3060203468559061,0.45490095712711703,0.48938411608296667,0.5795422750634167,0.5030826033500705,0.42921199754414013,0.2831371311610753,
0.08595093004191806,0.05894323555620956,-0.11304216241132506,-0.0838589032603196,-0.0587567517626818,0.09272288857486585,0.12191061505567766,0.06016158550465867,0.04467405773399234,-0.07240856368739258,-0.2831629856512574,-0.17274445490951856,
-0.034082128883652994,0.23963217248129304,0.22601232918073985,0.26381110997498786,0.3960042701246386,0.2349014134852025,0.05266112229560506,0.4288352885120066,0.24566865499425597,0.1294956053387487,0.24546666424652952,0.1639069359545279,
-0.14362134957474817,-0.15548326871593096,-0.008701515921038606,0.01231341104837569,-0.21405361201819445,-0.2509545387085792,0.1622110407027596,-0.12549637089775972,-0.19578412128704786,-0.1287390495092102,-0.24969284822082236,-0.2087099731070107,
-0.02293013004715992,-0.39681967429232196,-0.4639488533836864,-0.2008227866919653,-0.2834977797974193,0.07143971177371683,-0.2431255198121459,-0.1484642152270131,0.014918120033046666,-0.33149791478319135,-0.31171594042670353,-0.011596315292501175,
