# Pesos da Rede Treinada TxH=  0.4 TxOut=0.09
12,14,12
12,14
1.060759858053711,-0.2509265780601345,-0.12402995415141535,-0.512281030964124,-0.37301302922893353,-0.2901742333355923,-0.14134649775058075,-0.18983185366022268,-0.33305703086477667,-0.31695379102881127,-0.47548255651205357,-0.22793139648728156,-0.47458592207443506,-0.2321148724128835,
0.9305081391069062,-0.24887995830130105,-0.015911799467990075,-0.5185257582932848,-0.2792672641526389,-0.14706769568675926,-0.18577430074907603,-0.4560893109799332,-0.3712849944385828,-0.5496898810354229,-0.14069590717342426,-0.38958965930592665,-0.1084853902021702,-0.17973771067105565,
1.3955683515466022,-0.4987184227282049,-0.46293669628833795,-0.178249899524155,-0.15193728378431434,-0.19073521113167147,-0.47159308319585097,-0.1404540220171471,-0.15210392531425318,-0.5703923038097972,-0.3442061473524159,-0.07517322589181565,-0.4074431339803655,-0.570877275940164,
1.3095676430988619,-0.40931173829807393,-0.040233440650464705,-0.5841487925345962,-0.2889624634642762,-0.3162654167908255,-0.19061815822988498,-0.11340577356268215,-0.20565394576010165,-0.19906637807726046,-0.2333778748482442,-0.06954029187014953,-0.05060173352143521,-0.38539857211635564,
1.0511929151588737,-0.35681599835334865,-0.38077851963158116,-0.5864902222219288,-0.23864640344436736,-0.19666881727703456,-0.3725690407325068,-0.28574145527133976,-0.20901098614387426,-0.5985781375667945,-0.12211508284025767,-0.1253163423063955,-0.0802606370992369,-0.11447378290458592,
0.785321386077731,-0.34062119730995394,-0.48257096560779134,-0.5113986344488652,-0.32228350850845594,-0.4127438193807276,-0.46271301530113174,-0.5098996043759513,-0.24611117370142427,-0.1859510598612054,-0.14419058334225224,-0.5996572741003887,-0.23751641462291342,-0.26567439609079396,
1.1819961863322277,-0.36599358030341067,-0.48229917770756325,-0.26129718464476626,-0.3637893872949371,-0.3495183805983228,-0.3150319092371745,-0.17713776954078278,-0.4955700568344717,-0.4556159306672203,-0.34864906905606546,-0.23611465251810088,-0.37425800633165346,-0.21215966800754402,
1.0315463079116964,-0.3689994434377128,-0.3102452053664539,-0.5303992807168171,-0.37767403171083236,-0.4407052079162111,-0.3513014337293583,-0.3558741390326696,-0.21364494431794848,-0.449334364933803,-0.5089241734703321,-0.4028583554714084,-0.22109227624704558,-0.3538785413805582,
1.2053830220837856,-0.5949229750023548,-0.25595643131935564,-0.3599799251550376,-0.19828699581305007,-0.5843195006374807,-0.3097966029576489,-0.6367613175762229,-0.517263986871262,-0.6349546547639525,-0.5928383437257083,-0.3758440110334832,-0.37630253239326805,-0.5186784384669559,
1.177477411305297,-0.42726304651415675,-0.46273517111056783,-0.35861746737868166,-0.6313993924283299,-0.34348474420583963,-0.26632815052094,-0.44707987626486345,-0.3001870425247788,-0.34427592674162955,-0.5781726738956594,-0.2700184944364114,-0.4322015895879466,-0.26440596492862534,
0.8645826449606802,-0.2348691091562216,-0.46617767637120544,-0.23376808739566604,-0.6401010521200104,-0.2967053229907291,-0.6806243132390182,-0.41953012635511866,-0.37636408220107503,-0.5146440570493088,-0.34944416738341916,-0.6548798360831695,-0.5720293338955027,-0.6022183833961441,
1.1258160812458182,-0.34767569214404304,-0.5339510481203391,-0.501183454667595,-0.2580007630426761,-0.5404984054314278,-0.40906420015205125,-0.4410406744283243,-0.6794842449805356,-0.3104398881554054,-0.2584324931690811,-0.6368823916742081,-0.6523748976363576,-0.5287599489060462,
14,12
0.8406762063324845,0.7202216411666602,0.81207915008729,0.7834386429464901,0.8139329889450072,0.8108069012182166,0.8151381547561508,0.8529173466598948,0.8365298194087368,0.8658232831290281,0.8496891234528865,0.8303534990273044,
-0.10477444500749057,-0.30006589206992695,-0.12731769102478788,0.03228609842370491,-0.329133966274574,-0.04168339731617812,-0.08488337484628956,-0.1270085765356791,-0.12502748816412765,-0.24757185616148608,-0.0967239219036578,-0.3108953572177113,
-0.09871063925370109,-0.24692173553653607,-0.2045189765580423,-0.16963998443074668,-0.11355358206107,0.13419402943426145,-0.22409666117018412,-0.04594564573608951,-0.17291038979593876,-0.16693197051326092,-0.18157100570697726,-0.1839581451120763,
-0.08978312773686455,-0.09899781569340077,0.04423936954398716,-0.16338288010598667,-0.33481107426165324,-0.06472335977108726,-0.19326258515743389,-0.08298520206889724,-0.11741409383593239,-0.2563590681812958,-0.2570986465646699,-0.15563459744168023,
-0.3622960898345912,-0.07550860462057227,-0.0891149163062569,-0.09311694710130472,-0.032872009458341345,-0.24490173360673478,-0.3311817410764162,-0.01822570166049775,-0.36554999314113745,-0.20947541833818104,-0.3099045411492676,-0.1056101056104707,
-0.3305446639746394,-0.22022589367584722,-0.0017568189513793922,-0.2546130281932944,-0.29567769525046966,-0.16833568265629187,-0.12335809024818119,-0.2171947370247667,-0.12502555928107156,-0.15095556577220454,-0.11901562980050891,-0.17759163973220857,
-0.24947418292981416,0.030121306511846295,-0.34084057804603696,-0.17291186541244505,0.04243631326641989,-0.20817618789237055,-0.1335588933990172,-0.2083029876168346,-0.1841434582020365,-0.09549694502629938,-0.2503434155074963,-0.27115062833144465,
-0.13810030412033072,-0.1853364278244551,-0.23864281717109803,-0.26726395118959556,-0.09354463267642914,-0.23207261667168988,-0.1314692744592287,-0.19843079481828446,-0.21693987949762966,-0.2741491184740383,-0.10099664224801227,-0.05218607712712165,
-0.01976170199669674,-0.03189071370094597,-0.28786105940730844,-0.14752967255167837,-0.18590902417557548,-0.22260745732471282,-0.01161001999494872,-0.4352994386359769,-0.1853067820183072,-0.10027121674625761,-0.04094798745924308,-0.13723866147604774,
-7.263522329051103E-4,-0.1053024855647098,-0.08684470507661822,-0.1200373039978183,-0.058262348904765004,-0.21839125323309874,-0.23824055608848096,-0.1899987188645305,-0.19223223293658911,-0.1438386687802844,-0.13080934204991904,-0.31354122208879803,
-0.31428115227660325,-0.2064516751509512,-0.1465170502069552,-0.22057533633326976,-0.44708023506392736,-0.24833242935308036,-0.20676531105234022,-0.2899186136304984,0.07098171098756056,-0.07702676336635059,-0.013560654251750357,-0.10018566154095256,
-0.11843139423716088,-0.07744679929390075,-0.387094789273485,-0.2839883150667715,-0.029806181340654946,-0.07772621096910134,-0.0022645084589400255,-0.13701190074955494,-0.15915873065547118,-0.35819262763570175,-0.3884940613472901,0.019613071806739067,
-0.313396602420036,-0.2947175592175822,0.02732167816094392,0.10210149261857715,-0.09513810118334848,-0.23099456493157886,-0.13833481842097958,-0.14758867719223068,-0.26570468142672155,-0.2373638823171998,-0.22827689739733967,-0.22024399124552516,
-0.11009621247828875,-0.06997337449438144,-0.24895173513928143,-0.2874351469705419,-0.15782928245511574,-0.3036011774089984,-0.3564451739958752,-0.1420458153390647,-0.1812030986591459,0.011609010246091192,-0.14550043099547463,-0.15467063793460803,
