# Pesos da Rede Treinada TxH=  0.30000000000000004 TxOut=0.09
12,18,12
12,18
-0.48670885818639853,-0.2389243158319343,-0.4406694210400228,-0.32050121377066837,-0.5564685901906355,0.11589302226568336,-0.598521129439615,-0.22172554790756555,-0.24100695279292245,-0.5576012216081957,-0.4752637153927292,-0.29992649116229597,-0.53344467903125,-0.2023713318025799,-0.5993071050518133,-0.5171607408025274,-0.11192332578354498,-0.49691384300622093,
0.9783992356982188,0.3889546525717169,0.5308636583354898,0.862279656059949,0.4603780498116459,-2.8252801618254724,1.015434826642949,0.5928017420958827,0.9076442776713985,0.4739631086310057,0.7996294261170301,0.8705977212513988,0.7836204359738838,0.7040601219599253,0.41378630738096484,0.8597634748632628,-1.0898434876844905,0.7970892088400933,
0.9324118847200537,0.2995595415860257,0.9029022072250023,0.9138577369544092,0.896774679889052,-3.2257285959827042,0.8894512770645605,0.6348832124657755,0.9205995012597847,0.5564646063607198,0.8686474414459613,0.9465142517998102,0.9734530488045116,1.2074600431059097,0.703037683910464,0.6811028902369027,-1.5837615716307512,0.8689143626057503,
0.19957046713643956,0.14814706819974235,0.4353601078490442,0.04809024020036518,0.3717249265767528,-1.45737299705915,0.15176617652997637,0.5778701513369465,0.1821052499373901,0.10884154383064082,0.2903654618119054,0.6011562990788969,0.4188931384335924,0.26451844512166656,0.07434734838066093,0.484757296069401,-0.9356018364446126,0.5449983135880527,
0.08181766274899566,-0.12304437687021402,0.28086784227717676,-0.12068160462263706,-0.06804366075532854,-0.6913414592164416,0.16080277208839572,0.06110739986856955,0.2036449129898211,0.21177185412771812,0.2459694624206806,0.2421981648710113,0.2721843068895764,0.4143228693858239,-0.18463193610092876,0.04534134253935537,-0.3873618731526522,-0.03949790132260445,
-0.6030404519891378,-0.7110564114581188,-0.342394010352328,-0.6423781316185749,-0.5124452629640999,1.6246634740114818,-0.5343391259398175,-0.4726371810419396,-0.5192624235127828,-0.30641877439619014,-0.4224948037656808,-0.6315717636365008,-0.5071589747450372,-0.6543902818471737,-0.3760149152596792,-0.5341689661486885,-0.11013824337012622,-0.4281200840961331,
-1.0159160872419053,-0.7025404697600388,-0.925623276838227,-1.0483578642822817,-1.0310275368997077,2.1020304849772535,-0.7145352123875733,-1.0466557010098745,-0.6614699201155545,-0.9192738616422688,-0.7773050814295033,-1.0433073862064661,-1.0388604402535864,-1.06033907363513,-0.5268644706201785,-0.8331769502146528,-0.04647631570220274,-0.787923727598034,
-0.06068196922833746,-0.02173786841907198,-0.3072706907717159,-0.016807695882095526,-0.2947456851960417,0.331028919710763,-0.19980010914381446,-0.15784375132971773,-0.39647718293659345,-0.41381814523649013,-0.19375124263701343,-0.10091132870093904,-0.1762534400043254,-0.19786972555705026,-0.2043804284059092,-0.3395002737012733,-1.0319959713553037,-0.394821509976223,
-0.7845893175522657,-0.6952592416412584,-0.6517163631408216,-0.6014383081703036,-0.6335427775837347,1.9355996247430305,-1.0398466213987183,-0.9959342559297658,-1.101339937655278,-0.7096559259217521,-0.8921791900774733,-0.9327146094558979,-0.8401026597375932,-0.9898690980381336,-0.6174126716165333,-0.7593036509784057,-0.9219279160707539,-0.9531043141820782,
-0.897590981708293,-0.7072164490411875,-0.7694019443776453,-0.7719162154653366,-0.7641744470628987,2.141220987357411,-0.8164080392377676,-0.6177270853407355,-0.6604424014291596,-0.5407763598053487,-0.9237819751129797,-1.0078694396386774,-0.742448564700785,-1.0450362826827964,-0.6542407451933523,-0.7561168445988584,-0.7474302213943392,-0.872486285170628,
-0.8859883309815293,-0.6006070155120287,-1.0523283248658206,-0.6413876159157638,-0.5967465086947342,2.3019494233553766,-0.9023231286721093,-0.7694875384849819,-1.0358821123524742,-0.584302122954619,-0.7856004196845364,-1.0482319112421685,-1.0397918639934434,-0.6666396983358214,-0.5955630047866651,-0.9054957976702787,-0.596229802763404,-0.7132430924385641,
-0.4100517172767775,-0.3849107471723374,-0.7386657371767413,-0.7251347984798444,-0.408786143496266,1.6293091258763954,-0.42230041379985717,-0.6914255040816243,-0.6236802093416561,-0.5838532189085712,-0.7215531954722755,-0.5318672023748486,-0.5562018839707249,-0.6881171038105337,-0.6996428570927732,-0.5092150639182983,-0.7890609120556638,-0.5662333419086435,
18,12
-0.014797774812283062,-0.014927250873280387,-0.13569542972760393,-0.0028639340291355046,-0.2446270705135141,-0.1778195696985943,-0.14574926837571364,-0.1090193377775131,-0.0044838819090764525,0.03784461825384457,-0.38292507847015356,-0.2888592093566279,
-0.08514134933195637,-0.24682911778887678,-0.13189007295363042,-0.22711816108463675,-0.3222460802745863,0.12528341000936508,-0.06743259814486632,-0.029526645438331556,-0.12550901956645166,-0.17152582023655602,-0.09374994592686962,0.0581498161202502,
0.1290721497806254,-0.19495805478417538,-0.13886517938698645,0.09224767842189896,-0.25396659412897793,0.03182168818956951,0.01001763527377552,0.06649419095945586,-0.373758021023439,-0.24425480585789197,-0.2621071779263871,-0.14282057893706288,
-0.09569754650523438,-0.05702759218926486,-0.2023533203172769,-0.27467434289118736,-0.1526358456146934,-0.10060409489501931,-0.12361433576406125,-0.08462246431361947,-0.12931914270586287,-0.08017386456719308,-0.06027528391732557,-0.19860330317321925,
-0.13597916575228033,-0.24075570480543987,-0.050862881209959625,-0.27703652149606545,0.06482753233637227,-0.15334001347109122,-0.21376365135677836,-1.1509765023943359E-4,-0.027923243545547125,-0.1994255577350372,-0.09747009549315039,-0.11349823730127236,
0.8879963545647984,0.7626078943298931,0.8378256797175566,0.8300720963975252,0.8821842154188969,0.8801790575093609,0.9236922713612504,0.9602118205181361,0.9597043625683839,0.9865712077553902,0.9617754685581286,0.958914736088142,
-0.2832767242482794,-0.009007134593871221,-0.0951155152410479,-0.26246293841929336,0.15521628134631404,-0.23199156587273048,0.07741968449767984,-0.294584156090841,-0.11318027886259006,-0.2674621462003017,-0.1258939565546489,-0.005889243709023605,
-0.1618356335885368,-0.13266515027246376,0.148343079630525,-0.1827409517248506,-0.11557036757177981,-0.2577852792010874,-0.21118434581538417,-0.299383953525073,0.027133000564135652,0.047412917787270886,-0.10759370045785795,-0.1575903364703562,
-0.023069968021793574,-0.03314203856917714,-0.23654185855408036,-0.16686055814839176,0.1304442025598272,-0.2342471832365678,-0.11533791459814464,0.08474153268791904,-0.009596849112350463,-0.2805542121430282,-0.200939227417075,-0.2801909287273544,
-0.24471765898151712,-0.10115527434316092,-0.11384586717606185,-0.2706193169666945,-0.289393850210265,-0.010787324879794407,-0.07860511921689192,-0.12017275720765086,0.1037606353063739,0.00804606277188156,-0.020247033386407303,-0.2807110749687004,
-0.36589013708874335,0.05851841592548708,-0.07860078329889701,0.057358385372718285,-0.13775585096984316,-0.19570739806628934,-0.17698914497335666,-0.2657778067560345,-0.04277494014407518,-0.13824733253846583,-0.0942790930670414,0.01019860056218161,
-0.09813642787529285,0.05880609875108815,-0.2779935319014452,0.054598367314840586,-0.04075316668853063,-0.037538133018664356,-0.2125467539586695,-0.1953409106274733,-0.29435422890254787,-0.13374064426817983,-0.15263934722534694,-0.08871261872954671,
-0.28715215828095975,-0.04309531983171139,0.009763394940118473,0.006715748518957667,-0.2503688756408323,-0.03410599330106081,-0.012799169063430758,-0.33235963581931255,-0.037451848645906165,-0.23285142760231745,-0.024048861164170043,-0.2220958344245272,
-0.14349485031323414,-0.1213953986238737,0.18032414738488323,0.04436573781407537,-0.2414567573743147,-0.05613962948792106,-0.3098933756720267,-0.01525362722340596,-0.3416982854555624,-0.046823418030388295,-0.3788136895348442,0.08388591385228239,
-0.1225395754893805,-0.17103301740516622,-0.2673626795216346,0.029111010392963276,0.03304569546348117,-0.22025818563376454,0.06953799351850781,-0.096720754345875,-0.3390510345659241,-0.03587659613737023,-0.07151873542995868,-0.035043505124891496,
-0.05545080097939586,-0.07517980769707795,-0.04530417704712012,-0.1922206532562556,-0.0617821221423285,-0.30863380509557886,-0.22499179547545756,-0.32409060180197774,-0.07236895018814725,-0.12217627201212816,0.1336576568928656,-0.12040812245252014,
1.0954782318223235,0.802864651533039,0.8300188700565895,0.799731397643974,0.8821188290806412,1.158257872650676,1.2598263453665601,1.296644324905958,1.423417488910732,1.4987230946354455,1.396218996959201,1.2771155651397887,
0.10329941910755223,-0.22982928876158054,-0.24540073057310963,-0.029025175718782416,-0.009776483318367375,-0.03524487792432396,-0.20230464795913636,0.022786181653387864,-0.2777383400074837,-0.19492458867489548,-0.15686354513625042,-0.14286899137118406,
