# Pesos da Rede Treinada TxH=  0.7999999999999999 TxOut=0.05
12,28,12
12,28
-0.2605386109152253,-0.41255281987668413,-0.3973123378585359,-0.43935042531101415,-0.3659471623179652,-0.1846745427367065,-0.18370587056410184,-0.008582925661756705,-0.41753812165346404,-0.5160163127149365,-0.584331193712228,-0.08716245398717924,-0.5597274325465783,-0.3880229672560576,-0.20031226866708737,-0.0016107643031241328,-0.10218506562061498,-0.405451362694091,0.3278645865222489,0.09760528625428876,-0.21562744653484953,-0.3155438635871769,-0.21858878198352752,0.6376065237226318,0.07635444786868893,-0.4318877617607244,0.1455679482253543,-0.3263559395075558,
-0.31428783024382306,-0.09490960247525967,-0.09450501166122377,-0.10139236739573994,-0.5571185051194087,0.04132994498246112,-0.6113373932415151,0.18908487687837278,-0.1138389095827353,-0.47345933296428866,-0.28004328384339344,-0.28620264982959975,-0.5914895404817161,0.028700246930318203,-0.31789806590882064,0.038305306817891405,-0.34422775624902463,-0.31389868709775176,0.5841777388970429,0.16768102501137064,-0.6339763815841584,-0.36499621971315993,-0.5510880975476826,0.44408057672444784,0.5762064553347874,-0.3433913035004883,0.1254980641303998,-0.44309079206762586,
-0.4041769583704526,-0.2617325755613741,-0.09780033305957941,-0.4929615625051584,-0.24821500342757336,-0.12375511408750173,-0.20816601021418765,0.10373879971569169,-0.13894689121102008,-0.5734044875058002,-0.3113665510791252,-0.4476721552746511,-0.3644954378080902,-0.23805835432616884,-0.23628482100122378,-0.2948638963351492,-0.22055410771232015,-0.2107248425689125,0.4116273667889622,0.14300145067820227,-0.5409215886838564,-0.1816647068169017,-0.2601777030580455,0.6301478348320376,0.5571887274462303,-0.5085024676972894,0.14620783907744192,-0.3401886829349146,
-0.6344820628810607,-0.25547107092605137,-0.1741262526902818,-0.4262606574284268,-0.4624052061789026,-0.2060382141846789,-0.6743847388549638,-0.32055407784873796,-0.5424202181985246,-0.3474728692932256,-0.2588287513752425,-0.34266885160421334,-0.40114183740229936,-0.3051213818404981,-0.22681338058781245,-0.28704533393646114,-0.4172314763231261,-0.23653854582406866,0.30141924560948735,-0.2837371176302905,-0.24024660923010485,-0.4416635277846835,-0.5306780055011486,0.534722625881839,0.33218726936516857,-0.4522058806547598,0.4512489791084964,-0.3179271121846474,
-0.6704615212738485,-0.2626411439851327,-0.12668557626243873,-0.39840752111902267,-0.4418207653227971,-0.19430726616794464,-0.4763245169706489,0.10452568150713669,-0.6036860267731019,-0.5266097287438756,-0.3620934480476162,-0.43156513499871474,-0.22258493139716842,-0.27532265750747004,-0.23545047179655,-0.2559041364276865,-0.23863060597237967,-0.1506509460128192,0.21309497757603146,-0.2865865198663384,-0.347006612627354,-0.19700779202801358,-0.5145017917166205,0.27178060281994676,0.3953929307169271,-0.26344314314747974,0.2291575665283743,-0.400078722752193,
-0.27981172558084366,-0.2225654683455342,-0.33378159963406784,-0.24879704748596812,-0.5486228827656316,-0.42664040524368546,-0.6533602333719359,-0.06835237702513829,-0.41059401194070855,-0.5711161123997749,-0.4323065120197261,-0.24659253052781482,-0.30148202773950944,-0.29740689469951703,-0.2607795281353808,-0.04651968797820642,-0.08691615329008259,-0.21475599486326258,0.31026753595603396,-0.07654985618609061,-0.6738282185854159,-0.4867769671082607,-0.2908374884676544,0.44368228293357725,0.05654294501549382,-0.44542386469415773,0.33483897677452995,-0.5081478151660209,
-0.3205263464763082,-0.33161291285549627,-0.21938604794518912,-0.20943997552533675,-0.6061675110711771,-0.13450517867455142,-0.6217013082762339,-0.1265343383270128,-0.5812915076184686,-0.5170734784630754,-0.5996464415994855,-0.492445321878331,-0.2023241098839434,-0.4265004910361637,-0.3645687383307873,-0.3567919331108772,-0.412495604119467,-0.4607349370073366,0.4442850647030757,-0.021855478027626073,-0.6607956941000965,-0.19483809257357113,-0.3254380423708072,0.31146853800288743,0.09492365171515117,-0.2460103962352228,0.16063189281555262,-0.24710047612612174,
-0.788369357124146,-0.043897327654375394,-0.4328419953442626,-0.20492030516958867,-0.18809178779696703,-0.12559392730527885,-0.31638783937718606,-0.09580915860170022,-0.3823024101860149,-0.21679838144933725,-0.3131075342686665,-0.1356897935499763,-0.4733150579328579,-0.30201694524258965,-0.3880157527762081,-0.12617806741967505,-0.5022261874534169,-0.22239943623524383,0.5674457028034735,0.01843581411737735,-0.3414523800889522,-0.11441987573575796,-0.5243030965104224,0.5721869103101128,0.3831892086133738,-0.5983581153803041,0.381330927955139,-0.3417501663964641,
-0.3576578888035452,-0.46869691384807977,-0.5708818272607054,-0.4691462100766009,-0.4897531507352155,-0.36113556184710155,-0.6426458453049434,-0.3648684320733459,-0.307005002007371,-0.44982259396610197,-0.30771416409971225,-0.4035432854658028,-0.2859525354128823,-0.3128815384869699,-0.3619396385188667,-0.17917812977673636,-0.5620901847495889,-0.43903909293086135,0.16131139630567137,-0.2227971895575784,-0.6399346800453235,-0.2490411036495023,-0.48324214032655705,0.4857026902215176,0.32466330122431575,-0.5880680595872924,0.005081441531175903,-0.24590695217423772,
-0.6483130673134745,-0.40306939116607154,-0.5134097858506554,-0.16279329830774408,-0.391227290434231,-0.12166389761128477,-0.37276666627508825,-0.14522423118553493,-0.2851409862526377,-0.3154484427956062,-0.6205719137697845,-0.17204446996598924,-0.4480006436678582,-0.33275957291552816,-0.3148143579211575,-0.10975232605809404,-0.14618060259239335,-0.5201424072893108,0.2881055960613994,0.006449028445296605,-0.2754265679909545,-0.5019220383937332,-0.6467134329903428,0.19636759807311405,0.4854254630715802,-0.5091531403671756,-0.02304348091315078,-0.3899084324069929,
-0.3029175229540756,-0.38049471279594177,-0.26261592824893915,-0.3050602042048157,-0.496332551828516,-0.14013890935109422,-0.5276073144246962,-0.3714287329700263,-0.5106474101026,-0.4774582788190149,-0.4474989523167402,-0.5006137256883979,-0.33792265186239034,-0.08471348090829481,-0.5622598118147849,-0.1319037523361386,-0.6109320490333972,-0.1936245798806178,0.27506706018118976,-0.21668705969240287,-0.3790923371336529,-0.28918743805193725,-0.5356177342241061,0.542059939746171,0.46590885143877253,-0.6244947038919314,0.2888454764382421,-0.6055869826472841,
-0.29270706288549675,-0.3991001552396163,-0.5451595258423418,-0.28093604079029855,-0.5182256943694296,-0.27046830121129606,-0.3164743955157251,-0.08600373487815706,-0.5623541419364683,-0.4653960975642653,-0.35810040359650575,-0.13307649798146734,-0.6179803277259602,0.004118549593112668,-0.20976368251837532,-0.04955739252582274,-0.2594453372289018,-0.3264148987756758,0.40769581049656933,-0.1659381489933152,-0.33783902228640894,-0.21830237573205769,-0.4820022343007297,0.18409884943246274,0.3704071060998007,-0.2715780611506006,0.24745761558758622,-0.4905823240775046,
28,12
-0.041846118052312836,-0.15196209854253293,-0.02646834808035638,-0.15481712858106444,-0.045234770748258324,0.15337205211905536,-0.21346193630793994,-0.11248887459163422,-0.07468581896946652,-0.18753180282103485,-0.21180592379739976,-0.2815482204227315,
-0.014683239992976863,0.15293054855420934,6.410981090980782E-4,0.016763931880142285,0.17244176247572368,-0.23000873799122937,-0.04848144197923018,0.003202177475809097,-0.040911902341344224,-0.2883845712427821,0.015551733463906226,-0.004673170575381277,
-0.21764901306828477,-0.18341092511777066,0.016990733495441338,0.07242126158581885,0.11854432991781072,0.06552410795928504,-0.18102783269152437,-0.3397870972485455,-0.20186569332724602,0.10387512150728197,0.06111346589471598,-0.08754316625362121,
0.17538185413575327,-0.13178622046366925,0.10632203314534525,-0.008608495730969596,-0.048065311399214994,-0.14565462117998376,0.043565695478695814,0.05691647019755598,-0.25437409473814593,0.16272080740806186,-0.1330097317231891,-0.08989433440012665,
-0.1540982021205266,-0.22939101032121845,0.15104260695921265,-0.30269037555361256,-0.12015128672381303,-0.1554592183573049,-0.021415571025438233,-0.1353662024060537,-0.09319442226192731,-0.07406989648491992,0.11768339828912468,-0.08969780374204145,
-0.04805846935525233,-0.13181434694070757,0.17858131332061378,0.1851500181157023,0.09984161820881403,-0.14026772871368415,-0.23305998318931134,0.060875865947814106,-0.09220098176550405,0.005035261823728852,0.03350487668948518,-0.0016186095856745514,
-0.04280025268890874,-0.06483098884516407,-0.010139713490624095,-0.15644368845671802,-0.08563606608099507,-0.16369809853381279,-0.12026378155071862,-0.212608265224453,-0.274710614770529,-0.1789289313494251,-0.19043105951373257,-0.056359116338850435,
-0.12213666847294136,0.27778533369469816,-0.06784329239144503,-0.10225308269014081,0.13724467270882357,-0.004440443013481732,-0.053423267720870804,0.04189319433408913,0.07684306259075431,0.00287599272602565,0.16975957750383985,0.007174469793789549,
-0.0012896260745238605,0.14209083232272007,0.013219545491121306,-0.23979462973028032,-0.20361646909058484,-0.2258777869830798,0.1403520870755057,0.003070356271632003,0.06690197453273287,-0.06381150474349398,-0.2896590602596562,-0.008290505017440209,
-0.0623844293032398,-0.20406401324411164,-0.09048138594051397,0.01667641884616468,-0.09010430120872143,-0.04745634144968803,-0.24787124688797132,-0.23120740745464155,-0.12792252532398676,-0.3207860281685137,-0.20461789210550915,0.02600150248886437,
-0.1252851456582758,-0.2450954760625952,-0.18964466930367999,0.0692382762760896,-0.008692605934878762,0.1667212532065235,0.22985552958200803,-0.04034250141400308,-0.13320113788201335,-0.2874659387889428,-0.07533145224938971,-0.07373999997966896,
-0.22166311725306342,-0.07838654110442009,0.17753450536260568,0.09914850733316621,0.0019699088638781732,-0.20515762817163885,-0.20990054117694026,0.10333902999791382,0.07647651260923366,0.09969881919006658,-0.19038633711562872,-0.21305803882921281,
-0.05372803385403616,0.11773794292073232,-0.024357609418447352,0.07432557382304249,-0.08236539088529338,-0.2375729343592739,0.03129879699510642,-0.12720165199165934,-0.20513535798366767,-0.19477328043152675,0.11085935151912334,-0.21391114409418818,
0.09070282871918094,-0.17626510528570505,-0.22377447676619602,0.10911434319902334,0.16285656156677314,0.1989911631294437,-0.152902321931011,-0.19541290274921666,-0.0869401291790777,0.0024334538110067413,0.028982590718529818,-0.05519630595648963,
0.153326587865274,-0.14717603431293635,-0.1606230790301766,-0.11895712691380723,-0.1256942602312047,-0.1948474107818071,0.1566764145925309,0.18849111538430163,-0.07017780658192586,0.15546385583951006,0.19016766509378358,-0.1906099473052265,
0.12366637770215592,0.11291243718638545,-0.12214754495060522,0.06477413362728704,-0.16599390205890718,0.06987051112637255,-0.21987168137366886,-0.15370154402538302,0.06955803312276349,0.1082605362383313,0.10931824042023482,-0.10620545199066549,
-0.2466119286723642,0.16531533171330592,-0.23185814352560624,-0.028393381848550624,-0.1531558715168423,0.14288660506153608,-0.08325866261884766,-0.26241675067769793,0.1421758890043096,-0.006340927781048631,-0.20202315427272297,0.06262445207209089,
-0.040191656741587735,0.005596206801794061,0.10561219028369051,-0.22099364641884586,0.07322354605285913,0.1451295504550167,-0.23778763115821513,0.0011437227891495242,-0.15645681167351805,-0.05649125339192098,-0.15077511183701126,0.09507289039623064,
0.22383812597731262,-0.08513721008523022,0.16220829445804466,0.05845936697226431,0.24275099101575634,0.025381943461136886,0.19088245606588727,0.21433566946874327,0.21070777451690154,0.25901113110889756,0.383554605658184,0.2996126612955275,
-0.15586104298255504,-0.01230728121508481,-0.021250390171141862,0.03364166379103098,0.13210685961888038,0.2365996314317343,-0.11075107461576383,0.09006709279855589,0.14832336799788812,-0.00595966945388004,-0.10135639920558323,0.20548088719485455,
-0.1065515231885757,-0.06298563525537404,-0.28801307420878935,-0.01803803620353,-0.24264807852031958,-0.16808869762082984,0.12885351514303378,0.02684259033215057,-0.025879655627669782,0.010650628265548218,-0.12839805210572028,-0.15100622947789666,
0.04747955205560651,-0.014743697021216334,-0.26362594358411967,-0.15746469295341753,0.18157734113920704,-0.1681855355947677,-0.09645419608446948,-0.014103578236511812,0.1815867131266614,-0.09277571287174446,-0.0574706851569513,0.07290418303558849,
-0.09686055953498898,-0.039395572699712764,-0.1756042772494613,-0.23446805135880186,-0.26734163557873425,0.11776742890821928,-0.11895931898416227,-0.030529659350614878,-0.01632650520233039,-0.18780783325155534,-0.24967430732780677,-0.014403006808721783,
0.20396317799328112,0.4142128138551606,0.39672850306636787,0.47385849519230494,0.251199577518646,0.3034469298194498,0.2867595930134762,0.32824002020779913,0.2524167869864447,0.11625399779867081,0.34874546696807796,0.2675587807928444,
0.20213476811430145,0.06349506996050809,0.287482759509663,0.1822918303937495,0.04519204141255163,0.3678543465932448,0.28491250909369803,0.09818904540529827,0.13483458569353646,0.34480777558944725,0.006401917914559669,0.1043495271955152,
-0.17429026815157483,-0.19627653425597708,0.14516341612773548,-0.2841319776457893,-0.261584952794898,-0.06658652520441384,-0.008077306903256087,-0.004008303910500913,-0.20534734764676063,-0.03145103763507538,0.0810932863372867,-0.025107780256927198,
0.26590150708275273,0.25051663957014164,-0.04944603248936074,-0.012564160869691667,0.12124492950953059,0.004488603682728362,0.2747647921524924,0.20582354321446272,0.17588768416368628,0.14830333261985557,0.08016084869463576,0.11563456547936497,
0.0029478127205396013,-0.004782786177419364,-0.24267540940297258,-0.0558045417233362,-0.20001867662664904,-0.2102088302008547,0.15391102145430557,0.004619942577425794,0.07839471679820528,-0.13464753409504696,-0.1292054031667146,0.10448846690303766,
