# Pesos da Rede Treinada TxH=  0.7 TxOut=0.02
12,15,12
12,15
-0.6264815575854307,-0.7413334022808372,0.4203860671244694,-0.961317213464152,-0.6640155438706731,-0.7893725870005016,-0.779005213906699,-0.6454029152165105,-0.9006345946714145,-0.7236240690063445,1.1856327361828536,-0.21168365879652062,-0.5867219009239663,-0.5006940762243682,-0.6804546994337664,
1.3181853130716903,-0.6306343298228004,-2.203200451126038,1.5392083308725988,1.4456560003093621,-0.4775612765590553,1.877077679772911,1.2972322283031714,1.4901136096901522,1.2813694039896968,-1.8148261647172947,-0.6726307225436211,1.4525831813548018,-0.4709473037679443,1.864744533945925,
1.807235006525941,-0.6808484432390836,-2.1994171591117313,1.6797975677523442,1.457742339987368,-0.9008358897400155,1.8258638459674368,1.4327558838244785,1.5796082441624029,1.4764904275834758,-2.0819048189814806,-0.9702663413658879,1.3612629549454114,-0.8477783543122265,1.4295062694396903,
0.6440250071312266,-0.5220942015456294,-0.5870933836079213,0.5487491707474388,0.3707599564914395,-0.9341861885353933,0.6142186121949238,0.4941000474984954,0.43644313354948355,0.48925515699437006,-0.49929134957427196,-0.6931925238454465,0.5487610983002976,-0.5950499195841902,0.7357551388081366,
0.02269132014022363,-0.8397799945286347,0.285796820546498,-0.2311321459107794,-0.36043166231143153,-0.5359431127221241,-0.24152112915251883,0.0182161929812106,0.024591441561459048,-0.025060625982076725,0.09138946972250023,-0.4453100548174421,-0.2455117789334594,-0.704042008098326,0.002711558721448977,
-0.5367542941951241,-0.9596329021289091,0.9887666076046895,-0.7813785517677891,-0.3317268011353898,-0.6900234501501211,-0.5931237542140011,-0.5040074396283517,-0.5647290403604963,-0.594597791865486,0.16614161965717056,-0.49680357904736,-0.4709060944010389,-0.859527514739212,-0.4421004109069773,
-1.2192640455340695,-0.9845752126537669,2.335919021736005,-1.2318137782192633,-1.2543966383036609,-0.7480269089364502,-1.3262299373656163,-1.118528294021796,-1.2306551691179177,-1.4539008968703473,1.4435951997875833,-0.4737907710467453,-1.3097483025217385,-0.5436200646689872,-1.2066708982239538,
0.04065895273233473,-0.6688107499624483,-0.05418319454340745,0.23648658071543513,0.33228938863144375,-0.7162960713501532,-0.05629751928646219,0.04504997080051168,0.22331086504683142,-0.00883330492779005,-0.33740379890276195,-0.9484986340138998,-0.08083131385416052,-0.9016150801876882,-0.13028307306933196,
-1.270072828464598,-0.9015083631148941,1.742616941811196,-0.9648375151308479,-1.0818657843591206,-0.9369713582213781,-1.3244756547458523,-1.2221779370134063,-0.9913152130067008,-1.2032545460655713,1.4208561866383378,-0.924341787242686,-1.0388006137109058,-0.9173679558826974,-1.0733862169109507,
-1.2453656507107078,-1.014595995990431,1.945083247035736,-1.00086679566188,-1.1135353725914015,-0.6457639014642758,-1.1075606773350009,-1.019307789936569,-1.0059135282155025,-1.0124990836592405,1.5556356138303309,-0.9522700443627871,-1.0484485550969567,-0.8746924403503478,-1.3206972556552705,
-1.2841106451296076,-0.7183611246730741,1.6715123635909577,-1.1015612769176986,-1.0297749008514665,-0.9297035164766636,-1.1847672696926603,-1.0825309355393018,-1.2251970984818845,-0.978657957764177,1.3336904237956726,-0.7271804123500102,-0.8542240622365329,-0.7510309620469988,-1.1255051419867061,
-0.7135797870710101,-0.7444285509392522,1.577476287229192,-0.8028340200788152,-0.739352024200929,-0.9850498323435162,-0.9526074574148838,-0.8502789730200219,-0.9332926411959956,-0.6057986612537939,0.47170193672119165,-1.170705541490351,-1.0113189002708172,-0.7362776129922498,-0.9994313074806765,
15,12
-0.2657876088938158,-0.23096777507986765,-0.19731203739496803,0.04111799769444077,-0.1639194832415692,-0.2908675796236404,-0.22702960903774724,-0.21843940905036505,-0.265439694860305,-0.28727641120532427,-0.15169561335750764,-0.28108124685211255,
0.17546052969531709,0.16703515382409698,0.15924601106433584,0.04899418178663078,0.39455178170015454,0.039665525425875585,0.11487635739122266,0.21640231205957733,0.17654887021132615,0.3190944788533133,0.5705717261726528,0.19519289080591684,
0.5766385435817407,0.5224020222928178,0.6008770215013999,0.6012489501614724,0.6401251534392226,0.5572709631806931,0.6275148849051883,0.6102635223367762,0.5944589019728233,0.6667235556857979,0.6845450127207952,0.6310937980336786,
0.04993621774680325,-0.23213835866071272,-0.4288306235409209,-0.3871270119505071,-0.036015802014516124,-0.22336941724930226,-0.20800400456982762,-0.3852499082105739,-0.3639312353489537,-0.25868809965295425,-0.1368872267190121,-0.04825052099512553,
-0.38632290473904984,-0.29234585505393407,-0.21124899182456572,-0.11906312232750314,-0.22283217628840846,-0.26023256703685943,-0.36303287211707186,-0.08019949369754789,-0.3137423729779733,-0.11960523219711916,-0.13856502628186848,-0.12634266399779198,
-0.0014725453030071198,0.28195534877818,0.2856193769994718,0.0035078935181149843,0.2531393750104773,0.2974865991979426,0.16335870585336554,0.2674226324231906,0.21619266983565757,0.13471750577241504,0.340270734173159,0.17026394960409152,
0.03746157313996119,-0.15629381413873755,-0.22850581057890623,-0.09592668849251222,-0.2468569110558736,-0.031253350730012834,-0.5162022590704103,-0.2381437991377679,-0.13346826538754983,-0.2317802315295023,-0.4821794231243243,-0.3328373828310858,
-0.3413203564548134,-0.16838874204521342,-0.12671462157541824,-0.08508458947631854,-0.4377733246494675,-0.3011965508264431,-0.06893889899322324,-0.300192239126496,-0.252317842022962,-0.11071735447087679,-0.1895077282715099,-0.20466228909825357,
-0.3619703632313464,-0.10911432920098535,-0.10270060658199816,-0.2322247548929256,-0.2587749649626266,-0.21602290660617002,-0.09015051041803433,-0.1668963095306979,-0.13017905457453743,-0.36359183608133516,-0.10978755398926773,-0.46279173213636676,
-0.17428940254194825,-0.25059495534194737,-0.27629011977308343,-0.36959263370426354,-0.25662173573170016,-0.3374757584970011,-0.11877448754983574,-0.039598871769341994,-0.12538126504400987,-0.27835329103059653,-0.273876551625502,-0.22321804270560044,
0.2962793198260914,0.24576754006728616,0.2507975463564279,0.2138400801627569,0.23905652984636108,0.3059703688130405,0.26824709702834776,0.31672317244715076,0.3244219921126574,0.3062702319280615,0.2792250780856629,0.31420843434251106,
0.5934830039486686,0.36656007621766895,0.4677490198799797,0.443791195721814,0.5030117684997076,0.4409723013119852,0.6647511624126635,0.6727875154180823,0.563753445121377,0.5680555648867496,0.5087031424256842,0.6616307524823084,
-0.21482257910645558,0.06293620417754697,-0.3385715347000641,-0.1355840173410137,-0.3199723040572471,-0.09164156614782916,-0.4052704190285871,-0.21567393602765303,-0.06728356868583743,-0.2158718159062538,-0.3259795234258841,-0.34069428265660556,
0.39069161449960516,0.13198209926787724,0.23742426094624686,0.4514337087306546,0.07317635693625509,0.33502378894259494,0.3970789055782847,0.07823024717924869,0.27123236746175966,0.5120448839889754,0.36888060941840844,0.4412794895545808,
-0.24405146453373638,-0.23829622711434237,0.059247335033948065,-0.3443854279461196,0.017507703880084848,-0.06468354890783538,-0.031510074843787754,-0.35345643818133227,-0.32611201016968144,-0.36120668479406304,-0.5051590903766515,-0.10188878862826056,
