# Pesos da Rede Treinada TxH=  0.2 TxOut=0.05
12,11,12
12,11
-0.4251848886882197,-0.48908697892208386,0.08593251563052201,0.23633329025663197,-0.4497762709130825,-0.4152826463236096,0.4046483645270701,-0.1971622019390858,-0.43771163581916755,0.012558467115155958,-0.10024533268629478,
0.786246424813527,0.6813314367589409,-1.4862215371728498,-1.2591049902318567,0.8030298520955285,0.6523045302063155,-1.4950908963268648,0.4871050614765195,0.6577317162108794,1.1364686220673377,0.6427893397967286,
0.7347832005376516,0.8556104335184819,-1.2422855774212163,-1.2677691268216622,0.7423740629757413,0.7583466181048458,-1.4707412427252637,0.5726100846949828,0.6924594679764366,1.1934027277230668,0.554619453735143,
0.36163487156846574,0.709910917048434,-0.8952823928824185,-1.0104605621824558,0.5644168539770978,0.5052488588514075,-1.1881040323639513,0.3098866179444656,0.6181201044758757,0.7149174723178046,0.34946301919440725,
0.47764876387313054,0.30997380278750014,-0.7523127496492661,-0.7265099756153768,0.29452722276149296,0.40655239415405214,-0.6560525132409509,-0.038817357610424506,0.38741767797443516,0.2905025783785428,0.3526359182663863,
-0.6420080088698853,-0.5419791065219126,0.47277737651617363,0.5348317299542301,-0.31827104706232173,-0.5448383435423624,0.45197898214746735,-0.5755529482553502,-0.47706294672322447,-0.3679418909192151,-0.662474624333308,
-0.5929206967903574,-0.6123712893084345,1.0065360186320655,0.9786771749010826,-0.9212789797613262,-0.5177925767088114,0.9970648222358961,-0.8284715774575158,-0.6480544103146927,-0.9418634680035582,-0.8896783613861428,
-0.14904255830406823,-0.18737101794540495,0.03892164564153216,0.11792579343805665,-0.00428893048599855,-0.12395177419144035,-0.214140430851104,-0.4045777861667258,-0.17034395620560838,-0.3926446582542228,-0.12943237537039287,
-0.7345116823353652,-0.8002276059580135,1.1258464915240478,0.8078794463489831,-0.7825350032170646,-0.9501390123262141,1.1632523730802002,-0.5318784280158015,-0.9272481715897712,-1.1042947977902284,-0.7708628186742291,
-0.5715620545076932,-1.0136368630388517,0.9706343936560368,0.8570444033491108,-0.9026279782917189,-0.7125415239236974,1.2606288674965125,-0.4831715455374808,-0.897165702108274,-1.115727695088549,-0.7679405214767192,
-0.9978497087718204,-1.0308133157370376,1.0759213644238312,1.0503294746563518,-0.9709923452614808,-0.7312887178490459,1.1994098721012336,-0.8642073767500191,-1.019464199287293,-0.9571971008279551,-0.6375919441716671,
-0.6844035466742746,-0.7773255855484874,0.7399650515552073,0.27837844046103344,-0.624848323141056,-0.7289552426696554,0.8053984120922948,-0.33470194811159265,-0.6032835665192494,-0.6599299838737259,-0.7716667081358412,
11,12
-0.255244394930485,-0.01708252566917852,-0.21711557246454202,-0.10123165480251843,-0.04243276292534124,-0.3059513437674362,-0.24515941967580768,0.08443840749357548,-0.3696183252759367,-0.2948398541490317,-0.10605269649058903,0.07446974047830605,
-0.011225944398418898,-0.31439173727242636,-0.3362724946971891,-0.13032711684629275,-0.2628225315892269,-0.017516259857744694,-0.2965432571945343,0.028333725238119344,-0.24119741431890737,-0.1604725771156987,-0.13289542694129436,-0.29692613101239357,
0.33304563617678823,0.291668385688574,0.36758621598082253,0.33684308838850996,0.5133151956334059,0.519727856714794,0.3169789941424511,0.48845669929200003,0.4066734533269375,0.24406628324911675,0.4923696912828955,0.4424810312688665,
0.1915015002376271,0.4425566599050901,0.3787160027912961,0.17144405873178314,0.37753524272121464,0.2153776704779969,0.37507635232660097,0.3853296940136382,0.20804697723815588,0.6164378378974477,0.46219075983006175,0.3488971529917614,
0.07453265627002797,-0.014169463033918396,-0.25690767576140777,-0.2298233698907622,-0.009869956319054619,-0.36166623508982326,-0.11007289906401366,-0.4063936232724964,-0.14396241320222686,-0.07538469367232618,-0.1524088085190827,-0.15176093396432577,
-0.24977517158381038,-0.09537461737065918,-0.07828807721741658,-0.12457658816654828,0.1565795271771794,-0.27540821684575034,-0.3907504899639459,-0.18217797421313356,0.08159914756440298,-0.015159980397932784,-0.21526288280843747,-0.3728864506365831,
0.6030491436542812,0.29625807487284406,0.37711818955175525,0.5601692033988211,0.2605396372652259,0.38826510683166243,0.4899231148943014,0.3487349923815499,0.5570333096474432,0.42290977858891105,0.2821422592984069,0.404100798271757,
-0.19316475062077035,-0.17375708048516011,0.01274083552315113,-0.09107028537911857,-0.42698965311153525,-0.10857287571451747,0.020564941614089963,-0.1512969251135819,-0.07279809885721868,0.14808093200201755,-0.16334246741944733,-0.3275215805307973,
-0.21121867620760762,-0.17184926902104666,-0.11751512636118933,-0.21854386660693,-0.2872992309518586,-0.24049430582078885,-0.10212993728009694,-0.04137207520096806,-0.06657331307896834,-0.25971374673747005,-0.18522079462681926,-0.13997330779902944,
-0.2639546930085156,-0.22064818616750081,0.014203012134019257,-0.056038237021958856,-0.2179647257585339,0.052571589442171204,-0.14895661456643708,-0.28478391677034853,-0.3473243302545629,-0.34405864544635295,-0.3280673588805944,-0.014457486561323495,
-0.1329247831169152,-0.11043464939420744,-0.2308128791455581,-0.20870711373243478,-0.16434721855913556,0.06447884411782814,-0.006073488390704128,-0.36736394959046265,-0.11321144916789241,-0.39106907971849875,-0.052790797808918294,-0.045646738947521866,
