# Pesos da Rede Treinada TxH=  0.7 TxOut=0.07
12,25,12
12,25
-0.598175804331822,-0.06523572813357961,-0.3056183836221358,-0.44683715657500467,-0.4077713776590488,-0.4895913919760095,-0.20112558182929013,-0.10053872809717299,0.14525252764502875,-0.33303575229278287,-0.32229877530031087,-0.09428637749035501,-0.5826332260678138,-0.19879457479138837,0.0031061741552948427,-0.2621009943303322,-0.34065556699130534,0.46317791977132616,-0.40065000194707173,0.12287906467099068,-0.2677883205319821,-0.4242816621763644,-0.10005466089533545,-0.5813138638231548,-0.32922353993972403,
-0.4506736349497227,-0.19859539018757272,-0.23823451402096907,-0.22636297840891875,-0.5403592028914539,-0.3326713106299481,-0.5157968260606975,-0.1911623408778129,-0.22557849002079097,-0.423187232748227,-0.5739885576873835,0.1762363301847137,-0.2505914814980884,-0.03406300207486715,0.28574689126213837,-0.17236602134587858,-0.4081722417291102,0.4850656290261364,-0.15880703393979465,0.012392132919274042,-0.557024826177392,-0.451242898215422,-0.18860187749625065,-0.6260196759525785,-0.18995235078127673,
-0.5293881915351991,0.11105624581891836,-0.43453073809994036,-0.6209551760745853,-0.638625565790199,-0.15260764397484186,-0.464282574347284,-0.3001712287489639,0.21302608659580247,-0.33155086392768507,-0.4367720888439005,-0.09013066317605642,-0.49148147483233173,-0.15351917711055169,0.4628174012611428,-0.5247666710754464,-0.2186522765018382,0.6455108794437666,-0.4632644808001176,0.18314336348408516,-0.6239969153557198,-0.34179344358520963,-0.4941616453991956,-0.5936068056476429,-0.4063333604722764,
-0.48818891250770796,0.11287904859916904,-0.45445037486936657,-0.27330578395190375,-0.5123712155031843,-0.2349894948116857,-0.5572220216553683,-0.44578772802666744,0.04075830929054081,-0.732083063494163,-0.5054187551480028,0.11545401424584875,-0.20545160794551473,0.0031743368162930018,0.2965551181135378,-0.43955543577636297,-0.5207434421253425,0.3457497158531143,-0.6720378665315498,-0.21153878173160642,-0.5258547766556944,-0.41074154516187694,-0.5137328513436046,-0.44051087871957345,-0.44955760172504583,
-0.5327685563534971,0.07951157499101784,-0.23011569299880624,-0.34320716683813124,-0.4809933845712886,-0.59098379442465,-0.5778141632333638,-0.36036631229237587,-0.03113546376049344,-0.3718910626758531,-0.5433955089620609,-0.09405881512490749,-0.14478526957970944,0.09165116403700128,0.40162113375922587,-0.4433340600177294,-0.5046194474129863,0.6402480482585113,-0.36105172529876683,0.1377030504446341,-0.47856124029890756,-0.511867637127821,-0.08904083991669832,-0.6061190667834739,-0.2913750705752774,
-0.3704298926645202,0.03718317223239889,-0.503910266073901,-0.6486133080435958,-0.4821546568907512,-0.17296542914542698,-0.5785169109105975,-0.5468240805577427,0.03192622002441578,-0.45830403394446195,-0.5894206001320387,0.10811061973858271,-0.29460816629920067,-0.1406908190594064,-0.07922669612126498,-0.35225502774459305,-0.3630563742283498,0.22564499348106384,-0.4990909603710616,-0.3768647574757321,-0.2672122003594987,-0.24008450055937808,-0.4680525701949412,-0.2240676463578987,-0.46061881168895336,
-0.20182304921816413,-0.22945605526813503,-0.18597948721308763,-0.622810030851789,-0.5200244995908815,-0.22803965463943796,-0.48675865171957405,-0.3566173394369848,-0.045903456766989516,-0.6213467739821029,-0.34107471782698673,0.22535847037461193,-0.38774071929651216,-0.0430927686883631,-0.13157677994246944,-0.6636799992501959,-0.38823042897474835,0.18789241079306376,-0.35614417336539694,-0.29343996435226094,-0.4907201903436219,-0.4387613578098531,-0.1900659669837056,-0.33071619397824326,-0.3443636532644866,
-0.597641062527314,-0.05775804507990059,-0.5596335563612825,-0.40681722135514276,-0.22169174518552537,-0.46595455909812117,-0.39498274228516356,-0.44156986387989233,-0.27305116868937296,-0.4583450522176534,-0.29024861130936974,0.02839849454764297,-0.2098184691890824,0.2210381291444116,0.010001398653723436,-0.5639750250531622,-0.47791805429272444,0.6850099330534187,-0.38808580635475287,0.09266953675770362,-0.6197025783757278,-0.3407623262106679,-0.45790818856159765,-0.20188170583458023,-0.4924665301886882,
-0.5822042047708683,-0.05933076892210135,-0.3862817893033088,-0.5613181991991545,-0.28751094656868587,-0.27931283119645667,-0.1342973558363776,-0.3088368571062717,0.07143561609822426,-0.5692338388188571,-0.4063288756840907,-0.023316618196317265,-0.30237514262476356,-0.10520146768329328,0.045193954648000204,-0.388303128846216,-0.41728444243025914,0.642214543005958,-0.47177447099674086,-0.2569586084375833,-0.6303444148902811,-0.17797785113406528,-0.5645966131518924,-0.19496324237759022,-0.5612428926059684,
-0.3006246119443139,0.2093799154514817,-0.3701483090371387,-0.4330536700021126,-0.5544185911707252,-0.17288056033938237,-0.39774219108900655,-0.517654852798193,-0.15003224431195944,-0.33061444799002077,-0.225504798972122,0.02308074026750126,-0.5280232210248654,-0.1928353768304365,0.31218924141468724,-0.26591142151130037,-0.45696950785259915,0.287515316902168,-0.38736916219632545,-0.36949054550190497,-0.5187464553189383,-0.2242975522398011,-0.19870510111140205,-0.6239463707596943,-0.20513031362709894,
-0.3875953507456271,-0.02692967711481291,-0.16379582791806405,-0.47419978100261534,-0.23757023104674052,-0.5038930179386801,-0.3196864766494457,-0.41130118178737046,0.0745324857642419,-0.7286676531664587,-0.38888310635017187,0.23622310227729482,-0.4204825848858319,0.2057265105845179,0.27528212619696585,-0.5140063870388254,-0.14568476519426765,0.2622691800980991,-0.3129989228290796,-0.06633535385757858,-0.5338883634473903,-0.08803872162051679,-0.24068236961857303,-0.44494890609545185,-0.15432397369294568,
-0.657071273250189,0.051849543149274334,-0.2917107114721819,-0.2529730530797557,-0.49979461172961426,-0.3051808769798948,-0.26539287881046725,-0.5016639717461268,0.0535254230380391,-0.43537826563382526,-0.3451626807930157,0.16679629923844444,-0.2913098269317607,-0.07984585132862367,-0.03011440451806873,-0.6426978685022461,-0.18528378355258382,0.66893021926822,-0.3269006755960383,-0.1629291990329365,-0.3549153248412494,-0.2789975289440983,-0.29011144294709573,-0.643857387930102,-0.11929914793233107,
25,12
0.05042780224117423,-0.08255085584520352,-0.09454181891575615,-0.12427070986481871,-0.26690377770543533,-0.16281097614208107,0.019057192906266094,-0.041930568487979915,-0.24644361715387747,-0.40911465845382167,-0.25847564615587587,-0.240106897872609,
0.018779021599437146,0.13783423009688112,0.20059226011213913,0.1824779288955145,0.169664440186029,-0.047435205853181214,-0.05980823185243775,0.2505564941794807,-0.008649203031442357,0.044027454591476334,0.15806707553051255,0.21432692935014194,
0.024622832499071195,-0.09858032921101315,-0.08113019258338768,0.03533915884156173,-0.25633911878118565,-0.3159923889074116,-0.10343398381458874,0.07317997359151232,-0.056131430712007706,0.07676846274477993,0.08655086549267572,-0.14615430433195237,
-0.21186709721227343,-0.29245039895308955,-0.014777106017976667,-0.0010233681796960182,-0.010725448442197718,-0.1693249734557641,-0.07260494591858377,-0.052699233843125234,-0.17678426990300483,-0.059046752834414094,-0.26063290157250674,-0.10738760504520088,
-0.16707330509942145,0.06511780726568617,0.09669746109381104,-0.07254164468950632,-0.23608980227620271,-0.004988059137735903,-0.1463841498796376,-0.14035881037045345,-0.2167150585077424,-0.22077952566599324,-0.14543747844739743,-0.18604820000828365,
-0.06766021324042538,0.01002806830814938,-0.07942441544098257,-0.02468926680992604,0.11051238130340778,-0.010586612294062261,-0.19944471737604913,-0.1652885763546802,0.04899842901511043,0.021417261752955417,0.04785518928235407,0.006072718349553285,
0.03990668365367443,-0.16222841847437366,0.028628189190740498,0.07749230858278473,-0.09904426988103868,-0.23373946498870632,-0.2873614347176413,0.07392373377479562,0.06044095535998354,-0.31301748775682947,-0.08934884378446648,-0.007917028896164871,
-0.1022714563153086,-0.09528951537393833,-0.11496998254992348,0.062374556758284835,0.1443249667404696,-0.017283705918394822,-0.11909354221782602,-0.22600335655083123,0.06382049184483662,-0.16373702061822354,0.10309863937469703,0.09852633680523794,
0.02852073563456754,-0.08408231505355954,0.2098018450903575,0.1587837979838628,0.15877612344103578,0.26702976570739845,0.14811019047606447,0.03533581907465667,0.16187880915655126,0.136747457989163,-0.15641260937917842,-0.07183786341313651,
-0.3481435355250586,-0.17657755897048769,0.010431513539088517,-0.21999356312555815,-0.019545458952700556,0.13363969094018802,-0.2361178321903767,-0.26735314387835146,0.03307415355443972,-0.17475132023044562,0.016821277370529013,-0.044960016223874716,
-0.09276235005552591,-0.0828966104512622,-0.016686267425320006,-0.2748302664680327,-0.029705977819856615,-0.24540751658788157,0.01918687436348737,0.06401085646049365,-0.1991338452801268,0.05267280003024122,-0.2399193482550595,-0.293463204920358,
0.04042757753761789,-0.12360040340276493,0.12447148418429917,0.2846010907413034,0.08996441790395408,0.05079056519043683,0.04159116316243495,0.04953905897529475,0.2451165177913307,0.12875945989477047,0.23993902412485724,0.102271146818218,
-0.16233897311160156,-0.12773668932081705,0.12654982210442609,0.02640891768483352,0.04510995883011267,0.1404354678952458,-0.11820600427216986,-0.10833079797107593,-0.23756642705287564,-0.03319256210466089,-0.0381651391973095,0.07469865100342535,
0.17116474043794483,-0.0029577901388066962,-0.26462638505109054,-0.05428536423229048,0.08487451074612054,0.021107503160937967,0.19183063836978687,0.1376736029899599,0.1461793178750741,0.015320032534286512,-0.11850715045682862,0.022459160856857036,
0.21625772803807508,0.24157329513354672,0.20250101014856206,-0.13243671118992636,0.17593391060943833,0.06644754707200118,0.07414276287364588,0.23016561815787506,-0.05777716232372341,0.3205421108584358,0.1379027354059727,0.08805312668736387,
-0.14613752170328784,0.06818460056318193,-0.12743066160610117,-0.0543255160898539,-0.16807269129137578,-0.0382143750414671,0.023876951135688527,-0.11012455919483498,-0.23130725342365757,-0.13069300295514724,-0.24253950879860392,-0.24900326573550138,
-0.031566386282527725,-0.012434949930515896,-0.213989803805912,-0.046405849942375024,-0.02283768685318078,-0.25819756786739395,0.09788483665419201,-0.10618813170159029,0.033718034955424386,-0.04427672531657528,-0.1431426611404936,-0.04940892787287192,
0.4115963873341393,0.4794581352668649,0.33698352781834867,0.47661215676430524,0.36285209897069215,0.5061338886685618,0.643245608109978,0.44422624236327835,0.6144427140888047,0.43595188359365056,0.5293560231402835,0.5109682347825734,
-0.03240129631929668,0.02433976214806868,-0.08816006102912155,-0.32278897451374017,0.1033852664312742,0.008432054545683172,-0.19157829311984562,-0.24235343846883683,-0.23265897325183119,0.03969868408003946,-0.26882781797886546,0.08521849757992635,
0.2880609632761687,0.07066350250145292,0.08484481211755367,0.04778424454541772,0.046467786471985344,0.15485994390715935,-0.07836025995872935,-0.124255115132692,-0.07959079467247124,-0.11526094889157204,0.16857826173221085,0.23008857279820655,
-0.3265301876053426,0.08509429064918378,0.020539713873360205,-0.32676637032400346,-0.2606555203066568,-0.008146967352076605,-0.0186676319354515,-0.2392524681658915,-0.2547442233001673,-0.2930392356539054,-0.2749076851560298,-0.09609692441213097,
-0.11197365010389052,0.015200330777464636,-0.15943920468640796,-0.1731763096105852,-0.11923888710656196,-0.01612212359599385,-0.05132293921915441,-0.12958568733986836,0.0629194394413045,0.13919962911587888,0.1578178710735818,0.00866281555120795,
-0.05897952125481749,-0.1465081904139902,2.4704332553669066E-4,0.05196457556914414,-0.2134226216466008,0.02314885089613676,0.09189763090504201,-0.0038915254129336125,-0.17581269210332817,-0.08096182382243186,0.15351615522198067,-0.0014839699225144168,
-0.13354778393003472,-0.010641455665272291,-0.23339521559278484,-0.12682384503698194,-0.13616649171455592,-0.22349768160604888,-0.07422248658078232,-0.12254496689620495,-0.20714018641836623,-0.07295970087620889,0.03132316219914247,-0.1580207949358093,
-0.021852170422749322,0.015216399244211181,-0.07211368198470959,-9.505919676862384E-4,-0.10262212645643572,-0.04631402803454587,-0.2813019342530706,0.13634855495039702,0.09895743704351853,0.0725236518777663,-0.22132919694327463,-0.27511677665206313,
