# Pesos da Rede Treinada TxH=  0.2 TxOut=0.03
12,10,12
12,10
-0.27104244548281947,-0.15096587955385007,0.15724843393502186,0.36018520940031107,-0.302948428968228,-0.14798590716449148,0.0772799639368308,0.37931600208580785,-0.33607986024080144,-0.09913873113713945,
0.8285826609991972,-0.4971524591279205,-0.9816245924211792,-1.1111880830181162,1.0003807342112436,1.114265894323244,-1.1481013608096688,-1.1050037867436722,0.9102212110778315,0.8996131286763929,
0.83442242441361,-0.30986033466284,-1.0396565500939179,-0.7777537639696371,1.263795906121434,0.8962857966074986,-1.1581048981393771,-1.0676376148822468,1.017748054365048,1.0670021601175048,
0.8150992086402279,-0.4134999502292049,-0.8502729043642143,-0.902233525913477,0.648342559773163,0.5638911858116779,-0.6197683226604911,-0.9307468079767057,0.5614356120280104,0.8709534218912741,
0.39530973150177884,-0.4982246632623059,-0.6762560347634485,-0.5392845217465597,0.7004629673662192,0.2768428729688229,-0.757845578068944,-0.40856089702409626,0.534820029546403,0.4183858882952884,
-0.4084438688016998,-0.3602769928755459,0.2301739870111792,0.06432299948464008,-0.5665746523523332,-0.28404561348253565,0.3211141260828428,0.19956620622962443,-0.4053158874245165,-0.39196116157287736,
-0.6153631706658579,0.10282073433775188,0.5550716479075241,0.3694643785576912,-0.9468039923509739,-0.9148818716786915,0.6033848741820682,0.3930239489279672,-0.5948946133573891,-0.8729581971296738,
-0.0719313761314538,-0.280010861577517,0.17560820407296204,0.36341194006377764,-0.14804297723097773,-0.39548734222465715,0.423530789764717,0.22045571039084969,-0.39219287999271607,-0.28642184814042715,
-0.7590625628988058,-0.0023073173785909075,0.62150885141609,0.8207237258378884,-1.1519022784633621,-1.1323680961843616,0.8733630005917186,1.080273377785359,-1.1843426909499175,-1.0457244602181905,
-1.1826835751971603,-0.16015062149288745,0.767400579557046,1.0295612934091152,-1.0872079425194796,-0.7092712286730707,0.8101468623779822,0.8698714607479371,-1.1129616022926896,-1.1490249744946526,
-1.1003853574906395,0.10835205764888105,1.028762078625469,0.5981738020790559,-1.0112843239352063,-0.9908485922830231,0.6040531835482615,0.8216614734031698,-0.6747894377390262,-1.1349248115921509,
-0.7715171111663446,-0.4260059378312835,0.5480488275252372,0.42090835391383563,-0.4944400494683138,-0.5476255634889476,0.5958498864194717,0.48128653527454784,-0.6853198795889877,-0.621592880656293,
10,12
-0.3624140331171759,-0.19704459769838256,-0.28630019365760767,-0.22579607832048937,-0.16284948073719382,-0.3827572022583613,-0.48557448346652105,-0.4975286614549493,5.718538026406229E-4,-0.16447548249892957,-0.3123333312170634,-0.45137073226450813,
-0.1487390953186071,0.06388332389135687,0.11267145963265905,0.011339540868499812,-0.23941716072622504,0.22259247516162414,0.23845234643638316,0.02004765465342497,0.08396996986774864,0.05098881891287001,0.023046558525111584,0.24796489200477673,
0.3305894776395622,0.30774823288086045,0.16354627742458785,0.24676395099815418,0.37638401615537176,0.15958124872904164,0.5268705509561584,0.13564209022009488,0.4028597067862535,0.3295844441430604,0.449946193570107,0.46117320023096536,
0.27499273684188497,0.29846494644129096,0.4068069497894789,0.3745535225801482,0.22968618937874177,0.420155541125053,0.1516756713644841,0.18158353549224854,0.2718855708640257,0.5956863389083988,0.42245785841846123,0.2241249729407753,
-0.3416467263181542,-0.365211739383099,-0.2455849304439866,-0.1267764858108849,-0.3765365315548749,-0.25695919551765983,-0.17802442073103084,-0.17706617197209565,-0.4887755120809804,-0.34775821156503967,-0.4065026243142605,-0.22108944662275773,
-0.3444466422105912,-0.18828964302657883,-0.38553502508577464,-0.24012987086927343,-0.2566821350555943,-0.16377743054452873,-0.38615810725779026,-0.25714458455203043,-0.4495648794735092,-0.4235227452666307,-0.15221506066129306,-0.3300060862324564,
0.4169763985137422,0.17368497938920344,0.2654183412795418,0.3218283358184374,0.408807338442592,0.41557128888248684,0.13148709977832815,0.42813893665550345,0.42204976453160686,0.24423505493061579,0.3758225595398877,0.36441059444687574,
0.28018662942088535,0.38218904952701277,0.4415862694821919,0.30495033800259014,0.31727992813023564,0.29893043896360116,0.5227274998262637,0.6106216614616656,0.2841953463085592,0.25806528650527594,0.15408230246699647,0.3492938317349654,
-0.022165951326894053,-0.28409894393463,-0.22437241417115839,-0.30800084914722453,-0.4023888059843985,-0.32168330205789525,-0.3070053741268491,-0.08399634795426213,-0.33917497942894387,-0.2425451542278361,-0.3448923698737806,-0.45264778493975105,
-0.1988871687919558,-0.28223497995597957,-0.3436501574178398,-0.4562484088846611,0.015391935443588528,-0.47879784422657307,-0.32987631167737214,-0.47694642645638097,-0.2993655330626752,-0.421799623553681,-0.31960874942964074,-0.280837983592647,
