# Pesos da Rede Treinada TxH=  0.6 TxOut=0.02
12,17,12
12,17
-0.43191268239875796,0.7232284356164853,0.8005274733635267,-0.36957873214163645,-0.42687802208782405,-0.2606073301422442,-0.6414943708133812,0.43663569649844286,0.6001292155599702,-0.7966785410937416,-0.4926709849704285,-0.5590698851804435,-0.4551572072877739,-0.8347077118300748,-0.4577408832834881,-0.5714592745232715,0.41856391270989646,
1.5577184849997043,-1.6412885976360492,-1.7104195323581701,1.4194018608494403,1.4140341589859204,1.3397134751123936,1.202849393122772,-1.0397260107442254,-1.8531619064405478,1.380350538131955,-0.6517665124596448,1.6109348166282413,-0.6962533674554071,1.5130326420468705,1.4141198948557059,1.4186235649926493,-1.6182544960024439,
1.6392504013731255,-1.6424082008878136,-1.4498539894058038,1.6290312844910144,1.4258626632003573,1.4002541542433085,1.705291992618155,-1.2926412377970706,-1.5389327957924814,1.503440208020954,-0.590680486492698,1.7801560899545545,-0.3631321500410272,1.4311764037483419,1.364464420500998,1.4160944888474243,-1.677109391026861,
0.3242780010258126,-0.7306312330042131,-0.8677972500438473,0.32437911138160463,0.6177929735786053,0.6555804232863912,0.40079884222674983,-0.5057410490049767,-0.8299782143747833,0.7827751578946003,-0.45842722652469564,0.5540535793634535,-0.43492354413474194,0.3992748317063937,0.322754179233771,0.46183100146823153,-0.9125807216138867,
-0.05544086734444297,-0.16295772914018913,-0.23715723240372946,-0.040546996444652046,0.03782836204807929,0.07898243785542454,-0.2908120197266081,-0.09454041588141499,-0.16275926078453243,-0.12901243426267098,-0.5585298593869706,-0.06348107395322093,-0.7066746726387434,0.1508634464285221,-0.11506261220418583,0.19926857225936453,-0.14249155104166317,
-0.7088798941086774,0.2877624485297546,0.4704688184825517,-0.7553057493438688,-0.72120530303482,-0.6357799839867967,-0.5210123160139206,0.3347107929057491,0.5270829139388892,-0.7648932431855731,-0.6331070286666948,-0.47446141469768904,-0.7115709165634457,-0.6440224459530097,-0.8207331721088859,-0.5386194767084358,0.26117730084100005,
-0.9953432714708041,1.1540858287621771,1.3285230058516402,-1.4465565427794058,-1.3723944118266436,-1.0762741703828178,-1.319665674639219,0.6663641987514536,1.3403303910554978,-1.4477040877425027,-0.39472052786262823,-1.4134880409228896,-0.47573197210301593,-1.3265939749138682,-1.3908971715130232,-0.9648150053619422,1.1579995095977405,
-0.08039130527257304,-0.23505738796391407,0.2313545918145997,0.21108590791289095,0.022674006823488572,-0.1963471577989096,0.09447018301662274,-0.092397026999455,-0.03496762614466021,0.026114381123799196,-0.9276884423482278,0.04140192555776504,-0.709234898681817,0.20980975203924687,0.05824228453875287,0.14166039546584097,-0.16552889392657047,
-1.2290760520352517,1.1357135139478642,1.4518483467702372,-1.0426234689654932,-1.1404976719810123,-1.0350720415651575,-1.3154875586091366,0.40709822602290524,1.1778248026284315,-0.9654370505888338,-0.7981532050610792,-1.029389980375192,-0.35990295483194185,-1.185009103443884,-0.8219361163479025,-1.0961293653429414,1.2100058130639684,
-1.0663395169345051,1.4862271266363445,1.0928268180614313,-1.1757000368405315,-1.2776956603281304,-1.1076763628799051,-1.1157700326633166,0.7393304411426636,1.4421298985272795,-1.1161431193343743,-0.6893807000614445,-0.8622478185425759,-0.7695019850457945,-1.1283496217042763,-1.2434786412646635,-1.1791709039118108,1.3971268205152816,
-0.9790347128352267,1.3597960614676452,1.0617668649857457,-0.9372883626020101,-0.7716893325181139,-1.0769498428941613,-1.0308471726051802,0.6497694900331794,1.2685009587866896,-0.9507824835551416,-0.4524100442537616,-1.1292563752336826,-0.5416309275770693,-1.0021765023248788,-1.0076671548173242,-1.0811564292219777,0.8941207294658059,
-0.6829322708627795,0.8608325321910056,0.8589457696404156,-0.9453825636400642,-0.9169901107348731,-1.0301373691634919,-0.7014673399510869,0.4732914625551406,0.8301432692540224,-0.8730876424711296,-0.5441610161355299,-1.0383725802562591,-0.592161999689954,-0.8096944222330162,-0.8096504283651916,-0.9684031628271116,0.6285690159200845,
17,12
-0.2565874779369045,-0.01616419296353736,0.09968179673635107,-0.011446162638372802,0.04362619645099082,-0.1983804657632236,-0.16645338836789333,-0.29017938883628863,-0.1963063702032839,-0.1474785770788434,-0.3705682259784832,-0.008689093438312966,
0.11379642238230969,0.3912270758799679,0.1959058389621196,0.2629497963005267,0.11575635057987577,0.19754046381868912,0.07246177128566578,0.09065144694696824,0.09519605495989801,0.4260580995008602,0.3793747098713199,0.254902107814737,
0.24046257495446677,0.17915820957793954,0.43882012707181917,0.2588738118945306,0.11763854408420478,0.057262384256001976,0.08058734731987413,0.32572611914970506,0.40065898762767743,0.1174560055150252,0.11175973411419685,0.2881976496260528,
-0.12279796857278591,-0.12453159751174663,-0.12253696752800013,-0.3169112909248855,-0.28303209779497174,-0.2709638749999815,-0.04233604780239669,-0.08689478047487745,0.05278703737451083,-0.049445116571758756,-0.2705289943592504,-0.36882922043746086,
0.05370194669585236,-0.18770741462542798,-0.15454358852995576,-0.08401270850674109,-0.24777055136115986,-0.09567568288966923,-0.09725523375429264,-0.0015442703670296752,-0.3675842659743445,-0.21922933777778134,-0.12716235817442725,-0.28678846821002596,
-0.23842281256061063,-0.13044876608508732,0.17927597812479298,-0.10923457139263454,-0.15163936462643368,-0.019444024694357742,-0.28264787093982235,-0.2600655137152059,-0.1820404425556411,-0.28147555837605154,-0.06849458756282013,-0.15018537289007977,
-0.03829839517674531,-0.1358694981449359,-0.0010309602097793894,-0.3902867557806841,-0.41492872724899094,-0.34014667377894414,-0.13966902718573257,0.02529596794338312,-0.248531434341138,-0.13417959490801581,-0.25502453145402276,0.04815886200913113,
-0.029713593698378893,-0.024372796169250605,-0.07217563514459124,0.06552259298984933,0.3068392183598908,0.19929026655068213,0.22209428879974638,0.11938409429310147,0.21278129211483754,0.11271725669104835,0.2038390844673633,0.11750449267014507,
0.3178162507651004,0.2576101365856143,0.18018144053820054,0.14898337898767539,0.29271933574753767,0.27293434572805336,0.4107639077577135,0.24356855310866699,0.09158240522041157,0.22678900275788752,0.1532622431657183,0.07445434366581899,
-0.06533070175500547,-0.061594256026067606,-0.20406317983506297,-0.024939915162897678,-0.3171265194632433,0.02554366397610964,-0.43922426808072446,-0.1864306516256164,-0.17351561210273056,0.0805566649393389,-0.32014569907255896,-0.20232655177184503,
0.33053595967651983,0.29130083369899706,0.031648537329267146,0.240137342233631,0.13748321282367046,0.215585012533077,0.31763719486994824,0.1866934048983916,0.47422290170175807,0.08592210990116501,0.4160126551019938,0.08352530668119137,
-0.17099665192116312,-0.08177110657907218,-0.32602391820618676,0.10306370121656203,-0.05380924170721789,-0.16753135995894244,-0.1113202243230846,-0.14556003279964286,-0.2327714887798988,-0.21056421330782657,-0.18763972228113035,-0.24489281430815826,
0.0639976434742143,0.3387145602544627,0.2969830607033204,0.06428268539709317,0.1810958400235381,0.14246099394744488,0.18626737199845264,0.47760343988906945,0.28384912088689124,0.44422795597335546,0.35783520812454916,0.28055262801482966,
-0.08634227630960531,-0.1287910871763562,-0.325227660420486,-0.29288501525642663,0.009833009914410643,-0.12454519736615347,-0.13937523957580938,-0.333029834015894,-0.2446570487155437,-0.31978893794000046,0.09418705363973427,-0.09962239887247169,
-0.25341184813962186,-0.3745065112406615,-0.41931408170083156,0.02576472730048826,-0.09835030579208306,-0.09819241625488002,-0.03350720387066099,-0.16091392179551262,-0.05178295726789905,-0.18836423299941998,-0.28627406178150705,-0.023115208375758804,
-0.22513922674534953,-0.1848668894436437,-0.003699630002157017,-0.17715693498725726,0.07910334230094863,-0.11078178056705805,-0.12161838739253474,-0.2885012802893404,-0.15192380760371094,-0.17027794015371886,-0.035105976180259756,-0.12325096924192165,
0.2700856801685766,-0.008055105349193133,0.08047672503125902,0.11911162281041579,0.1474541243801377,0.24226698878469938,0.2255769382242657,0.2710861676896041,0.26352714030864416,0.15410247529856888,0.22633309296243065,0.2775574677363846,
