# Pesos da Rede Treinada TxH=  0.1 TxOut=0.08
12,27,12
12,27
-0.11914400672386445,-0.3284226710261613,-0.29278252180301445,-0.5071814884264028,-0.22912292721371585,-0.5283514639373925,-0.21764350221076756,-0.7494648196660729,0.006222826889354113,-0.4141282315092991,-0.5973260546525231,0.29321071183487335,-0.5303104956250215,-0.04001871928192155,-0.7724219058693864,-0.3797833579889463,-0.3610251165815396,-0.225547853740176,-0.6091505501528367,-0.3230412464809128,-0.4524248301355477,-0.22579671154413103,-0.47331001301928716,-0.6621500134782252,-0.3268612999340252,-0.29069756964693855,-0.2685866345310823,
-0.08661863930185916,0.05422912784725463,0.020766479614562183,-0.4429480330114261,0.17618567434963597,-0.37127318105418705,-0.4286107247016086,-0.6480045368390641,-0.17048243109979458,0.0031613249688622214,-0.515171972856718,-1.1525247684524966,-0.2571536369587787,-0.17273444130101237,-0.6210256608648266,-0.2731288469734962,-0.18561650200734955,0.08610985765994453,-0.5378927246592192,-0.10289759099508299,-0.3038470609981868,-0.181520420747895,-0.8506691372773411,-0.33658065324336767,-0.446057890395914,0.07757901224284684,-0.17113518689103718,
-0.18128607936043203,0.20948674861431518,-0.14744245779875392,-0.5029432761348249,-0.16009032749252486,-0.47264810370448956,-0.3357498512289296,-0.5025947662386453,0.04911283059251731,-0.3380320168635459,-0.49402008195965375,-0.7085960430267685,-0.7273315180200505,-0.17086400052500134,-0.6710559818341639,-0.4645689362454343,-0.24160752391411766,-0.14796954082545405,-0.6718468802693001,-0.2096386211888584,-0.13556418092858552,-0.2222394680934932,-0.45223422985459966,-0.6918096421242692,-0.4901682241445175,-0.020709644327904887,-0.14259969377568063,
-0.35304016414673933,-0.009906825322321983,-0.1835545111794982,-0.3435870232599444,0.0527147506328331,-0.6166784733068307,-0.4130782237686799,-0.475128678337177,0.061409170193534195,-0.3245973570399208,-0.7383884165927916,-0.8536832196683221,-0.3080304841890966,-0.2506715093784929,-0.7201998266738577,-0.0926002319407485,-0.11659975156987912,0.049411277043407066,-0.409943929896539,-0.11053819917113704,0.06644316438598659,-0.38968435929738837,-0.4276209330401852,-0.29529127111912956,-0.5042576798781551,-0.2892690405722084,-0.4826336066781323,
-0.28805680480502965,-0.31168490186472725,0.017483193227465478,-0.6122540150439851,-0.10788449510482415,-0.4626441903078631,-0.149694163280713,-0.3628230972041775,-0.06187606599300524,-0.48689358574283736,-0.7443638521435652,-0.6531327574365346,-0.4077116305716715,-0.24882572955860643,-0.6582011079576885,-0.1955010236161857,-0.37622041987821514,-0.23483191924629035,-0.3354542814947013,-0.16935300813937115,-0.24906523675177653,-0.4918000281391144,-0.5132694262893023,-0.5371981935310641,-0.3296637549294646,-0.3016606895887189,-0.29479695654475635,
-0.4031742195015934,-0.14827112755842978,-0.5027101848892166,-0.4567960505926506,-0.2573622377995849,-0.4716215253641211,-0.12110339071986521,-0.5666631757266859,-0.47476295389113915,-0.5462586512709636,-0.3989825676695401,0.2718564883098052,-0.4747652869650967,-0.3044325830624722,-0.7517714238437636,-0.4463376876256722,-0.3856158340327826,-0.42204051530076525,-0.4463952623640025,-0.22401186988535474,-0.36773553573414414,-0.10607985259238094,-0.7054576915710279,-0.5760109398064903,-0.4296670215480882,-0.46261243019642706,-0.5175791629952475,
-0.23494170006764267,-0.5117012759123403,-0.22561525394189552,-0.8364083880701093,-0.5370582235793108,-0.5214388501410525,-0.5786013243703405,-0.7249509755590028,-0.5336109851280898,-0.36294619791494315,-0.5255342582017295,0.6017777896980745,-0.5776614692806781,0.011288249980701118,-0.5634891851637168,-0.4144640208911296,-0.16040258186834894,-0.0850182661576117,-0.42535998551427595,-0.4429919840949269,-0.1286177921211647,-0.5178045666867648,-0.6815964089546406,-0.5038354954154243,-0.3522405440663838,-0.2206197711165886,-0.2136799953548753,
-0.5197369328384521,-0.05186511552323867,-0.09579683858371547,-0.5956027190841019,-0.19010067841690215,-0.30388482748272,-0.52276371601363,-0.6397639783899273,-0.3030981785412283,-0.32803330772972655,-0.716567472392295,0.6025631410732037,-0.4479177711506172,-0.31715019266457356,-0.8038455281560989,-0.48549431220149336,-0.06612673820632481,-0.0952043667355541,-0.5993569026132676,-0.29584743502884164,-0.02526376215488858,-0.41540181542778876,-0.3845917663597066,-0.613221327186187,-0.3479085347446307,-0.2785915802088251,-0.6566936513727252,
-0.40756406216525826,-0.46431057723307406,-0.5091376671713533,-0.8693105202653384,-0.5769802698515657,-0.3590934098282738,-0.3272066075562739,-0.37285203695342384,-0.18288248794574125,-0.3051329475985285,-0.4121912294554227,1.1066875221167876,-0.3497668121765153,-0.3953971511918993,-0.5713240484101809,-0.474232832499904,-0.2298678965957059,-0.4286820718265597,-0.4339516334470672,-0.39692777699698867,-0.4762222276480361,-0.5825945615887609,-0.2876812692230833,-0.3986010978675071,-0.494084763375619,-0.4412753557691657,-0.49850480629422195,
-0.2840595741557044,-0.32703692002337703,-0.43460896647604746,-0.584143464173787,-0.2748876161925233,-0.5458143281339443,-0.4531931084813146,-0.5585445013763557,-0.23804605255339037,-0.22784020294132032,-0.5416615526239881,0.9544174439421309,-0.7809194141202362,-0.36491081221538646,-0.5057933135575332,-0.5528942885984758,-0.3658614397784396,-0.3437926186854582,-0.6126401472813158,-0.12556399287740508,-0.2777008373410444,-0.20952977104868528,-0.40714883113421996,-0.5778704213781383,-0.6018486584946648,-0.2561098813011274,-0.3893069025874025,
-0.5989986838740281,-0.4050873139902678,-0.10888060691823655,-0.44276388689824425,-0.33858135551097596,-0.39549343151530936,-0.513584855394607,-0.48870540249190936,-0.4097427548039465,-0.359474705466785,-0.659323081708467,0.9090449147623172,-0.6771523653325309,-0.23446408098359703,-0.48485947283687647,-0.33424825781337236,-0.411849242203674,-0.5067923083693419,-0.5932134891318831,-0.5719131773307202,-0.33340338145927606,-0.1759032797295887,-0.21046194591270204,-0.7371556721274345,-0.2939397385099616,-0.5387267866495654,-0.3353840744351488,
-0.6475287895434909,-0.3369538545855529,-0.2701380575923388,-0.4816913837045583,-0.19152652431566686,-0.23759072663536646,-0.3975151059219151,-0.622115236088674,-0.4675143245808433,-0.2488883965543725,-0.38570019750827644,0.28568955709025434,-0.6967963452105714,-0.44894108156121704,-0.58455216566395,-0.6934221274253305,-0.1426412394514407,-0.3923262562833755,-0.3726062487125938,-0.07618494548182168,-0.22890834406496816,-0.42999128646353846,-0.29763774241761637,-0.42850906009088324,-0.4848700406115741,-0.15401548227623926,-0.5416792410951712,
27,12
-0.1634767778549253,0.14283964875519822,-0.06347117660107132,0.10698955601317159,-0.23972752483932463,-0.15726586188433198,-0.2569352106451743,0.15092923706890965,-0.23467179291766946,-0.045830729316619696,0.1412140991003948,0.11681963480976218,
-0.3751416292330293,0.009220428585732555,-0.27987757344062303,-0.2955723244474079,-0.07725375977375333,-9.473331153467385E-4,-0.49148464428407196,-0.04343330608244,-0.06091258517262537,-0.41197675516297655,-0.4567614853900377,-0.4424797065066473,
-0.044213258264102225,-0.2848913096036936,-0.13400269361018918,-0.36060317425231825,-0.11342388073004264,-0.409575257609044,-0.2467562672657797,-0.2584794014213454,-0.2514941903129719,-0.2356295601292447,-0.41271323877060884,-0.008107170310937903,
-0.02513799554074624,0.22964816661482573,0.04980536508119941,0.28640351320497887,0.18845769267685267,0.2224578828893918,0.19804146952197638,0.029118767315336164,0.20972570593470197,0.1268009837257461,0.13588644635659936,0.3981335277312976,
-0.39256560735966534,-0.22526632725743959,-0.3209973038977161,8.662831518757217E-4,-0.09965612533891664,0.05117217300353401,-0.32298290796371837,-0.28487603256304106,-0.3688061028537538,-0.21806713330187547,-0.30872727830173824,-0.18114124867724724,
-0.008184784310306583,0.03414359635585631,0.28002920522460417,0.17389415695072208,-0.049621043721532164,-0.09569301317386243,0.24605106179166802,-0.018300174557531627,0.154041992901031,0.2218354546695414,-0.12455606534241812,-0.15982068461263285,
-0.07352908543030812,-0.10028711513129816,-0.01260576880304261,0.11973268893577328,0.18000986765589985,-0.22909601012935302,-0.1294178995044588,0.2233013693871942,0.039656363211587595,-0.2500990357401679,0.06933832338878763,-0.058667729999772496,
0.2795340321708057,-5.667164499736533E-4,0.0482348335362166,0.07524479088474442,0.20510840081792817,0.2958310454512026,0.2588985949502695,-0.02731038563660985,0.16252616024235741,0.347276577123544,0.19902291401451538,0.13838009004397306,
-0.3110518687182469,-0.013967184150647498,0.08050155350157019,-0.33469582838919554,-0.18064964722920937,-0.21999428249482564,0.005501111566241359,-0.35595699337952996,-0.3842780022614482,-0.3272805561507715,-0.4474702771759396,-0.0025149379815826087,
0.12987566217994354,0.08053915209171106,-0.22474020264785105,-0.0036807975261924373,-0.2111133005326617,-0.005709947483660186,-0.03415949222989774,0.19722779230280532,-0.28330730397032483,-0.0609947966773475,-0.1909470982787776,-0.08678392286733191,
0.2472730946124634,0.11755893566940334,0.18660226311974176,0.005685959827450914,0.23484749972332095,-0.04523580875039987,0.1426053702838189,0.02618138677571525,0.35815467165892034,0.1791494255833646,0.36210915763276785,0.26772210275433744,
1.1815755272179729,0.9921759579882344,1.108274638358231,1.1294841153756474,1.1053361518988403,1.1345700660819262,1.1876264456765364,1.2507394361125435,1.2083907677804355,1.3177248849923535,1.2846564714495736,1.1982956727813399,
0.08407831244041429,0.2009467814360341,0.046927241549909245,0.11864892801612466,0.12325828325813878,0.3183522681837523,0.2576242777958413,-0.006877976804413549,0.06153414791734026,0.0974850784489108,0.16984473251033258,0.060937187062278304,
-0.24042668219719737,0.11424919999186618,-0.3311601118789676,-0.21541338582381345,-0.24542015326612282,-0.2829743291381914,-0.023798989744019044,-0.287405035067214,-0.09561806653169956,-0.13191551280136035,-0.21317944988574605,-0.15454263610118416,
0.2795369938608408,0.19226579225761,0.25588284586213883,0.49220827925952776,0.02785513534065706,0.16483481033836947,0.5746681094270871,0.19863794257651396,0.4381317415297457,0.5348531265613664,0.21710165230534026,0.3934793464832449,
0.12162209839181463,-0.13837174697985397,0.08218179726967884,0.13933030275360656,-0.08664961147265393,0.2016856834466492,-0.18717739467410643,-0.05154538502237913,0.20183518480414953,0.10028259881912586,-0.16800239680813897,-0.11445783174435117,
0.13582207502435772,-0.2436241655709708,-0.13135317987083833,-0.3289042395787045,-0.3142316564262348,-0.15353988134187277,-0.1125258751142128,-0.2575287913418719,0.004492296407196565,-0.32172077041622704,-0.19699267491789396,-0.09970828858674917,
-0.45131433180447567,-0.3744478288113137,-0.36651409132343565,-0.13968082222571154,-0.0718649497854615,-0.017273323289800295,-0.18071320668439653,-0.27726801328558204,-0.12986433580139226,-0.19755129059293733,-0.02880574249320127,-0.3399803272368105,
0.13413653364556402,0.11981754061637209,0.04150376816878493,-0.17533541921106507,0.18288964457890727,0.012427453718008765,0.14759729658112034,0.42265091719801207,-0.025367950888226333,-0.02577041124160281,0.28080231630732516,0.09890875088131133,
-0.08851780164456997,-0.23548320308248097,-0.21944449146213665,-0.055350378099954564,-0.11188412122133623,-0.19875527459224496,-0.280398052445634,-0.3405799040567792,-0.025410277259846313,0.0010834800164505683,0.060883588179423416,-0.3862409781031626,
-0.02618935118578354,-0.19354498684487628,-0.11153910523015632,-0.32490491137048527,-0.13565345524550218,-0.3750163575954677,-0.06252393160854162,-0.19075173166374226,-0.3446746548497423,-0.33206934421749656,-0.21049534489071992,0.05392860823542938,
-0.07614461695942133,0.10728837875030445,0.12823008003585676,0.0437298213783295,0.16823028789234665,-0.26725226519814527,0.08902230769487968,-0.20872906429091098,-0.25611618228124855,-0.10338169775574753,-0.042765914860053836,-0.13547109875977656,
0.10031965261341226,-0.08894861649805155,0.10656296685394002,-0.09231552324861618,0.21443139018939877,0.2860101167624127,-0.07431961287916183,0.10186901161146537,-0.024652793997993683,0.21835559288440595,0.23318108517280867,0.07545524192649751,
0.12845337188548303,0.061108462592946215,0.1235026338243145,0.14297040578639608,0.11416673897035132,0.37765630957785395,0.048965325293862785,0.32296033508645283,0.03233926608285623,0.09125896102174147,0.09352182168432659,0.10998192800198302,
0.2717014310968231,-0.0053361561441335045,-0.10018718172025987,-0.16031159677785586,-0.13704081813675728,-0.03442697589086858,-0.15819296200009453,0.06589865475950799,0.07927876988211123,0.039341380963082546,0.19644855633091637,0.20112307879989139,
-0.2282122707032533,-0.26765625642635876,0.11841240907929305,-0.018282749348622722,-0.17853015476966697,-0.06796215274326932,-0.10872307240125662,-0.22938615540952909,-0.1505135134929993,-0.1760141554247783,-0.05058111300941019,-0.19894691020265584,
-0.19831591152297706,0.027863611430146523,-0.05812676031627893,0.06480425324309401,-0.22097956580961325,-0.05602459273543623,0.029283277720516292,0.22060093964173888,0.1717190159218966,0.15287274052591499,-0.07235783806557808,-0.25290010144961833,
