# Pesos da Rede Treinada TxH=  0.8999999999999999 TxOut=0.09999999999999999
12,13,12
12,13
-0.7845174682656686,-1.085148473861773,-1.100892195125986,-0.9699033840064556,-1.289864371189451,-1.2002752326122894,1.6750066620811472,-1.5648138363753972,-1.442935095073324,-1.2363579987461082,1.6248545097406737,-0.6096381776971843,-0.9237024875529425,
-0.34323145138856836,-0.6343299962252943,-0.15641787646483982,-0.19521628311336375,-0.19563739012901518,-0.3985558740018735,0.27737922543071525,-0.5766369837781452,-0.410310617678562,-0.7142114746878784,0.017072112432569488,-0.2331243888611682,-0.18616656058365227,
-0.026656349695691965,-0.5450666703879781,0.027891073874483932,0.012620083076905549,0.14457674291601716,-0.039921339616398877,0.09844059909067235,-0.35838436502502863,-0.17289614135158776,-0.602304789043671,-0.49528807648161094,0.06623591832073661,0.1680643669332495,
-1.0378459327611524,-1.0452522586215338,-0.6046685559089505,-0.8288829335154286,-0.8278326640157757,-1.0077965146852352,1.748900680589352,-1.5146290905083413,-1.216332960577192,-1.5647903185991003,1.1889763563114877,-0.8193584065983823,-0.7068985235721645,
-0.8539542293549681,-1.273002401995291,-0.9272517021890981,-0.9899820098307761,-1.452959731421933,-1.3409260244674834,2.0428289009479625,-1.8162122513701089,-1.6447331988546152,-1.3781609700641855,1.4966413187818297,-0.8866653025792771,-1.0088277897878823,
-0.7438021218689563,-0.46334101524828036,-0.7198130025302574,-0.4466613062139768,-0.7625219609563391,-0.5440474950814445,0.22332347166976296,-0.7304808631553139,-0.4639723150441987,-0.42309879539162115,0.07002062326817735,-0.37121658854268763,-0.6384659509899067,
-0.8601356733965375,-0.7676104079833351,-0.740619162603636,-1.0943639860373438,-1.0806678375066405,-0.9647169112496086,1.2129699324416887,-0.8350402895401132,-0.9656643726397844,-1.0469469931074964,0.7533291300228759,-1.0701306079517106,-0.6953688362567858,
-0.3139809627142366,0.10942634074067022,-0.0036974913141129793,-0.09465585156831427,0.2130904090771888,0.30467223546815425,-0.8706043543704745,0.291823042326777,0.07223745971317432,0.23453529318191743,-0.8010915080994506,-0.3298938628979635,-0.19347329677091296,
-0.21873008445472664,0.14507188914475605,-0.3070755340688339,-0.009634692999808948,0.03954932268602722,-0.015140514346611848,-0.7417508978333793,0.5639479987342907,0.07556269883452861,0.28087144849970636,-0.703263713788455,-0.27633660608767757,-0.33154800562965964,
-0.09539561544352783,0.0709313724306887,-0.09949890272519651,-0.3352105282167603,0.07086668305487015,-0.01972254447002232,-0.5179787368482198,-0.07489514439526089,0.002646892146917941,0.15268028988981802,-0.4699796432559457,-0.33752223720424607,-0.42968805997686393,
-0.23409767596740944,-0.46395308377247524,-0.5733887607654843,-0.353717171259147,-0.290099276043825,-0.33714791841283964,0.05318577819746322,0.19356409903209382,0.03906251699041107,0.10853001513279786,-0.0573809192469634,-0.3186058897478425,-0.35757232004631134,
-0.16452805926771882,-0.08676869255017564,-0.3641512310365306,-0.23487385232340188,-0.2560321533438767,-0.23736187477107643,-0.29848113908916757,0.2348569316666605,0.05211091737967207,-9.746245876385735E-4,-0.19179666435090062,-0.40408554358639454,-0.1950680398548248,
13,12
-0.18456915176944896,-0.1317018449787047,-0.37601515707048555,-0.15651310396760423,-0.23366724835249528,-0.1884133254845886,-0.31820804107599926,-0.18596227597912393,-0.19985868264298243,-0.3744491545489923,-0.35203647221611556,-0.3484617525594438,
-0.2649089120325453,-0.4191761137985539,-0.5788973554238348,-0.3222578346005214,-0.43796534762011763,-0.26057767222570216,-0.49880223671370927,-0.4486143992910936,-0.3272806502009551,-0.18514647914870963,-0.2835986167326613,-0.3321478163302388,
-0.15714472220795989,-0.09951029722139168,-0.24688205603665936,-0.09805663308236404,-0.31095608183619855,-0.4446114765999185,-0.13223527606457958,-0.1771345266033472,-0.26430862421870094,-0.37262554771313494,-0.15701170384471502,-0.4401276374206,
-0.004056587460142452,-0.12398666770739296,-0.30659697819944426,2.63187350757003E-4,-0.12429479773201502,-0.23072256859840998,-0.2882967879832769,-0.24941901853577067,-0.38697256329199775,-0.17399226262655473,-0.4146943692529642,-0.4579954531983923,
-0.2763025488905278,-0.05082031146073645,-0.03365454533547403,-0.2628150070956805,-0.19221042361766807,-0.09600299948733547,-0.32811132665708465,-0.36308702261603404,-0.4618576669280101,-0.3869453792909213,-0.3120561417717977,-0.39186154552915986,
-0.3669129927113098,-0.3013173323490076,0.0590641249176735,-0.16081946035777736,-0.4041929166574891,-0.41279417039695504,-0.3686946482793977,-0.2730129359661614,-0.502489636535785,-0.24777851594875122,-0.34935497866863074,-0.17779036203366363,
0.7117132898218368,0.6024403489989264,0.7387312703930753,0.6415374798885585,0.7287099289446634,0.6519956827934794,0.6943173560614828,0.6693202513390084,0.6612897600716436,0.6630853994272633,0.6583049261556656,0.6475043686394755,
-0.3810418797214685,-0.38920837227587834,-0.35524500205478543,-0.48266200885502,-0.4427713968542323,-0.4676158424801034,-0.3543842641708501,-0.2037163891901846,-0.4750181479724163,-0.6001259778329145,-0.41814987315067553,-0.2246614813072351,
-0.5794603483411221,-0.32371962942433186,-0.424970340126462,-0.5855904124462538,-0.4385928168568184,-0.34682648267494665,-0.22343620657067026,-0.3790204786220706,-0.38431042564988693,-0.24531912303326975,-0.36755997141410257,-0.4298204560749203,
-0.4438676681125738,-0.5110862788470558,-0.3717799948522722,-0.4987841746644164,-0.4432748244195833,-0.3777473236076101,-0.3526088608007438,-0.3493343983238907,-0.1518788068436733,-0.463873880327852,-0.37006102049117523,-0.4419978658333438,
0.055120331445666804,0.11341632033946504,-0.0015775366928775045,0.14215227654356777,0.07063433186377024,0.16195301119077493,0.12014042659266605,0.2175449584868447,0.20158443369303924,0.25553279247679,0.22924390317046922,0.2637683303628945,
-0.4995687017104026,-0.21907605030678123,-0.06895633312996735,-0.3682971657839725,-0.21863874120472995,-0.19790628178557162,-0.3199106861984351,-0.4249240158009537,-0.11528364725954252,-0.27116334097833233,-0.0997789067723797,-0.2537670954176206,
-0.08166737308710093,-0.31232062735477384,-0.2341257032200536,-0.22115099414400147,0.005455906294858114,-0.2155881596491942,-0.1324314404773573,-0.44807500602884576,-0.2032568389886277,-0.37980963889262465,-0.44369424435313604,-0.05124801204712798,
