# Pesos da Rede Treinada TxH=  0.30000000000000004 TxOut=0.060000000000000005
12,28,12
12,28
-0.43823511002732984,-0.33435883377155146,-0.3418269302720506,-0.3709198620876444,-0.45460589112310074,-0.5057414661767374,-0.5126988463071325,-0.27270419060879164,-0.565320681755547,-0.5132882216894349,-0.23878032151957043,0.4799840640227359,-0.2910277769595541,-0.3163471567502932,-0.27827465635515575,-0.6160313396352706,0.5751054149471561,-0.38270192867809205,-0.36293494872765003,-0.2032015265276079,-0.0726976800369423,-0.3422832396563688,-0.38753846726975394,-0.48116189376735125,-0.33049400328283485,-0.3119265779801374,-0.3662025702993017,-0.3088451102587275,
0.22513727309429524,0.43064871007749167,0.720944918162936,0.4615087706587364,0.5313726050268386,0.3354003308509137,0.04949717717214856,-0.046791653124211775,0.09824887064309971,0.21213041232367535,0.20610762717355033,-2.657667878075269,0.6140160757034361,0.4675643330064924,-1.0739256096676109,0.6042646936981813,-1.5355887130546444,0.3004366739094671,0.6485363482773306,0.7781836275609144,0.26655252420914566,0.20831617547508585,0.2029626883454649,0.1389448827531371,0.5534911127766727,0.6440657292121135,0.7848228469397193,0.24824620342188664,
0.37491626056943556,0.4217547373455557,0.7144715823069412,0.49317834630298374,0.6489979965114359,0.2138166038418997,-0.006075970718446074,-0.43154105202444776,0.027775753767906797,0.4840557056701847,0.47963744967221333,-2.7029954682789272,0.6548381367845453,0.6267185152647602,-1.4851259576294504,0.33264542437236255,-1.529832472893507,0.7394287542624078,0.5315904385550907,0.7008473380848442,0.36997283723749835,0.46118674981888197,0.0935891446464525,0.5273704324422052,0.45269000556024835,0.300126895388818,0.7027638108062173,0.05417380892119938,
0.08288493389088021,0.14382090960744265,0.26541668143196817,0.3006219320114016,0.032388493900057574,-0.07686687739438679,0.11332198930678762,-0.490570823830806,-0.3361025283056769,0.1412947686547166,0.1928395508356369,-1.5309744179136893,0.5371567426691642,0.18933786912897832,-1.1613603956536442,-0.04256792830187322,-1.3431834026872942,0.016404988404068094,0.3803328642457407,0.04378878272632304,0.10966682143623412,0.33024316716946517,-0.19289190498841116,0.23587138488190554,0.3292717816265574,0.41075690221780975,0.061212141998626,-0.1967301156739055,
-0.08503510346142627,-0.12216012169660594,-0.21838466852704067,0.0671822587466725,-0.20523655810880317,-0.16873663864305305,0.0673896638325029,-0.2936695166862325,-0.06729198916309725,0.02099273651676983,-0.25181480157109676,-1.0949076106194076,0.09060553452418002,0.23064324846018994,-0.874320639060279,-0.02868486593587121,-0.3339767879471724,0.05261878115876439,-0.11666763267205692,-0.12329511339892991,-0.1952697497758974,0.14152359514074017,0.13701112603583962,-0.22539928847494456,0.016194659068137145,0.07874188545074558,-0.009570943598798294,-0.03667231429285308,
-0.6717162081162108,-0.5979380987343432,-0.4859250460254163,-0.3187961183904842,-0.46227430779502976,-0.5717808834219281,-0.4992441986587182,-0.3990816927098956,-0.23973893265414664,-0.40469587405456325,-0.27168811840206747,1.16799130712622,-0.32766466004288275,-0.6203338630963794,-0.24623482386826817,-0.44183916638948323,0.41988548143126375,-0.4156563100861609,-0.6221175926784578,-0.6990646434264755,-0.6170907376571607,-0.38826594326438363,-0.48755378353644085,-0.493841311600985,-0.665713842336888,-0.6916172031500709,-0.3634118343890594,-0.4643467593960666,
-0.45347458162593174,-0.6232456981429599,-0.5853338684475425,-0.5095581627639311,-0.6608051133873074,-0.29895932288247234,-0.284912345518671,-0.6287054601835848,-0.6314398165000096,-0.4430694716468525,-0.620351989933866,2.022777199858434,-0.5818123604403102,-0.9042818603623116,-0.02844845115865921,-0.5045685262347513,0.8927408855792794,-0.7295862900246722,-0.7521328970694012,-0.6635212779419616,-0.5344326899639243,-0.9401097207330339,-0.4407310850083395,-0.34497085816500284,-0.8164254077615182,-0.7208455711465934,-0.9036999535302052,-0.3544265842894243,
-0.01791137424266061,-0.3292702254489578,-0.38022408572359967,-0.42478427478910635,-0.09249910732900106,-0.17394020973632981,-0.11367524990105676,-0.2424805621607249,-0.5342233637063956,-0.3598113570459803,-0.33438083131504126,0.13144158919100493,-0.2020713689459241,-0.20213151287209188,-1.1136119123627861,-0.25163212487514885,0.06341910020659546,-0.35916154984696536,-0.010965227919784102,-0.03475062267901727,-0.01490890906079257,-0.1514367294160844,-0.3906905241409195,-0.06039787908748348,-0.0953955620426342,-0.11140371797118263,-0.20392901430375743,-0.08764516758653294,
-0.41466917973901235,-0.7158562913976436,-0.43345261652791167,-0.6595892837255083,-0.7205003438069829,-0.44187807336195944,-0.46859669692763045,-0.3166986697873309,-0.48619500707884983,-0.4765445052846718,-0.8424726035250472,1.6490951439361716,-0.989516953150339,-0.5891245330084999,-0.42422221812805033,-0.8166337230467873,0.8739699122325791,-0.688756923622731,-0.687880991279114,-0.8258102464575938,-0.6812468135165455,-0.6436689279745886,-0.5797633672905451,-0.541668342667788,-0.8056339345510306,-0.49660187170267406,-0.6789813091809958,-0.6086656259371612,
-0.7729727357582091,-0.5439473702996244,-0.7144783930468712,-0.5767448396783312,-0.6376487660012247,-0.5600820880218894,-0.6199085088777736,-0.6775041555890734,-0.35335254729938365,-0.6274406817717899,-0.451218555785897,1.894796765184924,-0.9380389471548841,-0.6225746570432588,-0.7796997376617518,-0.47790581811764765,1.1506891400983446,-0.6659114488238157,-0.6000643495651634,-0.9034273093536663,-0.7352304694885218,-0.5824506037756026,-0.46310648350894185,-0.6769786247373021,-0.41083426956508273,-0.8161521437271025,-0.6550903210409247,-0.7342386481558056,
-0.4331372757821191,-0.5483062780192127,-0.8457182879055752,-0.7929574770727623,-0.5608512017006969,-0.5889612009888093,-0.6078435137158448,-0.4368237476285298,-0.3908415008942608,-0.7506381305269219,-0.5276470024784919,2.0851896374035555,-0.8350732995940219,-0.6017310456145197,-0.4208942384669865,-0.4083426253499584,1.1011432036215338,-0.7284401792983335,-0.6972883529523106,-0.5644262660607242,-0.7310609186556785,-0.6865409842021941,-0.49793278649799977,-0.6229566361794222,-0.6387245808490307,-0.6261725872023112,-0.5744293109580948,-0.7015801693817898,
-0.5476463216914882,-0.23606462859787672,-0.619151234612359,-0.7545605363359098,-0.5387641782629439,-0.32391557047223357,-0.511447487685278,-0.71218908824209,-0.2477649941996359,-0.4439981228087411,-0.5938386065440406,1.6672792984263411,-0.5655320320963957,-0.6125569381246141,-0.37962257788261833,-0.4419866970707745,0.45690561899062315,-0.24038765734034417,-0.5997406779536828,-0.4335303100684999,-0.310203551039596,-0.407420567831103,-0.4786493210806643,-0.6421016912990414,-0.6246059942128589,-0.560791818963827,-0.6359419398690742,-0.37126577944116734,
28,12
-0.13359934060089726,-0.11653402852679659,-0.1621796666706956,0.1763874447149021,-0.2642860410548743,0.16349410869868933,-0.0758973844268412,0.03843967390280092,0.12725369846347256,-0.13447202370350647,-0.10720261729863159,-0.30484105726095084,
-0.2839211301739658,0.03565985393249065,-0.2736075419610676,0.08489028263056694,0.04722994272083883,-0.22297424890577972,-0.14495387416012503,0.024446998524095258,-0.03411325735140133,0.09562076912774956,0.08248995476460266,-0.2829148353911609,
-0.01389238690071381,-0.2537802031791515,0.04553187967701267,-0.2567027000890459,-0.15082130083894546,-0.024910858659672293,-0.009721855162682957,-0.30827936206044015,-0.1772934795690121,-0.16870264914679728,0.0386980304070272,0.12424745064215145,
-0.16040496054151124,-0.11250364721501427,0.1726619854268474,0.06715560029508584,0.028498371083929136,-0.06678543332909741,0.04120348861893723,-0.24850122155484672,-0.2402452215933175,0.04644399490918,-0.14803236257023886,-0.2039404826148093,
0.07206481784558261,0.2593054578665305,0.1796976217886447,-0.16836679144956165,0.03587779050342982,-0.039880736844530744,-0.048553722487363775,-0.311019873283074,-0.2321648640403034,-0.31118256487687546,-0.2165878878212975,0.09799008858848422,
-0.2369899433913455,-0.1621520042226794,0.08545460723121957,-0.23213834255690294,-0.2043983525092342,-0.22400799014726785,0.10346651544212869,0.10774475965420788,0.043065810249353985,-0.07020222927463968,-0.013326352317809407,-0.017843848865825383,
-0.056707886939247554,-0.022455094884831116,-0.0730035609014928,-0.22671031849291381,-0.279491851438766,0.09924485181264961,0.05498697408677685,-0.09771642469876005,0.01447989179609156,-0.18640965756176497,0.13304062642444484,-0.021662404746791836,
-0.21777208482324867,-0.05546721354362656,-0.27500707990111894,-0.08062383980601043,0.003449415462584005,-0.09465551746019149,0.2387865439785902,0.01253687401320129,0.3109056369411818,0.13721890959112484,0.1452921306702017,0.17809099493878508,
0.06312239011567955,-0.0585965697249843,-0.19493199934343303,-0.1108753783980116,-0.28963623679586437,0.0017870616806339558,-0.18813692356059736,-0.09888788489867653,-0.06686831183430393,0.23528449193184875,0.16122670881348647,0.061337653116155307,
-0.03321718726229571,-0.04596841769137294,0.011186244385331272,-0.11550786533727897,-0.07961826484909595,-0.21043215347439806,0.0243456819635628,-0.04775770476535357,-0.22820558424777482,-0.011174103823965892,-0.11682412805360701,0.04944849511090349,
0.07595183061770823,-0.16965066127993597,0.14276459720563905,0.2279315835873036,-0.12524129025038824,-0.015538073859168623,-0.09075140597853068,0.22306494327090823,-0.23746510677919735,-0.29580101687854615,-0.1580715896170645,-0.1569303650943881,
0.7720370786022844,0.6669006905550956,0.681905967893654,0.6786290431714874,0.7237321139617482,0.7487441024227313,0.7523936515680404,0.741141120784624,0.7726621301488318,0.7016047025946655,0.7482247125006634,0.7360490498635963,
-0.18771537934503785,-0.12664006795282737,0.015223028446059678,0.24255930098400047,0.10602851527405298,-0.30335869398615234,-0.17387939792153015,-0.21201976198017916,-0.11822755008675437,-0.13052524243053615,-0.13862632334491612,0.03898681320141076,
0.113003746936154,-0.10256330546793604,-0.09578121358077588,-0.29253239375975526,-0.14775437314688544,-0.24670980823329441,0.07406728606251611,-0.2789464069882934,0.07820631186022262,0.107270347570233,-0.2636288851443045,-0.0880523369805234,
0.8908941674756036,0.48622072095628727,0.5981578694595986,0.49379357022849296,0.6114166263637514,0.8602937265817285,0.8119678506155031,0.8892684589696354,1.0477812583238102,0.9696221218396811,0.9724406272027114,0.8944798672097968,
-0.1335330557604312,0.15123584445265284,0.03752859947776316,-0.1535125232456848,-0.07663658887204909,-0.2634909466746698,-0.08854245214545323,-0.17491678165656907,-0.21721330184831691,0.10557021318769907,-0.14314696521464432,0.13125338177202336,
0.18075516886134227,0.15209797054764543,0.21280411322863918,0.19358749318967286,0.22091633439218003,0.21016681654702288,0.2708200600142113,0.3092054770953471,0.27171331638707935,0.4167600351508551,0.3191279545679095,0.32280059342535605,
0.09163850035523302,-0.07672452796770442,-0.06053686048502584,0.14633903308030194,-0.015175984804614724,-0.019816618264393338,-0.2307845569884808,-0.15555884621988691,0.09489541481657703,-0.3568194004414666,-0.24039428028211665,0.06782124518072256,
-0.09014823932128074,0.05247345250285951,-0.25741927010241106,-0.26091206676994877,0.20627832087636286,0.027261620188473765,-0.20475540199071648,-0.10533027568408479,-0.018845678202327097,-0.12863093108324972,-0.20112010889795495,-0.05550593612540104,
-0.10519862494397667,0.09916603208873019,0.10599160289156798,0.056723853572072304,-0.1392122096433963,0.12957159295902004,-0.06930753872579279,-0.20853815413588325,-0.21924459283432485,-0.11247062104721674,-0.22043687987896649,-0.2131863081304684,
-0.2992491521668823,-0.2557086657420865,0.06303782198947426,0.0982486499814056,0.13647755415149385,0.11195143795972981,-0.2879767174984908,0.07968855116315417,0.07824827043852624,-0.22468849096780372,0.033049228799307065,-0.2919182040670846,
-0.23615176978575042,0.009677557038343665,-0.1773637483545632,-0.09397218951144444,-0.1487916261613136,-0.19783648742440543,0.028007476623855207,0.024860904399822362,-0.17609771560253215,-0.17851859425658542,0.14608699312965445,0.02778501065501294,
0.09699165493933748,0.0016065212209668061,-0.17717543983236372,-0.1887178964896938,-0.06407392779533931,0.1850711137508941,0.060104020807336025,0.10374236504928878,-0.10616395505536211,-0.1861660408785243,0.0025423147789296217,-0.2754025407783635,
0.09364782576807902,-0.018825532664352097,-0.1425243699082075,-0.22631737346765088,-0.08316794800690445,0.12171867450293372,-0.11178633966253541,0.10219442946745279,-0.19394011565036082,0.05419361907436863,-0.1815631945364806,-0.23537130026879963,
-0.1312176811310933,-0.10400761601049266,-0.05635659282324073,0.13474454486602658,0.04577674672721321,0.12039762065191013,-0.21163365062803038,-0.2110723703537589,-0.1900109564562935,0.09188471757161372,-0.2904635309088854,-0.11050143375176881,
-0.040199755056161024,-0.12183635166601799,-0.22964089249272424,0.11879351315134473,-0.12814551308500083,-0.14701751101273866,-0.21327790344714306,0.15756144816144801,-0.035362770665211214,-0.1071870526089384,0.0036181081176487823,-0.27106343453266935,
-0.03165867874106997,-0.20735145788206488,-0.1286225000637565,-0.22726466834452225,-0.06517046060665697,-0.2356389774438644,-0.22466117357942791,-0.15782648801733123,0.082470453704813,-0.13009023307458575,0.08424255749719281,0.010659587799039267,
0.05367242051308659,0.08553524187424714,-0.05051555363174958,-0.12055379174060625,0.11687140439864654,-0.29595214137453674,0.08891775066679239,-0.00512784728461086,-0.12026866823173907,0.013749824094294563,-0.18779040955762127,0.023602132613622793,
