# Pesos da Rede Treinada TxH=  0.1 TxOut=0.02
12,21,12
12,21
0.03869964821881622,0.003396004946978219,-0.25325662267417026,-0.11756786555349247,-0.06453624864549781,0.03041019933032756,-0.2857892979854346,0.2909105346567558,-0.1605254045845839,0.038148934047782516,-0.2702079851784255,-0.09446877221615571,-0.031817425607947036,0.2498168420229353,0.3116927725698149,0.06145421582668696,-0.07205411264136936,-0.3422520163764619,-0.40764240551743847,0.041471551385993795,-0.041552680471401635,
0.17501454236270442,0.0696708345132601,-0.16915672205047655,-0.13621718892506587,-0.24589635195873805,-0.102209463245852,-0.05070568582278099,-0.15527347215288964,-0.034036726856734284,-0.004193754500072176,-0.06124372834294268,-0.10916078937132206,0.2613821675359908,-0.11809954245897249,-0.3106179257057855,-0.47767992837039847,-0.1593931529932924,-0.09870896669667041,-0.09515425565730827,-0.15843987933517867,0.2697586060093497,
-0.01704397536535387,0.05061557925572393,-0.16484690500108595,-0.31395867917588094,-0.11354031401732924,-0.00512052157665646,-0.23516474781749777,-0.06860475745841277,-0.3638322973034855,-0.17112057618914656,0.010574937031069138,-0.11007799928883895,-0.25617476043966847,-0.03254474902109299,-0.10587061917444837,-0.2594874958514465,-0.024615896766647608,-0.19892304372033107,0.04484915277329345,-0.024873158481381996,-0.0973879173336878,
-0.03164758121763853,-0.05035814106031547,-0.40232271253549895,-0.17846628685621926,-0.10408351428841553,-0.3571254430149534,0.21529216900098136,-0.34980282852587014,-0.41452101262690116,0.3037788006303161,0.0731313308223647,-0.3438340505391684,-0.15874408199039278,-0.374015637508315,-0.37168238532310394,-0.17031924844705754,-0.08415307395937895,-0.0772935516252449,-0.02425293039349668,-0.16375984069945243,0.14779660112714868,
-0.11712199854402856,-0.23618257668845166,-0.1834352742183022,-0.2724681928342179,-0.3067183562718333,-0.11065439906422186,0.007077668576785348,-0.009912179805983056,-0.4238007867659754,0.3170214919703558,0.02350940893144798,-0.15153412869203148,-0.1129097032757826,-0.2071989487683754,0.07398522638139113,-0.12280778209754137,-0.004830049473998833,-0.3655123481531352,-0.10200100783177801,-0.18741334668758475,-0.09199675688589602,
-0.16784681834632292,-0.22637210454495638,-0.47049436159185126,-0.2194725529991833,0.044925999588560084,-0.15979721882643838,-0.22125312070295267,0.10621821631853594,-0.2244439957580446,0.11730951714274586,-0.1787244727827293,-0.05106033645552124,-0.17126228350679384,0.05633854914986265,0.3578467532113837,0.00537785923469966,-0.03373912501512009,-0.27316612501283166,-0.3772602632314633,0.12442550528137582,-0.23671852708565325,
-0.06305627453930569,-0.09347346310421545,0.015304787401160723,-0.06905177818632355,0.34774241155299,-0.03186645948956234,-0.34408492048306266,0.08419457448393035,-0.10386971036738944,-0.11886175420441733,-0.026395982731820932,0.17045888611815316,-0.23253443434211113,0.15597401615310583,0.08588151122458339,0.277097779126137,-0.09609340216574574,-0.34137938852969324,-0.028810106887645542,0.28808065038117026,-0.3899968650552964,
-0.0932558392597532,-0.4251727933106678,-0.24367074347910928,-0.18000596034858152,0.047941008395082974,0.12579452892904058,0.010477454002603592,0.24147537410713055,-0.024560115181403438,-0.28824922549793613,-0.1753199870181808,0.4150481790356789,0.08672196260122106,0.18456859035613027,0.2561516583361341,0.15799235331787112,-0.12710607023470047,-0.025842757668089217,-0.03842779948797908,0.13644337016329655,-0.16026660236964904,
-0.3049908004794074,-0.11935529678091429,-0.09654536008581154,-0.30668585850920976,0.42268545115183015,-0.11949783598391646,-0.3191850497416371,0.21630027584778777,-0.15178331872483353,-0.47651834964760365,-0.1395880899096646,0.5808121985383519,-0.42303049892387184,0.26941026494905745,0.2765912854994303,0.5227112211393768,-0.29167213764428673,-0.22852573747416524,-0.3383191148558187,0.2778994841771654,-0.2664206484285898,
-0.3078913914965012,-0.2625794407349926,-0.40762950914805346,-0.07016759456275429,0.5293902475621721,-0.08317567192796864,-0.3216732686605229,0.15526770060131073,-0.06655537693066402,-0.5552081381408573,-0.28690930698976674,0.5278054021477274,-0.22389395615414742,0.5984697350017599,0.22965275173107608,0.5148338602994702,-0.3868264683887389,-0.3511842230445117,-0.28525343902576966,0.34855506560094435,-0.2774078779369563,
-0.3551771025622979,-0.34503971018273316,0.014103486797946149,-0.23404114268282325,0.5388512431403184,0.007826597937018853,-0.229398010499893,0.5581014858796942,-0.1298392786020577,-0.5397037589543332,-0.3420607292424771,0.38025791040226975,-0.18253916342512544,0.46566138569004584,0.1525561809650618,0.44214101300703584,-0.10424232008078908,-0.017079142836451393,-0.2505136302902998,0.5129663295827198,-0.11438911926523726,
-0.3698095214147478,-0.24486121328176155,-0.4507354482469472,-0.10375290617188473,0.034860763467592454,-0.2944670902188708,-0.17078376193495848,0.24348400875518983,-0.21510652441157416,-0.15348774855887823,-0.3461333872110079,0.04293643125364644,-0.3019132354098487,0.09017504247125639,0.37171342088576553,0.26649491087551647,-0.40054483341557007,-0.1257954411005482,-0.020453162189252777,0.15957323739011092,-0.3491868051312156,
21,12
-0.33193448599979464,0.08736086620879117,-0.25624078979715487,0.06850698193390292,-0.15668734461347558,-0.48777197438295233,0.0996206318068929,-0.2918444010212441,-0.10591916057806802,-0.1267394298479405,-0.37611041590230393,-0.2346363225216606,
0.002159834001783337,-0.07343537034361994,-0.02082249253169115,-0.32302627359077946,-0.24666056757389052,-0.40876398103328276,-0.21885565328050738,-0.3031876623741512,0.05359532558622542,0.1595487537874645,-0.10153144528104317,-0.12733860019698118,
0.0652967813515677,-0.18569953332227562,-0.09051977241108157,0.02762300945666597,0.1721806200088125,0.22975597934638387,-0.028120909845530097,0.09175782102541583,-0.21008036677383565,-0.11568077619863876,0.23279630032674578,-0.2034336892452455,
0.1420138994073206,-0.017464881719717756,0.0514012038223846,-0.017981344094162677,0.12740262570604538,0.015362250229631351,-0.04929244447293292,-6.969605430344346E-4,0.037161063342494194,-0.15169051408145612,-0.21822161365066625,-0.21152815798859842,
0.24325516838276226,0.1539748088789101,0.022299953660140443,-0.06280751914938801,0.3512541560748443,0.1053274052412397,0.05618550052997753,0.26449510440378765,0.09495437253782836,0.1539448278678458,0.19485770963548668,0.2709091766280761,
0.16929396696412005,0.09802011414206795,0.2088777453764704,-0.06411134728445876,-0.013530722876134728,0.09250310883359886,-0.005609366472312551,0.010653050213107272,-0.12612627500570817,0.12158002410810705,-0.06255046651847551,-0.2018446466920516,
-0.10548562268487983,-0.24203999291122769,-0.13831457768333608,-0.037810698820594076,-0.24415228234510544,-0.010344253067760954,-0.11581223340288647,0.07946472197993522,-0.27719552156103505,-0.05786401950045781,0.03535073005508766,-0.10249683135086324,
0.2139593203964745,0.010653838439235515,0.1348510984794442,0.41995058307375455,0.20662216470934608,0.1912337234520645,0.30379483923491357,0.1388649283750075,0.2229373945226889,0.38985025512741217,-0.042508900817655314,0.08577695636304354,
0.05154738925371959,0.05621542649609785,0.09678181813557384,-0.1468487880365044,0.02337136487930925,0.06388755795042278,-0.22568197977242774,-0.027638708494160794,0.12047010385776268,-0.17150303746340123,-0.23131212148184405,-0.06712318691019167,
-0.28370348285147284,-0.36944400540771993,-0.38611568838657584,-0.3155165511183735,-0.37009134336962235,-0.07489364688011278,-0.3499624320085721,-0.44694904397375396,-0.175016846845984,-0.24229573340263902,-0.10151506292034608,-0.27284597014963313,
-0.33616627652384884,0.09455036901450378,-0.06300991169602654,-0.35110717651115736,-0.21464766814059405,-0.23561410680302527,-0.3070715517592914,-0.05035043366277159,-0.1009011698813057,-0.21573522126449682,-0.07106902569945342,-0.0024421508025938305,
0.17045267367662162,0.20685927499366935,0.02563752563795663,0.2402105218067403,0.04175462661402891,0.3876884507768621,0.3169771622775152,0.33006537418521026,0.21889676909747052,0.18310880194943155,0.3176903587131128,0.31862094989103207,
0.006884723038820228,-0.07617336001676128,-0.07030675532190918,0.08215707849910243,-0.30531100655928706,0.046507719943197766,-0.07688128659025877,-0.0645306779655066,-0.31253685079690463,-0.11542505951242986,-0.27002239190249844,-0.1886138599714736,
0.2599999972206153,0.4420334726188913,0.015077855277465267,0.32607596749277296,0.34073313721880943,0.38762724496087586,0.007296414562768473,0.12184711746133137,0.1449428298058727,-0.015432066545289459,0.34192722598544656,0.21313115848436665,
0.2844959533875713,0.025548457001648296,0.43917946041074357,0.1453554911143712,0.24052930090397218,0.1039276305041938,0.2666539162421651,0.06205655609871858,0.25172564106826256,0.136193127808679,0.2387910517467898,0.2215055059005766,
0.06540392390541547,0.10714559114698044,0.5389931649057141,0.22839290026971737,0.17103685430515136,0.03560771100622416,0.23597072356886598,0.38850331869724064,0.3064122208202993,0.3941762821969254,0.12416266624961085,0.3365468582499824,
-0.2590397395356178,-0.27841146551064877,-0.01813476492593487,0.01823944197578512,0.03773114009961721,-0.27767739302971256,0.16074647148389623,-0.31133172573395806,-0.13151804528688468,-0.2769623643452701,-0.2966182739633496,0.17252942705734003,
-0.29240985565148353,0.1693252769481448,-0.3236362077511266,-0.18122803638365775,-0.14465175748479148,-0.23459619874312412,0.14586602447526792,0.06789775808407313,0.045713201376735416,-0.06483724344874389,0.09968360242605559,-0.044545693635613726,
-0.1189611187386693,-0.23131935169621312,-0.07389153449627077,0.023387295345870862,-0.1190179340288272,0.08995368576495227,-0.2162734163945698,-0.22246405443792752,-0.1273526090688862,-0.21822391102935948,-0.08009005109418056,0.13982310813067403,
0.19352279471164968,0.3130305764826411,0.18221298323182844,0.067820693665354,0.1735909489744995,0.23598141174813542,0.2769511002065465,0.28428039224386653,0.2634202056058653,0.24365652469540167,0.39238013072015515,0.06298556159896897,
-0.24272702493576226,-0.36504284416482696,-0.3547215421689498,-0.22039459992739505,-0.1407246734853459,-0.3110372661032556,-0.3616109420319667,-0.2029947696262749,-0.27762420717980235,-0.10528159262482147,-0.20169162544956512,-0.22550634821325047,
