# Pesos da Rede Treinada TxH=  0.6 TxOut=0.01
12,14,12
12,14
0.7953175694914117,-0.672893094618845,0.7411371719322347,-1.007670297764224,-0.8929570847364373,0.8596777139873266,0.6300106095839931,0.573631083150222,0.9555258982267447,0.6344824417193189,0.5975997569503201,-1.0620200937138553,0.5982169259617957,-1.1303336848150076,
0.14978364256202942,-0.7422569613659022,0.3084388467515736,-0.5017505070371072,-0.62833945944257,0.47747200552019975,0.16965355003138008,0.49101235836447643,0.4947031676630916,0.6040722027736505,0.26618801808037906,-0.6373357283836951,0.3445748604916111,-0.5532343109841258,
0.47660978898671036,-0.3472300663972886,0.5627383252652086,-0.5867862542214461,-0.5300015978756236,0.370642648230083,0.4264623052542999,0.21778503197982257,0.31391427597652666,0.3620330476904699,0.2465811716700863,-0.3463078868412562,0.2405868708822382,-0.31755928200618555,
0.10941007050493451,-0.779175833786996,0.3771310861899412,-0.5113126968556384,-0.702844047848218,0.4198409712653394,0.5289175602000545,0.5575790490266225,0.531756586590848,0.2588776368423341,0.23624753265540105,-0.6967169391535655,0.433986767095159,-0.8430109034106126,
0.4576090248071973,-0.714961953698218,0.38779205969194497,-0.8072601486096816,-0.5864002299874376,0.5196076135421492,0.3486176819448624,0.13518183358742328,0.41785948640313286,0.550902055870534,0.4454859835333583,-0.659586394685795,0.32167805169878105,-1.0091239505373872,
-0.19731561095253053,-0.21858632197342837,0.2560905720114056,-0.20823852453907557,-0.013085387487733536,-0.01578402534468757,0.20358010286690387,0.14451108488050238,-0.1563654607041421,0.05935044560692725,0.1514107409097174,0.10040593346960316,0.2726584536744478,-0.046838952500940646,
0.35208622995260946,-0.37527523653949335,0.3315192722702755,-0.40402333541697477,-0.09891606916549286,0.28724717980811176,0.4188285973383158,0.44307372828301517,0.3219759695521738,0.11676166742754042,0.2565894551806869,-0.41485402838750024,0.5603541043262296,-0.14038614422898144,
0.4012806496778926,-0.08038787473330142,0.1299060749059708,0.05184795681100032,-0.34567820293277346,0.07261429444609757,0.40333852853621793,0.32255031447633115,0.17589660602220125,0.07785962124446774,0.42358179329415413,-0.18569730857979344,0.11376649553970725,0.11379566234298183,
0.2749528440702832,-0.16650538067519466,0.08143904633160626,0.12401859554104794,0.1961181136008253,0.28765850725923303,0.1648114488240994,0.016013088361201612,0.3890721280708736,0.37795853424884174,0.14615790963781394,-0.09756389215131692,0.270681628322056,-0.08198813981296668,
0.5246959231509625,-0.0605991344323812,0.25218250747384674,-0.13425632074124308,-0.23824093565762247,0.1911346021424043,0.3799785328984378,0.42326665532638497,0.21843714626601518,0.3559930564042954,0.24420360767267935,-0.3831036770978874,0.2209412356508022,-0.21194489712281117,
0.12951634979885512,-0.19374748237978645,0.06017894098461991,-0.3406323020623915,-0.33956575151010004,0.05581006570327564,0.09403994651010135,0.429246629488061,0.20920460108974412,0.10392561152456375,0.2749443755514868,-0.01574923140517356,0.2479664644987813,-0.04834163999538985,
0.047491037658598606,0.1892341468275685,0.1398542362780398,0.20206436347324763,0.047292010379073296,0.13728653078420888,-0.14529013590991546,-0.17006755763279743,-0.20840517691894064,0.09836733521497301,0.25940202882703195,0.2681882671134951,-0.004420665468602914,0.12234592645340753,
14,12
-0.13654265442323993,-0.06573170383356708,-0.06316820558885013,0.21704695386427544,0.23264357541300112,0.143094861551911,0.18258556328353084,0.12568420585138193,0.013145871404468098,0.2770369828645673,0.17449864074759053,0.01807284147737392,
-0.24427724094570966,-0.13826828168474192,-0.18748361227997046,-0.20205025401362323,-0.22336972816594144,-0.39631925760076797,-0.1322815679119293,-0.3210715536361691,-0.2333292036679838,-0.17486434721573102,-0.2706390756087903,-0.2888117274804786,
0.12170521666769872,0.27459933639479167,0.1349711681230394,-0.025935362137055027,-0.059977196459313716,0.11518250829074834,0.0563922232263222,0.3380626149748347,0.2638018833111359,-0.1123161883618505,0.22986770472541804,-0.1081770497554718,
-0.35989084002166494,-0.12888498194850814,-0.06684664585882329,-0.18656331958962594,-0.23419263348769542,-0.09733844800112923,-0.36595750207467026,-0.3074516519351845,-0.41102722426694877,-0.1503216326203325,-0.2291346631749904,-0.28504830756157573,
-0.20013475337204112,-0.36712143421940496,-0.49028608768281534,-0.10899673261399774,-0.3673894207221013,-0.3866591277681752,-0.0747769772505557,-0.1451583774283352,-0.16624285518316917,-0.15896624080892824,-0.1702106826329219,-0.22950122325053726,
0.14930231626471305,-0.14232231418637478,0.21492092410665253,0.251842966660176,0.29901920600060206,0.19764446347678558,-0.1989246081132374,-0.03427492607300643,-0.17192725580697824,0.14941378185992074,0.23794054904204645,0.22621348587284842,
0.22818335703677578,0.22375846548838066,0.20542569955729878,0.09854676704463106,0.10041494342393747,0.1839465396619532,-0.20606635078234117,0.16401048445874425,-0.04933506808431511,0.16471780717068807,-0.08163578332583663,0.19260590042345366,
0.2424850779055396,-0.14133583022802704,0.043673720624112955,-0.06075159763809123,-0.04253326866991946,0.1470657886778256,0.27617935147627853,0.22652944674725037,0.1291865195293126,0.16666248919637808,0.19035026953410725,-0.0664076961426966,
0.1193203252128039,0.24332838732606601,0.17973117081861234,0.02057388077987381,0.24132089796526685,0.12624018603040515,0.1206172732534,-0.10125694282400631,0.23525618864264203,-0.08280064889525765,-0.033701448085081756,0.1714599279144838,
0.10247220132830245,0.23031344845470952,-0.13920966446501962,0.019666457408996668,0.1401308717074359,-0.04934992585947963,0.2893643094263238,-0.08831019865585814,0.32272861557198274,-0.020956742939118568,0.07493471972150335,0.2733067107436646,
0.022838948308503512,0.04098873225967262,0.06540711842420982,0.2163840439182751,-0.05276304012349849,0.037032300447402994,0.2050026774092204,0.027882804243203548,0.09243573270471042,0.21693193399769642,0.1249422065913273,0.14202787286577379,
-0.20919276853393923,-0.22743399438844725,-0.2829181500723522,-0.2456129805547819,-0.22245436425674045,-0.08859213946393589,-0.2147644713093148,-0.22851033430888093,-0.05203068135291072,-0.599543184199125,-0.1774666390860108,-0.24350911203500955,
0.018981900499176835,0.11006595619249572,0.2086491025427233,0.097734639893642,0.036767535708677586,-0.044131997474314545,0.1604741504216583,0.26671797224262916,0.0682194070968065,0.18620885581609403,-4.6370122997316156E-4,0.06570765650450812,
-0.1922512287166986,-0.18713650493176884,-0.0782142471467034,-0.35884681375744976,-0.1751460090285055,-0.1492844930569593,-0.39501520015121844,-0.2555079460171737,-0.35664951291285335,-0.18029555498377978,-0.3765217888846637,-0.12603268058712996,
