# Pesos da Rede Treinada TxH=  0.7 TxOut=0.05
12,16,12
12,16
-0.3852035823144433,-0.4017409385721893,0.7488891742072836,-0.543118096571532,-0.6724662177186795,-0.29787740934929813,-0.3491164783416897,-0.42360294275194027,-0.2681445007079366,-0.6518217863712609,1.4412610179916905,-0.49197766471841287,0.13072743377246485,-0.5653889645067319,-0.7481906104482304,0.050579081599282684,
1.7352563508947842,1.8515870560611365,-2.589545153425129,1.772335371800476,2.146239043126141,2.131128139328664,1.8504321747328778,1.766561301334222,1.6612088945078232,1.85632022525916,-1.7145112197353614,1.7654820468591321,0.54785337653733,1.9293342740007053,1.9671624412025968,0.20622738052784856,
2.1523221538705974,2.477670340871939,-2.919914241408368,2.312510696450649,2.649724600427505,2.6941607720028093,2.407396788247439,2.5044104343612257,1.8204474843525646,2.3976522015974067,-2.5382333753487774,2.1656197010392626,0.9092438780556531,2.5801466257288834,2.414614693978096,0.2798319285456776,
0.6222093493285338,0.41611998566805064,-1.3534683979363036,0.7774614760889784,0.6967575478959255,0.6711136353681749,0.2950545624854909,0.6534391403472959,0.3568176999123616,0.5424167533810054,0.5159417072792991,0.31793062048000476,0.4605482494144745,0.7035461806200569,0.3274424521500684,0.3307537705429208,
-0.020217360083717086,-0.055504613996507204,-0.2141214941799727,0.12787736384135417,-0.02548188100124639,-0.24086765832592485,0.04345337466430936,0.1688294327472532,0.01917919081078364,0.07508093191924534,1.483045451410205,-0.28311760909839806,0.0104842795179149,-0.25153304410053595,0.022429840193995902,-0.17948072720147776,
-0.6360079878124953,-0.7466323685891052,-0.09263928106656441,-0.6081355842052177,-0.8040481276271324,-0.5823751959804885,-0.6472208258481663,-0.9064806778939336,-0.8755371105995603,-0.5474732249931495,2.306657148101121,-0.6423348764659823,-0.6343338460230948,-0.7453542848406953,-0.6693087784300695,-0.40272316952252785,
-1.8948202174083586,-1.913862992812428,1.0265688320478739,-1.999369102171458,-1.9424737401694496,-2.0481202077664205,-1.6795180686740996,-1.7081780650275382,-1.457831575903083,-1.799504601367765,3.8286633295485086,-1.6807321690142785,-1.0897701316888864,-1.779200629090689,-1.6190521873322303,-0.27616558658875173,
0.2662824713062825,-0.11108712598802369,-1.6058720427615714,0.1584791615297569,-0.055122711856744014,0.1232966101354329,-0.023867692550756325,-0.11221359258572468,0.07791118817758867,0.16652685146144336,0.9587411351729092,0.03939279183894516,-0.4403769886091878,0.30467945784237116,-0.020584965165604402,-0.6016532589191714,
-1.5503694202245308,-1.641751755769174,-0.10434072505417147,-1.6780049148247809,-1.4018482317044105,-1.5120154619826554,-1.4749683831864289,-1.7158833039274342,-1.334514029789362,-1.330762928302062,3.034757986762557,-1.1850361251863952,-0.9990853009528148,-1.7008401185965851,-1.2119236288816857,-0.7633204997796054,
-1.6075820026265868,-1.29199180958224,0.12814699478559272,-1.3881132629292827,-1.4831626212559068,-1.5735657844627176,-1.33776943478906,-1.1895470926127998,-1.2684220119926124,-1.4847840679268405,3.064987738636573,-1.4436326556538746,-0.9640840546793094,-1.6846612592274437,-1.5159659170338287,-0.9617386505025707,
-1.3555162832736973,-1.1926872427501296,0.32922178905188026,-1.2383725396825325,-1.4237109938364343,-1.4193371701441437,-1.4119084353667204,-1.3627671849383352,-1.1524335115825908,-1.415987616917905,2.624914825880761,-1.313148587615965,-0.9744184201337045,-1.4491038177643172,-1.4997878070480255,-0.7474834797305525,
-0.8336159615268806,-0.8612650776152724,-0.45172887350412194,-1.1995303569035907,-1.0363439458771255,-1.3037528770279465,-1.1739734403787765,-1.1395404195300618,-1.1586316573407265,-1.22840123443038,2.4268992522719164,-0.8251448564273804,-0.7162811989395856,-0.8638654883905486,-0.8978860757977789,-0.7799633249993594,
16,12
-0.18156997357961882,-0.15130274353599238,-0.21103967648922398,-0.2354179530499117,-0.10435864194683797,-0.37547877997876056,-0.01171266089496965,-0.07417134765035452,-0.10486167888542205,-0.15790030318149398,-0.12178786849242432,-0.2775200306616807,
-0.2464589560376812,-0.09061681055243705,-0.033829101409323804,-0.2956067355095809,-0.10509431433210512,-0.35738656020958076,-0.19925598092347074,-0.062167000525642446,-0.0726444233653725,-0.06757472271512852,-0.2607142986610889,-0.1725537968516208,
0.037758127825885515,-0.03170368564603076,-0.006595299583733865,-0.09842551367769514,-0.09152823183228839,0.12756910149173373,0.09107333704165306,0.1352479360747316,0.2425103126191448,0.1206853090370287,0.12820391444062085,0.1960293102737401,
-0.18691294179747547,-0.005910285525356253,-0.0021376380378292145,0.03898996010749608,0.034327504487306676,-0.21528512510147957,-0.22255772506798566,-0.2570628705871426,-0.45149747867253387,-0.28592006488010807,-0.07255662569305595,-0.1594570653582482,
-0.16953503051375884,-0.26010955601643215,-0.2886470700216177,-0.18939123093154997,-0.27988847129687183,-0.028566284626440078,-0.330845644349824,-0.009083416479813979,-0.0734948518740838,-0.37577129156032957,-0.027275374969062367,-0.07633938578132367,
-0.27819527694471297,0.04684033896435711,0.032582123343884384,-0.18469392111584435,-0.24369975570891678,-0.3631697371460321,-0.071324367368348,-0.2374170990755738,-0.23259514343147486,-0.3112426200226054,-0.20197899017420481,0.07576690806588178,
-0.0606730162359075,-0.13779224722712716,-0.05284319640988454,-0.21075686264082974,0.04735604036318525,-0.13308275572379327,-0.2846473251713225,-0.2145679752075217,-0.20392797130822685,-0.09208252970556426,-0.28338797335861976,-0.2343886968711587,
-0.2424056670709526,0.10513029860550753,-0.17230696412008265,0.04836798417948582,-0.1256126420510629,-0.2646392098856239,-0.23160341447798496,-0.15543688713810572,-0.1686466127263689,-0.12754991571485055,-0.3379546509623266,-0.18318122080941665,
-0.012471817787958464,-0.0793406501322847,-0.16720335203046716,-0.11638105026812876,-0.149889871693685,0.025093324603316584,-0.22823670974255972,-0.3225825730662733,-0.10166812070696093,-0.10348402356455506,-0.21154137520389338,-0.26727491788569685,
-0.12276186771020563,-0.3668989017654669,-0.22130723088927856,-0.035311519817682706,-0.011211438562413842,0.020257085701832097,-0.2830939729592624,-0.04357461057313732,-0.0972333270316733,-0.2847804709229752,-0.34694333734480165,-0.11825785558310062,
0.8068649542949031,0.7075811076765002,0.7861968096518976,0.7587793936803992,0.8105337129347866,0.8173481807273056,0.838713287783592,0.8719869890930172,0.871822194372842,0.904268854052106,0.8768731566513527,0.8763670968437167,
-0.18400006297255087,-0.17612423852360984,-0.14060420259112316,-0.2934803149189716,-0.23758612759544917,-0.07069602645258802,0.08640948665105185,-0.24201781069674813,-0.34732321948900874,-0.11612629771714061,-0.09445040549832791,-0.09437387354046578,
-0.28249396918918723,-0.00398102074135287,-0.16241649306911693,-0.14421927702611445,-0.25918376704928137,-0.2256870535952538,-0.16866828756208074,-0.08336703188693609,-0.01129299392987258,0.08867747515557496,-0.025568286295982328,-0.24213150174295986,
0.06855921118205703,-0.2157306684861337,-0.2812416308960894,-0.1467426911214501,-0.05012059967897006,-0.10238987325279357,-0.15301001217768764,-0.30527465986039465,-0.30395839489483617,-0.22648756187080687,-0.10997264111162973,-0.19780918187443464,
-0.0654420422495822,-0.0927877566592928,0.07885054035116988,0.14794188858775253,-0.3844607054246633,0.0610519192190909,-0.0675035579593791,-0.3338244387012591,-0.16436840706776332,-0.2877057305245615,-0.2905381988474654,-0.3209459164202602,
-0.130825930316874,-0.3300898471355813,-0.34328172623371267,-0.2231344228108523,-0.10262336764293006,-0.11429635367333031,-0.03588308827790732,0.026387781702388556,-0.06528896553631182,-0.05290171950483374,0.05682827501359873,-0.06304170629323051,
