# Pesos da Rede Treinada TxH=  0.30000000000000004 TxOut=0.03
12,15,12
12,15
-0.23342616802395244,-0.4665539314989101,0.6048354116304424,-0.19930630711174338,0.3318634630667999,-0.6130215557800515,-0.18168884789961195,-0.3904391038288742,0.45074470240072134,-0.3228852372160796,-0.47037881179641333,0.3031352452492082,-0.5583760610660895,0.4421123973734189,0.11091788060954128,
1.2745078365875282,1.4236042178632402,-1.0116184404908564,0.9583048457847896,-1.1401355006813199,0.7786262328081908,1.358366809776796,1.1127104529760101,-1.4172022631316483,1.0241636610171845,0.942607974936372,-1.0258945158796091,1.0179587968726806,-1.185717681949104,-1.051917722594441,
0.9854594861484454,1.2207198171355036,-1.1790763561411457,1.2355028408273212,-1.2159771412681226,0.5451629176201981,1.4995543143635452,1.0747617002124594,-1.3916841844747028,1.09660515863241,0.9262091339088264,-1.2314506969214267,1.140207976217895,-1.0460468096556883,-1.1566866619508211,
0.6627311571933323,0.42365086283778447,-0.5751783700488985,0.30755116019647316,-0.8539384012149923,0.4160695921647446,0.5525524092699652,0.66282562273886,-0.8946601748605514,0.16115057862017304,0.46409087737300725,-0.6156539865989958,0.6505977195307266,-0.8391113741857517,-0.5200835957435865,
0.30264812764689564,0.10099342262371881,-0.30798923884610074,0.15404633178880245,-0.5208276278950454,-0.07060660438960163,0.38046770070755426,0.08383610621761509,-0.1795683684280249,0.18008529789260355,0.3006153064092816,-0.17491269611530472,0.009504277734858303,-0.5526912485777022,-0.29511595256911444,
-0.35728873241080705,-0.42185642152531677,0.49113319963075,-0.514104951029786,0.48217032448843145,-0.6063750757047638,-0.5051004913796256,-0.6834300216037976,0.27095249326005616,-0.7207547598489125,-0.7309368226607186,0.382618659507037,-0.7306646605014085,0.2631826248384794,0.043205322778091075,
-1.1521057892878366,-1.1347522553061633,0.9210342675155914,-1.1029929513045644,1.0529994878158297,-0.6001186656510427,-1.2400008819716866,-0.8014817510710218,1.0009711951674853,-1.1533479904912771,-1.1036289126670948,0.6023981333208055,-1.1147924912285077,0.7567260309890812,0.6612203005347868,
-0.012397913851240812,-0.021863768634052337,-0.08525851883914332,0.06123492074945957,-0.10970952016546075,-0.12020045917975535,-0.23301489655686547,-0.14837545132172994,-0.119883430271555,0.08374027163496466,0.03641892421918381,-0.2099670767641797,0.004770265197643756,-0.21535398245925336,-0.10201700213971276,
-1.1160524650745605,-1.1585591373547905,0.7674715168564205,-0.8540938957295744,1.0112910483469861,-0.6600819983915142,-0.9397154383137419,-0.8251859818619499,0.8957814870675435,-0.6472951564960531,-0.8291080541398488,0.515985854398336,-0.9220710864429178,0.906304322918929,0.3436376227036808,
-1.0534292539088774,-1.1576454270719216,0.7013181488035117,-0.9911544600550812,1.1769159399058078,-0.6035886353355799,-1.20695414624826,-0.9694440846147342,0.9169573533090954,-0.6639858511035274,-0.7797143770388262,0.7586326831377109,-0.7024482095875886,0.6354100237763961,0.38668650453023046,
-0.7668293446911089,-1.0555637985976245,0.7986454835660307,-0.7195832867409984,0.9497490735061902,-0.5999514831915996,-1.0833542845276594,-0.6326986579311332,0.7912971705344567,-1.0752234683393194,-0.8919993486267825,0.8177150483149673,-0.6644003161457357,0.5104175052014095,0.48577361843705563,
-0.5373470517261019,-0.5912702050657194,0.6863911541041372,-0.7965890104584521,0.341164582702483,-0.40734651500135866,-0.7566857415857117,-0.8339421181182001,0.5023416001414002,-0.7325895178978478,-0.5693463707288584,0.6436777322890044,-0.5038421084272827,0.2365987615609626,0.06357686296478385,
15,12
-0.18812886279885357,-0.0011903690791970351,-0.10065001237024074,0.1937351800446754,-0.15965936828145766,-0.2330801227538081,-0.2542491843763787,-0.1357316798683327,-0.21318890227922088,-0.2657360059518708,-0.32006364447195534,-0.0598499823512313,
-0.08298446530968114,-0.2098998105078164,-0.24610971782981406,-0.2213116512775925,-0.25797619154135426,-0.24363571693190159,-0.2974848842333553,-0.21508690355544957,-0.24166383897288696,-0.050956634151370576,-0.04846389582792628,-0.2235051709632296,
0.21357832643404337,0.38996097485095355,0.3749455931642529,0.40587122685972365,0.3726447683157503,0.3430541009002387,0.2207095079674409,0.1293095152342959,0.19528894953058287,0.29950186969079645,0.20848085629342042,0.09644969544825295,
-0.25118032395392254,-0.11378859128969811,-0.11435580821345984,-0.07506935944782059,-0.29544659610281554,-0.021209546792509155,-0.0033745255797973258,-0.24061177071029158,-0.050748284034927,-0.34768960463489,-0.20675558066284921,-0.12802498609190568,
0.39820911062563485,0.29295547115626885,0.2336546010526499,0.19008481070118993,0.32861016414558747,0.10624277049778105,0.25537533015524094,0.3775472448240307,0.16535752995079453,0.34511202613003783,0.12330406268969077,0.3662233273409793,
-0.21504405155009768,-0.0502651280288677,0.02210378160298702,-0.30732349974917916,-0.11574971570130996,-0.014326551960611068,0.014793287737752929,0.05399456362140628,-0.1494365104003864,-0.19262060277263424,-0.2093438049746489,-0.20835304321799278,
-0.17519287051475224,0.0988869927508009,-0.1468095561295786,-0.01650879399457831,-0.2187672747836632,-0.25128652994273004,-0.3369125719866235,-0.2107429070913576,-0.27330427202005847,-0.03303843755348006,-0.23420491540039504,-0.286964765492073,
-0.08443096281763478,-0.15557557407117517,-0.17741539734540895,-0.08294064605219031,-0.037828912474618365,-0.21868636445752151,-0.1383558648735055,-0.07214031621510951,-0.1407364894953337,-0.25239832731934003,-0.1923089731441676,-0.21276114463294046,
0.25591235761181325,0.1315589758155147,0.1368970774038394,0.2912480296810261,0.1494671182966844,0.2519760836186616,0.3688556240805866,0.19904870691812634,0.32274714309175634,0.09688964054611837,0.5296682394978165,0.14865293564063556,
-0.2972927183523352,-0.16571387360177678,-0.16196276483783914,-0.24728557535951715,-0.35962368586389315,-0.13136951271658945,-0.25165533876157525,-0.046771282350447654,-0.1198825765148623,-0.227665278664904,3.634786768579776E-5,0.007602726793471514,
-0.03127899994843475,-0.224405047018379,-0.2287119221114932,-0.35269839541732856,0.17130472640569108,-0.17521347833340348,-0.07045322262841154,-0.32212445167278064,-0.11941124663451896,-0.23795659454843446,0.027486646411102576,-0.39752159995404746,
0.07805871434201014,0.06922182139932212,0.25769904039896935,0.15913131893148613,0.23421752210441135,0.3813096802036066,0.16895599825625832,0.34762046402477675,0.16787202792987602,0.21011735179974397,0.17602286973494427,0.35646858341324056,
-0.16397234785964152,-0.2827189147171469,-0.05086723674755179,-0.0952651913458892,0.11419419068178292,-0.08198450582729548,-0.08337227406981018,-0.33096219295839807,-0.34216923412883976,0.0076103371595917955,-0.3156210521360831,-0.039149703426269285,
0.08392578539390431,0.09523494433950451,0.20072674022019593,-0.07761047552339913,0.2245218555266694,-0.030801530704542963,0.17686316923729262,0.1452072529179268,0.3516193448004734,0.26687048403058045,0.3647872332137987,0.23452131150272482,
0.3080601936981026,0.015470937338762888,-0.1073855337265376,0.11255669118042123,-0.2615032572185953,0.21349777478282755,0.09525907145667924,0.18627277448757507,0.3078892562574669,0.2358197344532104,-0.019094679569505044,0.23402457945744976,
