# Pesos da Rede Treinada TxH=  0.5 TxOut=0.04
12,17,12
12,17
-0.41064325160035453,0.1328452552932895,1.5265355660123496,-0.419717963719959,-0.6866625070204111,-0.8248413504132703,-0.9560408241794055,1.5207853952804748,-0.8549705806451774,-0.8764219340754896,-0.693125067085976,-0.8154462015390455,-0.46652136858526017,-0.7070542018161903,-0.8591197390990895,1.020541644297836,-0.510922610608183,
1.6098360964050125,-0.5770562354716692,-2.9467103110113433,0.5360150053197651,1.7315747766634932,1.7239939393435424,2.022584618321282,-2.462086104612972,1.6193954905270895,2.092430078206228,1.960125970413709,1.1524155701857237,1.6888589502144582,1.7691716846638057,2.24939139489393,-2.902933453999861,1.6251303251259206,
2.1740727297115994,-0.393273378687505,-3.390578195663532,0.28916581077770065,2.0866175565288057,2.2019786989486696,2.302957596282525,-2.8503002454901463,2.127127802089939,2.313901556050161,2.185982337554038,1.7613679822404944,2.0082417469990927,2.2378372817613075,2.6108799597444072,-3.1329259481777947,2.2130353704857932,
0.41578420834934765,-0.6184412502261595,-0.6800587656256644,0.04623571881728249,0.40122829746036215,0.5042594241114936,0.5303285586461013,-0.5432005547158624,0.3760153515591458,0.6508045426108102,0.6362268512302012,0.180082533168918,0.6467837874224868,0.6966378813777334,0.5052074207904413,-0.6903230172304928,0.3507444848982144,
0.03824017041744367,-0.326732095362546,0.8496088938354506,-0.22720325101888067,-0.3387610399790374,-0.40598382355325263,-0.16604665675891195,0.23177220743462437,-0.5586791370738419,-0.24250761163307474,-0.13692198984079476,-0.368626716469059,-0.037301751756062394,-0.2218227103334493,-0.22009648702700818,0.3452551203765328,-0.20874995380854913,
-0.5757059117046772,-0.15328152883020146,0.8453289600451761,-0.5127814234518149,-0.8999253658163654,-0.6671052771856036,-0.6023983146777774,0.7714572319798684,-0.5973308409864582,-0.8622108722553674,-0.7391991006236744,-0.5076718466590658,-0.6812478845281257,-0.846886589261965,-0.8168441491549532,1.0240705459535553,-0.6075812465122616,
-1.4255570259656878,-0.24434746865451096,2.4996319493055985,-0.6673228288429983,-1.3399580461159515,-1.7530554201617812,-1.7542273562174688,1.8027384302370688,-1.5601708028828711,-1.4839951544155923,-1.4666767469823336,-1.4361341784918522,-1.4686665932095055,-1.8332564399975502,-1.9406557630071468,2.6622356004018233,-1.5404903904392124,
0.029974476572424885,-0.5736881219202193,-1.0247867326026583,-0.2237281087016512,0.18106283666543027,0.4510683083996185,0.4693869598082886,-0.6636864052400783,0.40524335169039993,0.16919897392031996,0.2757596503358025,0.3359553917397898,0.24778644011055884,0.5157212137914918,0.39058332584132693,-1.0105295811763029,0.5318198811375995,
-0.889211955100016,-0.227430267400744,1.1584918765144283,-0.41402669796306446,-1.2313227286596449,-0.9863284505084722,-1.1523516452868696,0.9932321752753724,-1.0351957686474471,-1.1212951873696997,-1.061653924299624,-0.7852549199841781,-1.2328898639554018,-0.8908943090432603,-1.1655994387818842,1.4483208069412208,-0.961834193666819,
-1.0236473979590113,-0.20945665841250957,1.322106414500749,-0.316893632362879,-0.866125583899125,-1.2328215491369334,-1.084822703775094,0.9801544905393411,-0.7439645289663243,-1.2352509989148268,-1.0481914657367912,-0.8188849665586845,-0.8077402058462139,-1.0543398847449272,-1.314592766692984,1.0966641539975641,-1.350450735112623,
-1.2296469840461766,-0.24729504985794584,1.257931589402609,-0.6362677674805541,-0.884810529368995,-0.793897703826815,-1.1186444453318924,1.2125204288190161,-1.1785767536269591,-0.9098005728167335,-1.2464460973292983,-0.9727151452829389,-1.2521618755254684,-1.2233229748413639,-0.8102365597611003,1.5698187233095484,-0.8981133224874991,
-1.1326049999171528,-0.3943200198094738,1.286883568464354,-0.680810870596377,-0.7068698426543213,-0.8171213680370848,-0.8613913457185047,0.894906081881244,-0.6266815691688106,-0.9603196056640134,-1.1092188463557195,-0.6364898178773363,-0.9197549781786329,-1.017127053142583,-1.0154416103852228,0.953335939178426,-1.0951113869831133,
17,12
0.10001870394146876,0.021487607119059147,-0.12543261758720828,-0.016875979719393086,0.048409032718748905,0.046401754190655474,-0.18624552739570652,-0.1104956136769586,-0.1692289732070825,-0.19661963155065718,-0.29549506674231285,0.014351955905949097,
0.02565030784044271,-0.1789208633350211,-0.38724226658745126,-0.15740268754847492,-0.22153144354318494,0.12310556948018603,0.04915309910224588,0.02541217430119938,0.034775495196615915,0.20691769352857178,0.03518086184721138,-0.1292854026570301,
0.4285298645289849,0.41887641350662436,0.5383038643044933,0.4055601463177947,0.547058321925675,0.5658834783295233,0.2122193541834928,0.3685192911330932,0.2536944234052371,0.3922844386197287,0.3350578777469718,0.4592141119893708,
-0.315943879605398,-0.16045298771101102,-0.10142330491767575,-0.4595726775209028,-0.22349103373985016,0.05373746979120413,-0.14829478026102363,-0.17125723105236115,0.10890986112710199,0.02870235037432251,0.19475616852963104,0.10881576321610975,
-0.07906026248816954,0.04989905652518098,0.004011991514460567,0.018440200030733152,-0.12846814891448582,-0.2362712041614566,0.16468969663805247,-0.28112048230161024,-0.06969805862695663,-0.17471172069668542,-0.15763243514907235,-0.10377678984943449,
-0.22515090251421857,0.002438505265888566,-0.12340758142460427,-0.26207816457164046,-0.21812150552159076,0.057704654579797565,0.02004159595266863,-0.0021511065686531127,-0.3363951261511447,0.05611514373103864,0.0051120048616157335,-0.2717599688242267,
-0.2094253698567027,0.017533647888375525,-0.1313121508569049,0.12095154061090864,-0.1717860342110946,-0.16068035723008645,-0.15466498666340261,0.15053593847458585,-0.17605574633008303,-0.10347180079308319,-0.13803267002020125,-0.20131247895485171,
0.11575572845395224,0.014449314269908737,0.16568142173464057,0.12530234501446247,0.21648872511191306,0.009679876379561952,0.46814611982977394,0.2631186637713571,0.2918876410471921,0.46635040538441397,0.28570122908788487,0.2545539143114075,
-0.2519828537032557,-0.26483431102965077,0.0678798849139245,-0.15365156257931978,-0.08611020129067859,-0.375689600305774,-0.26394655727706584,-0.07226672632954602,-0.007333519392213385,0.025589286399619063,-0.08266926546424246,0.10777550827660884,
-0.0042770952889284106,-0.24355766719502592,-0.06310437393231916,0.02656681755582356,-0.012774382871598334,-0.023869799767922428,0.15308386291088608,-0.24494360630212186,-0.10030994838879462,-0.24142111615411083,-0.403898787419454,0.02289622358690449,
-0.13224125367414544,-0.20485104534672244,-0.03471858374598681,0.1583920013799721,0.06717711315402802,-0.17150570058646206,-0.13121365047134723,-0.2618795332833345,0.07844034415040478,-0.21278155105870408,0.05439450637836611,-0.2910349429971298,
-0.0020779668355899077,-0.1666870422043303,-0.22541101360018082,-0.2729900977312151,-0.0996832750615811,-0.23560466325116208,-0.2330421969739045,0.0814810751800073,0.12138719509633138,-0.13153639941811943,-0.1371161331569625,0.002746546111779631,
-0.18119681346598007,0.18608521090031507,0.1256789398929723,-0.2514690103089386,0.08694966917913083,0.012613716517771616,-0.04256021352588864,-0.048045983169001646,-0.20503361822135593,-0.1705807303042303,-0.09632378644579882,-0.24013510236262886,
-0.01225301555934156,-0.29937226072605566,-0.09137427827846718,-0.05533615490110233,-0.08050608363601197,0.02366141764285708,-0.228226019541306,-0.3015312888726572,-0.14271963584862474,-0.004231817735824214,-0.1327126537037172,0.01935387218657757,
-0.006629131833165676,0.023034959793506324,-0.1558797740562891,0.08755421298805234,-0.20382730174273214,-0.055240776517984355,-0.16462677376748702,-0.13183318485680276,-0.17612717347884838,-0.19233494533065715,-0.019507209950924476,-0.22339912855336455,
0.3980826306017232,0.3616405342094407,0.18700327749416004,0.3414903434296444,0.17921789027451407,0.35991523312041246,0.33134806314864507,0.3898517544947824,0.4971506696583434,0.24718553300176588,0.4266557505777228,0.31778863230309456,
-0.02845770607729987,0.07694259429732848,0.004302502755878061,-0.06477975734952862,-0.07153359920080511,-0.2694120487759288,-0.14028666132422096,0.0713606589303778,-0.2256254455863033,-0.19311175890440566,-0.0804818559159243,-0.08735591501385427,
