# Pesos da Rede Treinada TxH=  0.4 TxOut=0.02
12,22,12
12,22
-0.3393541305153425,-0.2213346165057932,0.20877747329402285,0.1624633041691943,-0.22932766071421296,-0.041172001962132526,-0.33725436669213726,0.3131823227929041,-0.15203053270887504,-0.4605578333490373,-0.37854605761307336,-0.14237127481767975,-0.03162611029195813,-0.38119772825811515,-0.35145960728850667,0.05243647753910086,-0.5113931438289587,0.33286319567425937,0.38310070118605555,-0.3840435600136306,-0.09865224655855542,0.3176859575069217,
-0.12226060487003727,0.6626452011249215,-1.158326154464957,-1.1028439465835673,0.5891491930292826,0.8860053654151654,1.1453835822023097,-1.651820947686281,0.9268130320210688,0.7656439234643658,0.6358933947153421,0.654328473622374,0.8976716650058857,0.8945675947580036,0.488321918974227,-1.3976244016574755,0.8916706471798522,-1.346272155850815,-1.052104996294865,0.8154369961873574,0.0674546850812781,-1.5648871004117884,
-0.07823774381415947,0.5223942096179264,-1.195676255132521,-1.1180236943339412,0.8823652597702172,0.9595184654212247,0.7658806056683604,-1.5014868392527123,0.744534225101489,0.6752223724149068,0.525834722268139,0.7854904242888117,0.6431648085892316,0.7214128025920038,0.716159055836255,-1.356945358116733,0.588447004281301,-0.8520958262041252,-1.2036940609359656,0.5359118979208544,0.13350777559543306,-1.092594350457885,
-0.1308062727675028,0.4187035946899149,-1.1838296342694181,-0.9360752578790841,0.6531972005930368,0.5858207354428373,0.7295608298806876,-1.2534535476118476,0.8175493846156127,0.6462820997163653,0.27859720218278017,0.46429974670409535,0.5834653388955885,0.7346985338133268,0.5881063177925421,-0.9390327696100088,0.6524754729486777,-0.8423729854992952,-0.8584121452982669,0.27557105091142853,-0.13418652980099383,-1.001697325459342,
-0.35297539672699907,0.1107005922409798,-0.9417248746843451,-0.8508601926223455,0.018329235491820667,0.20556202168522447,0.5017746906675746,-0.773811828290835,0.346935928898509,0.16809316294871218,0.03253145005179884,0.1837547033419986,0.31107922538312294,0.10221878871781749,0.15815185516388666,-0.7083529746218308,0.33340274113542184,-0.5198599594744843,-0.5915257563269404,0.10154752922231391,-0.20892489967449354,-0.9281696266758284,
-0.4419899682250015,-0.6308839955685758,0.5665847626018686,0.24948815272848443,-0.5797409412777275,-0.5703450039198358,-0.4922940161597963,0.4840052833774134,-0.37516714571487475,-0.45396793899064375,-0.3899513709861775,-0.34095408073281264,-0.5991840564271367,-0.5436365084778993,-0.6757779482748232,0.15750079804046854,-0.42276129773112014,0.26489406292378354,0.13169647945048987,-0.5263786282057438,-0.4147598071132001,0.24486087285770325,
-0.11983541714643904,-0.4999125328728267,0.8478322071912112,0.5736393204107344,-0.740418320551441,-0.7804915793591856,-0.6056947642112184,0.6656185949912078,-0.538616743923922,-0.6280261966923555,-0.562380171056353,-0.6211347945710453,-0.8018554687216559,-0.8825760323586117,-0.780462676904058,0.8591128053442891,-0.7921931720827782,0.3507819157247371,0.8168182759679663,-0.583963462918539,-0.4081128735417906,0.9643691756358304,
-0.15935807718079947,-0.10333547422442982,0.08433732977113938,0.39794868641422004,-0.08598680065184174,-0.386751191547137,-0.4740006680841535,0.24644255621175504,-0.3613145670743597,-0.4032424723407497,-0.00773779062433356,-0.43447281342416905,-0.004015098574651624,-0.2608368338629759,-0.17595620021122677,0.14010965843856088,-0.4954652290143606,-0.025444085523388307,0.301391971687856,-0.08488152175415352,-0.21179663326706016,0.17308640066307462,
-0.3152624840959361,-0.6235950294074666,0.9500994872535427,1.112477970950275,-0.784754658626986,-1.0704404660232718,-1.1089855677548612,1.2029362669957389,-1.1355000886330588,-0.6406157707755035,-0.661905260326202,-0.7564492251114376,-0.8379511728717062,-0.8535020796741346,-0.9662522360881352,1.237450390460932,-1.0308074563236498,0.7880175329443168,1.0926942189998947,-1.0470219726334042,-0.4527605724712322,0.9916917474979369,
-0.21648857418610373,-0.8488297876097142,0.916878803786222,0.7379417033932087,-1.099162941132696,-0.7698294225818544,-0.8268154604381842,1.253907898827276,-1.0732606541152723,-1.0268543285558283,-0.9583114545792862,-0.7921374561441795,-0.5884225464945823,-1.1016061285359158,-0.6701149272064393,0.7818319800055399,-1.0316100134194641,0.851354209007113,1.1006760372992528,-0.9862418642733017,-0.39608281313309424,1.195472951899674,
-0.09865306964995439,-0.9189159706530379,0.7968098761204316,0.9582485131787044,-0.7934612000175444,-0.9855004226160405,-0.7269340421900452,0.9731281299276292,-0.9599464849413457,-0.9649161277751772,-0.7719422579165233,-0.9776823254053117,-0.9555636267592967,-0.7539767640809213,-0.7178903857089145,0.9209812934902679,-0.6083146938434646,0.6054139208512467,1.0233570575313828,-1.0114670600575897,-0.31636271510447117,0.8883217001222082,
-0.5809769301491867,-0.7756750031023216,0.6981520308229173,0.569134248023072,-0.7664150626009107,-0.5626538202827882,-0.6632894720924488,0.7854246437741833,-0.4111738258344703,-0.7258517885334184,-0.6255444788882649,-0.6890319151407106,-0.6065920449316435,-0.5683802025686396,-0.3578530686281387,0.5929472972277242,-0.4358107273032603,0.38781652330097716,0.35223220919396886,-0.41448835128211897,-0.5063279704325333,0.8764207586525691,
22,12
-0.09826714861484598,0.07135395562178809,0.03198134526548591,0.15981018728370636,-0.26164575021970893,-0.01129667457087474,-0.03402501047508707,-0.047704398054432516,-0.1424614961563633,0.22907633627070403,0.0673487141280298,-0.22652331765211786,
-0.12288860597872166,-0.21757267884348022,-0.1549940881308806,0.07209562689937463,-0.1174149881771357,-0.2225369640754243,-0.06998008539133509,0.131540536074652,-0.05285366965688683,0.0661886082784707,-0.16810287326818427,-0.3135599794977994,
0.1883042542555532,-0.04937677486945456,0.19805888175039071,0.20690694830884185,0.2847349022854662,0.23050072929839704,0.2581153970747472,0.09948097486474447,0.17683762919992102,0.0200899260361104,0.2806984812541361,0.2692293076328068,
-0.02275099043617732,0.2789082374330326,-0.05330491120496342,0.2444653524497232,0.07218204442008924,0.2875391822033115,0.31864475208291526,0.12790481760679512,0.1456770127039006,0.2557570284536315,0.22160802495793686,0.09227394140617025,
-0.2889361565274972,-0.24694710644528664,-0.1026296264276731,-0.09717799160870756,-0.06355267914461078,0.00407767063733638,-0.3227921266249524,-0.030216341705130843,0.09912241991367156,-0.24638949505172109,0.08363781081069167,-0.12942702435877146,
0.06873494123881439,-0.0795151068157318,0.06347211174833851,-0.026516357552715936,-0.2444018302638795,0.06382462957424478,-0.3555544852959817,0.012146778017857733,-0.20525836786461862,-0.2260625078216525,0.11003506349735148,-0.2938367038769297,
-0.14661210467190122,-0.031240661187789884,0.01569356034643415,0.10372134469609183,0.013843694111322167,-0.1789617398381675,0.10078589473697465,-0.25811277558602347,-0.2729374144435535,-0.17157272626759404,-0.05381509711479261,-0.11392828632332723,
0.15090966405959708,0.08505024771394182,0.2773566173771673,0.2760696282351333,0.05545684328190474,-0.01006074731503973,0.2681953379950802,0.16160247901528238,0.23677476965878075,0.16690239716084826,0.2952732236821273,0.37226211092590655,
-0.12977741407509358,-0.11817240001590144,0.11007970432812496,0.0066981156190177105,-0.02147024661382335,-0.21102879342865213,0.0648906173855519,-0.03277483013051326,-0.27694445581971466,-0.20538705706397342,-0.31312920087077317,0.05270749604870672,
0.04841213029670475,-0.01710160322556604,-0.3163609071353673,-0.36502472736384883,0.046747352933780524,-0.04980692012950827,0.0436005593347219,0.06432365758495019,-0.2137838548732735,-0.11044113616985422,-0.1503132920964394,-0.21277976490476208,
-0.24274888143966109,-0.2797695743313431,-0.07818250058422162,0.12090954181016385,-0.12531862286597228,-0.2487476215691112,0.022206094607200164,-0.12946533665173077,-0.057927918383956736,-0.2425826704518114,0.10032697371864484,-0.03741590002479199,
-0.013688726787409178,0.03718530491769888,-0.17821063478433868,0.0025710786739976655,-0.11625766628277953,-0.10474745428877036,0.07058423195222123,-0.2918250012878145,0.061537264617238775,-0.28990169761768736,-0.08626334192782632,-0.11104688984072088,
6.765748869463435E-4,-0.00728163124191545,0.01843778259695166,0.11265463802095747,0.11659542102514567,-0.005588597846723764,-0.03992935996417857,-0.21411032660717982,-0.06173732088577974,-0.17264693610632653,-0.3368806473366114,-0.2658602218461709,
0.09682401694961588,-0.19118403714166854,-0.08523891953463453,-0.2463513712397095,-0.058818355583694935,-0.09435827999392529,-0.2886052800334953,-0.18368700238751481,-0.16740335219260805,0.045565949555212176,-0.270262571646318,0.10816604933058284,
0.1582048046577983,0.1277570883838495,-0.05070927690088396,-0.2915871582205687,-0.18159765138209522,-0.03823352549795797,-0.17926494278735025,-0.21051416943403806,-0.16097107803010502,0.07759622130717665,-0.27520341530630904,-0.03732085621580205,
0.25230920344500996,0.26586003373909456,0.02273638203398381,-0.06915940448854759,0.29217985181975814,0.1340870473462,0.11588234207847542,0.13595303478142623,0.2972142317721193,0.08331155237287638,0.2245911264485577,0.27118554264092404,
-0.34155030882354076,0.11504506298975459,0.013459672433227422,-0.37011913338469754,-0.32394367856826917,0.03475622199698542,-0.2691990303156738,-0.12528276485203324,0.09205731889718265,-0.31455303411233737,0.08886547112468872,0.11225193470580828,
0.005045664038365333,0.21709089344801188,-0.0531140496739746,0.11166682488743697,-0.15064220292128863,0.35340187195762895,0.16093121764186885,0.2760448514658227,0.11991041838717441,0.18755255565702753,0.0177284341599972,0.3283163007606233,
0.250925381489764,0.09162586768678152,0.3096464446665335,0.1956385301676052,0.3694107411088755,0.07570525405703772,0.06695230412335486,0.29397320850143605,0.16940739984667036,0.1295558818044019,0.14491354076138643,0.12975949178827625,
-0.21069547980610132,-0.3117435608187601,-0.328250565376286,-0.16229596050836836,0.05335674509116729,-0.2884840038909584,-0.016853916351399212,-0.14063682439998693,-0.09264084753920496,0.03284271211255245,0.06408126839005714,0.01271628961418968,
-0.0436988448339875,-0.03158352606878549,-0.10307450482063586,-0.2049004904958474,0.05055980494435256,0.013498449348499336,-0.07448208269088291,0.04509361393415469,0.05515237256258708,0.09418382305202948,-0.26969726453775955,-0.0021448516566062266,
0.3217732439822878,0.19406714414945303,0.3335300143012226,0.10739581597119537,0.21938469250506812,0.1931137691652201,0.05362444156816745,0.22857854562055835,0.1662971334647838,0.4942173849109726,0.1472696454346831,-0.06512202168404035,
