# Pesos da Rede Treinada TxH=  0.7999999999999999 TxOut=0.03
12,16,12
12,16
-0.6401234789158514,0.7325959081975956,-0.5780599087733799,-0.43323778992339207,0.43183209108385895,-0.5396751898855466,-0.7157215385804703,0.624573409976052,0.36069320195482496,-0.4975433442469851,0.679285298483341,-0.580239783327384,0.7588513104624842,-0.591882328571206,-0.7132924374510975,-0.3289191570489701,
-0.2868825152902762,-0.062206744071520784,-0.02680092358065985,-0.16780314127849233,-0.2281519580774638,-0.042566553594269044,-0.10659402855126805,-5.475526071632136E-4,-0.2757138299522985,-0.08311728540142184,0.17388764554938424,-0.07802939780492864,0.08069891127517857,-0.2756598232538541,0.0011591975618688135,0.18935385775213184,
-0.01422247610429023,-0.5051792517611662,-0.00167231125077579,-0.1784814747048859,-0.22565539858785777,0.06327372420945711,0.23763495428844383,-0.4579239732443945,-0.45026407804022006,-0.07497780534210147,0.07230453186447659,-0.19736672474700284,-0.21341623505857513,-0.16922018309166653,-0.05727078356247775,-0.08028311558520493,
-0.37038179673808463,0.42195105517330345,-0.23479426296530825,-0.3833448841522809,0.05337316884335777,-0.3543310813159487,-0.21945270280202156,0.18258619895567751,-0.07647264174144025,-0.546553171819485,0.1468086198610133,-0.6319843554742995,0.4527927072767419,-0.11560756199593887,-0.3200640922164463,-0.25392068986879474,
-0.4120270090163183,0.603779844196108,-0.5393193412599914,-0.39915891020295774,0.44631224512776674,-0.3294138317786096,-0.7365859737094116,0.26172194774615704,0.08702634705497485,-0.5343426565164208,0.45169379315520347,-0.7162724461253618,0.11422424194677305,-0.3445271903930486,-0.2955564930114014,-0.5250076537202443,
-0.2803592502184059,0.07532030916915797,-0.5327591981195444,-0.4582996802870979,0.4440353024608094,-0.31872033395711463,-0.2121942531394973,0.37649542185281304,-0.03821538159255382,-0.5494532640648226,0.03702765930685563,-0.6718710039978567,0.2181001998325177,-0.664175187609369,-0.6359293234768483,-0.6125439249070639,
-0.5715199125545452,0.8817206203758841,-0.8005015228527569,-0.621276905579275,0.6646849320544661,-0.7258927280155867,-0.8735757239843323,0.6418972856695844,-0.05200393546189472,-0.5092121610992913,0.29210466028658344,-0.5071503740299401,0.5415778896047613,-0.7350363846521151,-0.7813211224877258,-0.653098460821761,
-0.11036699803556323,0.09392732879141087,-0.272350915403145,-0.2892293845418449,0.2814309354550376,-0.552165098847989,-0.3557937283274914,0.18175301183186715,-0.20264855147153407,-0.20730632728678516,0.22016666569625537,-0.07190145519947087,-0.084310625562978,-0.16110400175992956,-0.24016482189571192,-0.31698575785909344,
-0.7440632360954373,0.7016389066943239,-0.5703463488975096,-0.6462777605338195,0.5839053631304859,-0.5770294388318716,-0.38596687346170366,0.8086893423070426,0.09869286592145297,-0.47219127082202095,0.31507860535043936,-0.3688423173323981,0.41632259349192957,-0.5783334693003374,-0.6008523977231269,-0.36374167669624907,
-0.6828945151591521,0.5409912005163794,-0.3947318214872796,-0.4159989343962973,0.4395251072895791,-0.47615659267489907,-0.6674664004755048,0.683130385241585,-0.01313670500599406,-0.5106585425755464,0.16748140470283426,-0.5176139064561329,0.27204465066705846,-0.28801195103167665,-0.504234140433705,-0.7140708230433844,
-0.4714626987968395,0.598325086068355,-0.58659035551479,-0.6936885729278194,0.30000923238032734,-0.7024805444866653,-0.46162051155291745,0.3892482483722894,-0.014046800053052717,-0.6289957636586138,0.18040938834411205,-0.44680294209513255,0.1856101062479111,-0.6996954574871187,-0.4083819613334053,-0.6865379590276789,
-0.45671269628439404,0.36873068958607147,-0.4971914031078822,-0.29188140586522826,0.3733820426779552,-0.43183653794013804,-0.5943910506887569,0.2424804442227437,-0.1440911874423814,-0.35100609239491243,0.2603662666949032,-0.678117522914683,0.3403424689070184,-0.45052858668141443,-0.23496040817091618,-0.5384011064777393,
16,12
-0.01482261542516312,-0.32491890600689555,-0.4402481892742134,-0.20773090083942922,-0.16938071598051743,-0.1394037359048772,-0.09911412865136011,-0.4908728833959281,-0.3830174155938615,-0.3412773223241647,-0.2641915253045751,-0.3650339849413323,
0.24704069857917219,0.16599836206236446,0.1271887850566929,0.4254212720404666,0.2061492660785362,0.3176057416643956,0.3189731326973209,0.37257282233594985,0.2802744986913984,0.14274850622055368,0.2739921386662485,0.37985112383985614,
-0.17136602424818878,0.04373497098880989,-0.1813113839661626,-0.24034497961450557,-0.22162224596443572,-0.37428076589262277,-0.2571466390453926,-0.17110410250053415,-0.3873837356743294,-0.30736231936541186,-0.18667614468909993,-0.39109432250065823,
-0.28603463682154917,-0.3338773408710402,-0.030884525707631755,-0.05149770814677048,-0.4446543779340545,-0.27465874395065504,-0.09396055474449785,-0.4143137083674324,-0.3327943464086195,-0.2691094631653609,-0.18031130024863926,-0.19567191979768653,
0.25195871215320026,0.2053344991195307,0.1701258889294862,0.13642820135443548,0.2434263103202068,-0.024946750048667483,0.23755752498535754,0.249157125512963,0.332484587173155,0.20993386425697577,-0.0704953277433325,0.14007690128224567,
-0.3474228582718094,-0.2431021415512709,-0.21447709397000686,-0.07317331029882376,-0.22399211823962023,-0.25184382474233913,-0.15054216320865957,-0.28582030402666253,-0.15402539089821735,-0.41481092683311943,-0.4253493328259513,-0.294094380207513,
-0.34402111063703283,-0.33648843667359396,-0.42033845546183524,-0.2792430203119474,-0.19752716290397554,-0.23691028089860236,-0.20264232158164316,-0.46933560030518984,-0.11560963975151535,-0.20810975246399477,-0.21043639334461448,-0.36543693055315396,
0.19340095645255861,0.05709210084580467,0.2985813313781115,0.12920399231532573,0.2037733824536841,0.3496824734024654,0.314611196326073,0.1251975276222818,0.2288932042491152,0.13084446840911987,0.30609009570373236,0.15389490690368735,
-0.1036144199905702,0.10171792222810036,-0.07977437214155542,0.0027675747775663356,-0.1608490614219262,-0.11176537721901986,0.11877829884919881,-0.031230498322041333,0.0423794122881809,0.05609342199555599,0.10019308783062478,0.13662242128422494,
-0.2420245579686113,-0.1326382971735631,-0.0963321791044837,-0.3888330852495566,-0.1429807274370906,-0.10985963203450304,-0.21865566207093515,-0.16305541954195954,-0.41169578905628035,-0.42415540601997864,-0.12803915769485097,-0.13857653349396168,
-0.0814943969116949,0.18950556065106577,0.16650756712314976,0.17425451837076364,0.10877692437694504,0.10887203402483875,-0.07198914913393274,0.27968935011457313,-0.02390470262136397,0.12784763722082307,0.1785527490239269,0.09947231643034829,
-0.3227058638261312,-0.28065058434016876,-0.11220161153071272,-0.39173147965496785,-0.38600688921434556,-0.03367860319030611,-0.339551484827002,-0.13136960747954182,-0.2884282559740502,-0.07043624875441927,-0.513024768992496,-0.21351581264525243,
0.2378990038604559,0.10759511247075665,0.20436080829326572,-0.041154633736391916,0.13785837745007803,0.19949253156607744,0.015769266396058405,-0.04062901731300322,0.04115073583383688,0.3644433317623106,0.13201873247317605,0.14406617912806702,
-0.303744821539584,-0.22675780113340557,-0.4039014634467673,-0.16820353532242882,-0.17086232839492116,-0.2845702188521998,-0.3547585012797313,-0.05628152643601594,-0.28542627167445345,-0.03774298966464114,-0.14540305426733488,-0.1635286709881366,
-0.06306399917466653,-0.21995159916153537,-0.18774087137646528,-0.27577000434515847,-0.15025582579390173,-0.2695591335392204,-0.23538997766630537,-0.22043739644344545,0.040607615683155095,-0.3767932181254611,-0.13686674023213993,-0.27141235976566613,
-0.17092140910536519,-0.24795228576567865,-0.16933711417409864,-0.04955452214430171,-0.13299877270887575,-0.19992970831173232,-0.4683331125204554,-0.23019000091008418,-0.15345298842537883,-0.3236979818230683,-0.4169896915788631,-0.2511339554067715,
