# Pesos da Rede Treinada TxH=  0.1 TxOut=0.05
12,29,12
12,29
-0.4611810199538348,0.04766934662072382,-0.1165562569996256,-0.18102373640614636,-0.3321439483417224,-0.2478251110604738,-0.14895107416024325,-0.027273582173047928,-0.30278285438599367,-0.4295350193915182,-0.28295255188386054,-0.3415272582388241,0.3366431209191852,-0.2444615829340661,0.41012434767359773,0.4298175643842553,-0.12553096784547363,-0.41559233288918673,-0.19514325595432322,-0.4521433790381822,0.3016198781749026,-0.23361504790106544,-0.4289013353737666,0.0013614909286376524,-0.2628836292859516,-0.31372042710159226,-0.4058644005833801,-0.18748643723861477,-0.267774201506086,
0.4247313047199109,0.1238780217814747,0.46236307801348764,-0.023660689013034614,0.12747329709034316,-0.03379955734922649,0.2153988594986051,-0.0038192806466777604,-0.6248528728030438,-0.2187736826197273,0.3331254416868877,0.1527409665888271,-0.9490567630486203,-0.3281420437050774,-0.6461232231099922,-0.7503193584943197,0.38912724695732037,0.3093960252886224,-0.0806481810733422,0.06746776105549189,-0.6574570039213784,-0.12213066297301453,0.26324781395943664,0.049260670404980555,-1.0144414443673475,0.3027937387136691,-0.3845581570782961,0.08930556241560259,-0.36112200497630953,
0.22988822339791296,0.1731437904649117,0.37206886749321916,0.3732080085799335,0.05833745882149626,-0.10643579096442495,0.1278646967752077,0.27586109850260343,-0.8733497596730228,-0.25992321690669157,0.15780559965561994,0.5388656018161045,-1.0782502281240203,-0.7218086604879983,-0.7912296782251829,-1.1040955587990626,-0.042147776984407005,0.4611551450106119,-0.17683396408560365,0.2583443989349829,-1.048835690109102,0.12673357031911733,0.04008617077184291,0.21407855276366863,-0.9341684843295074,0.2480084500576469,-0.47310015017032314,0.03347974037149436,-0.15757087805833916,
0.26050924186178936,0.34943392966888503,0.1680868828538624,0.11174546076544775,0.10118557350626146,-0.3519571438308267,0.1165901243375711,0.20538856805536246,-0.9949116297515977,-0.31203470748872514,-0.00515640736015862,-0.08035036526727539,-0.5645882320988673,-0.6849604851366546,-0.7232595464138141,-0.5019621651063011,0.07809647768342502,-0.038890597415811835,-0.24267694699843387,-0.10126841878316187,-0.7078988935057129,0.0902581023849215,-0.17846482161773192,0.27453253839942515,-0.6564234876522684,0.10061667848358227,-0.5062811888118202,0.30717251279356467,-0.32692637080755665,
-0.23433769293882933,-0.06144789699806817,0.1521223380235049,0.0020224922922199356,0.06327008803891387,-0.13505221027864991,-0.28836457675235583,-0.29883346166680497,-0.5962992456757071,-0.40823620451771003,0.15178690805093506,-0.06228274895382322,-0.1872596672557619,-0.5113196008433124,-0.5099608022828575,-0.22997000021296207,0.09046860822606369,-0.17899531952776906,-0.07492018901064076,-0.07883405365327618,-0.5861959173774389,-0.16201733574489222,0.07843633640002302,-0.11464135539479745,-0.6252472560895083,-0.013210800279669152,-0.3144263017767684,0.04160209953585741,-0.5181960756076675,
-0.19648443589425396,-0.3135341530988589,-0.24940378081377484,-0.4393596922593127,-0.3131073305181711,-0.3703895006379395,-0.10716848479130671,-0.3011414816284368,-0.4022868904633841,-0.25705524053793427,-0.17264669239224006,-0.41529083772418873,0.3053564609995528,-0.49832327182114416,0.2176897844313016,0.4990808884156576,-0.37664971330236996,-0.13641111701121816,-0.544197666451005,-0.21889572890303274,0.18890429003029507,-0.1393632945225968,-0.5566874467443598,-0.38777656899171326,-0.19833712379492424,-0.3433847989348368,-0.35236729366808367,-0.14422335781112663,-0.42978990659089783,
-0.3436033792912046,-0.5644305633557101,-0.748197237050235,-0.4148739118987172,-0.37491868342233237,-0.262606937466689,-0.4750024563418799,-0.35765747263176983,-0.37542460536493283,-0.29050971900941847,-0.4269357930783174,-0.47712982444138446,0.37722035976895596,-0.2570807917467971,0.7176736917192129,0.3556423345778886,-0.21741645445771837,-0.32670154271649826,-0.3441412509928132,-0.632011820180985,0.49289262694209784,-0.1663469711856155,-0.2897211478539123,-0.5533766737559994,-0.4531020244408663,-0.33425730109692037,-0.3223093595037612,-0.4824392235566651,-0.2377028761133371,
-0.39729016042649423,-0.14538351217342885,-0.16141580942766093,-0.3610134252607137,-0.3987486628295531,-0.26361030107988814,-0.2757616333293537,-0.3471657251997622,-0.5543960765770816,-0.35999544018387547,0.0017833827753882807,-0.18105012476764704,0.04047498349532419,-0.4132708843385741,0.08139226637937678,-0.042017954173587814,-0.42419697880674867,-0.41864996930103143,-0.1292331745026421,-0.01716372840682653,-0.02318368952046415,-0.3284964096500533,-0.23613382771626154,-0.27884439299352004,-0.48355661617253515,-0.16627599061775938,-0.5415000881283782,-0.06664531650263104,-0.1759551477425631,
-0.592455956346756,-0.4827145689114973,-0.7982676231157945,-0.4912600778138749,-0.383729859663931,-0.42866182057849733,-0.42221157957160904,-0.4816798199847266,-0.6821556043427891,-0.18000099101433775,-0.4550771885148628,-0.3055244446644667,0.5424691580610015,-0.6459391067685298,0.4255164783238002,0.6387475468629091,-0.3727157162244814,-0.45004834007580086,-0.6889232685207014,-0.3429351091715904,0.7154571228662884,-0.511864472203582,-0.1747819885229316,-0.2871284598421232,-0.40082674182677624,-0.4312183538765301,-0.5250922984620998,-0.468137860674501,-0.2738029955563182,
-0.2798120773261773,-0.6756414356532866,-0.41660015310161197,-0.1797432418211391,-0.4057269225878939,-0.6561306981139304,-0.584600452401854,-0.35243203101754056,-0.8133403981863007,-0.5851767674232687,-0.6145327981239906,-0.3659953013792232,0.7745818077886938,-0.34458469322030194,0.7460825060654811,0.5171062553573937,-0.6478322175338287,-0.3529697876299537,-0.3398680431800324,-0.24963496883083058,0.5776302581347713,-0.364055384279465,-0.6375116586321101,-0.44264843155191735,-0.13747918557425284,-0.6050064647139313,-0.2864770251168442,-0.34120280472722864,-0.45175370032569173,
-0.4839786882829159,-0.25801086357792785,-0.38081173874771407,-0.4989420511221443,-0.5223075697031301,-0.2472860323923012,-0.39466033467684325,-0.6128120105931463,-0.5436426716582748,-0.4780729334005544,-0.5611451960852764,-0.5150171254223718,0.48258472693030185,-0.41753345082114174,0.39405410484873643,0.5035333098873755,-0.35895649137547525,-0.2832414047716131,-0.4694700746531085,-0.6272697621883538,0.8260193290088967,-0.5652023179083394,-0.32132595596184615,-0.6235251238712067,-0.2809964633997035,-0.653115541393701,-0.4849273267868869,-0.6799382730291981,-0.5035807959942024,
-0.2115575150766405,-0.49851471210907844,-0.45058096143355125,-0.4364121757772341,-0.3085672844293976,-0.1688581298897562,-0.4386152016509989,-0.3119235669791604,-0.4375505615306485,-0.1532938942659973,-0.4542661500615191,-0.37495829514628487,0.48511817075317015,-0.45109805664526553,0.3924748209208853,0.38542896554041317,-0.481817209228955,-0.5216056383635742,-0.3391457204380832,-0.18759615797438892,0.5503217667144722,-0.5917048398587068,-0.30173534914747097,-0.22557316862889903,-0.5358186341062025,-0.17475150420564012,-0.4681894666715626,-0.5176840714895201,-0.3159828553951895,
29,12
-0.17916603771394896,-0.14737387001791255,-0.07344563111120701,-0.07044933750378692,-0.2316207854177357,-0.13918592963630322,-0.0968101736295911,0.01101183437522338,-0.014007537509624888,-0.3093124737891336,-0.3110866132066623,-0.14910667390369464,
-0.05174815117138902,-0.06191959674654223,-0.06661205756096977,-0.12865719702660658,-0.05408219167220948,-0.3386404853571283,-0.06274050102540703,-0.10897542273692433,-0.12268000354564869,-0.1701074514751137,-0.21150464224377805,-0.29811737123275794,
0.06393473795247218,-0.05384168796626157,-0.13567636092686244,-0.08851859878152332,-0.1138420126371273,0.07379086175458396,-0.23440982764555998,-0.1679968889797478,-0.21567107939929936,-0.2884626089760277,-0.3689727719075336,-0.28632201911809807,
-0.06458778304696487,-0.14335831762985846,-0.2625518405424988,-0.11279150432300411,-0.00787509109262083,-0.18147423298698392,-0.07865834618825576,0.016939000384624908,-0.28500243220916616,-0.010696786595656366,-0.045979279776986196,-0.2918572286951017,
-0.1842929746402454,-0.12029249682063271,-0.15130679602170166,0.14785965285903493,0.21931715840449528,-0.22563263138936915,0.11320570824334675,-0.32587822496484115,-0.24192538592292762,-0.17663470713105725,-0.07373267229548597,-0.1731808875757014,
0.04714882436828101,-0.15959195588948946,-0.27251067199536494,-0.10303492351877265,-0.14353252326098379,0.18945323708220452,0.16442656790214358,-0.19426966137209206,0.053729256336938036,-0.14226262443762408,0.007066194982307245,-0.09701679084556639,
-0.040791279995840216,-0.28779808118445716,-0.07605975175324739,0.035952647949119745,-0.09760716848604879,-0.218064117982076,-0.13903680327701534,0.1390175778846043,-0.3150239795193386,0.07179194059919233,-0.11105699002945679,-0.09452385910173795,
-0.20477959185981967,0.11429501298827674,0.14910950578795967,-0.1300139740112301,-0.2134664731254795,0.11881121007007554,-0.15018117765127822,-0.11304482447172964,-0.006291790886152223,-0.2266004158246948,-0.2611538239557864,-0.16030376658543144,
0.42107584961753247,0.28087220383961975,0.128151022356182,0.09036376328382263,0.21592526848199303,0.36599889490755944,0.04207020215969897,0.5261167420523688,0.48030638047449553,0.38098288336700603,0.42501236518952606,0.2597798779311665,
-0.06942011024075201,-0.22938246126253756,0.1386105414437229,0.14150828494542497,-0.17761682052154257,-0.12018390352889681,-0.025690834304724363,-0.24667834159444,0.22225517746953266,0.20713750979957796,-0.01607630571468343,0.20762818437915334,
-0.13256338357078626,0.12928720711908392,-0.20504141612144167,-0.308578769665675,0.11890399514710609,-0.2407034053822601,-0.26731829630016263,-0.14435764022995012,-0.06098677136181638,-0.12428183759090913,0.017858713786822307,-0.340484060756868,
0.1867912853940064,-0.1530231768630139,0.031813557366533386,-0.09463615386501317,0.0758081958220187,-0.29570559853508893,-0.2684552334813879,0.010239231078989773,-0.2231520899618237,-0.3412747743782855,-0.22915313315890254,-0.10755525809875169,
0.137608139740885,0.22218342866826682,0.1888234208949184,0.3658540661282309,0.4885053411205629,0.216605729150432,0.4087900389148446,0.5637684851125809,0.4347418247449686,0.296118699046992,0.4838211940758908,0.5935564630843373,
0.23345651075128185,-0.17895683193804277,-0.10829035390835376,-0.20490843734020514,-0.010959086910621413,0.014069255799685248,0.2600723973053952,0.3599093974206815,0.18696142232312057,0.17034481081545697,0.3170211407416059,0.25037765766410097,
0.527256671750387,0.31951433151999614,0.5859827501511963,0.32558363613767444,0.31946955388089265,0.21494959361582375,0.42271750173073797,0.43107400681444996,0.5438527487102971,0.30101648992330915,0.32502888303164396,0.39011954247929553,
0.42679373821825983,0.2741064361872944,0.34639203532826424,0.3528206040540723,0.33877729066323853,0.541922133974782,0.44110222689703493,0.20967601801508506,0.37331607817322254,0.6236381950677992,0.38006597088728233,0.24267326425101268,
-0.27031229928457773,0.0418541039966992,-0.23654135006835333,0.1532235577116503,-0.16472077187183568,0.012170366619354084,-0.20742844352910247,-0.162571840904012,-0.2770714406040396,-0.1591776761097902,-0.1374852740052712,0.10812214523380846,
-0.11511118874370081,-0.1685727492823452,-0.14565211552467489,-0.2146278945521125,-0.2370875879781225,0.10369310871523944,-0.3290032071339918,-0.2599678427065317,0.039732952543001965,-0.3468787762813406,-0.06701318659022554,0.11269805801147312,
0.17583604223010246,-0.011990600008951652,0.023155772616803256,0.005037388193128303,-0.04848506523012571,-0.13673505820749457,0.061471333185236274,-0.10448298208941713,0.17171560852498388,-0.17742073563488792,0.0013686263032365487,-0.1278635179471685,
-0.0916388302311321,-0.2066779532781246,-0.0807974387784387,-0.26628755421443534,-0.19851937308455217,-0.008113664474408384,0.09832692261360121,-0.28734612285632977,-0.3203535201201644,0.11090703137128688,-0.17480441877453326,-0.12409710006448638,
0.38438535428624154,0.43659159763991034,0.29705844074487625,0.27088450572687245,0.24059539072861236,0.49565924545985124,0.28794933512900317,0.42265392628349313,0.33787681618973187,0.5232013565666518,0.5268954136600339,0.43235590437366433,
-0.1561318802388246,-0.013218886351919569,0.20398709110760882,0.0503668412059768,-0.2450455682425495,-0.17503083213627627,0.007368853506329605,0.043243141275520154,-0.36888348758346423,-0.18345375765194033,0.06632707447510203,0.04929235648571944,
-0.3452792822614592,-0.07987763242756041,-0.0768068686715139,-0.06224730061019945,0.02460620945039721,-0.20664814126839534,-0.05150696945104328,-0.029638495755518187,-0.08751902314384744,0.03847375778498158,-0.10529473932742109,-0.10553298412670126,
-0.25248206108569343,-0.1457283186129765,-0.3005261821507474,-0.23991663088758935,-0.08819527090784887,0.05074648866315985,-0.3135697398225956,0.1170652517850854,-0.16554635895145745,-0.2389388954504573,-0.0990521069347339,0.013114323611515056,
0.09348517938352242,0.20278183596715285,0.23795869348797466,0.04735903281879007,0.27108623468478815,0.08267367574999941,0.2569582853166146,0.16818999904730533,0.29124136893343794,0.3132256232881583,0.026844635311888434,0.4551612953815789,
0.09770863049767509,-0.05354598091915073,-0.03413587805473161,0.007292300655706989,0.11022201057435808,-0.12284909394809809,-0.17216955501101824,-0.3401068136748589,-0.27269463936892496,-0.1858746799070467,-0.34571246888732915,-0.15240306924984123,
0.010102644320028583,0.15833069401790298,-0.06590360288437884,0.001819707607640891,-0.055837254039532824,0.08732913076703544,0.02780863441936154,0.17732996246360322,0.1867005684149823,0.310844458899368,0.2540400569743178,-0.08805490667622981,
-0.3004124180729751,0.00681061793440285,-0.17270795166542235,-0.01458638836722345,-0.14579109384612907,-0.26821562073298993,-0.04633450513415525,-0.3542950600734763,0.015497886277583679,0.07760964453278285,-0.14575123355799574,-0.2390283612981381,
-0.20130500206522747,0.11806688216629942,0.18740073554447997,-0.03274407179261212,-0.16355400539746698,0.26164457875952457,-0.06715329855813433,-0.02420983528202297,0.005460923085823339,-0.03783288895452355,0.16250821729377352,-0.005849917248094145,
