# Pesos da Rede Treinada TxH=  0.7999999999999999 TxOut=0.07
12,12,12
12,12
-0.3857398626826764,0.6003001453638412,-0.5118377889525326,-0.22479504197902023,-0.3868272683218169,-0.421419809605002,-0.10401273535353181,0.4687709557008857,-0.13875222215855493,-0.22594075298518176,0.4965256766438946,-0.2975008183287844,
-0.3096705868056754,0.2004232135190734,-0.41817821758191903,-0.15204429135557304,-0.30646739552296837,-0.3498903948606755,-0.29478954494308807,0.33127215630710655,-0.4474733820681952,-0.34969042251138377,0.15415760816445123,-0.36497631122934315,
-0.5440297692882797,0.6536529412094529,-0.570679080540559,-0.3512533614197938,-0.5577065424561297,-0.21475891711696832,-0.5733832284550312,0.4383466343096728,-0.3119046279778137,-0.6093169669466537,0.4564050914751683,-0.5846561073222265,
-0.38434682475805565,0.22622450177474435,-0.2831281748253193,-0.0034220259713231816,-0.47190514728211624,-0.4035346751652684,-0.46531447856371644,0.17766289763220683,-0.5219308569703268,-0.5611762945062349,0.4040470960636734,-0.3935339860209344,
-0.2881396408256327,0.5827429951791461,-0.41946382952749534,-0.02128072619117967,-0.13435833991302412,-0.5595098313093727,-0.5138922364841638,0.1851841508892511,-0.582342575943155,-0.4848971814325572,0.4667360372659329,-0.33546850366358555,
-0.34152047635258415,0.4379963538775096,-0.33461065523487765,-0.2440736046764172,-0.5056006463558801,-0.24926944240971324,-0.47766738040957496,0.49796657115889076,-0.5923469379936378,-0.5251300614045983,0.3040900869264263,-0.5053228374571591,
-0.44215857019648835,0.41660812117788154,-0.33291503993136856,-0.3251052402843958,-0.2865293907219354,-0.6354592338009728,-0.14920680282433002,0.5656078358019758,-0.278854349653791,-0.3225026383544628,0.14622476429883186,-0.1420371596662224,
-0.6121674720268627,0.11179383292481324,-0.3632406516915015,-0.33380357362254226,-0.580855100588921,-0.2815020715953564,-0.29015870994672427,0.6175690036964727,-0.42508719410329227,-0.6502945317323431,0.41271109614810253,-0.25191004947794043,
-0.37826752096771704,0.3077422432663515,-0.6324104779804132,-0.09643859416128035,-0.32029117185615813,-0.34458048042507916,-0.5869054213559088,0.4111713120992569,-0.5071860725657502,-0.4021762493295014,0.46500104868419867,-0.4211329103472322,
-0.2514370597078212,0.340794861520702,-0.4185029670904221,-0.23832971831648445,-0.4804381644579753,-0.3491180508178264,-0.39944685641841365,0.374445694958018,-0.2725835578059334,-0.2430189808822521,0.5215185296115693,-0.5570444967476874,
-0.2217258230166858,0.28926432838918886,-0.3020078243981615,-0.5046547106768602,-0.40958747501359344,-0.36466676620474536,-0.3374439048294807,0.10167839080916528,-0.30383459783318006,-0.37147438677330924,0.13754772839555804,-0.18608776803074126,
-0.3112783323242487,0.31901056313142256,-0.34016420801890157,-0.32421747606079593,-0.45423599229087164,-0.3247048240308318,-0.5933932655436899,0.5595858290631375,-0.5114007389960399,-0.26495701971279817,0.43368236715387304,-0.6418062266476279,
12,12
-0.31829727900586324,-0.24070703891725315,0.023157607209817445,0.04896618011775769,-0.2504817886740628,-0.0603070246680407,0.019638258236764416,-0.24940091215123775,-0.17799127122906191,-0.11446341690603898,-0.04483974038623455,-0.14534909440364613,
0.27898279044967245,0.19247585941112164,0.29422860724104755,0.09700959493086467,0.34723426236152105,0.2795196820286183,0.3154579247698985,0.16764160385897078,0.01944891058080009,0.4381215914454161,0.14214550114004526,0.22219096532794236,
-0.20133258936311704,0.10424087474605465,-0.14715594074536853,-0.4044783659306217,0.06180092591042615,-0.00106658831887891,0.04864099013941756,-0.031871315492437755,-0.14659804854464006,-0.2968419944102326,-0.23190876425026782,-0.04169677022313577,
0.05332998936984596,-0.20317592384755714,-0.15259445200303504,0.05166487024366425,0.04713369111000081,-0.16651871413499078,-0.11336874335735846,-0.13686806343235583,0.0015481849824942092,0.06304473673126126,-0.08551304834047864,-0.00726690920006447,
-0.15560105372131378,-0.23781989592018632,-0.1908143280513667,-0.03622573787383321,-0.2960800640325793,-0.10759387030979113,-0.31424245778352866,-0.021939635749169264,0.029424615073159216,-0.2471020371892048,-0.05208709202561009,-0.3978229570376649,
-0.26275634967433603,-0.16666257993110617,-0.025526878789303556,-0.16516117825938897,0.013928645147318152,-0.03448160454866388,0.06895777561536637,-0.19922157841279203,-0.0099883793546008,-0.3102818212624625,-0.005242631009760464,-0.09882088400750685,
-0.08611157555761031,0.15848359872765588,-0.03454770381251691,-0.07709863986577598,-0.15280991041048642,-0.22325627699630704,-0.31469731331152795,-0.20035328044287912,-0.43297727801193603,-0.07894156968886494,-0.2458191409068569,-0.21031836355253045,
0.418030713888466,0.267009090528283,0.03963520973955154,0.5071407177216599,0.35463048540745723,0.19869629509311465,0.20070155946169244,0.28130683152279645,0.4473471608859983,0.30115637128864764,0.3709437353426964,0.2942178069960075,
-0.2788923334682987,0.05549876882008686,-0.2732677378997888,-0.07692350022407869,-0.18580806449097015,-0.15459105145007251,-0.3902624143847387,-0.005976213328227344,-0.1626785907543376,0.046625631942394455,-0.36668388792699563,-0.16753425211591572,
0.1037877742869779,-0.257999493083504,-0.11823984286573787,-0.2880613279005795,-0.11547639603446301,-0.1870138042056171,-0.236024591690678,-0.24419460203231674,-0.30642863728590014,-0.32862490070789574,-0.27298505824487107,-0.0026002935986323803,
0.08114065681135846,0.22857293712163979,0.42970777903313273,0.119047949549454,0.08058560008254324,0.3099556139595701,0.290969928090004,0.3827448736506944,0.3463172784545382,0.10565610706201914,0.3205004874453962,0.31213090254488673,
-0.05205316453752202,-0.1457525258096519,-0.15065315582035688,-0.15764511746857035,-0.24077865125264647,-0.22475838571715862,-0.029168398380611048,-0.15560589096541114,-0.12730679642642034,-0.09055870577996976,-0.051078196453047994,-0.15639088204222282,
