# Pesos da Rede Treinada TxH=  0.30000000000000004 TxOut=0.07
12,10,12
12,10
-1.0414587298258722,1.5360245054995612,1.622513126692033,-0.5131451739457157,-0.9655882388035794,-0.8735100418086417,-0.737762017232857,-0.760273139340694,-1.032171615238006,-0.27698018900230126,
1.5479469819312657,-2.8475525086509026,-2.4893527178916575,2.072188480422669,1.5170921995250275,1.6739243402712833,1.778755071486555,1.607972512617455,1.6870220729384424,-0.02623769416092765,
2.236017811337436,-3.4109326393434194,-2.9004273444510753,2.3917710904487564,1.8679569658072346,2.0300899471116285,2.1893486618970996,2.177008469638586,1.9816532285398076,0.1544620645752369,
0.40691401762309576,-0.4073985731051584,-0.7886090640884376,0.3835150538813165,0.5110411775487402,0.23430059743403706,0.2627208536227058,0.2796428306896232,0.5008277218616057,-0.43156130545103283,
-0.4022358639224312,0.8209247044004785,0.6895250821582278,-0.4364132700226213,-0.3897237858464369,-0.16800387703231048,-0.298233147319012,-0.311307122436347,-0.5330221471851497,-0.3323231399199466,
-0.7622945815797395,1.0642832688117203,0.675081174612322,-0.8600174784764902,-0.6819836849340964,-0.4920582289553742,-0.6997967390978849,-0.7580344872591155,-0.700645147599335,-0.264424916392912,
-1.6659585710765,2.6216603477261806,2.1977846197651583,-1.8017377745436292,-1.5316371683844319,-1.8226826177787454,-1.777740091971943,-1.4195450421537257,-1.7216862432350504,-0.5322855741728278,
0.5891013903669525,-1.1289815057388362,-1.0495457036645066,0.6710696127177265,0.3087665781661148,0.5835966290374711,0.5931106447680918,0.5197102597350591,0.6825714937517111,-0.4344169286119676,
-0.8550747209526045,0.9300877015848146,0.7121423250207568,-1.0226479975485643,-0.9266952224263525,-1.113188305436934,-1.1845927664351246,-0.929701299721448,-0.6756760341526118,-0.499823310001058,
-1.0651306962012788,1.055980710745507,0.8961178389975645,-1.0376231736436274,-0.8441568211509296,-0.8426244463327401,-1.114344697898662,-1.0551766259644444,-0.8091002360265042,-0.5307650043836734,
-0.776598495317863,1.1368027118623867,1.010578549037115,-1.0664454691744114,-0.7369934143234776,-0.7236202292741234,-0.9089860809560255,-0.9763483184892678,-1.1561015406510253,-0.17031947179368975,
-0.7837796198257944,1.1350643144367456,0.5200809090355244,-0.9822982430975726,-0.7433857516687651,-0.9705106691031401,-0.7543039784011072,-0.969917578400042,-0.96809253724713,-0.3777337022795788,
10,12
-0.22290289838455637,-0.17499398198589583,0.09404874609025422,-0.2619014893176695,-0.18548845226637334,-0.3315334009516233,-0.07463288752209962,-0.2282428868298543,-0.11241579513533864,-0.14131757392270342,-0.2302785030118668,-0.19155518672200822,
0.6172953599823471,0.6668297015033364,0.6465054373523391,0.7327328789116444,0.668509408426849,0.6829778530060385,0.6719440323213107,0.6531867035758291,0.5720782160311636,0.6147128054461574,0.6550179956649625,0.6286115998816414,
0.386421718589325,0.16288820405448615,0.3012182393119797,0.1457711587487402,0.30354622043339036,0.30045493238655785,0.3661492140379445,0.41685257658611946,0.5118641119376263,0.5243214166431143,0.4378224321380003,0.4628808331175722,
3.025040269711394E-4,-0.04678233323819059,-0.12524226966468513,0.07136376477632463,-0.06683252473015587,-0.18837701383300792,-0.30287327714979495,-0.03843495589870016,-0.10705822869313421,-0.4678734660102913,-0.3247443429135754,-0.20220837503652134,
-0.21755604028943146,-0.006941117930971318,-0.22777871953312803,-0.027317925257842407,0.05458334537065695,-0.1983649021643276,-0.24545545214448644,-0.13835319518113395,-0.0683483872192469,-0.22888659345756057,-0.2071922163806576,-0.22490985000627245,
-0.3114188052701772,-0.1808369938579515,-0.13448390778787006,0.032906448752215336,-0.0026848812071518925,-0.2556007432647919,-0.33174902289600383,-0.20382712781572457,-0.3682497485364015,-0.06052416079353198,-0.07307894291492768,0.0032198979547373428,
-0.29554614760267184,-0.07355446163954137,-0.11498660480687979,-0.051953672436103056,-0.3289714339184734,-0.14278236737382494,-0.05616030576336158,-0.42262251243233506,-0.17144043522297392,-0.08121942554736188,-0.2040631043638368,-0.13621934654750126,
-0.20451333111243994,-0.16447052393725844,-0.043371386303765885,-0.2459479919974318,-0.036235104520819114,0.05738639456614786,-0.17573805597544728,-0.029716903323994313,-0.384385203540322,-0.07379112388135628,-0.1494644805852039,-0.4504917832985276,
0.08368672844521122,-0.1134632401099118,-0.27500733207613154,-0.347362776233191,-0.28782564370555414,-0.06487092012649408,-0.04378902023555697,-0.32578616915126957,-0.14879767894452176,-0.3268369274884308,-0.24576970184013347,-0.14355574163419552,
-0.09775956148066034,-0.3386751032679935,-0.38557969649459684,-0.36365965727977506,-0.4337959910592728,-0.08287473679849572,-0.03318352858824918,0.06035621451007523,0.057873791868140255,0.008467142831561253,0.11179730971689623,0.05454861545319862,
