# Pesos da Rede Treinada TxH=  0.1 TxOut=0.02
12,22,12
12,22
0.13327517982781178,0.1516654763332271,-0.10338035648291895,-0.1485481931238993,-0.2956000445333346,-0.20105282563923846,0.046610419664926545,0.2301538719781608,0.16135008135693915,-0.20944697402399276,-0.13317392590981894,0.08841101366042016,-0.1827119041601567,0.12658459398434094,-0.16934669062089203,0.2847706898546022,-0.4213906394244801,-0.13687089600909935,-0.14402024153540322,0.0307449612857634,0.03054466282289783,-0.042708655397838725,
-0.12034122267162489,-0.08322321140098611,-0.059620188776496816,-0.038809601108231624,0.01913073862895628,-0.1654089724698172,0.15576131547596123,-0.14890822665795428,0.07369236162827236,-0.0663516503076261,-0.026819440032028928,-0.18688734979242227,-0.07802606623454832,-0.05786819808131663,-0.17039829344333218,-0.061432433016949076,-0.10919286823245673,-0.10182992199657316,-0.16844911031123833,-0.10826439900923268,-0.3061032633296991,-0.040936689207869144,
-0.1960410356859538,-0.05363310994285889,0.03708607334380969,-0.04390688792922134,-0.06834552189865228,-0.19623707604919793,-0.06564069983879835,-0.314918968283276,0.1343209135115915,-0.02188277434343462,-0.011328591017328901,-0.058060097233121125,0.12511010410658932,-0.09622366848793545,-0.18427526443705902,-0.2663320629372322,-0.014258327796220828,-0.08321202766525894,-0.22965373129447625,0.08331014899262083,-0.08845684371715497,-0.2762461875350117,
0.03204526378157257,-0.23952151338953087,0.014690269623660879,0.23289000590458178,0.25596710788829935,0.03586290287154299,-0.10465001934445135,-0.047247858491933734,-0.34097901282176596,0.04250411004397271,-0.10053324092294147,-0.15678939147801602,0.158387606228211,-0.09553520236675257,-0.1649029067674645,-0.15643893535786826,0.14256461203999368,-0.24568090537561174,0.042451092371346096,-0.13090812698486284,-0.2398692827625016,-0.20570697082596737,
-0.23044678898351437,-0.004963572794574939,0.12969332456019186,-0.031553329262470654,-0.18653386283314188,0.10212671154259537,-0.07529781750170844,-0.0796493768715907,-0.003928658555359476,-0.09403514872246163,-0.2301334947167169,0.06663338828119894,-0.054933525290049495,-0.30326101655541166,-0.2071088704589137,-0.07372248081808355,0.06562523366683563,0.06581267648476069,-0.1217541302527792,-0.22713059894184734,-0.2731497772816576,0.1462931932971295,
0.2279348206903401,-0.24236993405795915,-0.2363105612062919,-0.22257252054826035,0.136243134602713,-0.08474149358433536,-0.02199535285631774,-0.05737447932918448,0.2020550094350625,0.11311538484928925,-0.031297764798075944,0.22178842688111755,-0.20326515411474075,0.3529143887397147,-0.3107921047740551,-0.13177600298625333,-0.17948651885613975,-0.11339557628197511,0.27707742597787216,-0.05599871278712282,-0.09003239052737348,-0.049795841759666525,
0.21958091061616436,-0.22295333904743303,-0.3596803942341412,-0.12101399033857993,-0.35361386794540284,-0.21661191381925077,-0.24819381721361128,0.05245713013652915,0.030119187592573676,-0.07450499551502238,-0.14287928068518443,-0.011799558759448646,-0.19588938547746815,0.034363755715336265,-0.32445979063217906,-0.061436143322906776,-0.44028989030732923,0.06548627539812593,-0.011996374826999702,0.08703234490654839,-0.09838257658520183,-0.34825772097159446,
0.44232320477476533,-0.12599465192655018,-0.10086077327005025,-0.29486595320591397,-0.31029030859611045,-0.13694276413740708,-0.3087706480037025,0.0249921853818955,0.18472525345005983,-0.1266102175704444,0.20430055603793384,0.14542176446089733,-0.2196776844387627,0.213627790872781,-0.10781312288947424,0.1853812442021658,-0.2445739114168906,-0.35039228757914564,0.23223831299418762,0.07006853333078279,-0.22245521920190964,-0.2651113163917939,
0.4244449914442526,0.03484761217634765,-0.12768470398977277,-0.38149221438673137,-0.41812379845083936,0.039170830254994383,-0.2189142311929956,0.609168149448467,0.3048314573815162,-0.3483822268142571,0.3388444114955339,0.3022395729970694,-0.28597035639066587,0.21513667281735446,-0.2810186730370783,0.4361983900330041,-0.13076606560205967,-0.4265365023873331,0.20317646139072065,-0.015433159370615464,-0.4259569535757905,-0.26054414429788175,
0.17930316780318548,-0.13656764333681395,-0.48726056609333335,-0.2422242105188811,-0.3153891672196312,0.33338303189274593,-0.2663051393022525,0.37756029357159226,0.02462711545194043,-0.34703497459864974,0.20497117807702941,0.48222975150967584,-0.29202032711678844,0.5441635783121258,-0.10168785731083166,0.472351019090417,-0.13941900008451788,-0.11246008773745325,0.5305002724521087,0.20109436519029816,-0.0965612468356208,-0.1064651205455896,
0.14149294828709352,0.14984089548063925,-0.2176241889439879,-0.14735617896605943,-0.07231860993719953,0.24652145248212054,-0.404865773755505,0.41346397491880504,0.14888270948078275,-0.387122676515296,-0.09135276340349013,0.13808553368970408,-0.31347247552600294,0.4546348551851702,-0.03632377582880645,0.5468111816045924,-0.43824904308189216,-0.2587945006016769,0.4631865399130868,0.17578849304734565,-0.027949025981910573,-0.13615632040448386,
0.17042868658467752,-0.10210845908695315,-0.21943180773030324,-0.3458600092360711,-0.21376452946136307,-0.13992524150414645,-0.22681325582985154,0.3853934253476996,-0.013266965595145293,-0.3442280765374012,6.922834568415653E-4,0.3599057953832702,-0.1840730590657987,0.039314630815518385,-0.20729129208483585,0.23087810009423962,0.009044488374480356,-0.31108636053799205,0.2850355185203199,-0.0830398731752013,-0.4647805323251839,-0.35309744027466117,
22,12
0.15257506619765218,0.36550796892161386,0.1288959013447805,0.23370597034252907,0.09505974229651973,0.1508106167923812,-0.1100983940020539,0.2693607035381483,0.3364217384351666,0.3678877748007468,-0.008705602780064731,0.2263744825036961,
0.18983944720943247,0.25788668537363013,-0.17138637802665496,0.19294571004177588,0.056631819641532924,-0.20366123071205003,-0.23858454450989125,0.2254842271453486,-0.1133998944445136,0.07036180038443787,-0.1422887100237769,0.23102971439062733,
-0.10634323840606008,-0.3398380983647492,-0.3290556380106839,0.031218033080920606,0.07914986413548077,-0.20903375646369635,-0.007197284742519998,-0.22068696284136513,-0.26477948089986464,-0.3679073927907118,-0.31780746534849996,-0.34895045427190086,
-0.42235785110729257,-0.1120455320453476,-0.40808105825774776,-0.1419705122633631,-0.08052503991436921,-0.15805921537491752,-0.20908193974630276,-0.06827774877625002,-0.20103237976840868,-0.12498187724483693,-0.12847525584779468,-0.26359594467130404,
-0.1361373393938969,0.032332246654961753,-0.055473716392167687,-0.3610751201452986,0.04926925184205984,0.006119330621825603,-0.2833538051317429,-0.3468867668017075,-0.059455949129332844,-0.2562337167259121,-0.1566962265979517,0.01763454365902769,
0.16353914243715587,-0.0032061063193925504,-0.03200781651984285,-0.02289227224790169,-0.04916845667581885,-0.046116978218255895,0.11244386092450684,0.24492081017113085,0.08063805212867754,-0.1563754559286822,0.1621126047904349,0.09107183582995307,
-0.19924481441944614,-0.252755077568474,-0.1159318165750404,-0.2506759997747829,-0.20152463676896976,-0.06766194315284556,-0.3263551770065778,0.05413637322489512,-0.1575213804950304,-0.4163836275194541,-0.20940694520148093,-0.3496895155138546,
0.4393491419822708,0.34178230622661127,0.14102543413137597,0.3005606030135685,0.21185386688025404,0.2446496568588654,0.29070015425091306,0.00809314385477136,0.22111129240352603,0.40748553159189627,0.25021670251990297,0.07386164650271432,
-0.1258424136148792,0.08295422695679136,0.2544085146787479,0.21732587432262368,-0.02220195761785882,0.016902948617754515,-0.11592864362052388,-0.0400906404352453,0.37428573406923266,0.10402564605743984,0.13575446533002067,0.20182661836969393,
-0.1315452100079713,0.015787732185659122,0.08154408499786901,-0.21184231925024347,-0.3269596600934324,-0.014932874843974755,-0.03087540172232634,-0.3414790831782031,-0.2965142596060805,-0.04092028100276703,-0.19873325346953483,0.07728341805856788,
0.21646601899781512,0.0448054468598146,-0.08225643540947017,-0.14905825006953757,0.06381945766462266,0.15787762631063687,0.1287709170553479,0.05118388654186514,0.07336833580332588,-0.08631040974649203,0.003172555634739062,0.20355488500516922,
-0.0319838870413524,0.0545100869822129,0.13167859376103247,0.311817215886047,0.3794541421504295,0.3165166421842244,0.3978856888896485,0.30539288224878847,-0.022106415822413204,0.07006202946798443,0.32409774631665295,0.06767428533343206,
-0.04815938683162696,-0.3243163580330673,-0.20336773095304703,0.004859201998126168,-0.3233065803139912,-0.2279480239342686,-0.187779939899614,-0.14954095108463392,-0.2664000778843411,-0.4018661991602584,-0.2579046261501775,-0.36340991992626714,
0.2577847967040263,0.2293938037136999,0.3374420051004852,0.0352310258145851,-0.024624370487101255,0.18374442407752534,0.17125210153266338,0.21839294696673242,0.3749989529046659,0.18476516892989492,0.24770886825605337,0.37334299135279325,
-0.29468727323391497,-0.08478910021731081,0.10861538094274623,-0.09912651254244777,-0.18576224788469578,0.12922537649948243,-0.14318470014374854,-0.03894885825071949,-0.15074239823703126,-0.11416886533278413,0.06327118913759566,-0.1276882863173402,
0.007456871163169378,-0.04961745000410289,0.35692422758687414,0.32892724675996626,0.3713764728252925,0.17047932095990087,0.2757114071279337,0.16084231373544486,0.10083958200196497,0.320612654679346,0.14706025943419515,0.3629598862574838,
-0.15251671738689243,-0.321902315717745,-0.06466949616481546,-0.24677926548777376,-0.25231891214398233,-0.22707311537510885,-0.24546255450358428,-0.022781432614179926,-0.2066795945444616,0.08397188604454914,-0.14360681575175194,-0.035937083009573094,
-0.0248518775614053,-0.022393422344856386,-0.015678040010386786,0.02828174114511533,0.08439842731718111,-0.167186636524179,-0.06941478865034906,-0.20115702755482345,-0.01903190816406466,-0.1633527090393218,-0.1338315138021694,0.02725341706768928,
0.3541475236180807,-0.012506671381634957,0.2868013092889771,-0.1101222430588834,0.3756031385927797,0.2466297657119974,0.30905521387095547,0.29212133907889964,0.1565277826131157,0.07133419790437337,0.26185794675785545,0.029262402957418707,
0.06504487951442299,0.27859980950784485,-0.15471491691460726,0.09728595490561756,-0.023722316280100686,0.04517117471332179,0.24510561126913694,0.028033975239322564,-0.12219905980904221,0.2205521121140633,0.17209910415715193,-0.10677842723783698,
-0.21083288365246344,0.0032643199781605607,0.03779521611735472,-0.22886710046364134,-0.04905639945739337,-0.21569804743982596,0.19237152727052514,-0.23794810920829385,0.1802719618880689,0.13109996558768408,-0.18301612721908822,-0.27950659896224334,
-0.09467262866889173,-0.2799427491130747,-0.31244399333741263,-0.044910614827543015,-0.3224589098190737,-0.2058368841324783,-0.26291311961037656,-0.2975779941721088,-0.1177362942910357,-0.01935334093444529,0.005548408315798952,-0.19561554779428603,
