# Pesos da Rede Treinada TxH=  0.30000000000000004 TxOut=0.07
12,19,12
12,19
-0.00900427093165544,-0.2025383686051625,-0.38495912555565626,-0.42117367019600643,-0.4200596403674316,0.022116573830938513,-0.102359115854138,-0.31971681115694217,-0.18160341146007306,-0.11384054423777891,-0.2690056682637161,-0.2821171848981657,2.376946148029473,-0.3078690131172051,-0.2441343931959366,-0.3414220481068415,-0.34560320441286607,-0.4297406217065526,-0.15377287697360412,
0.9149341300812212,0.8933676989339903,0.9701564896566112,-1.294896785778513,0.8985636499935373,0.5895785484147165,0.8838899042474446,0.7484170319801753,0.8105155022323299,0.591122905059935,0.933269061000469,0.36314603919753635,1.4589495413996107,0.39791847107760164,0.9680222239657481,0.8253284991113748,0.48356044813790267,-0.4084084393614544,0.6935049384597264,
0.9244779693146034,0.7748169325226566,1.1051955774804623,-1.356496107352209,1.0746169263469094,0.4386870174614288,0.44607803295005216,0.7866068223337924,0.6247686754839185,0.900157587909741,0.5222891405139353,0.46842696207507056,1.4472513785527477,0.5311584048267034,0.684027335574592,0.6695781871472591,0.5619006918343463,-0.6616524999240392,1.0551867169414118,
0.8385027763020817,0.6964380778745547,0.5585439014333676,-0.7041469226332853,0.6113552657316007,0.26231173216152653,0.21920768092776124,0.7673682233852132,0.39993324031275596,0.606398482741282,0.27212949560413313,0.5541166727041196,1.5542608210169588,0.25660998658748246,0.38463735135603916,0.36969188737304626,0.28618417750005404,-0.6935198970908159,0.7113343621610732,
0.5165502677077224,0.2601100970531776,0.30565798038388287,-0.556429781089377,0.5019960228860844,-0.02634709539153038,0.21164579061904526,0.23648529173029584,0.14634553120823218,-0.0035401724770062555,0.24800483159172232,0.030117384443787587,2.0985493112615408,0.17457238073937265,0.07809182843389269,0.07371772937204606,0.3638219389004026,-0.8232457423760889,0.17358254366498838,
-0.5611876866553337,-0.6036042302277904,-0.5861024389675575,-0.3499342209814264,-0.6582274809830524,-0.23151700322944815,-0.1998166923494773,-0.5308345056110897,-0.40888327202207425,-0.4620753641125432,-0.19757712223421756,-0.4855523126467349,2.1318566962213117,-0.2737496445140061,-0.3856190688324793,-0.5639064956808219,-0.22626881163819199,-0.48296347636320347,-0.42029934939620134,
-0.8605567746620689,-0.7638249872540934,-0.6382264143123203,-0.1504898466032363,-0.7388105997149347,-0.5382656069294565,-0.46995240921857195,-0.6969257782003656,-0.8157644536739834,-0.7291302784963309,-0.7337883808448153,-0.5971463056383642,2.5091135805208014,-0.6159106197461808,-0.5751419513358561,-0.40269572439683465,-0.4835124168320045,-0.4486772196808348,-0.6121774640470729,
-0.43594109157203237,-0.45664537164300617,-0.4383206400938316,-0.6916040392036258,-0.2094560920879502,-0.5916808481368634,-0.23703856956943997,-0.07325487812659046,-0.12613892703014948,-0.16817273331626925,-0.20466667827369725,-0.3791062158780753,1.7963097263816332,-0.021358440836603248,-0.09125562420056071,-0.2221211634604753,-0.05476271533126181,-0.8261796765511932,-0.281304815505166,
-0.9813565060488302,-0.663942708008903,-0.6821889780891393,-0.32333136812136193,-0.9752200696984613,-0.6068113771689587,-0.688679001405167,-1.027853823204573,-0.9788330672395862,-0.5964449383906265,-1.0504343498893522,-0.6128140184894545,2.516243899192588,-0.6021654297665893,-0.9292291842891358,-0.6924446508162244,-0.767801768402876,-0.5135193246688192,-0.9700952628615923,
-0.9388337428973367,-0.9084078249731987,-0.8282142083646777,-0.5296488592325715,-0.6893306897212946,-0.4999408371286597,-0.7772363348629657,-0.720235506839627,-0.7942600838063372,-0.6676808239109202,-0.636737664090363,-0.5802235866394023,2.650797318681944,-0.9487188354607923,-0.7112676620210326,-0.9122437268314174,-0.6245321522025228,-0.620523334939,-0.7766965851164767,
-0.9221782526500943,-0.5229622546042598,-0.8059705732567358,-0.6781621231118273,-0.8443526933835582,-0.7888546877955652,-0.9316059298999223,-0.9225444189447073,-0.6107014376381599,-0.8753930003660817,-0.5606628541691182,-0.6366028086436651,2.2956409408029663,-0.635386012032399,-0.7077840333454756,-0.46159378837263587,-0.9439359958485367,-0.7012509239544801,-0.7248418519814968,
-0.5173419791151388,-0.6662697543848709,-0.6742577142742223,-0.765187491203682,-0.6479384840440652,-0.4847544991927143,-0.6171619578562586,-0.43320491349202156,-0.3092305910025792,-0.7407345341433469,-0.5587167516829057,-0.29129671471469026,2.588555726761074,-0.37802269633849345,-0.6486558153109006,-0.6126949749825368,-0.6438892642483521,-0.8490187068728052,-0.8171936508515801,
19,12
0.013664951226747891,-0.0742537031265011,-0.27014788886569663,-0.25483725632430704,0.003842996808234005,-0.30219576706192197,-0.3784397556709304,-0.20656573995658845,-0.10993373953861113,-0.11944332946485801,-0.285300271977815,-0.36863873746485404,
-0.08958499387416366,-0.15840211466898155,0.02125824465886704,-0.3579128646046649,0.022440428117910954,-0.09659331981151432,-0.46037776859109303,-0.18581894430582485,-0.15306773736401064,-0.21743161582107176,-0.32165059107410315,-0.10442474489097318,
-0.4843381455391409,-0.03352305978222863,-0.21268169829541853,-0.181578023237467,0.01191817295992887,-0.0232032888053894,-0.38981635481422566,-0.07267445313043361,-0.03412304920850806,-0.3318940060396762,-0.32187326427305385,-0.15736375086386498,
0.6184328142193424,0.4065141185844145,0.5209560561234253,0.49622229587314404,0.6040534168157112,0.6496312021960634,0.723665453570456,0.733690806273534,0.7070063494001874,0.8400388131753626,0.7994034869711927,0.6270388152737952,
-0.3527224867310193,-0.1758570597914327,-0.12618494828601357,-0.25032728762956147,-0.40695674241796936,-0.07452279823625194,-0.07100851799222481,-0.04568206039298527,-0.21247632824611362,-0.2195830339332445,-0.29424384365635814,-0.18512748330935516,
-0.11702777477676746,-0.08223278060800329,-0.06678632515873967,-0.26413313003519623,-0.15108271107121365,-0.3429965964762401,-0.1515349565356142,-0.1726896092266515,0.08885134461239418,-0.22985744694696972,-0.3029727426967547,0.03156262013869799,
-0.055140852755180735,-0.07310411429752069,-0.15183030671838363,0.0053436470934123135,-0.2282423879663094,-0.2664617568062153,-0.22441406966773444,-0.17674962200581398,-0.3766605653453419,-0.21842648677583204,0.001027686010584347,-0.09633144073456203,
-0.18648345051078094,-0.4144272496137471,-0.22512824303264023,0.06388050043674738,-0.27722561330348483,-0.21479170470220646,-0.24809445850150888,-0.1918071536110259,-0.2688379497154697,-0.11050660975656108,-0.18826496897994524,-0.08753531134825598,
-0.008122522898907565,-0.02012820923833023,0.017523311883022252,-0.2059117285885355,-0.22894631876986085,-0.3234518841792161,-0.04333172000354454,-0.10863320926855793,-0.019320504272169692,-0.35944093566724067,-0.2598253107484281,-0.3784870866100293,
-0.24993599733268682,-0.356242153095743,-0.34492640070498265,-0.15261176793481623,0.026549134532335927,-0.25307243586219,-0.049892957416276945,-0.06893842939222948,-0.21348478499294615,-0.16811587945171752,-0.28753440565113314,-0.07087720173176355,
-0.23370592566293086,-0.14278137717658237,-0.13803038637991003,-0.06800740539737204,0.022389523112122653,-0.23430082939432817,0.042542098100002756,-0.19026144995604694,-0.2973941430261239,-0.3173854300505155,-0.14015480502207792,-0.2323184733927899,
0.02191094873401838,0.027263171982701288,0.10918667632541265,-0.27959912899683226,-0.355538805567221,-0.17260566673158687,0.1061211345236349,-0.22565459362141177,-0.26653351830059296,-0.3247231924537737,-0.024677064667201102,-0.29454174158674246,
1.1095063724663246,0.949973702486612,1.0192556900993808,0.9890203922316447,1.0727232304091479,1.0998482855271883,1.157311319157103,1.1770056317290556,1.1910254100285993,1.239260015380207,1.2198576858786814,1.1924555158529695,
-0.4119876838977219,-0.04737854824809721,-0.2722256677005171,-0.23863353399496706,0.020241093969488814,0.030179451245973335,-0.11229361538982864,-0.3012578627186604,-0.3088212599224265,0.09378857854134046,-0.0926575972750705,-0.2568926287142685,
-0.10841071945671646,-0.17880018414927254,-0.24181599872927814,-0.05506672724367014,-0.17923726104915932,0.08568193421122476,-0.0373598508771547,-0.348965088140349,-0.20300860879865862,-0.3564041375848191,-0.19124259800816915,-0.21471125354312987,
-0.05653812454460329,-0.08082699176916402,-0.2428992601505943,-0.19027324566763892,-0.31663963698633846,-0.21108877372142584,-0.308469737163109,-0.13046392917479416,-0.08128108861967889,-0.09669877542844575,-0.07956609352190754,-0.2992885190769613,
-0.09343983440824581,-0.3336264747296004,-0.21805023928609224,-0.06525210608345776,-0.09304077840771094,-0.012168369816274546,-0.33867512529319915,-0.2334202453369818,-0.4149992243866544,0.07727731339240698,-0.17656979196542177,-0.10275769462129042,
0.12526754293398,0.13074385164457847,-0.13821840287474677,-0.14723696028400418,-0.15798406713187005,0.19263387713967992,0.23641908299728734,0.3112360815901732,0.5427960458895484,0.3089980509355458,0.37337798099320224,0.41192953275945277,
-0.31758019004531884,-0.10665433545369152,0.04495839984579447,0.23784028040738003,-0.35008915514265626,-0.29473041190644644,-0.23282863685032767,-0.2971244091907608,-0.21599509309874834,-0.2527563691454693,-0.1565204479650647,-0.1513719056937002,
