# Pesos da Rede Treinada TxH=  0.7999999999999999 TxOut=0.060000000000000005
12,19,12
12,19
-0.01090057904092984,-0.528653011535256,-0.6813956009554397,-0.62893745062945,-0.48053538031409043,-0.5132672378587999,-0.2712108117499563,-0.25511281761945587,-0.5859520508984059,-0.37312048941384784,1.9947243420111798,-0.6212384970598419,-0.22445261064364647,-0.2466541423519134,-0.8401567367208619,-0.5301460750514091,-0.4231587658512709,-0.45019901393798745,-0.41307368774675834,
-0.4104760529548535,0.2849514135317827,0.42134066712066964,0.3131493750279552,0.23080789563201154,0.11326145139866399,0.16701515607150186,0.09190089461407293,0.2934908122260204,0.3334054997808513,0.7311961085979674,0.47177907369911054,0.045371526230749026,-1.0740500098888077,0.14383990695966606,0.08414564019322378,0.1200876405478392,0.04115811591663362,0.19411938701027223,
-0.08652455417517707,0.2190240484186089,0.38473201962536413,0.28955406550462626,0.44465190924602804,0.2707078508188436,0.15897141663957493,0.2308054817389307,0.4325126403136226,0.15287325049675665,0.199494757411549,0.48866880857333383,0.23305127205577975,-1.0848362196884922,0.09480688901323575,0.5358643011678169,0.18458671794626497,0.33265691004722125,0.6271831953879238,
0.12020001925235589,-0.1819358687586983,-0.07526175977996849,0.08462426772050756,-0.24694840834920806,0.17719451357622465,0.02648451793766165,0.03426628627056347,-0.008306170306075097,0.07045372622387863,1.5145469171417205,-0.1885277421917196,-0.3138765822387649,-0.9522767163044599,-0.27996426617941,-0.13595471095745648,-0.2184104562001274,-0.5977238978824223,0.026359343726376175,
-0.1994966904546597,-0.3167994810306132,-0.381875940705108,-0.49206776641712063,-0.44956073402828955,-0.25980428466865757,-0.09531098149792429,-0.1075675803379363,-0.5125333088623721,-0.2596775795454874,1.9837810392865443,-0.05942113515589847,-0.11845729430846084,-0.7418851555140856,-0.8077374051879704,-0.585083752928743,-0.36239019338020184,-0.5009468787533086,-0.2704235213650899,
-0.23946793666641428,-0.6296744360003134,-0.43138739282307675,-0.36419740089133057,-0.2622298514924538,-0.43310397675996276,-0.3937837980066066,-0.5215236030381003,-0.4037971527744685,-0.6272339012693223,2.0434765307253837,-0.49943875284916817,-0.42177919612844933,-0.42670124286260924,-0.868081154458383,-0.26700640701108164,-0.6650349896401757,-0.7205128200171808,-0.5516543847440342,
-0.2322122095587935,-0.9070516118424272,-0.7167763212995661,-0.643315071444065,-0.7093541169802792,-0.8963477523134408,-0.5795612400331841,-0.9083131402753254,-0.5792409658627318,-0.4324218970824314,2.5170279761833174,-0.7451213020636345,-0.905587149395987,-0.4456752512149543,-0.8102358843587477,-0.6164362554177177,-0.9114745801132492,-0.8552859099214789,-0.9815037387530334,
-0.7541083786908479,-0.2574001949386127,-0.13126787571718437,-0.050879201647277716,-0.38157114703611417,-0.2834856102983837,-0.40452574297360605,-0.1958169703906946,-0.25306831178563716,-0.39751261269975946,1.2677879028345074,-0.43609415514329397,-0.31848119312131873,-0.839390741611168,-0.27454775565225653,-0.447540449562927,0.0126408257078231,-0.5277096734831755,-0.46251508034914784,
-0.8075485413668451,-0.6721788532239494,-0.7335065853031856,-0.7813633307050756,-0.7541451966278241,-0.5507162530368995,-0.7643761662147094,-0.7724957820372417,-0.5457615896067042,-0.6950651522116386,1.9695377400778513,-0.6605112160530412,-0.8120618274190669,-0.7887854206132456,-0.6905045162355191,-0.57347998557442,-0.6323647644205237,-0.6542044300507199,-0.6934192967875105,
-0.6590899596331806,-0.3302262302028376,-0.5207529012346144,-0.5933750774612514,-0.5052490704643333,-0.6177449367904624,-0.8948919583538856,-0.7057388723405398,-0.6694244184228826,-0.4716500281032684,1.8527781203117888,-0.6101888086152376,-0.5626630201132528,-0.46198318351657436,-0.5748199902330942,-0.4389833193798648,-0.5683889445634005,-0.6266546074818141,-0.7578310713441612,
-0.30468533591895836,-0.380234264426362,-0.827341483317693,-0.5483957801128594,-0.6300322299391691,-0.578920314402399,-0.4900123459114727,-0.43108239790244723,-0.7010621678499624,-0.7792653677089226,2.2031611196885037,-0.8393391581452548,-0.46033785811476724,-0.6639748919209875,-0.8248279624761796,-0.7751717588992356,-0.4367608271907382,-0.5955278703020687,-0.5310401062965974,
-0.5349422174537799,-0.511468491129078,-0.4913275604943007,-0.7538366791547431,-0.4279551796481101,-0.5333426390364432,-0.5840379064407967,-0.683844660573068,-0.6252296774766536,-0.6287351101150499,2.0347782837998696,-0.38453639833585396,-0.3168809247277692,-0.6447215509170071,-0.7691189719140706,-0.6848033946329443,-0.6018878002914125,-0.7036893532813357,-0.3105229553527426,
19,12
-0.17842963769315542,-0.03370187572492372,-0.049503661780533836,-0.19557688287923292,-0.236523542008971,-0.08202804488935929,-0.18953641511207356,-0.25887531933188357,0.031881917742766816,0.09105419887819269,-0.12364180526946095,-0.22231006559248292,
-0.15118788448572856,-0.05923648912375814,-0.11319959573489861,-0.23605858078745398,-0.14609671393560777,-0.26800104761280313,-0.1298219395660488,-0.2964812212187037,-0.097242392489824,-0.01807408956632138,-0.10150118799733177,-0.08003137485491914,
-0.23080008497010654,-0.29664651566026184,0.0570208937713256,-0.09101526369763005,0.001410250082885665,0.012331849221641877,-0.22675620081749126,-0.05887236102421895,-0.26230432069214,-0.23272334144022147,0.031102237633508584,-0.3414869533659079,
-0.2316296941331389,0.034097905725699595,-0.24181915473516333,-0.19241256831804726,-0.3092898703003528,0.012422538967203401,-0.05824938679658418,-0.17716361586692278,0.018550491625431764,-0.018931534606870967,-0.15317386359498497,-0.43582811880525085,
-0.2188945213279494,-0.05236253417937274,0.04548612404741776,-0.3129517645848702,0.0814265509819318,-0.26254700365961636,-0.14620631929263106,-0.1320714684789207,-0.2944986480971063,-0.11860276666420452,-0.19926983642613688,0.012477267915050227,
-0.09689259571075967,-0.03592692879142019,-0.010153859543392173,0.1070515005393283,-0.2043553403638401,-0.24268195628656644,-0.22071863683317214,-0.009862131320122184,-0.16630028677766032,-0.32404792486583606,-0.2528912964271151,-0.10083135699090223,
-0.0448968561969967,-0.0331482166464673,-0.285122404617451,-0.29778644438607793,0.005971408039425396,-0.12490345678937022,-0.11361225959273402,-0.31306479583017643,-0.09120673408267954,-0.24204369955321084,-0.22954533455319587,0.022424798922478558,
-0.19586155705950062,-0.344743708212699,-0.32569339653321744,-0.05094335571655383,-0.10640496330980066,0.015436717355494536,-0.3595098225063356,-0.0077957770153009925,-0.02838612885634738,-0.23508991414957228,-0.1348353361006587,-0.04620147784161176,
-0.21140053915017729,-0.11284679818819006,-0.20671710568912063,-0.13332032475168995,-0.040295455654361316,-0.25049153301419014,-0.29106160008376136,-0.14107465865400956,-0.18070164364298097,-0.16466247685697108,-0.028349660000618362,0.026670006999319745,
-0.2127348112452825,-0.15548771317190932,-0.13098853046484957,0.014843748194051971,-0.13923909732960868,-0.17125207017472083,-0.08226482129037326,-0.04372772068080754,-0.23132407796154367,-0.29219945611906034,-0.1877490524820414,-0.040503037521269075,
0.8078339668037516,0.662937758097987,0.7716289752419723,0.7668552097463868,0.7923521667383047,0.7897647219040405,0.8334041776305949,0.8293103277342441,0.8656676417109864,0.8806315898806488,0.8594906567049162,0.8606156502086809,
-0.030366274629772122,0.04934255162865352,-0.10838653472970021,0.0627922623981079,-0.24317321367700925,0.016293566573841883,0.021985897260906457,-0.22120274636882495,-0.3478053901349785,-0.2558375054552173,-0.22128065356015353,-0.24857392997482664,
-0.11210065221881485,-0.15796022024693787,-0.07430973399741451,-0.09788066844275949,0.06288194887927492,-0.23713299227162363,0.010085676793931169,-0.16834419440520804,-0.22724124359520023,-0.1979735222716201,-0.201612395783216,-0.15451634760195077,
0.04394937438230518,-0.0791447658894985,-0.0701097378593082,-0.0560935055763855,-0.0163900517684868,0.09544928617429005,0.08566953240879824,0.15167538134510167,0.20201420990316127,0.0710705915870429,0.19294299355802125,0.13970484099547573,
-0.033021252017069416,-0.16597547361367193,-0.2718485569731081,-0.04406745554223575,-0.0627422035001117,-0.2020469301742274,-0.04640928282562656,-0.24497539053618525,0.10427167715466232,-0.282319828133766,-0.13814498596479555,-0.050647354501003404,
0.014608155478869518,-0.1184784964865786,-0.10849782081730003,-0.10426091674054802,-0.1448985857628645,-0.15622563525239375,-0.2573764560590252,-0.25080613283182107,-0.06936497098717812,0.05591310735425559,-0.22276294012603418,-0.20897710003784503,
-0.25201282302456507,-0.14020516303560807,-0.24754472225115193,-0.15096853337561789,-0.3474827718404916,0.03572046797506187,-0.029583352832756604,0.018199366126488457,-0.33706761360386256,-0.04352349332970716,-0.023340792725900644,-0.09849214477398488,
-0.09374495515100417,-0.26729029756923656,0.04379698065427252,-0.10569008573622418,-0.25840993619435243,-0.11148253945983208,-0.061049855690168256,-0.19828439252627295,-0.1612535081027429,0.03518779512126883,-0.12481138062683148,-0.147346518155532,
0.002677120946450273,0.050850694384910106,-0.08871521775826738,-0.2483591602787084,-0.10110603168266999,-0.23960041701420734,-0.1710691859174717,0.06311653328165269,-0.13457112691816334,-0.2934658969301642,-0.20739705763781258,-0.3083325911294621,
