# Pesos da Rede Treinada TxH=  0.30000000000000004 TxOut=0.05
12,25,12
12,25
-0.07053657561991812,-0.3793266714920833,-0.4122517559758974,-0.32093554902700333,-0.3967716221880484,-0.2093050668800294,-0.05310185712930202,-0.17817875473653116,0.013024778662645906,0.326656458692379,-0.38386444747111076,-0.12214519899199827,-0.4613286662168726,-0.518282642719227,-0.21371622003042393,-0.31767780274402097,-0.1672812013467825,-0.3621655308901658,0.3997990681995866,-0.44607039639113505,-0.3478285092097945,-0.15685299876907885,-0.27995275343991094,-0.4975962592962856,-0.19883934703365697,
0.3739555687485992,0.5383765549675823,-0.791814012312327,0.39996989716342096,0.38326866022088163,0.2235204953214487,0.4491155813351891,0.3116890649909013,0.35245869405897395,-2.2930329816371207,0.40428687062684837,0.38271733008063785,0.35930598807590486,-1.3019642996296528,0.6701018653105457,0.44326082780290116,0.29562115877485845,0.39869972889329436,-2.068085829357225,0.5787948046103928,0.47348771123273614,0.5771709491858836,0.6694092265762823,0.25316735835348336,0.1977015865016395,
0.38438769999817535,0.6635492825664426,-0.6129138697685258,0.3149993673221373,0.3350293647112843,0.012202857353197042,0.749716801610077,0.06818759662046243,0.8528054200630403,-2.1886619302037493,0.4842789031959923,0.7140057572066697,0.06690654947108678,-1.2273194780243544,0.5380678524683009,0.2931122812756172,0.2749122861271355,0.3434130937969149,-2.0534159276575337,0.5307725674842211,0.15420233927226512,0.6002091942222931,0.42149536896539647,0.5681489202290559,0.2878814506128109,
0.22101393109129627,0.3979829291856272,-0.46817626717690713,0.061843616380208466,0.3796537277613378,0.11446330544443982,0.13749902568051803,-0.05922946797839047,0.24328068918988263,-1.6613031673642733,0.3755538895070637,0.1334433392662703,0.028934028006780334,-0.7856234046440166,0.21410024379844336,0.3262822217377561,0.25548515438133945,0.4246514203918879,-1.3155946576525592,0.544171123072699,0.1489111926491619,0.03662616156304068,0.18325184615190454,0.11111168765782994,0.05188888938717686,
0.033907307361681994,0.06684077321016317,-0.6333453195010911,0.12452971819734736,0.3168365153012896,-0.23218538055380264,0.35222891004471923,-0.3020344958099549,0.3926353556547634,-0.8019108433715725,0.30058627855641074,-0.055567513600696485,0.1777239166266862,-0.6566647314703085,0.46001348763150757,0.13581474323738654,0.012401502133325339,0.014899242853143318,-0.8562544791531885,0.24926388563532764,0.10727632169171238,0.11658088261056065,0.23490036635696906,0.153611559603462,-0.22843212443651856,
-0.414660281279689,-0.4091991666793899,-0.4694862655614631,-0.5208569969628869,-0.44590861276277066,-0.3282203724008694,-0.6086184894593692,-0.5087737339513223,-0.621418019625375,0.7729728033797733,-0.5050790468754136,-0.41331908927717825,-0.5589751275948589,-0.42581451563105177,-0.5012624587667535,-0.35481275439424736,-0.5877457056525713,-0.5038220899200553,0.4509438749100781,-0.6531179796068761,-0.4469526294366377,-0.4837940999577841,-0.6802487445664521,-0.533065752766091,-0.4300482792995994,
-0.6274183345441569,-0.5422275203405543,-0.80534298170996,-0.747907760266628,-0.4792402730537999,-0.6712451278337622,-0.4929119342124177,-0.7037496847072825,-0.42561430027466746,1.3449583536297003,-0.5923718589216668,-0.74765620248009,-0.23495068366763028,-0.2452234580744067,-0.6808896626193193,-0.6581409790615608,-0.33062708296989146,-0.38918389630855776,1.4203394015408233,-0.641217595412896,-0.5771973312229175,-0.5774560091727348,-0.7797551538861014,-0.5476550131215878,-0.38358594767299065,
-0.26788580221175157,-0.46419942372261097,-0.6397054193082051,-0.011907560837009182,-0.05885367808301032,-0.4074831950890056,-0.459456154515284,-0.16946395559653318,-0.4552503186064774,0.3827495812612771,-0.10414404798785908,-0.2102835422369791,-0.47734177248552306,-0.6088684400782718,-0.2069487199116066,-0.11389532281626161,-0.5102789068889559,-0.37613760018338455,0.11086210367276192,-0.3733534940838084,-0.3569720013528363,-0.04616904080658018,-0.33044378225860516,-0.3870821733512997,-0.16103089186772557,
-0.7905731503379707,-0.7536753983716459,-0.7386809369504005,-0.7613899196995989,-0.7768896250158359,-0.35257210385721865,-0.5978375443122655,-0.6581072447234428,-0.7570572406024271,1.8515047551139936,-0.8092711892427255,-0.508103007147111,-0.693236410951366,-0.353195774103598,-0.7915934535829355,-0.6475693836241346,-0.7343942498708489,-0.44551916053289814,1.680356857700825,-0.948814511688338,-0.4370269966751272,-0.8074909701048757,-0.5836830366666537,-0.478089908288174,-0.7151766028331363,
-0.7338136869038738,-0.6304826671430757,-0.9514825704068398,-0.6165064371552497,-0.5881214341550883,-0.4297770696585117,-0.7387627775517148,-0.3645679226054647,-0.7036760842557578,1.7103553092649744,-0.8921808275952643,-0.8278565446158104,-0.7897747983640158,-0.507025535873591,-0.8893652748831578,-0.823244415812944,-0.47901206236175187,-0.7114174534161802,1.29979719512554,-0.5763891585061165,-0.7930908692762592,-0.9081284160413392,-0.5408198280743809,-0.3596878444104687,-0.5213181542911463,
-0.5948407675626386,-0.8538759861614019,-0.49406773098366297,-0.5151806486380146,-0.7476463761461503,-0.6890066808983255,-0.7685167704694003,-0.3107941421634269,-0.8881284094254533,1.7262260949703856,-0.4317554320779898,-0.8433696286014846,-0.2982989677842214,-0.5757904355951444,-0.8042123564405202,-0.5579109656163248,-0.7317939710696223,-0.7720372930720693,1.45486945509192,-0.4866821902071447,-0.5959466548378299,-0.5202963373519208,-0.6687774015877082,-0.7210739028271548,-0.4172324088816673,
-0.49356088357714484,-0.32013362535076406,-0.9074904199244918,-0.27426809521795165,-0.7081640429192455,-0.3782462996766235,-0.6689044346465588,-0.3344245719489582,-0.66297243579625,1.2092331498132662,-0.6127839927828798,-0.30023972291570544,-0.21662255364403324,-0.6725195653343586,-0.4469647289485251,-0.5323969684980815,-0.3004240010381758,-0.49223592348016804,0.907269278476585,-0.4029763663231029,-0.2555640383899342,-0.5541328796282164,-0.35758483500741567,-0.5459014734703066,-0.5445682058139538,
25,12
-0.11477773209144972,-0.039990948411065944,-0.2728690259182058,-0.2282149239338123,0.1479886315804115,-0.2952724083933318,-0.23606119680728163,0.0747741691409892,-0.25318962605024203,-0.012736378178982453,0.09671223595992551,0.10847128665118116,
-0.2096319912432124,-0.1385333058581255,0.12750212286383286,-0.04856195033838343,-0.08084677895441351,-0.14985038351445187,0.08950538387896392,-0.05992704951736289,-0.2650510990454014,0.04610687882697724,-0.2135327706729518,-0.11885579475342692,
0.28932976617206096,0.005731862108380205,0.34316463572726014,0.0875539816482016,0.05522135217922663,0.40253056060842324,0.44411902268360365,0.21021142071501683,0.5519209055864238,0.2570086295143431,0.288944272294144,0.34440415091448406,
0.19355368044821195,0.1978395029651301,-0.14168793573069985,0.0032965565266074603,-0.10221270028912442,0.10764880738446596,-0.11433115418384401,-0.2856898644111078,0.015298511232687778,-0.08573761296170251,-0.27398741993353787,-0.1752197232204027,
-0.19010587878994614,0.06780833401715029,0.01841038212125363,-0.21119073315382197,0.1633989871670891,-0.027311111071797445,-0.24628721221967487,-0.14371447795793352,-0.11911420328621039,-0.28295393391803925,-0.10275419294051966,0.17847498167977116,
-0.1570685069744294,0.10897371411112125,-0.03950168596924169,-0.04091514812409786,0.13877270673115996,-0.09722368837168811,0.11287222944466546,-0.033438158460735876,-0.1841986339643664,-0.08107673206087221,0.11439709887722004,-0.2569675237426053,
0.13671027566270938,0.2152709303793329,-0.06240444370050121,-0.1364514884995223,-0.1596839207816448,0.11768637875809186,-0.1275509367948797,-0.0651397076490245,-0.265604180096597,-0.19924662080335254,-0.09810680417412607,-0.22442360971326578,
0.05895803595451399,-0.17787935605160277,-0.11107159198543852,0.02116616997733439,-0.28390408666803135,-0.2363720401005903,-0.04499066302568342,0.08329531545749488,0.1556211032243603,0.15978018088128626,-0.13912779649669635,-0.1703902792507342,
-0.23465542457473307,-0.13706950328357798,0.06623082374560127,-0.09588545049476127,-0.24062730464870913,0.046607898500855956,0.12019795958986951,0.07478626320868424,-0.22115219314999293,-0.2731192718249926,-0.1686126172419488,-0.017751594475105378,
0.6340370365927628,0.5031606629530044,0.5111366538583018,0.5997034256832368,0.5022230510847759,0.6031587992454338,0.5168890262912625,0.44751154850198865,0.5660138898767303,0.5873104018485268,0.6303274766085699,0.7374022874381259,
-0.10796809828833225,0.07083619884194776,-0.062076280340302895,0.03109243174253986,-0.22756586832214928,-0.254105023968452,0.03802927746263353,-0.26611565496127,-0.15398988724472568,-0.10396270298407671,0.06005298089867343,-0.05564079999019407,
-0.05741200132187421,-0.07551827138916062,-0.15763503399226622,-0.10564217649325888,-0.11820035118455549,0.17997387390540315,-0.009529875209518958,-0.2081006796159329,-0.12011048647260016,-0.28915476091691583,0.032818796641845595,-0.05035224366598786,
-0.18421322316700167,-0.012203329333627711,-0.13530376561701388,0.002085346570922346,-0.3081991120940818,-0.025940954122475008,-0.13844327436363615,-0.2607341421088723,0.10413732167627136,-0.022152148447502722,0.0647750351316624,0.1393061729414166,
0.4866664828456632,0.35534402044781443,0.18113993579082727,0.341343061985178,0.352831562329214,0.4545522406722573,0.4130149385807206,0.5685539765823265,0.43342639769237146,0.6420746959317557,0.5462467526128684,0.59918532327845,
0.01394862989130449,-0.1933147839780614,-0.01470680911796809,-0.0035547509798892103,0.10524153833771485,-0.18359766684798073,-0.1297324041645935,-0.03872851714201033,-0.28966441682874117,-0.20643015141217996,0.08420746647615235,-0.21779128543303988,
-0.11944048368491053,-0.037204447003449576,-0.09653335457182023,-0.1504594073739154,0.14613345321251825,-0.13754252974513836,-0.09282582527268722,-0.09648300199257169,-0.07719413703181449,0.012766845737506537,-0.2077936201900494,-0.10562488340594438,
-0.1609838426060607,-0.14343520055146475,-0.14939195221511847,-0.21257251755379275,-0.11780715072735251,0.04689537021440092,-0.04297027610349257,0.07614975722552027,-0.02252606996887652,0.01603932792887402,-0.06426441148417476,-0.1728923716704526,
-0.043010222995447864,0.09857483521520592,-0.10434457288042677,-0.0376829444552189,-0.03694221044238902,-0.3072539004699324,0.07720152084290906,-0.31489819920565276,0.07081301238235108,0.047581765205334164,-0.050126350882111065,-0.29761568184558296,
0.3678691480311007,0.3534429014790547,0.4304281503993433,0.32439581068596246,0.48440043618820033,0.3965443053443464,0.5321057896810913,0.6417738377444455,0.5253003472083184,0.5395306368503842,0.45303794945127424,0.32267789855580564,
-0.11910179550654058,-0.15133829524559855,0.15138467029589298,-0.17896013828276588,0.15818161754081433,-0.02618504048373526,-0.25067491188204694,-0.23737174210190057,0.09968667568712526,-0.2225653961509985,-0.2795396978683497,0.06346521026086226,
0.033900409189993354,-0.24935004732890514,-0.14108873240115566,-0.06524495137039109,-0.02709927377634354,-0.02262365891915053,-0.12171321706262588,-0.023653265716301115,0.13589963824431217,-0.17751814186087944,-0.049459010334885756,-0.16632258525895846,
-0.13188175887588055,-0.08189488719895943,0.1889694995369018,-0.10445401771534579,-0.08150788902732094,-0.06736578866523299,-0.15840175001360496,-0.007102785696651316,-0.2589190933389615,0.03901379476342234,-0.11514826587894332,-0.17511117930795794,
-0.17070782796974926,-0.20932796731376913,-0.12918943258858132,0.15496019208153305,-0.20060163008913506,-0.2678461453588057,-0.025216806770773398,0.09270135057743686,0.02319945611750227,-0.02014238521452256,-0.25756800001937147,-0.0637148616649278,
0.10335812450350128,-0.23844975844017766,-0.2672833539591153,0.03710870016492935,-0.28673817380820177,0.07180744582418774,-0.07682690550498882,-0.09704981412901187,-0.17271830246956818,-0.12280136070350177,0.09222739831794108,0.026722200805778244,
-0.15548574168985582,-0.07969969443134796,-0.04568900178992359,0.049895519871721396,0.03371180657570578,-0.07427939563835848,-0.28872449646064874,0.08180915458248751,0.032703035054152105,0.0010281061453833173,-0.22204891774585278,0.03725500061638247,
