# Pesos da Rede Treinada TxH=  0.6 TxOut=0.060000000000000005
12,19,12
12,19
-0.25245929620381946,-0.24649792507181828,-0.16295851885811077,-0.1414644904355882,-0.35816255942457664,0.48063262476621904,0.11504046240330307,-0.10558844729226952,-0.48232971439251726,-0.4578017003251999,-0.06027077489511952,0.5092305107009962,-0.3031527212209247,-0.4890503855508072,-0.09685808573413963,0.3236858665603124,-0.15138388652373902,-0.37885678362701447,-0.0645252825832404,
-0.35776840344828226,-0.39683235644845777,-0.04285025033971174,-0.4411672846219917,-0.5085384877567644,0.1933505320983794,0.09555186270122604,-0.20670584698121097,-0.142388225459937,-0.295236021331896,-0.2542244936460567,0.4757823562449394,-0.48032743026794633,-0.5140738085198149,-0.07099280925353114,0.6002328464595419,-0.3652917184630321,-0.24871649979048283,-0.3747929607880084,
-0.5260684923569997,-0.44571404307430285,0.25507501286234613,-0.3098681841040643,-0.2524672659149103,0.46557656117362395,0.29666585741333823,0.008700583247838064,-0.2810553730204412,-0.33736579593742383,-0.4257842635833369,0.3068525410965282,-0.21620041186906142,-0.28719061784899585,-0.2168509224030095,0.6306566086178789,-0.28308224340380866,-0.39665054792865534,-0.2044465516900952,
-0.15877737248611365,-0.37348519766638744,0.055302771762861226,-0.2613530641097958,-0.34534050056149873,0.5065639030708997,0.3744734525952361,-0.18944056517974642,-0.048087508539217165,-0.22317413291113739,-0.04094476772343209,0.20515534895252216,-0.46411242443074563,-0.2500116800707592,-0.45315822759828367,0.21219377075095355,-0.050558869560387805,-0.4216266927587831,-0.1159693541613096,
-0.40263357347081774,-0.49583948953449625,0.2131462247671299,-0.14200167509577324,-0.2609914736032927,0.11688432134695763,0.37527898776541074,-0.35968740947859307,-0.09453376514761752,-0.5621746246634185,-0.20115603647579947,0.2864820553258446,-0.6652286585616486,-0.5068804572334548,-0.2921421070345879,0.35920070109186,-0.14649929719933316,-0.38413035874902596,-0.40429154301110237,
-0.26718801942615383,-0.3767589909920859,0.027288873417435636,-0.27003240883928564,-0.504164776555494,0.20391575099513057,0.12313241336279168,-0.044551930547683215,-0.13810273180899169,-0.1932993559448586,-0.4962766309321206,0.5033840447096266,-0.6289542924204872,-0.5519417247617298,-0.1669546927060778,0.24225477725630343,-0.06869062548930474,-0.34907296312134267,-0.4382048673182947,
-0.381751862159006,-0.26870412236323954,-0.1954057856188813,-0.17272454241308474,-0.31015055431932576,0.4595289965163446,0.1407048242747769,-0.16900470848542548,-0.12392097576766449,-0.3102736506966054,-0.31580164342539124,0.12121660996659663,-0.24349163616191116,-0.5545782455226882,-0.5319988753965442,0.48891568525001955,-0.5385846773238736,-0.4523145246792784,-0.3226758590541842,
-0.43781855341501585,-0.6864311946013607,0.057532576927175165,-0.24675312427871182,-0.2414585800914767,0.35122122100514025,-0.06069543885476444,-0.4159600696467242,-0.5035294209863036,-0.2478496082339143,-0.36092410714686046,0.566574895247845,-0.3281387413600128,-0.3023129535150925,-0.4343163807855318,0.23167207363844564,-0.4799946293606605,-0.42323823278195716,-0.5203179428253094,
-0.40777117759219755,-0.529985239655787,0.03422719311435664,-0.5244037534213258,-0.33836647717572027,0.31083798892690423,0.08697929826272016,-0.20605647207096733,-0.5306823690059206,-0.4073131576794535,-0.2623246150117503,0.4706715737890499,-0.25995665395011824,-0.25050646248330727,-0.2267033921627547,0.2773069778186891,-0.3521299355295123,-0.18564687341003458,-0.287767070733564,
-0.4896655573829498,-0.6272928655305929,-0.04089875293540458,-0.3071524969506982,-0.5275933759249449,0.4583743058698307,0.04320375847649678,-0.4779004283907602,-0.14824008108156556,-0.440198750697364,-0.08228784649855414,0.4744897796191772,-0.5610441726551991,-0.3602699133993614,-0.26061988380711293,0.48800284316464276,-0.21896962702948386,-0.10007360947932827,-0.20369239610963516,
-0.31498326183026787,-0.361643496220361,0.015099073396296632,-0.3985118203599761,-0.5090600486643789,0.39913081571667375,-0.1392014579638907,-0.27063489400456775,-0.4310981372298544,-0.32961836745561296,-0.23216019797097892,0.49649241017502255,-0.43636712208786016,-0.5480582840806747,-0.368798045787339,0.1987705442338225,-0.23151426503588285,-0.4590590392433073,-0.5023890775247724,
-0.4580075514975379,-0.3275227281847287,-0.12612106750307497,-0.3547827376587655,-0.3907436899801645,0.4858064886127171,-0.11685435216176249,-0.08951826254419708,-0.5534375755588716,-0.5459511238548989,-0.3506158136887839,0.3818480706409646,-0.5562865985896902,-0.21752826364411218,-0.5490810285593495,0.3456423740243988,-0.10456721848592808,-0.21853161441332433,-0.3152397481297332,
19,12
0.036496850768093336,-0.08619174138153325,-0.15110409947018633,0.0462967304277603,-0.05585783139531994,-0.15825670793315252,-0.16698166287488345,-0.2476121712088119,-0.21610184232214957,-0.060701030126776495,0.01504364650509958,-0.16539851710584785,
-0.2636772296738667,-0.2763136281249067,0.025332898619214162,-0.3367269034357434,-0.2855249025080416,0.03910981141777399,-0.16126130604556937,-0.2348596769448992,-0.16195641011681502,0.13418401152576184,-0.1977724166462811,-0.19466290419484922,
0.2820199843700913,-0.10244582430665475,-0.06133925260733856,0.1197431118427184,0.1495707722577801,0.04819771635545464,0.17371214870977342,0.049630727738526184,0.09744763393998461,0.23487469385020984,-0.07250379924105713,-0.05020518425217622,
-0.17667957325650868,0.03733330529157922,-0.10759442207065846,0.12498666297444798,-0.15142425722393027,0.00762159341610601,-0.19752672579698263,0.11343933416828002,-0.12096399571705845,-0.14979003373160663,0.031063754399664297,-0.1670762283134454,
-0.15956277450972725,0.005195222784183521,-0.21407153966882808,-0.20624249129017858,-0.11125463254655424,-0.24089422078707978,-0.06135709102127919,0.020729757466148527,-0.06288820593759252,-0.228312510769771,-0.052615061535199584,0.027020820521168547,
0.283143887080163,0.02201941485844832,0.24013674080526973,0.2042590622422608,0.262590946563395,0.38112945505136697,0.053870893632165844,0.36631315953403026,0.26989317331668494,0.28773718584597535,0.0118660332020657,0.25564644485169735,
0.21329194382798192,0.0089121833121477,0.029878900736529816,-0.02106338956843342,0.0052503656174572874,-0.1017677823170438,0.23985819334995892,0.24679293670567834,0.16105240314593341,-0.06372864361093415,0.22231589076982589,0.15392752472717983,
0.2426728238932547,-0.0897506899608321,0.004780129903624391,0.03125387820942543,0.08135210794657713,0.0627509694853877,-0.26538746340581454,0.01279371165414976,-0.1863236612359501,0.1783659267250693,-0.10192543393054865,-0.1424972968566189,
-0.009470002512758289,-0.05955352920027227,-0.13851738733301144,0.13112083940450092,0.12708964569349113,-0.08976272166564002,0.11374642225460549,-0.28022595751720003,-0.009631986662245379,-0.056281969887125825,-0.06633259931199738,-0.17786325314326992,
-0.17559897693133744,-0.14766746617234655,0.0010258876215288384,-0.23588153405308449,-0.14837021465256606,0.13596576682486328,-0.13259517417017497,0.11666805878537523,0.00414365655516746,-0.33769498351988475,-0.26935998140014217,-0.15009085568853475,
-0.1357862704805064,0.06352364116615555,0.14815321333329864,0.010276106885392306,-0.10271404836715095,-0.03165921468230729,-0.23560519117872739,-0.09595970936120547,0.07659443745354948,-0.18782958452421258,-0.16340068819567155,0.13106301350793484,
0.1426317048233011,0.37828864189928646,0.12914962233631588,0.3114389813634006,0.13881205212213057,0.20542682718903152,0.38356846698323294,0.2506263284185669,0.31836820350866246,0.25975692696312463,0.4781814700327565,0.31258019602653714,
-0.15096850817511154,0.002067182960886865,-0.26899632623370356,-0.02748605019015688,-0.29163553119131275,-0.23876938488484997,-0.18623070343533596,-0.065448982007001,-0.1938102259350565,-0.28080464558224927,-0.15134467428854442,-0.21356529588849768,
-0.14485886386769936,-0.04339423118640136,-0.11747458075073644,-0.009044486678231791,0.025512923470637404,-0.213084286097199,-0.061464509932552154,-0.12599522854678422,-0.1883674010317247,-0.29989684735855754,-0.27617904147716543,-0.23818644883628237,
0.11481062640493782,-0.04246210076134741,-0.16718562926228234,0.014905882839571389,-0.054984736225662446,-0.11139791184184782,-0.032655151875724,-0.12900902531979555,0.09973164784494677,0.10814848526736837,-0.2436958333744688,-0.23888779090246418,
0.029394008217625025,0.31618424461388095,0.3502185237202503,0.14365744490338084,0.2678235600812863,0.24842163045755541,0.18978350423556992,0.024620657243660245,0.10119964864701755,0.2585879552370252,0.28674890177829127,0.2021214641002725,
-0.11599325042401173,0.15380983024921008,0.08119503484270778,-0.33677892733121095,-0.02802962763948752,-0.24879692628204986,-0.12625410914162208,1.2821458287104828E-4,0.07677774812153512,-0.2681193787995449,0.11444432554094425,0.1220635588583022,
-0.11264276248740561,-0.34371820173698203,0.10425014302420373,0.013453620616319543,-0.03138691670210848,0.19985352346054236,0.0023373357133782075,-0.2473998937340436,-0.25153516350110916,-0.1370618642502661,-0.231395394620764,0.19928120328736482,
-0.1559335064508936,-0.08304587813987106,-0.06629077402522285,-0.190929110867815,-0.0333422023534184,-0.21587337054171582,0.06581381046458143,-0.07291054754400834,-0.22781371466650083,0.15959593002180344,0.12942061511807282,-0.04404499258626472,
