# Pesos da Rede Treinada TxH=  0.9999999999999999 TxOut=0.05
12,25,12
12,25
-0.162674482421306,-0.4666027525317479,-0.558085733379522,-0.460925993029814,-0.3760969766133431,-0.3657947274788996,-0.5349370867771616,-0.5994821285768381,0.25541891479655093,-0.44999149883303025,-0.6025837068683045,-0.29536956222958627,-0.25134636310187614,-0.7328022075429147,-0.5961954040345723,-0.6494824088794079,-0.15692483553588857,-0.44259566907513076,0.514995545690481,-0.35585047927918306,1.037069792978876,0.5898879616237688,-0.2927697209675165,-0.5506669456665776,-0.8015483000716735,
-0.24790200399924334,-0.5002206036678425,0.002243538843766285,-0.2151441786416392,-0.13270283586411813,-0.004889508780599847,-0.3304489202849177,-0.08586818674436128,-0.06786278533082252,-0.39199510088188105,-0.4326008032995579,-0.43132609587428916,-0.1070125145598361,-0.2347431879632208,-0.3061894390534204,-0.534408425009342,-0.23541966401264797,-0.3494121874518286,0.1339264901991593,-0.11571257832855229,0.6115900050839738,0.37696860392492426,-0.1354017487027939,-0.384545468846195,-0.215862891830073,
-0.06289902537883016,-0.5194149841801609,-0.2597473910326313,-0.3361066976298627,-0.14973899494805892,-0.2320654676447436,-0.2904788623692351,-0.12559552815470085,0.19409377238921982,-0.2776657116235107,-0.5091980427757261,-0.47688953770562414,-0.017061333543654814,-0.18329264779973076,-0.30630300876518773,-0.322972917889685,0.09475825993696158,-0.31834777465932773,0.023845981350573545,-0.4222289192163315,0.1868268743291887,0.25704679346033715,-0.1989824673800106,-0.32258180854582436,-0.529603741662587,
-0.49378463453889604,-0.6256954894897092,-0.30393652447634806,-0.3622261805584966,-0.1328200285119009,-0.5506650348384334,-0.5721906064316794,-0.19886845631759623,0.14390759467219147,-0.3920338883146437,-0.632054096131774,-0.2569568981749074,-0.16206668590094286,-0.5683162388461122,-0.4238406510136271,-0.6547385070255143,0.02090542666391917,-0.35813266944067085,0.1116317589213304,-0.6236650586005139,0.8492045120034338,0.6621518243659665,-0.24578811830209785,-0.6044123432479609,-0.32711447738991,
-0.20482474154240768,-0.6246564995943198,-0.5768007767909878,-0.4522934209113176,-0.4424315536059418,-0.20319308198031974,-0.755229416556354,-0.20762460205490116,0.44480889372914273,-0.6451071106913636,-0.847897635337721,-0.276817649368541,-0.17210804415996156,-0.373139761225308,-0.5479168534410301,-0.6045677541724679,-0.11549077833469505,-0.7846827089668864,0.21952700248878548,-0.6934788394283588,0.9831022805037293,0.5374617118353512,-0.5027715772260093,-0.36928662790024885,-0.8776609488287147,
-0.35989668931768626,-0.3475719318340587,-0.39932638951223126,-0.691319915932066,-0.5181812267657636,-0.5058483067686871,-0.3459841434660935,-0.47879826559342775,0.3412451818942334,-0.4224240358139934,-0.4478059083499076,-0.6162219808445943,0.055597492769444215,-0.6342249246573772,-0.3879848524036687,-0.6233351209406081,-0.5699243486118839,-0.3107766732473052,0.2526390990668738,-0.6197650487580983,0.44243076078765,0.08342923985716934,-0.4373703164472499,-0.38312816637321145,-0.5652356550138764,
-0.7009771782934191,-0.5034962799169096,-0.5155874486606583,-0.7358064072014203,-0.6147402732723555,-0.4184824995511042,-0.6008929649855419,-0.33396932426978443,0.4175434294225101,-0.5090050181590436,-0.5501119357758916,-0.31127349959840545,-0.2120366803908662,-0.441433209111597,-0.39444948415662473,-0.47653474440960003,-0.4593981939813647,-0.3706122473797071,0.4682255113205899,-0.7414525467091412,0.5753062588160381,0.46208210971559693,-0.6128208542903997,-0.2975247885349019,-0.4179487489749768,
-0.4615272863175588,-0.3605091021133186,-0.45171093217211694,-0.29205253508875995,-0.3774114725358551,-0.37022986308541517,-0.3529894698410501,-0.5542913540535818,0.020576652021382764,-0.46709633064331463,-0.16903988879053106,-0.5202364576478979,-0.26744731211798545,-0.44463138993762036,-0.07469920722694573,-0.2558288231080042,-0.5338409006348849,-0.3875720117171345,-0.13804252446170567,-0.3510489671671194,0.05374563968966615,0.3398030426851077,-0.47718655607017946,-0.26784680391317195,-0.06781419519415892,
-0.2802515939787755,-0.4749228213720717,-0.4430054208633853,-0.5559151275699706,-0.558769082711278,-0.48158766905361283,-0.4621231153402704,-0.3343588631089464,0.08105263492498058,-0.5895997979160874,-0.2323239319650968,-0.6048360696214289,-0.12265788419176471,-0.18894398216915642,-0.4701922525922346,-0.10189139486669285,-0.6279929666223532,-0.5398048276144722,0.3424110663831287,-0.3119168884242116,0.20065326479786122,0.4105591159444082,-0.5499945631846654,-0.6179819799156417,-0.14618942192421747,
-0.21414334971093743,-0.5616259797009623,-0.4983016633779732,-0.37212267884932565,-0.25135464459805557,-0.28757848249437473,-0.45122190880215673,-0.7087585363712239,0.36624180100153964,-0.6752893872632802,-0.15174029498577987,-0.30801482683617254,-0.3872048706434251,-0.3855723849283544,-0.360086963765864,-0.5117908952953429,-0.4212315745453461,-0.3583563816167049,-0.024272854521712236,-0.29636007208467396,0.11702904412090419,0.006624885429077538,-0.6081115623125917,-0.6103457227773326,-0.36005201234061684,
-0.6212711538211557,-0.24077945286688887,-0.26357403619763764,-0.3961299675314342,-0.1313172800680291,-0.6912291733009769,-0.41775136669725327,-0.7629534950656243,0.03484851539701453,-0.2313843707504266,-0.3984834402479324,-0.44201673234378297,-0.2159631280911978,-0.49889004255290953,-0.522160045518507,-0.14588418598674746,-0.33545416341915146,-0.653425648647906,0.505722927120833,-0.3530081306354165,0.13122881813222295,0.3614218244706739,-0.2899851404147472,-0.2593605029739128,-0.5269468480835025,
-0.26424267312824257,-0.2867659220969108,-0.4387337959917076,-0.27436746097591436,-0.5811028500378519,-0.5787291732353004,-0.22287936835513772,-0.4125504772093897,0.16138275229707716,-0.29978659023110554,-0.2479321796761553,-0.31406208040809236,0.01685601647027191,-0.45435580710663576,-0.5411281734426648,-0.474917804888591,-0.44797838716109134,-0.3263742617259056,0.30833166603423284,-0.196301613374439,0.23421740737283364,0.41841022284512897,-0.36367846296915735,-0.2034394594101418,-0.4053326781902638,
25,12
-0.17778228090962572,-0.07648997315818054,0.06188955537990117,0.04136173905907281,-0.08184762265143466,0.008864762058471363,0.04384326980297623,0.08039287549075345,-0.3102524424394179,-0.11326225765827264,0.0069921176055587324,-0.11540053918179267,
-0.4056391970662973,0.002653354170185639,-0.3976295866378094,-0.4640850290100082,-0.23505066154882287,-0.03008400931988228,-0.3450478208272104,-0.09951147395197425,-0.02046837766553426,-0.48907644108458326,-0.09675833818427247,-0.05303499935843814,
-0.23114359666384596,-0.13211360310282919,0.15392640778713773,0.12011694187896342,-0.29355046458248335,-0.26452733694903396,-0.19283347140867335,-0.029034453484478633,0.09903857580293636,-0.07763956158651511,-0.3161430676403363,0.053868347322814515,
-0.09804312402081293,-0.18888937843380715,-0.2286468868221662,-0.28131358714822857,-0.1624193517793782,-0.17744047338750835,-0.19332985283790607,-0.13024412038822475,-0.14415848933967862,-0.0024329255744485793,-0.2838989481012146,-0.09290064175404245,
0.18034600988233018,-0.08278558050338654,0.07679296446564506,0.21349385466132131,-0.1050168389539111,-0.1302318657440713,-0.2000364830297894,-0.26135444328829877,-0.3602865016753131,-0.28089650440916847,0.07017489388467023,-0.08886416000518378,
-0.2508088557104244,-0.05756945214775782,-0.14410699510629169,-0.013332076719937518,0.14252524779686027,-0.06692571858003238,-0.002640869399077946,-0.1681384538964024,0.03966144287248201,-0.04041332909258234,-0.23408283823530446,-0.18936295182151625,
-0.21854129784267626,-0.32479568407658255,-0.3169197295276226,-0.20842307754474063,-0.027541852238214985,-0.10075635706073705,-0.08118115589251985,-0.3362378579642753,-0.11073060192824451,-0.34442642493953457,3.8184712884219195E-4,-0.32950799165353273,
-0.06842647643920545,-0.14245540260487488,-0.14605049351672952,-0.13540932233327205,-0.09056818133035038,-0.1013985847449957,-0.1058617444822584,-0.07720457328840633,-0.03358323949159258,0.04924826962046859,-0.1009523537812732,0.08538905510950334,
-0.01762657045896504,0.21412674409721205,-0.01303830457199222,-0.12058418980723616,-0.010501287105322808,0.23571705038237664,0.24181990933337374,-0.012678151428449063,0.0913179431374516,0.23549176684449058,0.1016967191996426,0.2843239044624156,
-0.3677862729643685,-0.2275377040316528,-0.27088023746249845,-0.038950448476451086,-0.2523061607934166,-0.3549544257438043,-0.19290763458074905,-0.21369524029753534,-0.03885293918263522,-0.08498195199997748,-0.34774842911759374,-0.10768539618408277,
-0.05979006707867471,0.04792598208476306,-0.34416689697094666,-0.11200013662762091,-0.37790551885352125,-0.18471054042386706,-0.006875462375196676,-0.37765953182962403,-0.11897796070291713,-0.0982024704301351,-0.2878268973268612,-0.19975118004982406,
-0.16351912323930626,-0.10288782530792967,-0.07587633865005358,-0.25215185458312106,-0.06446798217198417,-0.0545815131500611,0.008137532281483372,0.02710868254347299,-0.038412834566330864,0.0017651389236788754,-0.14786670315584557,-0.2671083304045763,
0.06196242770300337,-0.045304316749268436,-0.02571364431764258,-0.024958246570846367,-0.009449016700603326,0.025379599595245758,0.14625719893924954,0.11831502104944515,0.03325383780085097,-0.04730364361206231,0.06731454117717976,-0.05907209601144489,
-0.025161607370307246,-0.10407327808193828,-0.3433565364797679,-0.24495185383983806,-0.10960407274942806,-0.31803144066189476,-0.08035223002267156,0.02571573550645438,-0.2463584267430913,-0.33868488254302426,0.038168771746556855,-0.23397292214686127,
0.0024688625527232427,-0.1621166972130107,0.011612113471514071,-0.21809871438380263,0.0903024988495961,-0.018641319469023466,-0.14211864762239512,-0.30788968548656964,-0.27121736677052155,-0.31639811141224417,0.010493035639150853,-0.3327200518323406,
-0.31971621661409927,0.021097296368935065,-0.16103655327879543,-0.27766195873587013,-0.40924182421380373,-0.38520451225238234,-0.37127094950831774,-0.024220619722442726,-0.03335439552096812,-0.017847222648687766,-0.019228488517761617,-0.35748246235021,
0.11610439062117596,0.2535072553732069,-0.012541710980644842,0.13470259034132712,-0.08697074683164666,-0.08786300232452246,-0.23370299040260364,-0.24494364360581325,-0.20353498039466372,0.003604694618342945,-0.12033557343270672,0.09266344996024971,
-0.2271496315567935,-0.16493601569780672,-0.19427395691938185,-0.17195609386088992,-0.08364962719870181,-0.14885649278012147,-0.17222157465057122,-0.046433587582234453,-0.3190217584836626,-0.1845661461844549,-0.31763782860811335,-0.10461432347998048,
0.19139467064641702,0.012531257942307365,0.10713654471970145,0.06364733793821209,-0.15397527315838735,-0.053428074994448,0.08242350110592978,0.17472898070986564,0.28919065206108774,0.29504420903879247,0.28173252119691894,0.05209557489097368,
-0.410182283078575,-0.25047570456114365,0.05935827019998858,-0.10415164097711571,-0.15314740433736568,-0.30963255793266325,0.015673403696581108,-0.05884005421907995,-0.04072165428130735,-0.29445244046353686,-0.16734322789301886,-0.13077282829577722,
0.5185376024657606,0.3831720541823691,0.544008791227155,0.42923702998623436,0.5301437987605409,0.43750939546040823,0.3712943449276837,0.3910907530316706,0.257548792783022,0.14237497957641226,0.23429264223675297,0.4978463354647971,
0.12703393477374017,0.14485254382182483,0.15930312104242728,0.3768678543578218,0.4326794993206691,0.2223039425817069,0.19261594194183673,0.32219212056143126,0.2855331659835816,0.3272044095692544,0.30894898055199244,0.08547774763236615,
0.010985786024387791,-0.17091008467259355,-0.00904015507955969,-0.2463715729602101,0.05402606091726464,0.06642668675002558,-0.20054095083705534,-0.10841694625548139,-0.3069524178996433,-0.002870411214856775,-0.31886961644365036,-0.024533188064198658,
0.004030340853268546,-0.27339277634898257,-0.04291335970134321,0.04696398622545294,-0.04632966160474021,0.0957317899482645,-0.3109102908686836,-0.3183914280943679,0.04291968242951882,-0.23717150483126412,-0.12979258082864958,-0.2036394211006229,
-0.057678078079255984,-0.044598701000403626,-0.22763637830423822,-0.23360626841821797,-0.32756368048880424,-0.10744470022887731,-0.20779447743004245,-0.3140868257061204,-0.4277356596981905,-0.11369852499779355,-0.02829501025929737,-0.18472344852196798,
