# Pesos da Rede Treinada TxH=  0.7999999999999999 TxOut=0.01
12,19,12
12,19
1.0369659731524856,1.0080646566319382,-0.9262806930548254,0.4704739107399928,0.9402949059698894,-0.7993103661871195,-0.46463698238602463,-0.9319406183349676,-0.8171402606287532,-0.5500607657132971,0.8151005877688293,-0.4847181969966787,1.17498391580176,0.9227589685542702,-0.7329784565992293,-0.952716295806327,0.8056135363922857,-0.5554580289492441,0.9176283191863144,
-1.4137427975272843,-1.5077323845722836,2.708951875026956,-1.6081709356379617,-1.025343671221404,2.9698911016976792,1.7829699881524927,2.672796804328924,2.2748077703823517,2.048132957163871,-1.37769462613152,2.178513451285331,-1.7268821046508331,-1.514395553792003,2.705705912369999,2.8430549236901244,-1.8761254223107453,2.6663331473618017,-1.6388360158090913,
-1.122431044309449,-1.5918484140867923,2.8891591839433226,-1.7943114130761117,-0.9740629603067399,2.8109409593096264,1.9195117966207693,2.9463635421195673,2.6036641789321098,1.7217624659273454,-1.5313556729551667,2.035015697872438,-1.4678994122048536,-1.4803553689040805,2.5527536289683193,2.568343488087467,-1.721072715638316,2.5167742291322313,-1.6553572779655445,
-0.5343309741520871,-0.22796001326954918,0.7161880237456204,-0.6032496691941617,-0.37009224520107725,1.0660197513042016,0.6473791217218149,0.9330917313440868,1.0712414797595822,0.8144133159655168,-0.49225973081660845,0.8797709630073676,-0.6276778216919159,-0.6949096088738558,0.9495562625697154,1.0913891314424227,-0.7992615797225409,1.1797285578397152,-0.20452657957916853,
0.37424406693227846,0.17841928856000006,-0.14047852268852737,-0.35893192845238836,0.44242088685357445,0.17403594664900154,0.08304302008586005,-0.06253030209437593,-0.10273013056351062,0.19113356664918948,-0.0970231944777278,0.09084254899177022,0.3282097187405695,0.4090404722619345,0.3492419716022426,-0.1106957579440512,0.1860872458744841,0.27353945275670294,0.10625529192079261,
0.3667577468879285,0.572980454741835,-0.4700818021441924,0.37767354519945956,0.2518215008192348,-0.55014875525526,-0.8390846864374047,-0.8141909933959348,-0.6375454786064467,-0.9519718474896403,0.48825792153311987,-0.7337724713015452,0.6450752324813578,0.5816619991673828,-0.8906596979670607,-0.9071673158942499,0.463974460763731,-0.5121676222797517,0.2743789716769087,
1.4009057774502591,1.1430531523761962,-1.9414081568470647,1.30435855173014,1.3849611040137944,-2.154284338481084,-1.6970838342308363,-1.9183403851712142,-1.84954043439831,-1.5492553748608957,1.166154582204981,-1.812468652050682,1.3838675227926671,1.194874207054691,-2.209917122504071,-2.012854888658571,1.137281326478963,-1.871436496110855,1.3395670441613974,
-0.550753288459855,-0.494023738315127,0.573253029250975,-0.2865599521864323,-0.18650623674050915,0.37970226085080533,0.33476264056516813,0.4762448295646934,0.23813356395711008,0.29059547880903697,-0.18485390100319876,0.42914666475311214,-0.5759460067259042,-0.5463263132294985,0.4850166435722797,0.36142663919177886,-0.41307152166402644,0.36263462173817823,-0.22618022007478056,
0.5861420246170715,0.7205079814153502,-1.5976032748239664,1.0768124385957891,0.401680691322031,-1.5730346259804562,-1.0366435034537638,-1.6629485164453504,-1.5006470808817987,-1.017012626072192,0.7177249833417219,-1.5209274536564314,0.9588630868338506,1.0695589336589257,-1.3406999121785124,-1.4502719959186683,0.8171648502674583,-1.5584327117091867,0.8086057468569927,
0.9515076698479287,0.964901963768356,-1.6161093316958715,0.7061728415785274,0.6233741811952984,-1.7650522646071878,-1.2764140957002204,-1.5230578599790603,-1.66289758046936,-0.9794101428923181,0.6766598516487939,-1.2047402312010151,0.9475651039067424,0.8320701749604482,-1.620028137049115,-1.5302529212442704,1.1781326491863178,-1.4398288692624914,1.1320871524713563,
1.0372945456213425,0.48810271449428005,-1.303408065503008,0.6387083805731106,0.5371173814043047,-1.765841730615982,-1.18478670905892,-1.6416795023362893,-1.219466789075478,-1.1730884404144348,0.711341253702551,-1.1517644007467294,0.7398449735133827,0.7878749412752595,-1.5166463510157029,-1.3092667383207819,1.1253155587311674,-1.675454630187576,0.8366098049638557,
0.2670075854465398,0.3064624816392837,-1.1106069012431874,0.5142758822859027,0.35444980896986267,-1.0983959001750625,-0.9407370008637876,-1.3522079777588216,-1.1322718580012927,-1.2677752546336378,0.5581961147942469,-1.3852873804445467,0.6936194932564845,0.3688455223862053,-1.2791856152060135,-1.173975732835039,0.7421371994360195,-1.4384236549489122,0.30538073057847703,
19,12
0.29284536152475193,0.3817342426391941,0.24537875630628064,0.1866535566927764,-0.01262471231888365,0.06736195965310185,-0.04037747898477774,-0.025343279335515684,0.14587736360950376,0.14006046453829213,0.023439810490353097,0.2400828561011955,
0.17900846548668484,-0.02523008802803964,0.19682482157604464,0.12572525345829347,-0.047353980748978786,0.020846581290630963,0.13496967538180707,0.2649789275046641,0.004098525472760877,0.21844049904518428,-0.13212426030946825,0.375318579905854,
-0.18233235090231542,-0.05486064338266244,0.05723478795329609,-0.1132444550113794,-0.2695607751145231,-0.19808559378996282,-0.18431085854684812,0.15193001095769668,-0.19981703127096132,-0.2706878460537364,-0.1014755464881031,-0.24605429967736347,
-0.09225143794254892,-0.06026312052022842,-0.028252912864308456,-0.18903299292179493,0.0399713209923716,0.2582842475364357,-0.09885348392470111,0.1703598350796036,0.28172801121741353,0.21069984074706632,0.312629832230547,-0.01323058722689129,
0.09267302988075068,0.33016416543070487,-0.04459980994391186,0.24524165189716757,0.21217504603813758,0.21195501606324166,0.2953523855874275,-0.02352314301843421,-0.04695756771729849,0.1044874715201695,0.06804148906560983,0.04651074413910273,
-0.09304229803237543,-0.22210662831825775,-0.003720520786364503,0.05568765753224352,-0.22849692253512757,-0.2986258387639066,-0.12258488801838448,0.02982939516941527,-0.26591295340003623,-0.29905634416721466,-0.1900282463141353,0.09817355712827334,
-0.28502841305465204,-0.2509921372634255,-0.16928980369762453,-0.2949342958106978,0.03453832237462763,-0.03626352944113906,-0.2923685504880759,-0.06972714450352074,-0.09302057004016541,0.031035117164877748,-0.01810489585674376,0.12607033125903142,
-0.12109119032245969,0.033230763261058255,-0.190031790935478,-0.1592765479340164,-0.29296522447217255,-0.07615424344535492,-0.11500481948140064,-0.18936209913815227,-0.171544302573285,-0.0793536490956387,-0.19153446879709604,-0.19015878801687328,
-0.12263555164658341,-0.016781660157643753,-0.17232976661578378,-0.18665273062567897,-0.11908569395181313,-0.06446499478062831,-0.14694311324707995,-0.26064220717110115,-0.1511262900980401,0.05478861130777808,-0.17860191011578266,-0.2762686735409642,
-0.14713506262002363,0.07607585654984787,-0.281061955341441,0.07982885655464095,0.02445822664017706,-0.2635526587735323,0.11250255278541191,-0.26217348112011146,0.06759654874774594,-0.05829607868207856,-0.19870059010590607,-0.19273515856330248,
0.27640390235315454,0.043591392130979394,0.002696941156528407,0.0263046167241268,-0.09625683884092959,0.20729818548101825,0.16953933542878621,0.26799139691390705,-0.034778631010161216,0.16963550663233462,-0.10430241811936457,0.27436680842413114,
-0.10486057020703998,0.07800619545346042,-0.27537038675934,-0.2568229122767514,-0.12895532464941778,0.10230367600935558,-0.2572318342218952,-0.19627634713395398,0.12175435152324965,-0.3702051368208079,0.13376986547383166,-0.18390674290614858,
-0.08062089983711397,0.23029017357535972,0.2233675351545083,0.015108271343185486,0.29363895063508455,0.23997120810881137,0.09245559557246848,0.20600637875946964,0.11850303069659593,0.03760971878195108,0.3025716706499629,-0.017436963305544822,
0.00715655443782065,-0.08134770008847313,0.26460125415200914,0.15543176183706606,0.2570112592461444,-0.19201411420364226,-0.011899170992731621,0.23901331273706644,0.3025353390929145,0.20834639719191977,0.29218508881633015,-0.0551282109483052,
-0.11242434521545192,-0.4028303199946497,-0.08931083633599457,-0.039748844037427386,-0.014108216153055434,-0.06770515395984975,0.0885600852269469,-0.15408896188976537,-0.2650447951018231,-0.24360522233450643,-0.14334992476450625,-0.19594152479042748,
0.07181395993192162,-0.2006883521828763,-0.08581697917593342,-0.1680870421243017,-0.13587748688321977,-0.13126201347733427,-0.060689830804370556,-0.24558241084048518,-0.36840248024495537,-0.15301892357424793,-0.20023163122451712,-0.025812083947434613,
0.19127437612029846,-0.07726129293531162,-0.1181610643982658,0.21615047125348735,0.09748909475511044,0.20479047634524067,0.15622405702078654,0.24051568961401595,0.27649808747055465,0.004738554940826398,0.12662127411642574,0.0036747525133857335,
-0.13564579036526273,-0.04813730731346027,0.06546349686940835,-0.006046517931784035,-0.08920564123393163,-0.2518450491872898,-0.2558760565476027,-0.19369968598489654,-0.045729380365318255,-0.0435245208565919,-0.282539330236538,-0.2206833877951222,
0.12990054811355561,0.06551086420460911,0.18738833318558018,0.09512376373442494,0.23985488211907618,0.061105726139437676,0.3034661609316284,-0.20445389370827444,0.06249842113660284,0.07424597484113853,0.2235369245850564,0.23806475752056105,
