# Pesos da Rede Treinada TxH=  0.5 TxOut=0.09999999999999999
12,25,12
12,25
-0.4532189801669597,-0.5632877441100508,-0.2787708522154819,-0.5881178396254326,-0.18120514520441205,-0.15774781778924385,-0.33376305487613556,-0.31699964556938764,-0.37764140412310443,-0.5477622884678233,-0.6144617640916836,-0.37057803637493164,-0.46781406357677013,-0.1908489506891083,-0.30633721231276206,-0.5817819675910375,-0.397712935805982,-0.24236593729609365,-0.35373332869940366,-0.21017121952864867,-0.532280371310302,1.180671306687076,-0.4408283391789371,-0.2585794597446829,-0.25656363766402746,
-0.105906156936313,-0.29479853766508646,-0.07808799494825808,-0.1408252671362963,-0.10194148786559662,-0.3232516660115925,0.07814159595620954,-0.29919306128915,-0.2753010861092005,-0.1352598559124135,-0.15118517143934404,-0.058466991162097234,-7.82095053250189E-5,-0.2924228853499671,-0.06578675969406769,0.05862936814130219,-0.10145961647209618,-0.3691736934286413,0.01661520682501994,-0.0860108239188108,0.06490863906306098,0.9347786031656934,0.04701425279384911,0.049003211146276135,0.043157809790645055,
0.038027574999234925,-0.35223296074567173,-0.1964762165994698,-0.31553578258226717,-0.32159373959893767,-0.2901136555112,0.14254181496952018,0.13717599769051075,-0.19568070513866315,0.08458944915604066,-0.1718027564461083,-0.1238733611326036,-0.1493242345210022,-0.09533018438297698,-0.08801454510642845,0.06952843210278417,-0.20253252003633926,0.09404445957291525,-0.3566777395664092,-0.08599200263414197,-0.2533211208580134,1.188197421535401,-0.3260011566878977,-0.1632446789645201,-0.026420795741978045,
-0.31772357042159655,-0.07351270312753623,-0.03112420405434072,-0.09648850881832027,-0.430693533999074,-0.41176471664937647,-0.29293904361043666,-0.11857588106590591,0.03807296806885259,-0.030734783893145774,-0.2977453320815099,-0.3879564051927345,0.013913712063202218,-0.2884934327433066,-0.03811727179940706,-0.10847239365379006,0.010880406959929582,0.039114252048254965,-0.4107945600437808,-0.042970043557606835,-0.029381119723298155,1.3845213345538068,-0.09775012021281046,-0.2299422723810471,-0.09843244813453714,
-0.3577967595955577,-0.2453947833445156,-0.36560243784245494,-0.10855947741057984,-0.0976142882012715,-0.39569644283525757,-0.366659172753019,-0.22980345535836352,-0.3710589407525267,-0.10310500360378165,-0.20467832916637282,-0.22018556573345355,-0.36327971118059,-0.3011578456974948,-0.29971021289794064,-0.3419273265365626,-0.2353311316973934,-0.28251682839024495,-0.19657706603399286,-0.271158959842735,-0.3656323359355317,1.5603256095843205,-0.05624397695887791,-0.05203168305884244,-0.16403688071411965,
-0.34158163629578026,-0.623879556621582,-0.5031797859033679,-0.5362031436586828,-0.3704187657284655,-0.3247131021322373,-0.3239359088753293,-0.5296844220396559,-0.5409270341235238,-0.5219836973849261,-0.22590588250478924,-0.5211433446732149,-0.44365446875812264,-0.6201676908728235,-0.4627656860509194,-0.299003748999603,-0.2876080644497557,-0.3836705464347081,-0.23520503079294777,-0.7145347874841029,-0.332483209804724,1.6358588275750616,-0.6290961250402302,-0.4126273705286236,-0.5603532002920523,
-0.4627889876977492,-0.21548047579059285,-0.5376551138107212,-0.7104321828315152,-0.4613042781180719,-0.33016760528080713,-0.6845046637399919,-0.6788172266618278,-0.6567621677944885,-0.5699213131410565,-0.3999803672899358,-0.4358448875712667,-0.6798492999614341,-0.578258568414975,-0.3358652924772948,-0.5978021344268278,-0.7286241819693093,-0.4148362896839044,-0.6323904387918439,-0.35058445464825166,-0.5903969416585181,1.7951815108759122,-0.36192696551403947,-0.4670635933903822,-0.54140266192284,
-0.415676995354678,-0.5741547106726017,-0.314569155856123,-0.4524041832126906,-0.3545564367610827,-0.31086759897891375,-0.37783611767118447,-0.14377662837292207,-0.5038253670527542,-0.5226969791040114,-0.579513419687821,-0.5381811861705704,-0.14315418354596715,-0.5239347518778145,-0.4609796250639018,-0.44076853354475565,-0.5880362067949697,-0.5368616535196484,-0.19409681009699242,-0.49558301795073895,-0.4274722842878812,1.3993378532125151,-0.44028477694707213,-0.5847978815812583,-0.5607976575975019,
-0.7512580846381074,-0.436015810732375,-0.5712455395255577,-0.47592445909052106,-0.7889102562458685,-0.3621000949293576,-0.543530516130022,-0.5716830921342486,-0.7133741387481154,-0.651327972490379,-0.6014483199610257,-0.39252689587466616,-0.6495459910328988,-0.3675337220239319,-0.7020097915476602,-0.6857805224419311,-0.7702028829673303,-0.39837276116181386,-0.5945435406379243,-0.7457288098619731,-0.4624135681616676,1.6690698385426062,-0.6897940825510755,-0.7299173066085077,-0.7234748506198079,
-0.6977580616659165,-0.6861704291752614,-0.4633243180877718,-0.357190182100984,-0.5735788813066885,-0.7610046854148346,-0.7500140207153994,-0.6688750063261371,-0.39876597542114267,-0.6118310352215047,-0.32460927351644137,-0.6403569515629287,-0.6461375934069279,-0.5674616024866778,-0.48559279211619916,-0.3986557915775959,-0.6550405693127482,-0.8711508361730069,-0.5247099789807905,-0.46723809578880504,-0.6486248102174955,1.8958806205721637,-0.6911168613589787,-0.42161958283502393,-0.517623308299249,
-0.5897883049551966,-0.27251935339453776,-0.6520834448139582,-0.562109742602289,-0.6568984703489724,-0.6702000044978725,-0.51933798171554,-0.5825108914002378,-0.3551096667636124,-0.5594150630965093,-0.77765826355531,-0.4619709468794546,-0.5037786861646005,-0.4327633355614471,-0.6770448751849337,-0.5245431888356699,-0.2709045674099358,-0.7621694829035303,-0.5981511098278601,-0.40831134254584495,-0.6310647874217571,1.524804316924074,-0.5373403518893626,-0.6677065017094073,-0.5883423657437888,
-0.2200561682515132,-0.46220881986519785,-0.6529484732076706,-0.3721215628124482,-0.29096495461861,-0.4613410121818209,-0.5524848087942894,-0.6269917488797766,-0.27366041402383445,-0.3631202037449736,-0.35247841015505943,-0.4842801641988253,-0.4578863150939072,-0.5151129351894179,-0.5961018212225329,-0.7259162066718869,-0.354743298486451,-0.4193239495326986,-0.6045396866190592,-0.6683192021062991,-0.37747247932459727,1.7881823210145702,-0.29645798374050875,-0.53866090500835,-0.5106814032380788,
25,12
0.008901388479416121,-0.1159490256892231,-0.11603792986687192,0.037678833925223094,-0.3805730611319327,-0.06317932136110138,0.017997737613077987,-0.20614607730902243,-0.2541903874824933,0.021869798587574908,-0.022723615702782203,-0.08025695492895434,
-0.08406425590526236,-0.0979029976011357,-0.12799430060018543,-0.23099076892125736,-0.10830551735172546,0.08781723549753938,-0.2123156243717201,0.06245352096387987,-0.31395919653468957,-0.033879431016271694,-0.08399587619485042,0.04071484930076813,
0.0044231875836047325,-0.1891035828282879,-0.24236355808593762,-0.046070417819649156,-0.013486817200516686,0.11183650779392655,-0.18280557485170068,-0.059471971271572124,0.03871260105456312,-0.2821848944012663,-0.16497547880038235,-0.09895614159120655,
-0.0017748838479880544,-0.3710092909589215,-0.025694309543083715,-0.1510360530433477,-0.03700720867402068,-0.15398415613650074,0.08421167842618153,-0.19914779928025197,-0.09226028546472548,0.09177277309083998,-0.09380132904882786,-0.2126699945176505,
-0.27086302310809846,-0.06279626880346412,-0.020504987736394573,-4.795765119664744E-4,0.2345577175593908,-0.1968930001567233,-0.004986297401979694,-0.14427597935224032,-0.22429083383668202,-0.009137644383225445,-0.14997919333220874,-0.2334155185849484,
-0.04307117375240558,0.06814989452860344,-0.0681550644553541,-0.028089140806529807,0.11023116950995442,-0.19624934105554398,-0.19432440949304938,0.08121190794095641,-0.05502113019544903,0.0077892602097675715,-0.33732575824758254,-0.269034993527707,
0.025684562557256766,-0.1820612012970582,-0.07109779602806655,-0.3344734883060611,-0.15345598275370492,-0.15396728065362525,0.13067754101338802,-0.05010409026879785,-0.20901984653702171,-0.26516706762150377,-0.1127188958266989,-0.0934173507815582,
0.08448648735592577,0.12401165331375466,-0.18504975259193443,-0.2096384525138977,-0.25680144531988275,-0.011346461856439175,0.12047189801235346,0.07022380752273939,-0.19353897310728013,-0.13125842507356106,-0.3131991086298035,-0.3121794403700724,
-0.2702141176835963,-0.015537258389850867,-0.05783310815621608,0.07278807230475845,0.05514870677465923,-0.20998062494929676,-0.09169037572156548,-0.2832835815001582,0.09017992343642656,-0.29628070143261426,0.004965373099299711,-0.16500303566891808,
-0.08475942792255926,0.1608259910409372,-0.17063563587756458,-0.10864953790830995,-0.30430785550702016,-0.12426182692771376,-0.3309196539701228,0.043783688811982205,-0.22517712369973863,-0.13261138803884226,-0.04205108891191675,0.061171004530009294,
-0.05339689094712973,-0.09935060398171908,-0.1860113481492809,-0.006942006429085223,-0.17865298659521578,-0.17222604352614843,0.027690967370789805,0.016450926968437956,-0.019824236835756667,-0.2825346025346603,0.08200181878864486,-0.24732959270588734,
-0.08795245900254234,-0.1563850789780062,0.026646449038417345,-0.20965980498455242,-0.11879915160008286,-0.1736391049042063,-0.05663436152079185,-0.3291932896884055,0.018281308965703652,-0.27951975980592786,0.05678923835915968,0.03529957735548447,
-0.31018802340095575,-0.16896381038669134,0.1407763248993892,-0.061367710017176,-0.04473613357116315,-0.0499438489467628,-0.21356704143713118,-0.2929007002296535,-0.08226720006037974,-0.1780358424761287,-0.08901933582828127,0.04362402535171505,
-0.162350011276093,-0.06944440626773478,-0.29078774247044636,0.1585548044388758,-0.07273027762540933,-0.08496202813852928,-0.15606352806469528,-0.20948197836767324,-0.11125417913561482,0.08512234147598466,-0.08088136137096194,-0.06571560811994562,
-0.1775631392231462,0.17571863132763604,-0.2006700770906131,-0.1667520076147806,-0.029733565822452866,-0.2759208538124455,-0.1137435146509582,-0.04113422359157041,-0.03484156629628343,-0.14079430165342047,-0.09174343986946672,-0.1616101023852688,
0.08575823976280111,0.04886866363618293,0.054783056258450084,-0.011104793693164328,-0.1789625037930127,-0.14173342701365618,-0.37934505395543444,-0.13147182303844976,-0.029618174415324702,-0.24187679505535425,-0.19221931635627618,0.10404495691171588,
0.01847547931876078,-0.05740782383444327,-0.08960894585028702,-0.23692402426565132,-0.12995754246950889,-0.24222755877817373,-0.13180123508561245,-0.057823630024025185,-0.24157471375302506,-0.2354703267231335,0.004261613549068249,0.1294503923149203,
-0.1133920890781483,-0.12884349499111517,-0.25966616852671126,-0.13828548289056147,-0.23771642816987465,0.06441258628988268,-0.25258940059608753,-0.18126350957743934,0.13991855354746835,0.00513227252954126,-0.27192047676318376,-0.0830340210748473,
-0.3950107236724232,-0.03329491826254295,-0.1339800082990308,-0.223689222476011,-0.08515934281030445,-0.04735645785398162,-0.08487183407018624,-0.061369656374451374,0.08710164759997446,0.03671883762763606,-0.06276340293247017,-0.14135799557095602,
0.009302545159308397,-0.14097718968351347,-0.1550823484990537,0.020289345697093415,-0.14322969413052322,-0.23126133213012912,-0.1824701333764115,0.053195248602844636,-0.21548283790014217,-0.08151209320751991,-0.03172849470559092,-0.2482213287313995,
0.005005596001291983,-0.20997150214359261,-0.12782981890506656,-0.1342105922013531,-0.007828993920457331,0.016247868369486194,-0.08890341976687667,-0.24264876527232254,-0.27286475941882254,-0.020395856456288455,-0.17695047654829102,0.007795879335091931,
0.8026809437986886,0.7034242229643771,0.7660372034810407,0.7619976842784494,0.8180885380413364,0.7874297046515463,0.8111441876495201,0.8336131140590277,0.82040985556003,0.8639091441242039,0.8347198980885396,0.8333249581613315,
-0.2742897764956956,-0.18810185512115396,0.1253053187093698,-0.22633333200455089,0.05171409558503642,0.020088358487403795,0.12731222946510923,-0.1268585420659194,0.10308517521526953,-0.30111493082627755,-0.21241789292980423,-0.2836564974898895,
-0.1684323286882379,-0.21629960198696063,0.06152952905433645,0.06993729649881578,-0.20182883532169726,-0.2809081029412221,-0.20146521171301082,-0.19304949498359333,-0.21511084995453228,0.009812087421372618,-0.0990089110361283,0.07208490619324164,
-0.22599205823115645,-0.18932635974578466,-0.16320681992224262,-0.11322751061782475,-0.2267912439086618,0.13042783447309558,-0.12664990608200058,-0.04480742536478377,-0.20751441259453904,0.01082261490428588,-0.08951576269764261,-0.31400878745143024,
