# Pesos da Rede Treinada TxH=  0.8999999999999999 TxOut=0.04
12,26,12
12,26
1.52084664974628,-0.7571571954677142,-0.37524128901382636,-0.7359403609695556,-0.6540472306865663,-0.5629820104651135,-0.48420945411817645,-0.4488592825767638,-0.39335663139362353,1.536656150105753,-0.3321885146904622,-0.6600006509698767,-0.5639244615851593,-0.6265300387320353,-0.6066565946742409,-0.7089418079757829,-0.7510671963835587,-0.6431439435416767,-0.698635440110931,-0.0074373658190247365,-0.1373416836421785,-0.325778519160073,-0.30707714414957826,-0.5010236614331673,-0.5275756199911799,-0.6322661906849354,
-1.0413425318879772,0.797453655996581,0.6825573475469935,0.9720200854002058,0.19133969390515734,0.9290628065300726,0.8619981335444281,0.7627407225954256,0.9608832410571153,-1.0367700856579747,0.7633413239448585,0.8107070708798185,0.938772919425277,0.8921062872034254,1.0124430939196079,1.0116289409454888,0.6317525713340882,0.980581876291802,0.8414544841237677,0.2241767748775174,-2.217783207700135,0.9385762889635437,0.964102601604759,0.7671896654335815,0.5826834090142687,0.6210734558257166,
-1.7686859676355384,1.4020246208789604,0.7288248039922209,1.0757195994831459,0.8314344012053188,0.8007577892415244,0.778012914933729,0.9137162426025405,1.1478261957336255,-1.8296526898128032,1.1485145070713365,1.0846765409545052,1.1409765944776287,1.1890687284082164,1.3339675530531399,0.990314927588796,0.987636961507349,1.1406913548282382,1.0894628582886199,-0.03818198800653918,-2.9264240434594977,1.5031419699643702,1.4397940176049717,1.4817203639289862,0.9035864582979216,0.7656298825124023,
0.8148158042177887,-0.15213548818473674,0.38024290770042984,-0.17841929622344843,-0.19173803930589822,0.4189412697142627,0.020639990817266866,-0.05311668047100224,-0.08962741101685662,0.5337782847874611,0.3732891628031803,0.0651846646772768,-0.07821321118666766,0.18383103297970366,0.13649037692681273,-0.17148347430085661,-0.06445531826432493,-0.05515249169206508,0.07831784246411366,-0.2556640555496639,-0.988511872915816,-0.06277353230190735,0.15765435004584794,0.23326286076993735,-0.11314436603039549,-0.44580448753785445,
1.5505446261374811,-0.5528744953587844,-0.2121342869067768,-0.1551020284530726,-0.21298481384653284,0.1378106779887455,-0.1067588653651814,-0.04851344303908544,-0.09889866888627039,1.3388593248312954,-0.30367248086659526,-0.34080754534335705,-0.2762828314380419,-0.20990844758324348,-0.5866965500785086,-0.3784792922537199,-0.2883098450175352,-0.4450228592074607,-0.21164971263833846,-0.30867412596814653,-0.35855777814957657,-0.10612246851156414,-0.4306991462067466,-0.552638426282691,-0.4627989776603004,-0.6285039101735983,
1.8725832792714547,-0.45497521959017045,-0.4888373213448734,-0.4555636011370058,-0.41181838101986473,-0.6853083625283174,-0.5883502807781537,-0.6614708732865849,-0.5898822707733741,1.6705535796658266,-0.3296481854371906,-0.4603265033332793,-0.34899972192163065,-0.5940230212482116,-0.5559911443550409,-0.6242130343330504,-0.5139330724248075,-0.6023322730100351,-0.3702011219097014,-0.5535617268733559,-0.4237666479364234,-0.6871770638818563,-0.6730075248540888,-0.5928432750796095,-0.5279507461210513,-0.6130447815942135,
2.8872359383117288,-1.1161081764937186,-0.9122392186342958,-1.3818457077550146,-1.0381806886185507,-1.013241090094418,-0.8157471419889075,-0.942111381216021,-0.960014516852312,3.1983758884161104,-0.9710333964375158,-1.03740884876676,-1.2811560437993956,-1.1602862053151868,-1.248456017920622,-1.1743657170122896,-1.3772182845582717,-0.9671312938795623,-1.425548558464604,-0.2698631982714774,0.8508597252601959,-1.368976169558143,-1.0763222200206588,-1.5569998647711971,-0.8896453593633056,-1.2761064994366302,
0.750863225276982,0.13765424340783755,-0.17502171678899298,-0.07190339203160828,-0.35694236489641046,0.014254370343217653,-0.34661287345482267,-0.09320417493143639,-0.12336927151846364,0.571622635677909,-0.011330810048963944,-0.17410795454525724,-0.17345902279335923,0.13973786200886595,-0.027064598929521202,-0.19948612703760416,0.09883969305087661,-0.14202513302302633,-0.1609455549200092,-0.5718187036354526,-1.4181556643767352,-0.17803884009257248,0.024083395767615798,0.11193382349230499,-0.18770799203754435,-0.1928631219492306,
2.2139599959464613,-0.7044199189680383,-0.7963280421148689,-1.013356781460607,-0.5842268695124371,-1.1375542113564918,-0.7654123480524608,-0.8874552063402678,-0.8755882638190241,2.6010129745495916,-1.0170304355626323,-0.7427818214569856,-0.7518732202627196,-0.899787562085637,-1.0030278903056038,-0.973884822289648,-0.6523749150777423,-0.8621437833001097,-0.9163121946331081,-0.4506240770487435,-0.19026387817280468,-0.8729229963865556,-1.018474813565565,-0.7428200522308605,-1.0207108928502997,-0.7194148495831356,
2.4421181554521465,-0.7283400205771872,-1.078730929170011,-0.792790061345116,-1.0144541389966146,-0.7928680598292769,-0.8392304198957101,-0.8575919109639423,-0.7264303083565972,2.5875190376804884,-1.0635038903462344,-0.9738044517867943,-0.7287623780260377,-1.0839260442181096,-0.9419438036395672,-0.8460258914938414,-0.8954131472044209,-1.0271767763349908,-0.7108785929910552,-0.6333962601680728,-0.10422374857618304,-0.8464782697968385,-0.929954896828989,-0.7530006463406453,-0.7125768577248812,-0.8522394429961972,
2.1246586860736048,-1.0900577094055806,-0.9958556230096929,-0.6722847652120648,-0.6547093332348782,-0.886709123804703,-0.9226843607723427,-1.0115799423857752,-1.1099402471007092,2.1688408399313817,-1.0191808212813909,-0.7855694638659652,-0.9344703637771976,-0.887482747662228,-0.886506397069992,-0.7055853457210016,-0.6649694262320254,-0.9179221647211905,-0.8563258983622414,-0.6668730690509737,-0.3189323578109839,-0.9140177619306353,-1.0951743671340863,-0.8197453036272507,-0.8533940903936437,-0.8500056448728229,
2.2326515653793035,-0.6508739316004069,-0.4862674490809443,-0.7259256143692865,-0.540538016901663,-0.8834393251914633,-0.7739744679678328,-0.5557610950571713,-0.8894322475167641,2.048424695947302,-0.9016050882534508,-0.7735006836638697,-0.8561075249837096,-0.6666409292295079,-0.8032716550490235,-0.5582578453061257,-0.7794734474624831,-0.356675910693463,-0.6281756433534169,-0.6651632422320118,-0.3408931684360977,-0.799290605531047,-0.7995408376234983,-0.9426178393969138,-0.42327834898870104,-0.6964445088385883,
26,12
0.5232064097019811,0.3505352255324544,0.3775539431967071,0.3973484122386839,0.47726139679919066,0.3210148273434982,0.4623276144318245,0.41254823264304924,0.447655731130227,0.38041256398401363,0.3968844927999797,0.38195977702946443,
-0.22746752830010608,-0.03932332757299926,0.027111146780785272,-0.11102882060799213,0.030700533174492384,-0.15406424651838616,-0.11152734293700863,-0.1735273789194861,-0.260147404185193,-0.019231165257788604,-0.11432182604218245,0.04900390029824772,
0.006853943881757036,-0.12261687953538873,-0.08921260291625968,-0.1446360342708206,-0.07121750244288429,-0.007701446547130378,-0.053332076551443036,-0.13534934621666683,-0.16059749554621888,-0.12009687865898272,-0.17611510826110163,-0.05111186540946557,
0.05981527931526118,-0.19264145149595802,-0.16347428199843067,0.11843682907496565,-0.11540598831501563,-0.05320401860324067,-0.06459530172411139,-0.23454912889161286,-0.10774807835863565,-0.13653715744806463,-0.17261297974354028,-0.06397875197927741,
0.010350006331655247,-0.3550478563685915,-0.13215392665213746,-0.18285913419487806,0.06015443415666945,-0.1372856047447561,-0.18235042668693674,-0.05498545890188094,0.06141659152455465,-0.12770830557107693,-0.07240302469946341,-0.022969247891381068,
-0.07487671212042216,-0.055049570589815,-0.14768472837602864,0.050989318632636824,0.09342962498832094,0.04958006219174873,-0.21186172394397262,-0.13092238819100352,-0.1878550317732318,-0.21804949768672893,-0.03921764732168068,-0.21892829730227306,
-0.10425855987244391,-0.23085401744729547,-0.09029215087021578,-0.11574100992101474,-0.26914079355475534,-0.009615582287199336,-0.18057282495203264,0.004609911853609304,-0.08171942187081048,0.04018171250976515,-1.8838834468988563E-4,-0.20011810147059472,
-0.06215823623751913,0.03225086942800413,-0.18848852163936963,-0.010691333285737148,-0.11125413098084336,-0.15926273720743703,-0.28989522222770236,-0.08413089908750472,-0.13749449936168204,-0.0628361144466786,0.05749896532216171,-0.12358812102635758,
-0.10560720865144196,-0.25007352642184155,-0.048032676082012615,0.1476725893195306,-0.07800875374967617,-0.18709404814676314,0.007480059277210243,0.015539674328302645,-0.11595180418459781,-0.106923191550149,-0.2303756161111088,-0.2070633334427245,
0.26607014554548863,0.3536507116447127,0.3948704829957244,0.3438660258320643,0.3366101109908275,0.4787384154670714,0.38084297844611714,0.4393655811881403,0.4341886593585995,0.5300159726802242,0.45662823370962413,0.4564515242924007,
-0.1604402271339449,-0.0494105517495331,0.007932431152161915,-0.027657779823960196,-0.04068764437056836,-0.25018374180063924,-0.18391338843307403,0.032263926364573876,-0.23630647234849395,-0.20248529986238137,-0.09881010115801914,0.04228340445396879,
-0.10620056638084746,-0.08794285968342641,0.03248379286496594,-0.07713863896436701,-0.17189282535936015,-0.17850760197081433,-0.05078508223113154,-0.2536588684826026,-0.07082421700373535,-0.014360596788404949,0.008697345146912294,-0.1922361740530875,
-0.06523973523098682,-0.20921829643282264,-0.023024929131643966,-0.13614357974579444,-0.23408765042657853,-0.18164930804503532,0.030750858997140803,-0.03448079893991694,-0.22044956815860237,-0.07317512448594053,-0.09080670265418556,0.0016774320399962472,
-0.05033058229857815,0.03636670074810675,-0.025826960260072227,-0.18325315830499936,-0.07123633222169314,-0.1317306604705498,-0.010314533463463362,0.054622532415289575,-0.22402713743925567,-0.2189417441090255,-0.16670333828263376,-0.14952214385805332,
-0.15886508868466978,-0.03259904932033367,-0.23995387206579769,-0.08429653448254298,0.04627119519601276,-0.1099736118858681,-0.09382690301288078,-0.19644231845994664,-0.1048935385550203,-0.009944772904972508,-0.1928195957849204,-0.0305991765927309,
0.03473589569875327,0.06571529936255792,-0.09529513525899595,-0.2064512716028829,-0.0768101786601808,-0.1899181811507704,0.004557318012218653,-0.28792785836738277,-0.05847743801652013,-0.08539539781575124,-0.12371428510023909,-0.1025198334174626,
-0.17073148913787067,0.0539259313704423,-0.0832410844893266,0.0033568677316271377,-0.23511497406683748,-0.0640462384538909,-0.13749195945742018,-0.03446862091893745,0.050223475730595664,-0.25512954722602943,-0.11553414216958116,-0.07613829161778352,
-0.18819902163597543,-0.03520043597505893,-0.12921619010232951,-0.023755098416369712,-0.1897327295900346,-0.026752508188698957,-0.025538024480351577,-0.11230255853705397,0.012125692582332242,-0.19928123021023766,-0.12437243271579823,-0.10469250696393421,
-0.006385531271258661,-0.05575651074125211,0.019865622029808863,-0.1346952312932811,-0.1526157170268475,-0.13131504354101625,-0.29141521464631837,-0.08705610175350403,0.0533731422419162,-0.038755016022692414,-0.21908390262370525,-0.1271901808582951,
-0.1663095573284249,-0.18579655130333808,-0.2804850964134515,-0.16205223069692493,-0.11503150838018883,-0.017169494361625164,-0.008949670077293578,-0.027789258893717174,0.060113506261077185,-0.11795511396849379,-0.032672378229445846,0.020199175635120335,
0.08109624957692718,0.035664206008579544,0.025431744989057266,-0.02903892275128245,-0.018639596933441832,0.07310349734733627,0.11667369029881748,0.10571908911382256,0.12654302222197164,0.16179389979935024,0.12168424330554346,0.11373008626096057,
-0.16343024391759295,-0.029380686585551544,-0.02200837215007131,-0.1371153254796529,-0.011763537240500832,0.0200078759612763,-0.07744137657911941,-0.1386768944029031,-0.17711133053526876,-0.1782680899026984,-0.13168720042645926,-0.11431048446129963,
-0.03803830129094461,-0.12452176678831722,-0.08546994206536318,-0.06062824826700405,-0.07357462885928542,-0.045940226033898586,-0.09611223255988048,-0.24093259120653,-0.2420354403795801,-0.24150045500216435,0.03084358538081325,0.010297333847232254,
-0.07778983813519937,0.04712342325919938,0.02602925408992392,-0.10958379081971854,-0.1531558345783222,0.06645595927378328,-0.18365532462617407,-0.15181850827033214,-0.10057203811435393,-0.15939976285241517,-0.18254426681773858,-0.12651375654883837,
-0.04354943270315726,0.028171891985312083,-0.2581359195284284,-0.16649678525490658,-0.08302261727082669,-0.21594215518298548,-0.11209603004312964,0.020137796650402093,-0.09946898590855699,0.0067800660962019,-0.027433109989569174,-0.17408199346495828,
-0.32879035507823245,-0.07836903414392415,-0.021685362194702417,-0.1847931225635257,-0.08314078908253257,0.010415507797013633,0.05611953796997155,-0.034254103568175646,-0.03821897108895724,0.06495566944651529,-0.10707373696802537,-0.3052348265620876,
