# Pesos da Rede Treinada TxH=  0.9999999999999999 TxOut=0.07
12,23,12
12,23
-0.4340385064780521,-0.38102253399811103,-0.48717596046876854,-0.5003895760462616,-0.13986578507826683,-0.16499261308169533,-0.4291763677490189,-0.3854123702592105,-0.1655233241963624,-0.12305263271079515,-0.309489621125007,-0.27293115493026837,-0.33960563614956285,-0.4151412413245312,-0.46772060219576317,-0.2499714915488227,-0.3107869429804082,0.4461668095975319,0.048153817555533995,0.4924906047942948,-0.3556728969709163,-0.44331913932988504,-0.415009622792232,
-0.17256558808789205,-0.13932817220829158,-0.2373112820021594,-0.354861588594311,-0.5245768706576553,6.413273565870521E-4,-0.29248960681542796,-0.5343145065411592,-0.050525371234294694,-0.13434708225549993,-0.27639677879511637,-0.32770863033937864,-0.30849657189377655,-0.17774590260149178,-0.27483016174821123,-0.19588541797908324,-0.5067250881975162,0.3582274259305156,0.20706929532326604,0.31292463494093825,-0.15440953705458524,-0.37325401513334816,-0.4694097709665908,
-0.32128265411388107,-0.18902075871035415,-0.27721772035424724,-0.5020530456534993,-0.33750168410257964,-0.2399161755464696,-0.1803088897146142,-0.6572875112928563,-0.07821425945190366,-0.026770806395554965,-0.23451728755481424,-0.5559522278474428,-0.27259536577217897,-0.42477331198504503,-0.566746838791134,-0.10626722036814988,-0.5080136966012007,0.6232786837380445,0.2396182840925178,0.3637047168285965,-0.561767054379921,-0.3051178178828617,-0.21968580112322714,
-0.2360057055777351,-0.5555627325774729,-0.1654943560075838,-0.2505100267492222,-0.30245257319509344,0.04120550283066674,-0.24698511372047313,-0.3552053905887633,-0.3875627131693815,-0.015540151164644564,-0.4900092825859624,-0.3904944822640779,-0.4226544561220476,-0.47410253966411414,-0.29220967054373714,-0.2572557571214639,-0.23183508298545577,0.6513441869671829,0.2608068347425678,0.37968081418066835,-0.4698689780107222,-0.5460001608563682,-0.08808007246598552,
-0.21798253948480228,-0.4988015951865064,-0.36716048734502843,-0.6710972804813561,-0.20406479972346073,0.011066201535211906,-0.5859092492454907,-0.4220227011016529,-0.42743739447896506,-0.28568505402804906,-0.10986337145378498,-0.3330364103664546,-0.5628535540669004,-0.14673790628669459,-0.48940177395975487,-0.43923557476776415,-0.4444093845321065,0.28238902062509774,0.0825438119953691,0.3920357318501002,-0.44778411449437855,-0.4912009063575104,-0.32344970929815137,
-0.5172502008115845,-0.5974269565102572,-0.22291541129328685,-0.3468438006302086,-0.3296303280588447,-0.31457321912557706,-0.20606221860491464,-0.24210601841857193,-0.2773745865886149,-0.3765804052696879,-0.3225855076579075,-0.2342540335392627,-0.4455228137953849,-0.13971396124022237,-0.30962194703521195,-0.4290935770864171,-0.4503278206164105,0.3141681353133185,0.1609658554379545,0.28766252715681767,-0.19752697889935616,-0.5222512730532485,-0.43546344562019346,
-0.22766218708808278,-0.53743259677432,-0.2520986681998046,-0.35543691947342076,-0.5005146989034039,-0.13112452518116613,-0.5066624611999234,-0.5327150531194461,-0.3573093781179732,-0.19239487799325153,-0.4643235516123272,-0.2965461024804246,-0.28912451348513685,-0.23051256190737243,-0.5442265247233016,-0.2426413971287855,-0.6050261764239104,0.4875626029792933,0.21505568408906897,0.5809307523238735,-0.6368149090418487,-0.45129733708308756,-0.49603491445349746,
-0.5298512322755002,-0.3949057737016062,-0.47078729719259577,-0.3744354618408482,-0.4889417225518473,0.008359044101165048,-0.18364689084554545,-0.42348432806835085,-0.1552663435186682,-0.43785407193698916,-0.5372107623164571,-0.36859787386786713,-0.5459723029906737,-0.5223980538162433,-0.3052626959596348,-0.35364890177201275,-0.21771517295813037,0.6170739050287627,0.48934323180179007,0.5040334545332811,-0.47178385116643784,-0.4814105319396348,-0.3478516229801587,
-0.3467202535678427,-0.47247260849339195,-0.6051844395462402,-0.31845498893575913,-0.4962594469480945,-0.23937821689928582,-0.2718933000951249,-0.367641475959854,-0.47258144892215626,-0.47246505077991097,-0.3802496140247925,-0.3390908760358601,-0.43111224626591277,-0.28916809851836217,-0.22470471837057607,-0.2804752855904934,-0.5283781471390089,0.4707307702878846,0.0060342458039496505,0.5222223980373388,-0.4791231076563965,-0.22277816723827323,-0.17390530088969627,
-0.18769978643531196,-0.6629827365993237,-0.6075969389540782,-0.5619811687076456,-0.5229482015469189,-0.2003417366548591,-0.2669260123983734,-0.5094671350823782,-0.2428219031035027,-0.16343932954835289,-0.243920706786944,-0.5197052919405676,-0.2576711641405168,-0.25688501756343984,-0.15346905044254508,-0.42933316767777624,-0.23437882646416625,0.32592492981532706,0.488923947048612,0.22686876232819725,-0.40492462921009725,-0.35777741415524583,-0.40480331536957487,
-0.5978679353689567,-0.43061935649784566,-0.39287053182130843,-0.5911276104728586,-0.6179950234969525,0.02869380433979457,-0.6387460566383362,-0.5981591307835329,-0.3909974170042461,-0.374135993326177,-0.5549380501022942,-0.4241412978133822,-0.5269866023070527,-0.22464317533660794,-0.09641836787563103,-0.3180341348483341,-0.49100922472625297,0.5298426023373719,0.2857424064335094,0.2027659885562048,-0.42624026122911407,-0.33555240295256,-0.02050318207212899,
-0.4452079356348298,-0.385407820329002,-0.2516234899083412,-0.4467269815806393,-0.5523832326338034,-0.4197965734931222,-0.6560468809350493,-0.40416453651473544,-0.32774077199040275,-0.465576166506959,-0.33823685091004596,-0.3278888187965239,-0.4985523389914654,-0.34206751284435677,-0.4836565927061467,-0.3653579346728504,-0.5105508958148937,0.3234661212508683,0.4871579826877525,0.49697032967347327,-0.3825105236871429,-0.30837535894331486,-0.44208801383873764,
23,12
-0.053277318022881645,0.14921265100878722,0.10681783759126881,-0.1852418184955441,-0.14250094806737454,-0.19444371689947454,-0.035197501866768066,-0.1827352619415546,-0.09126926933090662,0.20301404365562228,-0.045296433892860914,-0.08676281369779938,
-0.30842664852323115,-0.11794383896811335,0.09937220036137799,-0.08763003544428338,-0.14747935892657074,-0.08900847552222896,0.1548433189081194,-0.1024049545302462,-0.18325936255885114,-0.07264993684627723,-0.22609324621746155,-0.033537372455719555,
-0.12923476534108522,-0.1552713033471526,0.07210491710307702,-0.014874568867295351,-0.054546028022186666,0.05059565187880863,-0.15110531399919266,0.1473580173262726,-0.12625367018043648,-0.2516124554177773,-0.2450694730725922,0.056886203610626934,
-0.32124464259420343,-0.06715245702141857,-0.16490301758592008,0.06656967587955116,0.054052374321006076,-0.08250166010700301,-0.14439397414170224,-0.11136183306021415,-0.06101920127994671,-0.04896161120379865,-0.19091282808396304,-0.3177991962495166,
0.017634435706653743,-0.09026776292115704,0.092963961627131,-0.22339044572806208,-0.23331600709069183,-0.08946327339415364,-0.02526634907847182,0.10737872346521672,-0.2112330119947722,-0.14861615882220414,-0.2627673366077246,0.008093219535383769,
-0.15771643003672695,0.20637667071436816,0.05284375045410333,-0.1314639260195552,-0.012732727101211158,0.040654512953832427,0.09591071469095841,0.10558282059945508,-0.003708578186973543,0.013382373890134282,0.04726403064476497,0.10322091174336662,
0.08907458949049522,-0.17432810819668407,-0.06001897845285855,-0.007065389069913015,0.10155636119945016,-0.21615417812867427,-0.010281051186445492,-0.036987589396665,0.10593744113060533,0.1670318845787875,-0.09126175539444487,-0.2868401347360471,
-0.2728923735017782,-0.11587899398646588,-0.2649879535004724,0.11012451903184084,0.00993511400302283,-0.16259882481368204,-0.15875644577908157,-0.027424868918771373,-0.21906747633884177,-0.003411441439062518,0.10318125683914198,-0.16147462216408942,
-0.145019677465945,0.03339071166927111,-0.1460119247968061,-0.2124006175343506,-0.2465747795867225,0.15314641682782992,0.08791564922721173,-0.24608921532003225,0.10220611855599662,0.0041713666344216456,0.030959391684034374,0.20406571297213327,
0.06843009966642175,0.036567331827761666,-0.010192703411377055,0.06952265842468751,0.008613543078913473,-0.1639912137828995,-0.09834086168867388,0.14149098360282072,0.04677599464783667,0.06678420784993995,-0.09339891399365222,-0.08771996948687764,
0.05108191038039825,-0.14422261176630885,-0.018046693273808406,-0.05020790750550716,0.09967927067851202,-0.09281112076800506,-0.2092608235129814,-0.02641828842007436,-0.26065574683973036,-0.2078035228929236,0.007269745274557687,0.06272028149998686,
-0.1290076012313645,0.009114264632373113,-0.15699778723902869,0.0029656591421698027,0.032631007377102346,0.12996464890571624,0.09941476638966541,-0.08718075884212338,-0.004498856860805352,-0.0046578861883118826,-0.2810565239033133,-0.3153983259033905,
0.05492186006793582,0.02078999031368404,-0.2267697968002295,-0.23738050890965548,0.04826616173228164,-0.176982797113404,-0.19772140703331506,-0.19978796631243106,0.08630456810472405,-0.07727147151967981,-0.047914231683707294,-0.15862567315511075,
0.01197582110196056,-0.11037984677608259,-0.09291603211500363,0.06741678934508713,0.02583710393609063,-0.17500845333818818,-0.06258098396753307,-0.24988796344670194,-0.21453551104043272,0.04499765821177029,0.09417964997013362,0.15340810658806137,
0.14229843958571411,-0.216789696666447,-0.06033278819084094,-0.017552889268826928,0.10008650446597202,-0.2258869284287106,-0.11487236282161908,-0.155314188100898,-0.03904146182920297,-0.09080780270396265,0.054042531242410805,-0.015906782071819014,
-0.2178909218555668,0.14101014240506193,-0.007895444488698332,0.15313976704116922,-0.10921930001619344,-0.024172696585525365,-0.0707740071109398,-0.003428447847909303,0.011820770080369653,-0.13199415022663874,-0.16190991431923324,-0.05216823531705635,
-0.027322880017389126,0.1310316043793858,-0.20928261107567633,-0.1896400153400089,-0.28091018807620566,0.10937386953921738,-0.13915841906991075,0.01871503265322929,0.08364122346456494,-0.2629324926555351,-0.2362145439403299,-0.258015716925209,
0.4111351478103995,0.3487419446163035,0.2603180555296181,0.446670702143532,0.25812425917343856,0.4846911143084328,0.43044039125775185,0.39160525098478804,0.4860140447729505,0.3439849770812046,0.4207252136499843,0.4064678791255934,
0.2318713049010788,0.12623631764492102,0.12946106316718722,0.035435743861907884,0.12889531226690834,0.2921400337965015,0.09300890399813026,0.11853524227501572,0.25678916542620434,0.19218796060211701,0.14120504738732836,-0.0245727460826606,
0.18790283894543575,0.14971206548650917,0.340692134475446,0.24763560579989316,0.39691908932768977,0.028571918746299666,0.2821570304072926,0.2943992109141857,0.10276074771347485,0.3358924156305108,0.2931892197569225,0.42348930659848405,
0.08658562175029935,-0.3239524618735191,-0.11972441270352709,0.07842019020168998,0.018214478398587523,0.025181513152858437,-0.26633146869846347,-0.2900272570067004,-0.1838810376432637,-0.2738173294215733,-0.057441565867773665,-0.18270641539370824,
0.07525108963748332,-0.12898497884855464,0.11676054678781361,0.007712249503019908,-0.13485783161431164,-0.1982193934296729,-0.11400547879111159,-0.1948243886060342,-0.06519266023319702,-0.12137474708221029,-0.04291862442540571,-0.23640914475512673,
-0.1213067718632666,-0.029954039247437322,-0.006595927762820229,-0.209957029624048,-0.18466931686722152,0.1700773970708008,-0.012406918703334161,0.1358278047270439,-0.12856960431049205,-0.20304610604325696,0.17118892312920617,0.13769390885062696,
