# Pesos da Rede Treinada TxH=  0.5 TxOut=0.09999999999999999
12,14,12
12,14
-0.25013097855224264,-0.12981117625404068,0.09002382420640698,-0.048116258360272474,-0.05728467368827246,0.1763986227578504,-0.09712599570984656,0.17522567440073133,-0.1378175557150026,0.020476779602335862,0.24928899918564335,-0.009740343366805744,0.15150815678436905,0.08943561643085501,
-0.1996590074084435,0.23151151466841463,0.053833161218507924,0.1807811648882636,0.03289715303006596,-0.15159548735074457,-0.133196294395471,-0.10516061176739361,0.1683255274065789,-0.05394559416144441,0.1433660821980933,0.10531874008132971,0.04253874023555157,0.19144589450197314,
-0.007714877499333441,0.16185429699203197,0.08113799140315826,0.013507915558011719,0.25692660955059476,-0.08555060079440915,0.003060965379723144,0.12512790090658157,-0.03616056989640663,-0.06421071377764057,0.01496879489751129,0.09569136961982208,0.012410645730462945,-0.03784591217975942,
0.1272849183157174,0.10252902833850347,-0.2409579408784148,0.18812114646982198,0.10212384003248012,0.026936538371338515,0.0426415986434954,0.148603491350642,-0.20162652202785444,-0.0211460960711393,-0.10626971245859385,0.2147290275140692,-0.03048243569360753,-0.058789074175410225,
-0.08896550175349621,0.1669397510232256,-0.2240604848567469,0.06862184781881954,-0.20924611346078256,0.02560141672071617,-0.19505533846990408,0.04905763236461868,0.13068183336159084,-0.029501532718169767,0.23175493842351938,0.1424476492338232,0.04151338910116695,-0.15622321462771915,
0.0740368790666351,0.09081935544051396,0.10932746087296032,-0.03777269254430629,0.17817651086510017,-0.160663050866508,-0.004422396141388264,-0.18723897428888536,0.21471550341068174,0.16338163343610754,0.1063169714575337,0.17538622460492745,0.11663728158861422,0.12025841976841586,
0.20648629434711685,0.0422563974640318,-0.07577794045740707,-0.07743437309169186,-0.06876884606782208,-0.029490950473603804,-0.053944536494159354,-0.2090447221292004,-0.12478741600879328,0.026436130677319085,-0.21842403590940226,-0.11383945303044338,-0.02201507216637617,-0.19952779460059095,
-0.010453587585568722,0.21445657416182698,0.07943844420782256,-0.006429995886099462,0.18876235016136894,-0.16103680251365518,-0.1877390647667593,0.06912469129986741,-0.09617906692423231,0.20948403519667208,0.260319617540243,-0.16030729411373928,-0.05590238038976626,-0.15171548286495018,
-0.07747787989226795,0.15049374041902872,0.06318011934611456,0.18206439123829818,0.1532782751600212,0.14558673074565967,-0.12746211356283074,-0.09988801114164783,0.09148399455914827,0.04858439645595193,0.036200596671623196,0.06682067557209778,0.24935889874669354,0.21274689006038605,
-0.1622949221878428,0.18049548469328008,-0.27701739457431873,0.2013135027478199,0.10932334905890911,0.09740614112626433,-0.1614247918873506,0.14691866547457716,-0.16894044663352276,-0.05062738236559404,-0.05852878677081606,-0.01300813829424229,0.13238966966746746,-0.22286823083427976,
-0.2221708182500414,-0.06157019973187388,0.17088610037951296,-0.0021688284361251683,0.13198578373203462,-0.0897556371823385,-0.009964349565200006,0.04702655718448608,-0.18248865706711226,-0.018850220760345104,-0.1424484366331254,0.18287237129780742,-0.04296162699811155,-0.1867602469215067,
0.007492619929105838,0.10408503767720881,-0.20616727995272838,-0.013602749126363212,-0.014799731719600228,0.017145683842790214,-0.18827301422712847,0.08125653486166366,-0.08450892998213295,0.22965333745621694,-0.07894195079401924,0.25108851792422093,-0.08375430008938174,0.12091614962818112,
14,12
-0.11359540309950711,0.25178929045332404,-0.07643075300597144,0.12921407954646483,-0.12279938356816747,0.28188059271404353,0.05851029893779124,0.02623307416339305,0.07343732140554836,-0.030123842667728003,0.2728541547407689,-0.019232395985776057,
0.23263439943202138,0.14236046934755117,-0.010806113311239336,0.19001873307203285,0.01795858097120083,0.06411659424061972,0.23720067669773376,0.24087968360325412,0.0735923015808976,0.19312533378467306,0.14025268272626804,0.22239503252080559,
0.23618407042899844,-0.12254042149132191,0.10867520026871955,0.002180946951479439,0.19818014214116875,-0.034446117787377654,-0.06388129704460746,0.27431036857112967,-0.09213217804041063,-0.09934165206057302,0.0310140844116482,0.08818940550707331,
-0.1399717993657177,0.23955601153068698,0.11096550760109342,-0.05848760319398634,0.18935591218682038,0.2817428901852971,-0.050661425033800625,-0.0545569853018549,0.11780894585815345,0.08986064383730195,0.1510851584482733,0.10031457330777017,
0.24787776270910303,0.03811023914145863,0.16621525262374812,0.23058676751880103,0.3203509698349241,0.12316821492380209,0.11555336647244116,0.0385051182703216,0.09570229741550684,-0.09762423986848315,0.27847292912825644,-0.07155449784913688,
-0.006269353701580839,0.12291775313270357,0.1517038483241389,0.14054891693442464,-0.004837986108694008,0.026953907345612697,-0.022529761658264418,-0.123582828423769,-0.02059144967751088,0.10418289596898653,5.958194651866436E-4,0.10825697943412133,
0.2816938930261599,-0.14398774818646773,0.10721820161944814,-0.054311998471705744,0.005747931849190466,0.07866134137036482,0.13247517637735703,0.05139955711399375,-0.0043906528079005695,-0.10114625677841421,0.27363196082300795,-0.16739960510454976,
-0.016747168399698434,0.15649726985144904,0.12992303661205928,0.13802140263858184,0.06743349551656805,-0.038987936018932814,-0.13563371483301498,0.12183374968278951,0.06841631359560416,0.1655566475470579,0.08272783800760364,0.030559827673376123,
0.15885606150912512,-0.16624824872032956,0.14882408375650247,0.2787026212887737,0.33237709586099773,0.2781814462602703,-0.049639928958354,0.02935528903221033,0.1797227288400133,-0.0364681947759302,-0.03328273780764282,0.005306622601867345,
-0.09196538589546477,-0.10200547338250615,-0.04773539304709598,0.3009035056579024,0.25344352473260934,-0.04860855434123316,0.22014783660159368,0.24371089979911595,0.2285725897036469,0.2729957734561198,-0.09212574982743568,0.2542858827994896,
-0.09306378776069231,0.22282208161780193,0.15244126651234574,0.09649993717494448,-0.06886106796591682,0.21207787889116933,0.24613432219483006,0.1702605855540603,0.09923586054962934,0.0919474425152181,-0.020085552229004447,0.3013208165596949,
0.3054990887658288,0.138625063330796,0.13114120961036752,-0.15605913603383692,0.08672305122554888,-0.0809446757472791,0.2743087836633024,0.10997854996506491,0.23228738170727722,0.04822956535717152,0.0656964674249343,0.301202535409652,
-0.058576498339706226,0.17333296985589214,0.2168906038733987,0.015604052433014859,-0.0409537085431374,0.20916294056064114,-0.067812306103429,-0.13969355083232782,-0.09203903118206304,0.37837742869239405,0.20695336725846386,-0.03032571228997231,
0.12049373036440673,0.09315029400591777,-0.054552054440154374,-0.13448785314663841,-0.14302535601930844,0.10211451693440644,0.17371216816981638,0.23917969976308948,0.27627717082669057,0.3024137950979671,0.18209888872130947,-0.02307885599768888,
