# Pesos da Rede Treinada TxH=  0.6 TxOut=0.01
12,20,12
12,20
-0.24540524565774435,-0.3723162213187732,-0.5950881526059173,0.461024240793242,0.5965724542330346,0.21225936260665873,-0.5715767546291951,-0.4200521512317646,0.03148733809410027,-0.587859216461351,-0.31205669822632104,-0.37150943702307765,0.10396222073075236,0.5209185201793481,0.2720786320473975,-0.4147255059768367,0.21217890169205766,0.11777849796866395,0.3176561970675673,0.4610289285087562,
-0.6128315769279103,-0.22401291030242582,-0.33208444003953763,0.0027405368063666558,0.17958838904827035,0.44996078443683213,-0.2792769575582825,-0.33497985217367277,0.19536133698366942,-0.33039911535361094,-0.43823562227153134,-0.21479036292744016,0.3318756289988081,0.19901650489479875,0.12954399589137824,-0.3939547367974458,0.1452685721117711,0.03418623011552969,0.3276279626681371,0.32114765489828545,
-0.2907015535650058,-0.3056232940412933,-0.45683293149041915,0.4692149922686447,0.13448901739824223,0.3963092346466347,-0.5143644437616705,-0.27647438986931927,0.24728091082976902,-0.2910864739399509,-0.29595531905586114,-0.3490886130156643,0.06208981854220526,0.5793875914853226,0.32159755123682243,-0.37467839151057925,0.1617208020152375,0.20713521438431612,0.42359825635583037,0.10439325697880236,
-0.40194401188141105,-0.32552889021416387,-0.20841492117810043,0.07743878383512437,0.5146121592068051,0.19179119228227193,-0.1461398658335597,-0.4467318945547643,0.05389758820103143,-0.6555348449338017,-0.39908986390221673,-0.5740861944785358,0.1617419007481392,0.41717552125563684,0.2856932005279557,-0.2010032579284044,0.27963075085602784,0.3856504674162018,0.296125287778631,0.30018115415586294,
-0.27599323492346806,-0.5219302916464224,-0.2950096055340716,0.47154281259853886,0.09463284732771313,0.36526968089236883,-0.15941465330879134,-0.3440515364988483,0.22724926159029232,-0.6655062142792085,-0.5034905387157887,-0.3821196723782056,0.3164594347557967,0.334699590757574,0.1003181735437153,-0.4007247452776057,0.3458103645988911,0.39161246755947116,0.3739502759671224,0.34512726523067216,
-0.20516178673733762,-0.119811722462272,-0.3346586411724672,-0.06432322282709069,0.05034969386958729,0.3644988158574196,-0.08930196503296198,-0.29166932568527126,0.08416626664084559,-0.2984729525184772,-0.27300229643898427,-0.09639599755744684,0.38749562886563227,0.15114801094438854,0.29073968486645124,-0.4314858499760407,0.16930904799613533,0.16949577932944382,0.28917520941584285,0.48126519822919456,
-0.2204758783693926,-0.21469071126448955,-0.06234336732664626,0.4689684421321605,0.14410066336845048,0.1658956215986932,-0.2715652287942613,-0.32215803864489,0.2615497079948057,-0.1424551431586928,-0.09740514764363346,-0.6179434045252776,0.19298498758923405,0.33197116751283695,0.23886433710324728,-0.11242380569989721,0.4629360876210035,0.5152859986568994,0.38686273944054833,0.5413544479009244,
-0.016388580394885412,-0.5365197872502946,-0.4208024539917016,0.05618803491054385,0.5158754624273545,0.10776240901987652,-0.23027402956656756,-0.33785618820049124,0.2982763185921504,-0.14883701010702893,-0.5652729260917393,-0.21134165884449746,0.14794669100866867,0.14453741808835777,0.3850769497647292,-0.5352166214724109,0.4857050428217723,0.4950364855966062,0.26199583947425353,0.14771785020878644,
-0.1748139621126729,-0.27499104205408564,-0.390467567168586,0.32689042409957414,0.29472039198778116,0.3301062055739426,-0.1321480478472567,-0.3112282604200499,0.3526560345624131,-0.26818234404222896,-0.1077159917690163,-0.2129227411827527,0.3202431651887068,0.12103287245168672,0.25342129756809284,-0.2143512438551947,0.16498256979353176,0.07953287451521321,0.1720822054607904,0.0363117322094922,
-0.46781086162455493,-0.2852101653044104,-0.0958118121182014,0.22628185790496488,0.3638296140601967,0.3885954339647669,-0.45695774376791787,-0.2587067616471842,0.357826833213656,-0.21378800921079438,-0.29540955831384014,-0.28359658794900117,0.46635898613290394,0.31275248614029233,0.24113133821451763,-0.09550279341257428,0.32764241191868726,0.10045273946249622,0.17342975225923096,0.17243627451303015,
-0.5006553877599589,-0.21891623349051206,-0.36757711375737,0.4588238716688094,0.1545449244991702,0.33330350217515736,-0.4963708820703926,-0.21544675514515005,0.2605167079610994,-0.19822293776748823,-0.17845492136747196,-0.17802057744543176,0.20476949648057613,0.18492782482213654,0.4375819842518281,-0.32092514006352146,0.08962550579159745,0.45551049029497553,0.1194042453289186,0.3736101318146347,
-0.4137034663107921,-0.36685935348030063,-0.22001085748755383,0.1656713631060785,0.1573504724272295,0.11480416318625189,-0.3686123274859715,-0.2281841129073264,0.2730718352221445,-0.06350612213832822,-0.33798716967625586,-0.3254986336196626,0.39477009421592524,0.09079653385439555,0.24932910046989562,-0.27859672796299756,0.1494230410127579,0.09243018247491727,0.13312788984260254,0.11907648642182281,
20,12
-0.32174859803048084,-0.05134042058906067,0.019437489073760906,-0.2697629671580678,-0.1940493141796447,-0.15018164896955152,-0.06562764811777982,-0.3062287220396855,-0.06282071578965388,-0.23865257655831565,-0.15293417484193964,-0.36442212145451647,
-0.2740542610472424,-0.3081676217779371,-0.20493682706949176,0.02829060590172125,-0.21712161580654923,0.04424039856447554,-0.09068887706311685,-0.14503523961979237,-0.1742559974552653,-0.07847663545269086,-0.12808945191627494,-0.10073196726036855,
-0.19184187431696664,-0.26555499275839956,0.0028197079038876356,-0.29340462176032606,-0.2810481520062795,-0.040074768532248506,-0.1116664461131182,-0.008422480795638959,-0.20109201705634136,-0.3400295709863908,-0.03495795117456978,-0.17888507986387425,
-0.011139563684187932,0.08930613971942883,0.11895954414534674,0.1528900254617626,0.18982185648107872,-0.022639139172966456,0.22899473967149325,0.029909826721759427,0.2469240715297799,0.15987505596788085,-0.06177229684514205,-0.10727456578537307,
0.120050274125929,-0.030882364713387435,0.08782756310527211,-0.14488582983545192,-0.1152724483431525,-0.08942567986532216,0.05084484431541156,0.2731978307654172,-0.0627167244951134,0.21155382382006624,0.2230177484057723,0.3043531362533692,
0.20968886673113363,0.10507780052916021,0.04631851589487743,0.28737831890559795,-0.023090450980097207,0.021807545642343263,0.06966772063189083,0.22560028708934737,0.21250519950119176,0.13858702437370363,0.19702195288348792,-0.17943800659245135,
-0.12276016031252067,-0.2655919590297725,-0.11388880316282535,-0.28952880669652326,0.0477382050067984,-0.22201867124523952,-0.11799550234930224,-0.0480303548503854,-0.09718527770441647,-0.18451645649028145,-0.1081576843968886,0.11315979814508112,
-0.17030270765325692,0.13149037638194944,-0.25743494270729533,-0.0367874953717903,-0.24348140244319358,-0.195904147709254,-0.09852522199237274,-0.18407280274592877,-0.23175618371119858,-0.3649623040073514,-0.029859794659058646,-0.31464635723109363,
-0.033411572450279835,0.19297955160002955,0.18456190636124667,-0.16607506800259333,0.23880284259189136,0.29944729363445194,-0.014857970894283118,-0.04123722777059245,0.01102974971128905,0.004546309179201678,0.1547386540012309,-0.12309796754696054,
-0.28434474644945695,-0.23318865697957153,-0.32107332519707943,-0.28161295207896364,-0.1730626152225659,0.007098769958602372,-0.13541155583870118,-0.17746791059105985,-0.1095197623207311,-0.3019659808755195,-0.18423436908357696,-0.17436624987693983,
-0.23339587843987253,0.06491781181388412,-0.2801701611306575,-0.08554847794091165,-0.25112831149211573,-0.30406824174975,-0.11633155347804311,-0.22989025127581725,-0.3109963832621015,0.08520355011828891,-0.004456448294252666,-0.24257559041220142,
0.05763787290518283,-0.27800490063593547,-0.07009150971820013,-0.06713270326471955,-0.28962725048164994,-0.13906004206046402,-0.17960626864802706,-0.22733495569400453,-0.28831516705965415,-0.2143049102026049,-0.4462675009151792,0.10626484237363147,
0.1944718985248248,-0.17033890605099836,0.11524716324320324,-0.04648464223208763,0.17613347974648225,0.006257916241018485,0.05301999328626161,0.23582225569542722,0.3394282497216506,0.2528701441859622,-0.07633142676795146,-0.13908670153622568,
0.24491537815385597,0.2678668206168963,0.18509271751366338,0.07159301461664562,0.15491394927567562,0.053394361160355924,0.21432120107833516,0.24031704419056077,-0.10404223235872405,-0.013820116997107876,-0.1025993882727596,0.27191341323064877,
0.08746967926553476,-0.0780534680185315,0.008477188423402632,0.09872133610876335,0.1502100181254906,0.2977717391430854,0.09774062649504899,-0.17439584401821545,0.12295368135384842,0.21661001198205398,-0.0010131859638701597,0.20225868316828344,
0.09030281524744706,-0.14230050848661197,-0.18528992228140576,0.0020955985632941164,-0.022950915175001113,-0.2436965422580302,-0.2564259448288578,-0.21253917094094776,0.031152584625121264,0.049217911017703744,-0.17986938109900066,-0.2946718055897599,
0.004252900485052278,0.0032700069869967714,0.11732897806299168,0.20818759504731515,-0.10484215779142016,-0.0605552793617608,0.13503553479398295,-0.1639112879615824,0.1346998381205641,0.0361085150446298,0.07039968961537396,0.2068344803293289,
0.18693128111930177,-0.055122881996998975,-0.015660416740534106,0.27027499242803266,-0.008173339686430123,0.28003463940208406,0.08058585129490498,-0.10026518878364987,-0.03563235618562037,0.17415054656275597,-0.03858728530360386,-0.01806512263702073,
0.010473050151356907,0.2783686554090047,-0.058241069477653624,0.03146095709143703,0.11574604916031334,-0.03831514289884385,0.09395215631431823,0.1666677883119847,-0.07065771165069921,-0.07363763113657389,0.22322725120280973,0.3085757523577598,
-0.12411112328859839,0.2000428793798743,0.09961562894876809,0.10350859047115502,0.1578121210857015,0.14311838049318357,-0.11912071025906991,0.2556292312564622,0.13202714526615794,-0.12075372707360424,0.3536906785267963,0.22691419610907926,
