# Pesos da Rede Treinada TxH=  0.30000000000000004 TxOut=0.09999999999999999
12,23,12
12,23
-0.40879450379414084,-0.3938309953532163,-0.09393350414601556,-0.2650151893243375,-0.425473842571305,-0.4526743328532345,-0.48476508805644836,-0.4975417608104215,-0.28092303969368504,-0.23463465161864133,-0.2853920466569188,-0.4046141717146526,-0.28811733669056183,-0.30183244372989815,-0.5620294229810175,-0.4818228751187336,-0.08784210131534785,-0.44303536103606234,-0.40882623616330255,-0.35485567870058576,-0.4749608880780052,-0.4806612477400547,0.7875611955590194,
-0.02987606840165966,-0.24109852669233806,-0.1471897745737934,-0.28191240613137103,-0.09713556292141674,-0.1711857707068226,0.010257091798929294,-0.28984075390664477,-0.17067341877388045,-0.1198998479593795,-0.13565316850443732,-0.04643577830410916,-0.15556856825273496,-0.03758851280561773,-0.16961317792401762,-0.43842846202121105,-0.08286701525326005,0.11860344993419186,-0.30256379174604,-0.2939830605438831,0.15118310724162473,-0.29620183287773505,0.2694758005984047,
-0.24523571875098818,-0.24657531820879988,-0.3624756409717562,-0.40662634773466827,-0.21091984215081175,-0.31783397025106486,-0.05063271657701561,-0.10944774415904215,-0.37460423410326044,-0.013897100853946437,-0.08045423462718067,-0.12878777909969627,-0.10638535661267741,-0.2976275608071356,-0.17673485123136076,-0.061299670068596115,-0.4211438490063486,0.14742485465003485,-0.22218096742692248,-0.1445088662897627,-0.27815803583608356,-0.1704061793424634,0.14356842647529858,
-0.20654300938356587,-0.21094465233151036,0.06851255113891594,-0.5700993611668698,-0.1612782627686452,-0.17410841875640223,-0.019308151702316992,0.060091029077795836,-0.09194824204993629,-0.06298673607640495,-0.3556912439597056,-0.3522433708869288,-0.15722263750082507,-0.016223671948042497,-0.09969164812518845,-0.38247392712108697,-0.4194860053306602,0.07846764220897312,-0.3946761633911678,-0.1347161069074504,-0.2802884657514457,-0.15705857216393773,0.4255441242859555,
-0.21784343919348337,-0.46105925325151986,-0.1137311649668865,-0.5547671291498287,-0.5116587965932602,-0.4820299994977425,-0.2862948927121402,-0.4022051684894387,-0.10524126504339701,-0.03866182765264046,-0.18109005063204928,-0.030202905951698982,-0.26138187646948025,-0.48567213178277163,-0.27646446421830684,-0.29563119605642124,-0.3237328929558154,-0.2215588842675407,-0.4624104338758095,-0.08436330678118036,-0.24564895280469806,-0.3709048887389412,0.2625116201024529,
-0.4681541106885997,-0.5084014019308896,-0.5451594961272838,-0.3529340670555908,-0.20363042599755943,-0.5759962590008603,-0.44475113399234745,-0.47107785842440353,-0.3241214393255211,-0.4756556155248412,-0.4213432410707735,-0.19036348755594296,-0.6031737137690526,-0.5131777699455605,-0.19901070291235456,-0.26683449383802654,-0.3914632795516743,-0.47046001188463354,-0.44187027964801895,-0.12418616660155829,-0.5679172010590993,-0.26535957066966614,1.1790859665458637,
-0.6836512292160767,-0.5200917025382046,-0.5136273716296764,-0.5675280497161003,-0.6744624267494873,-0.7201351855023386,-0.4991586783119736,-0.4713370600067668,-0.4628726714133655,-0.4959221274588129,-0.6448993709396351,-0.32646359204133246,-0.5586233989236341,-0.6249069014426287,-0.4224806242603342,-0.5442549104722236,-0.4283525194234923,-0.6084040831498392,-0.5194926102761244,-0.45393983390872156,-0.375457051685542,-0.3267322013109628,1.1908700596422135,
-0.2730900670548586,-0.3088961264483366,-0.5400829575332436,-0.5581068523466222,-0.3452015309533576,-0.2686728856406678,-0.4559995873127692,-0.41253234095140046,-0.23743225829051068,-0.4790262118868554,-0.44687862405917644,-0.6518627587360105,-0.6107497823964868,-0.5037289274729713,-0.18452050908600387,-0.27002430904761066,-0.41092667316307147,-0.5280725145588603,-0.2848325120877689,-0.3170328215653346,-0.17176373115992574,-0.3673878738107451,1.048159659975398,
-0.4852075435776892,-0.44673209339202474,-0.34219309453313207,-0.5807585474647866,-0.5560227219452661,-0.3998106373707657,-0.49058998632941087,-0.564145318494351,-0.3083429205868282,-0.6590449951885425,-0.5065787825385594,-0.2941719072496047,-0.2570597015871149,-0.6125561288821094,-0.613226158619377,-0.37994355974771793,-0.2379091544795616,-0.6901239798412147,-0.6264655171533315,-0.5110916688360804,-0.49386851516322905,-0.409236884330804,1.5349556287375612,
-0.40289812956829396,-0.575397262842714,-0.6162658284124629,-0.4079296889573907,-0.5301466025473618,-0.38636614120110696,-0.2951115602789849,-0.2365875809433048,-0.7062358132833574,-0.7379806705837934,-0.5249159330500894,-0.7239343791925318,-0.35307453276088485,-0.1972154631739387,-0.5769559116513201,-0.31253044658184803,-0.5911276499629549,-0.21352743979711153,-0.30118225866647724,-0.7059330222197185,-0.6355845352493271,-0.6497555698667945,1.5899083687177524,
-0.35394798276715667,-0.4857519949876149,-0.40804453918205,-0.3506679363909593,-0.3774687835308576,-0.7037102187298482,-0.472578022683132,-0.5508626490874141,-0.4524429752391804,-0.48600918527063425,-0.3996746224316782,-0.3362513550523437,-0.5950246059162783,-0.4990091742672092,-0.579961382206375,-0.4105219296650288,-0.6428651394242708,-0.6185477986695757,-0.21601486148379595,-0.5709969569412894,-0.27773868038491933,-0.26805304963949367,1.271947358329302,
-0.4443492571013693,-0.19528332283871308,-0.48992613990265477,-0.4089012815120806,-0.4384748181253379,-0.5236494382522621,-0.605473805017843,-0.2964802909106079,-0.62403081008045,-0.2489311971145555,-0.2862008244273423,-0.6279640730239282,-0.2232584577657612,-0.16603469331655582,-0.3057742295722829,-0.512905737231181,-0.3427621397300567,-0.5567288866157816,-0.2733854223120479,-0.43994864336882966,-0.4814893181640209,-0.5042007929415374,1.2600458773303684,
23,12
-0.23932395013706817,-0.07313707655223062,0.0034146622318382506,-0.13673979852389215,-0.1042070707518071,-0.21186058753062403,-0.19243226495071958,-0.2765136355720207,-0.08483700279719354,0.008555989465126236,-0.1311211266989112,0.11432127304534132,
0.08647977146827625,-0.07131732043103024,-0.2625301125069924,-0.15714350305083294,0.07185643345842622,0.007239185703206336,0.1302475089505374,-0.04148395818368888,-0.266911262937552,-0.18234257092532744,-0.002907081842463556,-0.16518761284752312,
-0.1933756188136387,-0.20312302334713686,0.10448078228755411,-0.19915726540932652,0.09874463723926026,-0.28110276466900586,-0.24656919552951684,-0.015004508646636716,-0.16428706462819626,-0.19210107880881214,-0.07062262750601088,-0.19207759084009352,
0.232200375605259,-0.23956232814842177,-0.07994434311111473,-0.2272806698910465,0.012606255269767976,0.22438000732812718,-0.12260971758148276,-0.18486952032171222,-0.03900931394923697,0.18062707820251517,-0.05278143262913544,-0.07141091041505597,
0.054086687461722086,0.06694105235363507,-0.09905940816384337,0.0483231364850537,0.0922719556384318,-0.1587024573102579,0.056795294191204604,-0.10476114815350276,-0.10387492846801422,-0.2572646441919961,-0.2607985250295925,-0.08201538475966269,
-0.17575620002239895,0.11047756435112883,-0.08350819889905683,0.07157778969266534,0.0010670401742551333,-0.1764250928556177,-0.13760343502325892,0.009999477904616695,0.06820838327122451,-0.15658085799305044,0.07733345124081396,0.054553184316361414,
-0.17179123111267097,-0.01865388903730839,-0.2628081648370701,-0.2835573024334937,-0.10774891056635459,-0.339741108612714,-0.13488415382299057,-0.16840093673679887,0.042097614347562706,-0.04167415934318441,-0.010307810757151686,-0.14797336042185597,
0.0441039617970299,-0.2055713491667691,-0.1594244512983179,0.05070013578323446,0.09525401342499376,0.10006115005168657,-0.18995922930349185,-0.3448227434839139,-0.16357264040160832,-0.15583375332543256,-0.14672753220453244,-0.145330828809769,
-0.05649701343133167,-0.0972329807560978,-0.02547855823374058,-0.2003600058464307,-0.2759366899228125,0.16086810717700598,-0.2410755782718882,-0.14920242359147323,-0.27929805864806034,-0.14435427022436126,-0.17789581305567279,-0.017903311196375303,
-0.08807737401224526,-0.14669907066210658,-0.014057618722300847,-0.04323677408990424,-0.29547544832742323,-0.1286578730630353,-0.10773984906580336,-0.16001739599537673,-0.251441739721179,-0.23336785252178288,-0.028817722666883563,-0.12440411244862622,
-0.10673604482607753,0.1685532699533929,-0.14576838123124064,-0.22167901554361924,-0.05804323662933263,-0.11582367094138424,-0.13706729818673485,-0.22848516334331057,-0.23555199830421494,-0.0455878345084197,-0.13865824504628374,0.08587252276734889,
-0.28676809968403055,-0.20008678975282682,-0.06487333717989652,0.20274032786261562,-0.13726440762661837,0.004276084398267693,-0.1958625477993691,-0.15233399165002143,-0.1806852769335554,-0.00788038850172959,-0.2500654725113822,-0.16840394730039102,
-0.16682193410097151,-0.18430695035975847,-0.25849794254387604,-0.001386170537894907,-0.06060963145666511,-0.15444546584012414,-0.19599632906460523,-0.19136819042527134,0.009980873135358104,-0.12858319466049623,-0.024052271472036653,-0.1721611745765198,
-0.2220257225917465,-0.27849529970155024,-0.055522991606934954,-0.32054705297296576,-0.032871398365932836,-0.01068537604513069,-0.10134361611976074,-0.09345854188426835,0.09053499117424811,0.09307752536443248,-0.053767242488349375,-0.367023526148977,
-0.3228737715900739,0.07254007639841,0.07974354135778691,0.0329323549001153,-0.34694603961371234,-0.24247447635606084,-0.19627913004384562,0.08975119997756033,-0.09571339296606202,-0.05303672793898693,-0.36484697959132545,-0.011255155708724138,
-0.2636969888921445,-0.25881992741732707,0.11472568126668159,-0.0524917832042606,0.08550871660090925,-0.2075465457756751,-0.06838675750983278,-0.04071150134092322,0.07787962625818468,-0.2631167518198029,-0.05015059397039053,-0.24735020207984976,
0.10157377536662367,-0.003730584456172355,-0.34640820505801057,-0.06691136796735653,-0.2492154803947553,-0.04044895773464177,-0.031497048066699715,0.1687105677119173,-0.20655094581132583,-0.2374213789803968,0.11172292872605694,-0.2841853740201311,
-0.06872560072431295,-0.10401920993931145,-0.12995566242472287,-0.24646085085414465,-0.27050335267858067,-0.18418975725394568,-0.03640795060508272,0.056069462310451595,-0.18646009037013578,-0.21196407992461214,-0.42550281681411395,0.07879680346519496,
-0.10596376429100984,-0.10610706758908238,-0.026349918651748815,-0.26406047111044717,-0.3679589918426999,-0.20690645790197276,-0.05590683850699643,0.07539505785944405,-0.10590571950838588,-0.15092768318819744,0.031001206520034023,0.13385930385802777,
-0.051540062332341624,0.0639595679288282,0.05639798114996328,0.09043049322203886,-0.10952119282603208,-0.30200241004159617,0.011906057757477263,-0.3311019097744246,0.005294655473153376,-0.30501466404166616,-0.3376155476136458,-0.11829216640497285,
-0.13497903056392127,-0.19228154455280974,-0.18963046183930338,-9.612746777216009E-6,-0.07587313169380101,0.10238507908796769,-0.2503864760515935,-0.33225563351531884,-0.0910330526083085,-0.10121146616301603,-0.08200467070191075,-0.13522675320654318,
-0.22567030745800307,-0.06485983094459648,-0.22711918980108775,-0.1528696863099302,-0.27442169821977436,-0.08260806065767322,0.08507388040867155,0.05076097328270458,-0.17892756120254338,0.13015188447648693,-0.07291397327578457,-0.32805817822157823,
0.846902157743571,0.717492755050066,0.7637394870315818,0.7621704128386111,0.8510209802660691,0.8235057667096376,0.8399900333390671,0.8541735573061426,0.8415747641259069,0.8799162453919268,0.8841131427435763,0.8501796537385538,
