# Pesos da Rede Treinada TxH=  0.4 TxOut=0.04
12,18,12
12,18
-0.43250918261793125,0.058983439969442435,-0.7903689874989336,-0.47542130461287463,-0.7340062812358126,-0.4708282168535084,-0.3935381748172912,0.813560379809477,-0.6592207189831697,-0.8191574942611108,-0.4466763874718313,-0.491135179260516,0.8894710560166824,-0.42260822720450936,-0.6898833362667794,0.4262618547497773,0.9437072636067038,-0.6370624062988911,
1.051592523810846,-0.9055867578875455,1.4886157054110358,1.2604088354131504,1.6464816396967576,1.4108951632585582,1.6420182735583315,-2.8384955149614584,1.319367870470786,1.2567599469835629,1.2992753570486297,1.2569416652367031,-2.225521515930983,1.030252338956026,1.4903181682915867,-2.2056534311842975,-2.09515137297644,1.5393393930108115,
1.596703947161446,-1.1981439307757273,2.0195214271860027,1.9170792792864422,2.0507084631646424,1.9368660184724964,1.4136214154954525,-3.105591507857956,1.7979991348205526,1.4901341714895722,1.4552706713920773,1.3519080280112505,-2.8358613442642415,1.3538587562661264,1.7074584508219206,-2.0252227473143707,-2.403406213854244,1.719233111624834,
0.38524829516719583,-0.489911278617592,0.6499919677273518,0.5279953459344011,0.6567158292256963,0.31601160444015297,0.299246700930338,-1.0959285319434975,0.6210476014133947,0.6081678342664448,0.31320676402264946,0.41518463483180046,-0.6647398733945189,0.39800739573042376,0.350860144332366,-1.1170725600547948,-0.7492555634358973,0.5471466923181171,
-0.020303198596954113,-0.22600065450887752,-0.16494927010341381,-0.08360533878755803,-0.07153221414721632,0.018277980392866197,-0.2758989958927108,0.2639771576200258,-0.2390350383416685,0.05284383808080329,-0.10606528487150947,-0.002294530059103261,0.2391329202446544,0.17691227083965685,-0.05948745448399183,-0.790335854631209,0.2127744561684479,-0.03914843643458892,
-0.670277438471935,-0.12169355013329537,-0.8151180761942887,-0.6102305674947347,-0.7030990940680314,-0.6843116986705848,-0.5983647399664582,1.0970648698785237,-0.6052205130356803,-0.8534232168665625,-0.7577177219606916,-0.7136213844032278,0.9574439110704718,-0.45159039787526983,-0.7587006123241968,0.08887295727486204,0.9516221260324796,-0.49754949674473836,
-1.332498810101399,-0.027563063278441102,-1.553392190458892,-1.614131804108499,-1.25035104282122,-1.2732978340486998,-1.429378976221545,2.2391192457523355,-1.635306988514792,-1.3142643056946663,-0.9727956071394501,-1.292592369908007,2.040362757512246,-0.9275615513300611,-1.1198429905535894,0.6026069542670471,1.4652819645228987,-1.4223306871047237,
0.3793432890641065,-0.9308127635137263,0.07389319171678321,0.36759127941203357,0.38267242579448013,0.1828117402038693,0.26065006188146317,-0.5773284668368167,0.4067563388073867,0.19458097985261943,0.2963708323394499,0.4086720032892395,-0.673851329646968,-0.023871578525264607,0.22165425773974268,-0.8356289535391397,-0.5127885076415438,0.15738930416472374,
-0.8037230584198478,-0.11069932772361972,-0.8964311847189885,-0.8750208872703195,-1.0703536164895644,-0.9328423883769426,-0.9350985213332088,1.3436266177957212,-0.8063075460178936,-1.0569991934937373,-0.8857827460454243,-0.9178460192584073,1.221408893804149,-1.142270139561768,-0.9767327189487275,-0.03598750347852613,0.8693579246974307,-1.167469375391617,
-1.0267740879411482,-0.14803009122313074,-0.7641638759416691,-0.9711279682217105,-0.9791395452328606,-1.099371906626207,-0.6847318477513167,1.4487349670322456,-0.8154156416878621,-0.7092854616298327,-0.9623656753865607,-0.8458921386066265,1.2865147955679845,-0.892745670240156,-0.7994721749172863,0.21185573462787918,0.6970010640295522,-0.7917338184655338,
-0.9119638065824214,0.018080604020396917,-0.8180182735317152,-1.067126172000472,-1.1860159224554734,-0.8720809877496778,-0.8648500657820936,1.262618141653994,-0.9266763662196217,-0.8364369652835482,-0.9870361355095427,-0.9031346920372942,1.146861932865737,-0.7703780883082877,-1.0962076497997184,0.14516349805280107,1.109796540327361,-1.0177419933635616,
-0.6663323681483992,-0.5115675418272098,-0.80625019432019,-0.7551544441647564,-1.0025210036580978,-0.9514430401981719,-0.8722066580402138,1.140703823688427,-0.9595507564200185,-0.5017696363066405,-0.719947714469419,-0.7324206410498331,0.8106450739908095,-0.9388661175641572,-0.7754553205343973,-0.009323475186391438,0.7976613173342911,-0.8212492257772979,
18,12
-0.3047694919379587,-0.13421976439598862,0.049798843661634444,-0.029515598429596845,-0.13820853309350825,-0.24167150920897149,0.018362754113020466,0.10616425570499538,0.14469198869745395,-0.3456498125410206,-0.20681057330363375,-0.04154269886170287,
-0.022151417863088243,-0.18620569514897128,-0.07476867188645642,-0.0979649395039986,-0.015232550637168277,0.06758935908195035,0.2524505623490386,-0.1480548467542415,-0.0607249887112586,0.10061990599221853,0.2919045531040198,0.09516527025232646,
-0.03106666463687527,-0.15107399575739291,-0.10486874107155274,-0.0038591396981921653,-0.1741344506991385,-0.1856307662326255,0.0874544863905946,-0.08106490780892524,-0.16426063197456764,-0.0991409329828251,-0.35209021393028916,-0.05005972598478463,
-0.15729148483065858,-0.006062902051388461,0.06262555396011577,-0.12535942320093077,0.13519809913169079,-0.23214017121542274,-0.15044142420628756,0.04459194404702414,-0.2583888551857492,-0.14999548566578624,0.054584248060918675,-0.32667924624919925,
0.008623091533982389,-0.17745614377050095,0.019558667133336392,-0.1515217030577745,0.010386736863966751,-0.07770644407164587,-0.2788715621442885,-0.3787244923078725,0.04786592611232371,-0.25888714532141094,-0.0552736152958236,-0.029318828410719658,
-0.1514661312509785,0.11679043499356163,-0.2917636294539193,0.12179264194047199,0.1278008465130477,-0.2277893586977626,-0.20479236137404308,-0.23017383304638359,0.1650790893884618,-0.289665705744255,-0.14343698674775382,-0.11058677397143878,
-0.0928781367458363,0.13910851538463934,-0.08539068912696804,-0.02815281420292552,-0.30068569573519977,-0.2736175868310907,-0.27896248779554494,0.029089034517421876,0.06920238760426647,-0.22286091186931567,-0.11966875020045736,-0.026597981616524685,
0.15817115766990672,0.08846977309699942,0.5203720657821133,0.198121397900069,0.33676937790151745,0.3453660600362686,0.4165463626995271,0.6100030369544055,0.4841596479602668,0.3968187196047868,0.46394519108699245,0.33533923464367416,
0.13734352156670965,0.08601756689891951,-0.07304241783818186,-0.1556422308413293,-0.24926220450314107,-0.1479753516948801,-0.08672917925487314,-0.25838176277907005,-0.27225353478034997,0.09515549048558697,-0.07320038395305738,-0.28401669446234906,
0.03873687838035883,-0.2626115980810526,-0.13816727074257165,0.006951315416999654,-0.29532454235885786,0.17022006784196042,-0.06741599599824323,-0.17193890720817748,-0.281974426621128,0.11260889595652526,-0.10481953864765929,-0.2629180106005056,
-0.26452824835721156,-0.07468466003466792,-0.07418714673118773,-0.3339003050208167,0.01724713617036601,0.0921747939058535,-0.2765100816132541,0.022800530600048795,-0.09624893039991796,0.03320659627681494,-0.29518622759545304,0.043266140396756955,
-0.15137831420266087,-0.09964865112498952,-0.10409055306488735,-0.20467079922648856,-0.0404664359025526,0.0037729847129524784,-0.21677462331298816,0.025718642466196557,-0.2142623911415239,-0.1917486439627424,-0.031915451736636055,0.05687459828986467,
0.5034401105947623,0.42002556729582025,0.3076137620396109,0.3496950808668222,0.5364534962426637,0.5597690133141883,0.2673275967295238,0.24046116471198822,0.17181444362799222,0.4250384005386568,0.34125015986825835,0.46811485730645036,
0.10297140666616081,0.031524162998361395,-0.16101556400034983,0.05526221622937334,0.0026523941415719514,-0.17533129187940422,-0.03871757101973422,0.06593531474115465,-0.24212912808624787,1.8427902500806626E-4,-0.31877943320136315,-0.20436315077233794,
-0.3356392463165445,-0.13305305796593064,-0.05274079194418088,-0.09685911092306221,-0.036995024835299414,-0.07492594351323592,0.11871683526395321,-0.29203587459437913,-0.2813278594220413,-0.10233363784901815,0.03306942282695538,-0.013485437647781562,
0.13142564015611627,-0.1409685556183566,-0.15582879300951588,-0.2155090398940573,-0.07662129608708959,0.16254143644986213,-0.0326793413172251,0.3028884162029149,0.40429186068252176,0.2216955260281063,0.128167443246836,0.11645699346204914,
0.3573307086958179,0.3353327016644481,0.08096373209118239,0.37038142916299926,0.09813742498446437,0.08603512868432245,0.3802359235116278,0.23276999787391578,0.466647052003432,0.3154326919915807,0.3125823171178288,0.2804737226312418,
-0.11919762081580271,-0.05198283266157161,0.06511537081886061,0.12305017917142588,-0.1379828861590815,0.010402936279820231,-0.07897224370309341,-0.2667524482036802,-0.18578200349876742,-0.20455277479240871,-0.06671537454994642,-0.174150179421739,
