# Pesos da Rede Treinada TxH=  0.4 TxOut=0.060000000000000005
12,14,12
12,14
-1.1013332654104016,-0.9419301994303279,-1.0066411375227493,-0.8957731503568797,-0.8019253461909683,-0.7152748762698613,-0.9765246024172748,1.3032782078608183,-0.47934634630446554,-0.7591833723836063,1.672614363984537,-0.6155542965278333,-1.02876464317561,-0.48251010433640557,
1.830851436803139,1.6580799618269608,1.9002549542846074,1.8266756195597522,1.8895075068829892,2.1231187885721625,1.819644074280649,-2.982373671681863,1.9520139995076498,1.9404023371877732,-3.84972633750599,1.5937176644946522,1.5850544283582801,1.9538210963401395,
1.682506393241613,2.07269755860514,1.9242942427433474,1.9104439033068223,1.567024366196482,1.9703801774736813,1.8811526304296387,-3.0663710390251913,1.9697389252614432,2.276272479448546,-3.9850336319696935,1.6119436644644782,1.4956917516722836,2.082532339814096,
0.6159301518750295,0.5507797509959275,0.5532080306224323,0.5234190974955991,0.3839025740425825,0.5528919367920365,0.8004803241593628,-0.967986576071665,0.6208189986470142,0.7855648511432799,-0.44891562338185154,0.2771749437586141,0.7075257116940047,0.36542183600732,
-0.03284858994206002,0.12996592432433282,-0.38828903253421176,-0.1431203176558537,-0.08274580147022287,0.16685754068513048,-0.31277536441230824,-0.10521663476200055,-0.3280121625746727,-0.3131979082011624,0.9506808659887729,-0.23745533349564282,-0.34995005540848056,-0.008538554705935663,
-0.569283150626277,-0.7138928422758731,-0.8192682269469672,-0.748283309401818,-0.5090115668536301,-0.8258692786013643,-0.7099031711921894,1.0033786882315332,-0.7841207203820816,-0.7553889652888879,1.5481874835899603,-0.9668875101902237,-0.6005764553377778,-0.5980864474433387,
-1.4123805734556623,-1.7514649659492116,-1.5232815241756719,-1.399739531224692,-1.2943714355892644,-1.7198637980080065,-1.6581066851002124,2.1405170935755446,-1.6053905676594613,-1.6922957670178587,3.1498502383683724,-1.6041434995515162,-1.5965950919971055,-1.7617455395317538,
0.4157948505473161,0.34466941594709294,0.10455551847534779,0.21943731473359843,0.20596086982104075,0.2646596370037593,0.21171503516188644,-0.9534437998265801,0.42004428954918915,0.3546257374417067,-1.2053927650938299,0.36355087892366206,0.18566384614812348,0.34879267013839754,
-1.0651125926346439,-0.8216210029327669,-1.1039948589601394,-1.2750381845174072,-1.271568507696883,-1.1659550646946795,-1.167113942731303,1.2554094579778245,-1.193150809588589,-1.3459801618465685,1.3827216327680585,-0.8574862647093434,-1.0045336156323321,-1.3276154329727903,
-0.9806364654406515,-1.1008350807907294,-0.9728648931080098,-0.9325845560594016,-1.2309323811320618,-0.9596281286353242,-0.9675064851966085,1.2659203744450747,-1.0010898375211732,-0.9444690444462472,1.5165867316833794,-0.888180626689641,-0.8066958688828273,-0.9620631388097953,
-1.2767007702949877,-1.2488838751879068,-0.8241032853816598,-1.1857128601146758,-0.898120781884154,-1.1963654622601845,-1.004183909675978,1.1865530080379496,-1.1790991333189473,-1.1302769935494121,1.5429364176125189,-0.8901814821016529,-0.7392952571620623,-1.3014291263119993,
-1.0936659545747935,-0.9267957440526005,-0.6304688428799221,-0.8163797308084491,-0.7363299173397494,-1.1490171340024924,-0.7711896183474122,0.9682925871665092,-0.9803468625289959,-1.1194043204097022,1.3784523519433602,-0.6819761728010857,-0.844960601050104,-0.9635806424681057,
14,12
-0.36881969193903774,-0.09041300035433447,-0.2923501190650398,-0.28646115103482167,-0.09426888624019007,0.004320427720714527,-0.19757612438490185,-0.2675279755345764,0.017000915754736716,0.06493998761801556,-0.03270746360141075,-0.14831637948948778,
-0.37419706919205015,0.05882457459322461,0.04452660412648834,-0.2894995189376966,-0.12903060159387353,-0.005631824513498451,-0.019883333638501654,-0.12518901380996753,-0.22281452506818192,-0.14754672157315735,-0.2353843400644643,0.057953423808589075,
0.020242802063129395,-0.21812994347133502,-0.02447161469504396,-0.15336520945822446,-0.013451374075762258,-0.3403073254605596,-0.30546491876209914,-0.18388909336763115,-0.3294502234443669,0.09918399795547495,-0.18979366496277855,0.09894992723236831,
0.05519828730036873,-0.18166998913198334,-0.2311161348441428,-0.05843078634259082,-0.22376787946884738,-0.21280582735117726,-0.01949612398295439,0.07071155839598614,-0.2074573294610512,0.04374682468302488,-0.33744712451987724,-0.2166573115173666,
0.047189523574844516,0.046828072659099385,-0.13620972750886734,0.09118885557639633,-0.37750641713564703,-0.06631692836282613,-0.1740097205321168,-0.24436864287526064,-0.1489840909107418,-0.29132235382209154,0.17475342951804324,-0.17889180062209029,
-0.17152412325284286,0.08759585349797618,-0.17943299405593047,-0.2294694457250894,0.12501109756149184,-0.13990044851056543,-0.11035849731406305,-0.16072400605372908,-0.09891204184704452,-0.1988945852342007,-0.0665209150703533,-0.17162230485512173,
-0.20255068751720473,-0.11388538438748358,-0.208883474465198,0.07155943590871595,-0.22324867520137437,-0.30757360109183557,0.006569325527193138,-0.2603725193448196,-0.0335125303800804,-0.28871974949441487,0.006786925391255048,0.00863471835484078,
0.125358134355248,-0.01865501433679347,-0.08050411624525951,-0.14513354285299984,0.03775514039364366,0.25288889939878156,0.2985740701710594,0.3232470621096228,0.41438070299882185,0.42939331258906227,0.46233439383758723,0.3112032843121307,
-0.22945203146680973,-0.22252424053330652,0.13395978972713735,0.06441514888503612,-0.004861702973851159,-0.23986239450689822,-0.28357227541700775,0.06147402816877258,0.005011892178082977,-0.21170495685156226,-0.1755946008771573,-0.1824659553074854,
-0.18368900112413009,-0.1816545391066412,-0.08947573655099943,-0.07615257414273566,-0.06881327667297606,-0.08479129507698781,-0.07708546218515165,-0.025261530074178275,-0.19427277934484785,-0.17701527809882311,-0.13628422539974605,-0.16696736280054478,
0.8035246077553485,0.8086052701109098,0.9242317362735,0.9612093574232874,0.8788452970724906,0.7047024122213379,0.6962424264652814,0.7034001011733565,0.6267667439460555,0.6605854441093233,0.6080136287676955,0.7163952505799221,
0.045082871053593945,-0.23975484410183825,-0.1290827433432796,-0.13224999321596914,-0.062174593087764525,0.09526515771262056,0.09257455725055051,-0.30185723120053354,-0.16951656941715765,-0.2405726957476521,-0.21554519499945904,-0.18620588286956238,
-0.09439130751745797,-0.061677095158202494,-0.26422881210190274,-0.27705489761909813,-0.20819568766445332,-0.010453664922335267,-0.21527920260024314,-0.027578505636275705,0.027869956695122298,-0.13792615949692053,-0.14655867562595207,-0.19872776157976077,
0.0077960297329501375,-0.11735373347230643,0.043803046710961496,-0.03372972156158941,-0.13509563475151562,-0.09899006515270282,-0.1794305572960728,-0.056126590708075415,-0.16472547091319975,-0.11001365684271586,-0.20420108990110145,-0.212390271561739,
