# Pesos da Rede Treinada TxH=  0.5 TxOut=0.05
12,29,12
12,29
-0.22343748240904204,-0.5347866125278887,-0.279131030268102,-0.45555570921373956,-0.5433177652825762,-0.14997901419759888,-0.787560996243412,-0.3607726343903467,-0.3253538499641042,-0.5226589775941937,-0.5042695255607145,-0.5705237158035877,-0.5230609157249096,0.5285824536568606,-0.500594981860924,-0.06142162978089977,-0.4227522030062575,-0.08426509361972737,2.1131444583802623,-0.18065835426719706,-0.3331351382861549,-0.5390700835156624,-0.4969585989177301,-0.024873283986842222,-0.30351318213929557,-0.6678575501291256,-0.506663865481741,-0.2699611520645763,-0.32548574523827256,
0.72508021344955,0.27133807019651507,1.1064329076325905,0.8012863890101051,0.7556631936400412,0.8686416101764558,0.6562433277507779,1.3151892219909096,0.8887376925352404,0.7732549728438699,0.9717332897550472,0.8205576781025642,1.0697838039131546,-2.794181092031933,0.7832656119997882,-1.217958328901162,0.6189249797722784,0.9453845808861131,0.48329760959497425,0.7367099243404412,0.6801317337075484,0.6383961407602128,0.1960921277780739,0.20001617927772034,1.2065659458809663,0.7760778373178059,0.7939641120531765,0.8649948617315408,-1.0433922291564373,
0.9413118372520117,0.5156497226219262,0.8402493308817763,1.2614084493243416,0.8634934946319228,0.979414226731301,0.9132899581170576,1.1342361208473188,0.9654480254918483,0.980235045069928,1.0692722066812688,0.7013047507337941,0.9819562557919319,-3.0592575281142556,0.4779694707203844,-1.1461901668833245,1.0358081748975387,0.9126597355011977,0.4260757896052691,0.8038555509619262,0.49681629824393947,0.8296964485458226,0.6468688647478715,0.500185391896156,0.9833440624591886,1.1086768902431685,0.9049874506143646,1.206615038344897,-1.3712162334922022,
0.24486935989766032,0.060781560198939565,0.5462786904461077,0.40089653876502673,0.4102782376537228,0.317988348428672,0.0904745235918166,0.6795636796110232,0.31637035051313495,0.1039241479349609,0.4933834972134733,0.5182958058343063,0.2374884183978565,-1.646759522870599,0.20673191591239606,-0.5550854863219074,0.09850926027499048,0.2840710089608997,1.1400800270917224,0.18859176265259575,0.036888114179392126,0.15955892416672846,0.03281599710376408,0.2800205388344128,0.4762149234572926,0.4131206798255234,0.21722766863264142,0.420573098643019,-0.7122763365863943,
0.23841622746385782,0.02159000498261971,0.08714707214443959,-0.03935906903981333,0.0857003868610158,-0.10891920010576056,-0.07629749470376893,0.24120730457743636,0.27307670841249104,0.1667535475074598,-0.16842031016339926,0.02580789150604742,0.2153405600747275,-0.8761364274073853,0.20150243601032683,-0.7921353137811961,-0.12653079127578898,0.2733838609377667,1.7600827028076267,-0.08432587704391974,0.24132216466193845,-0.013410676052756948,-0.03713221136853285,0.22067235230875892,0.29749385468116313,0.008529002720382246,0.042786196776621384,0.4451577944761583,-0.38576195814414155,
-0.7054017692366734,-0.37405079273529,-0.8275466634332911,-0.5573605803016014,-0.6578651566798772,-0.5540326876922489,-0.40212578319765235,-0.8349315109868005,-0.833076160529352,-0.7319563464996796,-0.7438267029964597,-0.5539349950322473,-0.2925537267782675,1.0796196894150358,-0.44240452939654334,-0.1783426851311466,-0.3863690184787965,-0.5774462537094702,2.5781475518242427,-0.5381230655704103,-0.3002839298639753,-0.26654787399497687,-0.30781479251189287,-0.5785811006678442,-0.42366639816373347,-0.6632163389042558,-0.2437528234384349,-0.7290383292153837,-0.5727459093169299,
-0.5580998144002285,-0.6349646733497399,-1.1666438115370537,-0.9822325842690458,-1.0276327457306729,-0.9627281964461568,-0.7869844059293466,-0.9133573750433266,-0.7184484647203895,-0.7055731837545633,-0.7526974673549877,-1.0458788334588904,-0.9215475608014981,1.8252362224559184,-0.9183140466855353,-0.3208214678397462,-0.8831331054872866,-0.8175589311302515,2.6609978740499924,-1.122828290933595,-0.6927763069425891,-0.7898013485607428,-0.7592947794068655,-0.6499988428394285,-1.0643923030325009,-1.1476060947241482,-0.922174104759649,-1.0726697658252107,-0.3871685239330931,
-0.10781969149385998,-0.27768822259581594,0.07558561706910992,-0.2559329954354336,0.05270962999424855,-0.07240910130516458,-0.10170379010752106,0.10928275306646959,-0.049901304280788074,-0.040051776644235836,0.14089458727621024,0.04792332442321769,-0.22667937577792072,-0.21305761570682494,-0.2661477843404624,-1.2951162673030798,-0.1128556711444511,-0.4488165092604356,1.7740717672295554,0.14922689094670996,-0.08722970929704867,-0.06571896975669139,-0.1436268911480706,-0.2360053517662275,-0.19793522728512575,-0.18666016806890123,-0.11596255549942126,-0.20418189399118078,-0.991991207334518,
-0.7885721468228741,-0.6225824831704921,-0.9270356389605465,-0.9165493852975056,-0.8014508865664056,-0.6947255864382458,-0.6343327607607339,-1.2024720391549257,-0.7307055182893788,-0.6754966249614331,-0.7296871385421293,-0.7855886783445905,-0.9169839418504279,1.6427761068232958,-0.7705089718254975,-0.5667792325923886,-0.8398754912226811,-0.8519434234469764,2.8022194073113935,-0.5807985545825501,-0.6832572972659512,-0.9397917266693565,-0.46560703103866985,-0.617896017432763,-0.8524181145213376,-0.6184244382988243,-0.86679842109788,-0.9920826264736186,-0.6497434948184803,
-0.8620963995579334,-0.5316974170861887,-0.6443444309599156,-0.6368374280683452,-0.5154327459394245,-0.9132729433492374,-0.5856652313166968,-1.0509804787720545,-0.7996096850892396,-0.5952428229982544,-0.9085706990107669,-0.7892752507016982,-1.0135195819424652,1.457771291568125,-0.7011976841753141,-0.9908386624917946,-0.7009354370169663,-0.9388592825544592,2.8420967978901466,-0.8056574375974244,-0.9849547483363454,-0.6317788093383824,-0.6504863249608855,-0.8005999654968029,-0.992804848055838,-0.8079719509410799,-0.7660538252439034,-0.9035641630547551,-0.7637355095577631,
-0.9220944068776687,-0.5376256818297852,-1.0280430942074739,-0.727185790317112,-0.7799365198361329,-0.7916665020556248,-0.6624331348924396,-0.8810042399421192,-0.7984472374530454,-0.7253087146281736,-0.9389760411971753,-0.6267761160634439,-0.8785079706697492,1.7008165521757206,-0.6055956133733834,-0.3372060437933243,-0.7012895524621772,-0.7372881645674618,2.8406501396156436,-0.7407668185018248,-0.6365861855379397,-0.9034692394578607,-0.5765373857668756,-0.7347058553794668,-0.9839966687093011,-0.5682144876090758,-0.9205853895951922,-0.9780794801802796,-0.37104435682928133,
-0.7801963520548617,-0.3972483023781122,-0.46632242489535947,-0.6211358169216978,-0.6502989002682737,-0.708401065809192,-0.5129383908953369,-0.765218825296268,-0.9210478750464205,-0.7538295692910443,-0.535169904821434,-0.49243653703279805,-0.4140275617635927,1.4066018202782613,-0.3773076321361803,-0.4460807910727078,-0.4417854059540906,-0.6924867452348895,2.6965564138403333,-0.709642063552688,-0.6798147220291137,-0.3109721665501554,-0.45839025005470296,-0.5674902934853089,-0.7459716149492186,-0.3848234520462521,-0.4153290222595757,-0.5149589306121132,-0.5460438880623676,
29,12
0.17118938792906876,-0.22031022359166008,-0.0964298588738098,-0.04581164993975794,-0.205641346717343,-0.05396994717139988,-0.0774453954574434,-0.15181027916434703,-0.23644040165887603,-0.24725772922496897,-0.0054079005467437625,0.046319823030867284,
-0.2544741915817038,-0.12732804765636477,-0.1631025126049612,0.0458754069530353,-0.27220506637380515,-0.3376098252048432,-0.06041428872217304,-0.21276901386456248,0.019411748615793627,0.09316869265126126,0.07134322109256043,0.12717743222225536,
-0.09178142627333565,0.04021994343988068,-0.019987106972072604,-0.10195001181715667,0.13834022860382986,-0.08147965099496308,-0.23872702688423297,-0.112134884253154,-0.03830635871242143,-0.3320803375981585,0.06238475386653485,-0.30488591891882816,
-0.002114427182555095,-0.16406949876528296,0.01135478746478863,-0.14881106716165868,-0.06302749270632313,-0.07686550447158516,-0.19367804509203176,-0.17158637696575532,-0.1362807848133885,-0.23748793561457532,0.03651592130560339,-0.03149172867007528,
0.10883673714206475,-0.16539766245628928,-0.23989690902509742,0.086570987183003,-0.22912817556867596,0.00995437131169334,0.13880565106490392,-0.22311417428380578,-0.21181648822249646,-0.1998960236731882,0.09380578134823289,-0.3056438670833638,
-0.12771874372908926,0.07590219281707695,-0.08363466430329401,0.026640344552958023,0.0748872090094554,0.06368975931252902,-0.12991037605472242,-0.17738722916752997,-0.21763530826282387,-0.37596309934890426,-1.5501406904143213E-4,-0.09253522026763639,
-0.15216533383446282,-0.0227545201723602,-0.054495154161244064,-0.08890861954056808,-0.24503892422288104,-0.2099510268643339,-0.05310866314128648,-0.21754498520014914,0.11613212120400936,0.032641087134064425,-0.17390997579917403,-0.08122993862619957,
-0.025531415195849866,0.10294248689450829,0.17611043602276194,-0.018777179484206454,-0.09373259782445284,-0.23030730617467243,-0.11829695653016607,-0.116469149109346,-0.15886811339188747,-0.2171316986554896,-0.2722293313537644,-0.148363922583175,
-0.1187090146563092,-0.29250968229403446,0.12670759064212098,-0.06919942026153383,0.15490792213724885,-0.02919202666316107,-0.3302261757129714,-0.01048477667753394,-0.2252289114117076,0.055166677645272034,-0.11245581661027311,-0.25785622699953137,
-0.2353736141950787,-0.27148062506710174,-0.23577127884495377,-0.25523310826517037,0.014911694721578822,-0.2714439933092513,-0.23813148236480605,0.011271559908345007,-0.02048409384464799,-0.006073195235912227,0.09556857848564994,0.08416381673750338,
-0.11682564545947074,-0.15862424845957238,0.024007829620030282,-0.33522915764092165,-0.3028797810695871,-0.3948627739347777,-0.11083306938984573,0.07993571864966628,0.1491605156229103,0.014039112609166614,0.013324740477334122,-0.26095778402149694,
-0.19233208313746522,0.018175385866137133,-0.34088301590212866,-0.06681110090852897,-0.09865872258795026,0.052868462568697885,-0.22684576249801672,-0.08531967595327768,-0.21154216407324786,-0.005458004848929138,-0.048213230498200164,0.032688640535364626,
-0.04672361730378105,0.021444862867139935,-0.19524514377187907,0.22182125554994264,-0.1265108821563463,-0.28009574960885275,0.080830667613987,-0.030372187231102347,-0.13631664512668937,-0.06916826131879691,-0.3994648058808842,-0.09511345371396035,
0.43265513716772963,0.2562288416042219,0.163611124527114,0.1835313512755155,0.2854595790744495,0.2979969035645261,0.28862344954218994,0.3891404611384567,0.3554412748047702,0.4589779592155935,0.3839576199057584,0.4180407122005712,
0.037952507177992124,-0.3055663642055831,-0.07989468695575239,-0.16065527414065794,-0.2177700980350952,0.06378531224277426,0.07803544121852357,-0.04845326293337295,0.17050119577276374,-0.22003304158261117,-0.20058639572755563,-0.2689417278825895,
0.5392551756585507,0.33206341031014486,0.3803741138284314,0.14576305577655244,0.225165636171764,0.6121421836639822,0.5453522561494691,0.5088917939744143,0.5331309131039595,0.6617959796037836,0.523423883027651,0.6843238434671755,
-0.18480435016037972,-0.23572316300018933,0.0664001186525883,-0.17838650062985376,0.17648312186620968,0.028741938511151553,-0.23584281702914026,0.00706778985199124,-0.21775079356757845,-0.3065929977053353,-0.058021402663825224,0.10375747997807852,
-0.12559128502403483,0.07533404569577895,0.058161154512128416,0.14327052039834828,-0.16192865226169156,-0.33207001355746274,-0.15569464756078108,-0.10747955150583138,-0.20762889733165216,-0.02703285153593117,-0.1393116110054749,-0.01263938213511853,
0.5952727485504826,0.6089728068380383,0.7691945979114903,0.7316173608094321,0.7116139503194194,0.7142958579967902,0.7650426815128973,0.695590333666501,0.7219627053197594,0.6817975023900876,0.7224201998792769,0.6768035365084398,
-0.11778472853294172,0.25851164682487304,0.013922074174355627,-0.04185545670324157,-0.02218486117842941,-0.2272220370707528,0.017764483568044585,-0.3167338008730241,-0.16607221454421575,-0.08607047051062648,-0.3308462373418674,0.0834144473550424,
-0.14936342208853232,-0.12177592217016503,-0.134660975250478,-0.031422354876184284,0.10000922887371029,0.03637417578510909,-0.08138808856362051,-0.14576715739706528,-0.11953343281658685,0.0919761362928879,-0.2714563222287649,-0.16666466814185205,
0.166289170401988,0.09392214444383797,-0.289135405476477,-0.2607809243236299,-0.03181583442779664,-0.03564798565623081,-0.20016045688669085,-0.021739878593310166,-0.2742561173905903,-0.062232657700755756,0.09991539454472391,-0.2341894296230046,
-0.14285958856915656,-0.16732050755308522,-0.09392540821574685,-0.2044414918796608,-0.268411056565332,0.0725008973418185,-0.15585058748618935,0.11145046684255584,-0.06513239048982958,0.060428624728743045,-0.13893174380728596,-0.08527042371156923,
-0.27796929222450756,-0.04058777779915833,-0.203965839984135,-0.12779989790706348,-0.30355385569944043,0.006902989967445118,0.046845520331197446,-0.04900048915751389,0.09293594498767996,-0.12572105970774397,-0.0018103936988125083,-0.09887210303376054,
0.003303213753558803,-0.12666060001896917,-0.23301259680862071,-0.1415239756587615,-0.09642616344042247,0.04408169451028685,0.04240062103009298,-0.16424825421133307,-0.09889869757257783,0.04693415389583498,-0.32237895678383155,-0.25199097241329926,
-0.2078470131830537,-0.16294965674266434,-0.20184030591721794,0.014955750516056417,-0.054573996147730786,0.09324663601135086,-0.27002881598522294,0.14809289402929898,-0.09835115983964082,-0.27921333865505454,-0.286726679168326,0.15145713126660418,
-0.1333649351587704,-0.050626368926588804,-0.10264249390672853,-0.3898979993659292,0.08358718818081393,-0.13208633729110492,-0.12263226581847671,-0.3600189301077333,-0.04070864350277698,0.09440914400315188,-0.07232139954221822,-0.00117355209164936,
-0.031030374610403415,0.07278614522231268,0.14574527160139505,0.07785889497246672,-0.15310367229947552,-0.07414508561940879,0.07602662407049414,-0.11372838793733389,-0.20721873892294157,-0.25555701978346457,-0.22348842798043891,-0.3194133227191346,
0.27094342359677626,0.15585591836815246,0.21658741992004918,0.33918347042220637,0.3732528783409543,0.22807095097006308,0.5024303179708367,0.5667599251057382,0.6494002717300819,0.49404342378686295,0.6640693275933116,0.2509156872393498,
