# Pesos da Rede Treinada TxH=  0.4 TxOut=0.08
12,19,12
12,19
0.8893244265851621,-0.45427943854786224,-0.5460028236821508,-0.2956062304621303,-0.34735319054387237,-0.14416811326372736,-0.4821478518657585,-0.30880445107930016,-0.2979752456774855,-0.46049431162768256,-0.44921776523689655,-0.3259014480702024,-0.18341871820671923,-0.4788304652236257,-0.1118525616759907,-0.2211506402351087,-0.04717676179106116,-0.3060115346565161,-0.16297014021120274,
0.4110222312569963,-0.002430818008233129,0.06379159794338997,-0.039998665172052375,0.11902999537722124,-0.2855715577930888,-0.0779517150788114,0.10537766556602693,-0.09650176021642676,-0.2756464925327519,-0.022676148924354798,-0.1686966640716625,-0.10920522702048319,-0.22431219180388098,-0.19682220930523023,0.13728267421840487,0.12979191178052485,-0.23629610058211978,-0.4780677162120143,
0.6099282005290546,-0.3690958135814474,0.07472422191392125,-0.09022196120523811,-0.2101438755031538,-0.45809472380260824,-0.14468825398259852,-0.004935495794627851,-0.219882791490159,-0.13825515142636938,-0.007625776595642328,0.003696218166946385,-0.3402433484001839,-0.11252390438244694,-5.542267246527489E-4,-0.22943231681583892,-0.2527330489034689,-0.38356751360969227,-0.4249834967687103,
0.44695637870378707,-0.19226709363390582,0.01583394047525888,-0.19950027832650488,-0.1078444177448482,-0.19012173037838428,-0.22425694173881439,-0.09304656541359725,-0.15661535866284035,0.07237091383693217,-0.32028695677662944,-0.0381823891073666,-0.3376577682639764,-0.025927680802045664,-0.15467590264324663,-0.1831873598504136,-0.09942521828898329,-0.18549683022313043,-0.41747087176445025,
0.8732363598041725,-0.3865195996275316,-0.0780895424788975,-0.36788525043145776,-0.03722493264087702,-0.07090483345480192,-0.3658466470040094,-0.29317644006336346,-0.1670097893580529,-0.09611965058210131,0.021645613265241732,-0.17660524288746798,-0.18728661604952804,0.09543711997414799,-0.0907496431903573,-0.24276757674422145,0.13001335414981954,-0.1570520099146086,-0.11428797327202483,
1.2636033609989903,-0.11642657799151757,-0.2838984733497488,-0.5073801612012843,-0.43546631786357753,-0.6074776848818007,-0.25437201745172966,-0.21088210853260997,-0.5482834043363999,-0.18006543216109377,-0.4695230131607368,-0.25386000043478524,-0.3328151656349732,-0.15099955977176693,-0.4533003254120577,-0.3000976980645386,-0.2977347898388215,-0.5599921379185866,-0.29260185546997797,
1.2968142343695865,-0.3922930100601791,-0.6582722759284182,-0.36538703297750325,-0.3491017930542358,-0.2765081056281343,-0.20173199841176948,-0.2906845681631762,-0.3341167298147289,-0.6232419363270478,-0.31041533569513097,-0.4576770529041846,-0.2976619714125686,-0.3192179414129624,-0.6467166218070576,-0.6263619028437198,-0.5899580829027053,-0.39253481750820823,-0.33986623566229296,
1.0454707835533366,-0.2601648558248344,-0.421149294192676,-0.60872481535123,-0.37332592462182673,-0.6217052059577256,-0.170443695722771,-0.4540118324274976,-0.4218672475855362,-0.32087971043819796,-0.5429169192800689,-0.3901769993364989,-0.6683888660984771,-0.4781590497839852,-0.4613423923264839,-0.28876294664972135,-0.5983643010122193,-0.2804756698092436,-0.2256480211482753,
1.4506816835668002,-0.31046040989973406,-0.35292889188985577,-0.31631358943931337,-0.7015160674111657,-0.5428140143906104,-0.40311304758728916,-0.6399145849802114,-0.4539209709433156,-0.54632670736675,-0.37967715051111234,-0.6339867371948055,-0.42751784197360293,-0.6818019093048395,-0.30717310098162454,-0.5353556997447543,-0.5417472050788193,-0.29332641646415963,-0.30293293784809133,
1.5696385908674149,-0.5628638691497041,-0.4563492836566322,-0.3377940848952026,-0.5069613451884362,-0.2941329668017584,-0.6477251466915932,-0.41418957999098827,-0.6134876553639899,-0.4327007584302859,-0.5147784117659403,-0.5351376935467745,-0.31646716914058237,-0.4924300494566042,-0.5589773708591461,-0.42879666338117856,-0.539055930364357,-0.36693405071775614,-0.3178389304543528,
1.7982113534636106,-0.419914033264641,-0.6750003590418344,-0.3230361103469491,-0.39770087262095105,-0.4590494008456224,-0.36401356870466844,-0.6857533953097992,-0.2547296389899305,-0.34029185275867146,-0.532008555529709,-0.5964539101957517,-0.4943402088987043,-0.7155933366559025,-0.46023008728137005,-0.6104770360813618,-0.4215222667739802,-0.5689827926248481,-0.6833088259228971,
1.4615144418576804,-0.382129432367322,-0.4374229053532394,-0.40853402896360247,-0.47422553857554733,-0.2282143455092418,-0.5151142093191202,-0.47450992268151004,-0.2995593840582965,-0.5029560701823499,-0.2762319087946989,-0.2891581156167387,-0.24519029138749712,-0.2593162688490026,-0.38758359123581815,-0.30635126775537835,-0.6237003880370142,-0.23582127613607326,-0.5990653459766224,
19,12
0.8379013266693413,0.7352490127731265,0.8353018572326177,0.7899849824765449,0.8478014846384152,0.8199632225325049,0.8715505451202297,0.8840522326497866,0.8634855123596271,0.9094563039035404,0.8899299318600281,0.8944144480914993,
-0.2054161175482833,-0.2598313166982,-0.22632743660172097,0.16293613939803972,-0.2436989146047995,-0.3522477843164911,0.032886190670773946,-0.04400346990114501,-0.2573772864129429,-0.1489867266453337,-0.04484119155319614,0.12086353549472534,
-0.29905404420032483,0.15542761114764084,-0.1871777144618692,0.0019029014558539434,-0.130316428799844,0.034450939123927625,-0.25178661778199796,-0.25065379323180864,-0.34905498436251375,-0.05206021687856159,-0.06742790460554661,-0.14138224968562874,
0.04026946621743652,-0.06605197737321042,-0.24601517339334258,0.16021249754569,0.12372750521321302,-0.2462672398250609,-0.22056422425289682,-0.01182189729722179,0.05994449585963038,-0.3618343504906881,-0.34910865106761524,-0.23783553964202656,
-0.03367562897071243,-0.0863550983085872,-0.27719279938831703,-0.2783922452354699,-0.28171708535773976,-0.05006489787742846,-0.3101379080117075,-0.34627986739444927,-0.11001694663687256,-0.15042038126702242,-0.011532097275506123,0.07840771381495963,
-0.08400768652911901,-0.012139431630097376,-0.11873912199751623,-0.25387082007321604,0.09501613585987245,-0.21600018617498037,-0.13551567343337728,-0.016171682088109523,0.03880060124937119,-0.15061840100292273,0.07322973167113984,-0.10071366850093293,
-0.1851484148525183,0.055972673865101935,-0.10488201731240006,-0.36388129407539777,-0.23379983390723716,-0.365882612152,0.0037078206403461152,-0.19928065419551336,0.002753502655017266,-0.0938647633100954,-0.03935670987216,-0.0724913029378371,
-0.05031775923712793,-0.010020119266498045,-0.07494856485083645,-0.1681962849294301,-0.23300835587356328,-0.29851696068294303,-0.17000287937489755,-0.2769436295977489,-0.2189994444815534,-0.0693479527349335,0.019277259176044694,-0.14096137540350978,
0.0602676572529285,-0.22919300053725145,-0.21313548811954874,-0.14512743934810526,-0.2412117607004282,0.11272233560094945,0.14627908320932856,-0.22780222196822272,-0.2794777436628037,-0.0066829786415505705,-0.1323926640442274,-0.17222568186306877,
-0.07477365039764745,-0.24292740370709298,-0.26637791650319914,-0.05728006697645844,0.12177329196704875,0.06484970993904454,-0.06631933472356999,-0.29436155953350496,-0.14428321036261565,-0.03618660893763786,-0.14039590503999516,-0.20509553389151358,
-0.13206315351098097,0.08946225168386512,0.11417473247446931,-0.20284104867068006,-0.01924582986334852,-0.2513814220140078,-0.11898807861191696,-0.12001378450041664,-0.06594912864925438,-0.17698908746038902,-0.16156036369802043,-0.3736597292413292,
-0.14799062624966153,-0.13670676638548485,-0.22560897260172166,-0.009997962836809735,-0.174979276494508,-0.20290812968480534,-0.19099884608476603,-0.13993496963628757,-0.28022949189442975,-0.06224935302142771,-0.1313265774771689,-0.1983084508885817,
-0.25683504623899583,-0.1684743310792547,-0.14821092731294858,0.04809068316669919,-0.26725273490106133,-0.09529998196246407,-0.17108777129352615,0.0255176328638291,0.09913447055393444,-0.0719135013510942,-0.06913834965476184,-0.11640525078750072,
-0.19831083899745505,-0.3401002456457734,-0.0033991058549813088,-0.19581618851799504,0.11589707105406855,0.015119441862481592,-0.2647368302620989,-0.2216325712386802,-0.021841058487324528,-0.3161472670238514,-0.21319097318383312,-0.2038943496108831,
-0.17481271998755424,-0.20173374592059587,0.059886698390014405,-0.28120597223987276,-0.2638333649455995,-0.042480871338717224,-0.04185918209501823,0.04959847510600156,-0.17979858515295719,-0.1834523076043798,-0.24892195629270839,-0.1215243884971641,
-0.03138645996289349,0.012092797818344651,-0.25234883920370754,-0.21724179703226953,-0.16285073988873383,0.010441462399785025,-0.22523406547579658,0.12727911744632214,-0.21205896207203095,-0.2342586211409311,-0.28923344209446034,-0.24670556395442517,
-0.2048046748035441,-0.3033520108552665,-0.036904775281265755,0.014659278181713293,-0.07747084271648964,1.4128012906818423E-4,-0.1608728969176162,-0.13164776219373883,-0.11023932770798671,-0.186398062205622,-0.26293704464825185,-0.2014590057304445,
-0.12349520940379562,-0.02244340614967806,-0.09966737005666383,-0.1453067967698158,-0.1511061358821623,-0.20760549798541997,-0.16592855123872705,-0.09948895997125007,0.02052525728798363,-0.04098383993878547,-0.16961736539639138,0.051781560430479275,
-0.07847533183235392,-0.11283793555105107,0.1682235927347748,-0.12992091654919682,-0.17209643651792506,0.04208085124674789,0.014471560889256978,-0.11444555849235644,-0.23849331207914737,-0.02892159450195244,-0.06452445020590178,0.016001914967934107,
