# Pesos da Rede Treinada TxH=  0.8999999999999999 TxOut=0.05
12,28,12
12,28
-0.2979939803989514,-0.4984964477313154,-0.5486514799387436,0.27861880561209645,-0.3402389533739306,-0.5635869856128621,-0.4960152888392018,-0.3695999868575849,-0.20224410169807558,-0.46422467575448867,2.2080922254776465,-0.33918042345403976,-0.259814826441278,-0.39130582578690426,-0.2297964105427639,-0.4739605742236833,-0.23155173664473372,-0.5222531241271063,-0.4668753827603233,-0.4353374390745008,-0.15769901947429638,-0.2249907078546061,-0.24148114645517701,-0.4353156033320052,-0.3646501919243417,-0.1724533439612748,-0.29170554547440325,-0.5100749596808417,
0.8997093116558796,0.6838546737909957,0.24072793073997956,-0.1258576561719939,0.8692474288642398,0.5361690339199007,-2.7320272554212335,0.6751290961929041,0.5250528309985211,0.3880016083331924,1.3943815892454594,0.7206456641972913,-0.11251989735531996,0.35561893309333037,0.8828864627543289,0.8145307470725837,0.40887846555666685,0.711039571423998,0.7713058184945089,0.912594880665616,0.4344820023296054,0.7087619570274722,0.45595828900951935,0.5897065058766904,0.7776535080580187,0.7481211804176866,0.7640259467434797,0.35841202864259847,
0.8636593549761705,0.7400130491252174,0.6778111270764154,-0.10541607369240767,0.8010522381624647,1.0262680032027192,-3.0274514564504056,1.0091922752966511,0.825165645785705,0.5377237248664287,1.3889280680420928,0.7219508285438078,-0.0674791549414228,0.7681292213577622,0.7743950218871386,0.6601267675977841,0.7391416567981913,0.6775193971689192,0.6993569758802679,1.2088290205706582,0.7467059325783478,0.9010599962546104,0.6648074899833684,0.8820454093667068,1.0031918861251228,0.6480971659114827,1.0697651396539731,0.5405014645629423,
0.04078634998287109,-0.19510858427492142,0.06768751548006575,-0.17004361570879495,0.03694181941318127,0.2810366256945624,-2.0230944993311955,0.48089791056613035,0.08887874665076254,0.3391913889721073,1.9076463423364203,0.06256709119537504,-0.2193628581564773,0.15886526037353813,0.08870776942740322,0.4200810487431679,-0.08432958343945214,0.18639776237831726,0.2023924525658117,0.08594270732295875,-0.07375088860208574,0.26842291756174874,0.23730146358806697,0.24724598215652727,0.4640300296307245,0.06702731857274037,-0.0865025380327563,0.025477260762587585,
-0.2302586191339686,-0.21522158244803796,-0.14154000711002915,-0.1494260090111627,0.059456579895188696,-0.30901163347550636,-1.1800783119135658,-0.11884128476410022,0.1140585328845553,-0.21605001746301175,2.114558223165115,-0.10511467894000662,-0.28875930510314046,-0.15938027990009865,0.136850225167349,-0.285169271006569,-0.41825164407083004,0.09385966038939945,0.019058460558838714,0.1680396068478912,-0.0698433300571247,0.03776244712518936,-0.10024185472316734,0.26498865115021003,0.26038199558676817,-0.33994541844773285,-0.06642947631730277,-0.11316976274916994,
-0.6352207204012927,-0.7442604061543967,-0.384343754623808,-0.4748793890718148,-0.5027643241567591,-0.4467792336171316,-0.18780249814504107,-0.6632923471410682,-0.48664860537218807,-0.34273223352810694,2.470053797949721,-0.4069701186458453,-0.1889946627654136,-0.40278569366219213,-0.63768761370453,-0.5240648928822952,-0.3750984934740427,-0.5739649857958752,-0.5733192212836501,-0.6964807163171385,-0.5310298046938756,-0.5742176213924352,-0.5139482268772568,-0.5346501328112411,-0.6641872995390684,-0.41017347419689365,-0.6938296228270938,-0.7149026065754764,
-1.1665850731259977,-0.8109137562340571,-0.656361348254542,-0.274966367349825,-0.7478994756039877,-1.1267836313561046,0.5921252415468649,-0.9842253912118537,-1.0999832494396928,-0.9506922647218324,2.788921460482134,-0.7699719104205192,-0.4486925690928072,-0.8563878902792417,-0.7748611109986725,-1.0682607583894974,-1.1815619119111131,-0.8432227672167256,-1.1107514485278325,-0.734662936781168,-0.728178981768987,-0.9535101799136946,-1.088798911577363,-1.130075595462086,-0.8776866402310185,-0.7682268067295054,-0.7801153832606472,-0.6679017775754835,
-0.404754304976795,-0.30298475608631253,-0.1528335235364213,-0.6012112856636734,-0.12396984944496695,0.07579209768740386,-0.919741444288192,-0.2330237489306392,-0.3294255654795262,-0.14881785177786727,2.1414583061473262,-0.2831866131083602,-0.2756023872838502,-0.21545956801565305,-0.5130333457263153,-0.26094442671016177,-0.24398047291087632,-0.42730135472755704,-0.09562230870737147,-0.40447640227619885,0.058234429647868416,-0.26972494813493936,-0.08408950920300341,0.0033713167979654794,-0.37321711842697475,-0.16212356795876323,-0.233990654401876,-0.3041825239631329,
-0.649983433582301,-0.7444141925787009,-0.8239785996658159,-0.616603128961553,-0.7614259026097177,-0.8878851208695732,0.5485359739478916,-0.8743772619699169,-0.8693926024803803,-0.80432547517349,2.1694504585814,-0.8739838081425398,-0.5678317858214793,-0.9206133323004173,-1.1265478964063502,-0.6373971505032308,-0.7044573205453847,-0.6591086336330733,-0.7841693535508074,-1.1382726528721352,-0.7456061352012332,-0.9599182083131138,-0.9973427029802574,-0.9414264870262373,-0.8685083445605447,-0.6277773876901446,-0.8910180599771311,-0.5656454538025165,
-0.6679724473059486,-0.6443315268603365,-0.7140461823288783,-0.5655323393886215,-0.8519474380271718,-0.8411566296091202,0.45210458717515206,-0.6632547764696824,-0.6527177931980616,-0.6910932080439814,2.4928637304608503,-0.7262463434556256,-0.5356905166629318,-0.8639845676762706,-0.6542939990271759,-1.03070961712972,-0.8311063659707218,-0.8929486023023191,-0.9766153334753102,-0.9807210853725851,-0.8115573273256608,-0.9433817198489062,-0.849288542310396,-0.841623187642625,-0.9722615058035743,-0.9899683044564362,-0.6949963362722997,-0.9331338716502613,
-0.647743273801798,-0.5899327964074955,-0.8116981866561483,-0.6206103296631639,-1.055022048847228,-0.5852393163019769,0.357160215583882,-0.8440845670723538,-0.6954853587049792,-0.6887369633490742,2.6086268305398193,-1.034684341681199,-0.6218545251188479,-0.7492796687641194,-0.6392787629772199,-0.78071448182674,-0.5036542215049055,-0.64958754712498,-0.6494652956588092,-0.841921399918911,-0.9855686341931165,-0.9232599365626969,-0.6213898642244783,-1.0395997645682438,-1.0232439329802792,-0.9809655254085266,-0.9738606859659117,-0.5219746140940673,
-0.683161518437243,-0.4293455827354626,-0.5104405019339434,-0.5412207636131219,-0.8962437947277251,-0.771668457908493,-0.0635194593081976,-0.8831627800472555,-0.8445461811857554,-0.6176993784294036,2.6176128225481547,-0.5626482122174674,-0.38628523422422345,-0.39041852361119367,-0.7945598913200386,-0.44745437273711014,-0.3811177983889003,-0.6754061402477889,-0.6227555986278072,-0.6479511430189334,-0.7955182309282515,-0.603592180786452,-0.5084079445077484,-0.6524857121053397,-0.7850406951714833,-0.5922182234777414,-0.7462635665049708,-0.39162684615161253,
28,12
-0.25417604186553006,0.0494023379579794,0.02367910643206237,-0.17259043258385237,-0.018532770276598973,-0.06053473075059638,-0.11946080259040139,0.0464202537576941,-0.1474503194156316,-0.28693556620586996,8.451535638383744E-5,-0.17754723853632848,
-0.18532823704239276,-0.06964446150393036,-0.1486067762914376,-0.006012550916141894,-0.19563002852184527,0.013589401747771856,0.02595483162227449,-0.16124689791618746,-0.0554005555002931,-0.08169157831949304,-0.11833802885297993,-0.025003570771489896,
0.03826480207873706,-0.09018840533380627,-0.156638298098023,-0.19714569500866191,-0.13793238571928315,-0.08383018663146434,-0.016096766999368867,-0.039339640614884215,-0.0940385828857511,0.07129988453737904,-0.17796985579545282,-0.10793099517860896,
-0.08698195921487217,-0.24424022041897164,-0.18639625825888495,-0.07738198659527779,-0.026541827385169966,-0.17064256598029381,-0.0343434113907206,-0.11745256894525698,0.023733559978647886,0.01971214580866492,0.05392583617817434,-0.004793385659344606,
-0.14568557313387656,-0.07172170252966177,-0.06449969289398387,-0.013661895494603615,0.022211042945308634,-0.03600659419609703,-0.14262899584866587,-0.1630347205262782,-0.09204704397269334,-0.06039860830611196,-0.2075406630975821,-0.08477438033096789,
-0.10955201844678351,-0.10513001715627342,-0.21115495128749298,0.19640352319733095,-0.16562121991541387,-0.1540969843850665,-0.11225569281714969,-0.14661717462516677,-0.09214852540511057,-0.16759528070004903,0.09353810164390242,-0.11157644459547408,
0.12273013535303286,0.05419316926671305,0.09393148402852476,0.021114896266103026,0.045265180606992736,0.17971984382960196,0.09720560670387612,0.18936990187640898,0.21385770592976283,0.13749733027632827,0.1787697268926839,0.14173557505415596,
-0.3225927483755922,-0.16614119324028914,0.006238532024676021,0.1152079908429456,0.027132505707486626,-0.17710477663501054,-0.0022523174134319044,0.027196031764910273,0.023474402266990588,-0.08690508709931907,-0.19808675016396957,-0.34582252729576685,
-0.06237579284822833,-0.03368945414849362,-0.17522045398107716,-0.07431766090970725,-0.0494619271410083,-0.126704086393245,-0.2428561385503025,0.026562988557973215,0.02313577505396357,-0.17452934862799838,-0.0514449674709311,-0.234311414233987,
-0.1410109388422387,-0.054999507060039594,-0.2510174023739283,-0.0670649747352935,-0.0010422744130597305,-0.13829265750361577,-0.08169995183024079,-0.04379653642319687,-0.03980589834704097,-0.12076070355452205,-0.06862904125439524,-0.05269631098661946,
0.8557104044000546,0.727016004776227,0.815908885468282,0.7820180422205434,0.8439057691676134,0.8327126041316097,0.8607630254064965,0.8997674945367629,0.887524998829252,0.9381703624617632,0.9081950821028829,0.9096141965311833,
0.049445283035326096,-0.24751984533475277,-0.1196769973834575,-0.2118517267539235,0.06666455473638538,-0.24323636274029314,0.003967765265403279,-0.12898436738606708,-0.07373519675605394,0.02092420934128187,-0.15558113099559595,-0.06692244646660366,
-0.2060437431348227,0.0010386516661679236,-0.16816071824677917,-0.21056193005243937,-0.1457734902732657,-0.07826234282329791,0.057804936991731705,-0.00818795434532771,0.07817139611217218,0.123597917298279,-0.03619151039511188,-0.12021110032724071,
-0.19199690768904676,-0.031043854314808245,-0.14407293334845392,-0.020322989280276826,-0.26197583153899356,-0.006515843491093728,-0.15722412595558402,-0.02085207498417019,-0.04610243136208192,-0.2140035419472833,-0.05674868715011362,0.02336402648271372,
-0.03304697557168681,0.0025644667253344874,-0.04826600472203306,-0.1805648019568491,0.07301369872536212,-0.05616067143661671,-0.060488778622358214,-0.11076350536344884,0.04370828588029728,-0.15226630510218894,-0.3280794983034339,-0.168178960126902,
5.315597915731655E-4,0.04686106329967378,-9.381722396149493E-4,-0.14739383424564784,-0.19128017661725313,-0.04410585462196058,-0.1733215717459574,-0.17909759539809797,-0.053038708711858895,-0.0016480126758896265,-0.12330412868577136,-0.19198441436266833,
0.18496660580627478,-0.19963441816802158,-0.08612962676080049,-0.08607713947912989,-0.050811164319301494,-0.144671572800008,-0.25834274534793283,-0.1793548683366149,-0.18016282443312515,-0.06679356380317128,0.11042867726027426,-0.022713092340068918,
0.01646862562853185,-0.15894437580156842,0.034688610171355286,-0.006412122636449754,-0.13255814112814704,-0.0986869194924708,-0.10113819092508643,-0.13371642699620687,-0.18484456835333524,-0.08527470800295138,-0.12160830990011572,-0.0390258226581819,
-0.035972397620321575,-0.06459545573106541,-0.041370742441003826,-0.18162930387621432,-0.15166295324315415,0.09896607442786083,-0.009112672331343724,-0.2312934814371875,-0.01795705823899668,-0.18497398614990587,-0.061767486229462085,-0.22764786331452846,
-0.1383057795079732,0.23600399976112052,-0.21130790777453648,0.10447982523607136,-0.14608779969526456,0.06525756212355233,-0.2076624654765686,-0.11306437129847906,-0.1804280972289914,-0.07378764285716127,-0.1939618642772948,-0.20560409818554484,
-0.131100057392257,-0.179664386212006,-0.007902214349490323,-0.20330234019598617,-0.16483009044868852,-0.17356798912724875,0.1269547929050508,-0.05758589654153082,0.012080361750040637,-0.276429031656895,-0.0533927406390841,-0.04221827049705745,
-0.278015736226734,-0.025129143527103086,-0.028228138259577495,-0.10404595509756723,-0.023351057631890788,-0.18937543848471558,-0.0678387679812437,-0.2048570928696334,-0.21676200643615756,-0.015784779731668135,0.06856185287818185,-0.06734685980130686,
-0.10879095641297312,-0.1819738153278256,-0.1605364915087162,0.021766530682623755,-0.044810700128274934,0.041540973786418495,-0.23915798184547216,-0.012974874067151686,-0.05636734170737585,-0.19249665408495154,-0.13488829002094224,-0.0730798089247155,
0.08395791049137437,0.04695533916868075,0.022500132004969187,0.02550311798830456,-0.18585140816059542,-0.2311823201629456,-0.1574309487792912,-0.08057272111105004,-0.1689497323231563,-0.09352562298320306,-0.1889694113430003,-0.0955320927786054,
-0.17988972605737902,0.051738863207426544,0.0406185003075922,-0.034879223477723334,-0.022848614819008867,-0.11877212505068051,0.044584173213016165,-0.25821980943162476,-0.1539775444933233,-0.1982263856587075,-0.13479629778775193,-0.08903723268931035,
-0.04360466493573578,-0.23181833008551406,-0.12366391487323773,-0.06443066337632207,0.04004110861455834,0.04334102403935144,-0.19878033984856386,-0.004079582717685041,-0.319075506305866,-0.14287381082703152,-0.038596899665017045,-0.005065273866673696,
-0.02505093815794159,-0.08341982473809299,0.04680202355737037,-0.21572555744932032,-0.16345867581538212,0.07995717866827691,-0.14023358280508239,-0.1406905276453077,-0.17584147416003135,-0.1041509409344423,-0.23710165274309344,0.06628333167882798,
-0.014161755991083071,-0.08931940451340752,0.023893642189981905,-0.19617998057455,-0.1367431286117927,-0.22938455081758666,-0.028934811145357116,0.010046126547999886,-0.2720429802892976,0.012557221399790031,-0.09266764715636397,0.06422353292471628,
