# Pesos da Rede Treinada TxH=  0.2 TxOut=0.09
12,10,12
12,10
0.19532283596646513,-0.10082943849429829,-0.3481372138930344,-0.11792324452624253,-0.4636393666100369,-0.35952239034647915,-0.059063070212121795,-0.1336816564101081,-0.25472681641476147,-0.33051488319330635,
-1.451050287695436,0.15049700546066033,0.1894202740419143,0.2055522010721294,0.210466259335941,0.38242422684957045,-0.02086768712832578,0.28130237815261544,0.3803803023266229,0.1880313389552684,
-1.5318112588428483,0.01991929058051255,0.19315385317811454,0.060787448885160564,-0.05186995416616601,0.19036002299848157,0.30121998796828986,0.3205431912490172,0.3611945964842453,0.057383411315460146,
-1.0787977863048117,0.02269511392119199,0.15041577546132273,0.2907800408301359,0.11265369510506451,-0.06527740128945464,0.05341935449411804,0.37204249958433516,0.22365967654065327,-0.21811204071240536,
-0.9526333098944063,0.2662309391622745,0.006980623643141672,0.028629891020269718,-0.1694913991122472,0.25282491904333965,0.3014041187965271,0.2641682878746129,-0.15218893965200903,-0.18616020430008268,
0.8624178715412973,-0.4048277862877106,-0.5058913491233858,-0.6106314492278704,-0.27900606495537617,-0.1907197841914644,-0.18333235195583616,-0.5756028381334413,-0.6253126994396423,-0.4707152880349002,
1.1487708293686576,-0.32627153613230664,-0.5477258469024074,-0.3131048807894689,-0.6769790118535448,-0.714410554058204,-0.602141421672842,-0.7009613648046988,-0.2774071642322093,-0.4281306683547374,
0.49181544627322393,-0.5938216697863548,-0.41598983094015224,-0.5120080917498303,-0.2402308393499392,-0.3525044222707697,-0.37733706606852196,-0.2459782835725587,-0.5399451860418483,-0.20135212079403178,
1.7491129655163418,-0.49879619885864485,-0.47198581555720776,-0.5592169472959659,-0.5390308342742671,-0.8420584141313366,-0.8992717143828137,-0.7623778638932099,-0.5858167558043129,-0.6772301858067866,
1.399175366788759,-0.6652006228213164,-0.5872903623805324,-0.39415820887745556,-0.43768759496521426,-0.9219582713456526,-0.4581690787314063,-0.8814463074689033,-0.6698964759955479,-0.4209874910624856,
1.687395066189474,-0.7690806466780657,-0.600429746919125,-0.8476836849187852,-0.39296253722771257,-0.45728439088151523,-0.9095163568050332,-0.5558943851068263,-0.48438064013134,-0.612481466378671,
1.0308946473601905,-0.531232214071863,-0.5369313833790812,-0.644427045200235,-0.6147661736213088,-0.29738539574212,-0.5582690894059938,-0.6736006898211933,-0.7106345480552142,-0.2988074217978486,
10,12
0.8335708617301716,0.746903752854428,0.8264286282395649,0.8055937136316338,0.8532224086416486,0.8333278866656976,0.8607590913815663,0.886431388819471,0.8769929715157336,0.9132120286471437,0.8880452157929596,0.888029839890833,
0.007330647917431255,-0.07749082552106892,-0.18172633102869518,-0.24433506917161815,-0.043801467642814965,0.012556216451430144,-0.18683333848206587,-0.28919114243597094,-0.27317403266708057,-0.26620733186110773,-0.10834562247775525,0.07761221562798569,
-0.11332433327698485,-0.369195530291881,-0.0638426769811135,-0.1581487108385343,-0.40104819548769355,-0.3252222576995429,0.03412974689102971,-0.03832924863164558,-0.2554131998898422,-0.15653789640162444,0.009042751044144846,4.8377134526909416E-4,
-0.24104347192740894,0.02397346684918121,-0.1620864368120275,-0.30201520244506086,0.1052423417891005,-0.24609179522817315,-0.028447211728016054,-0.21079445320015852,-0.12494180086825106,0.07706629500758422,-0.4004111237495649,-0.1921827858485262,
-0.17724935422638272,-0.13728773213093043,-0.0470373869381175,-0.19325521216978994,-0.2566572933898531,-0.09131870026542895,-0.22284879098592558,-0.09429912217229518,0.14551121713450896,-0.21818661133630657,0.06605067403730663,-0.26212386830753026,
-3.573005537652828E-4,-0.2798007800754603,-0.05746603195656995,-0.2613307475258106,-0.15255430734528463,-0.2536430894361519,-0.22780450043696948,1.1022301665488494E-4,-0.28277480592258725,-0.3431290034179826,-0.0017346105227546644,0.031160913917590866,
-0.10033681990681662,-0.14949047267423426,-0.2260870676835769,0.15091518319543246,-0.1530505150037569,-0.3001070753512326,-0.0660249498924528,-0.3889720121195665,0.002713929729565634,-0.15379112336843642,-0.04817146273796422,-0.299443133158869,
-0.12315828781947834,-0.055502573992610375,0.013875341192560408,-0.09169229624214563,-0.0958673447986917,-0.1183338913820498,-0.2768244078567433,-0.18794588349387867,-0.3836760369154812,-0.21504039230280778,-0.28409594631802576,-0.1670207303441288,
-0.2153097303671788,-0.05978072554590802,-0.23027308363362725,0.08807755535723001,0.0070037120678095414,0.043691310664627635,-0.3836709286862383,0.06441148715351419,-0.154354897038277,-0.2408261176504293,-0.28902857622548606,-0.2293309674152182,
-0.3010231802498884,-0.01003656750768425,-0.2592546370685731,-0.18388725669166142,-0.27528435636588894,0.05495818366873839,0.06984445222072456,-0.17495644856449943,0.010480652818937508,0.14272212879868051,-0.26815048151573256,-0.2481094916862523,
