# Pesos da Rede Treinada TxH=  0.8999999999999999 TxOut=0.09999999999999999
12,28,12
12,28
-0.33162210778092127,-0.4951786244641327,-0.32362173468002114,-0.6921891725130185,0.7253381640006304,-0.6013648562299502,-0.09515495985706354,-0.345745215325655,0.3315473932024,-0.6659997782548193,-0.5188468923543309,-0.5492203468533459,-0.4681856921948774,-0.5219249378421141,-0.680608961335152,-0.5934362564112492,-0.5461592540150186,-0.5424628769067131,-0.4507820674521383,-0.6622546258263944,-0.532544058510993,-0.41692900534712446,-0.2328722780007303,-0.5176932698212613,-0.4591032448377663,-0.5251760381229249,-0.5264587303390164,-0.505343288192324,
-0.2199297917521267,-0.3791856553757511,-0.3253374632525222,-0.5987356808113065,0.5349723269874457,-0.48714342204116523,-0.4186006423233543,-0.308851036298267,0.25616898679564143,-0.405748445104925,-0.21780305660812957,-0.21055142425719847,-0.20512706416813598,-0.21051466872793578,-0.4485622985459085,-0.1878703982603134,-0.32108034215390785,-0.3486637147584575,-0.560169496167604,-0.602867792494586,-0.48367900070114445,-0.4754909788613743,-0.46406402887570053,-0.2907894147785984,-0.5597234956069187,-0.24797312304167865,-0.5843802225928294,-0.08411724986258672,
-0.669996281245073,-0.3067099374156438,-0.6555644459116813,-0.5516287021697776,0.5921004435092169,-0.47484011931755243,-0.2842573810559596,-0.4045674481555811,0.04373925803598469,-0.12019845483125367,-0.4001286045946563,-0.6464485145651188,-0.2915572697010883,-0.34145531648346455,-0.44613012460463175,-0.2274748599627804,-0.2620074839976089,-0.5016629441615467,-0.19724593984642397,-0.3979074599825547,-0.532449282072698,-0.6122110414671397,-0.4450607178444867,-0.33805023675628537,-0.5205720071357617,-0.6258805519811633,-0.22824870456876764,-0.56995736514478,
-0.2787567245043359,-0.33548794882758526,-0.7391506186602244,-0.2842956104044843,0.5563044732210689,-0.45032582526749115,-0.44788050654979894,-0.6240467694740366,0.3785055887183939,-0.5229145318238994,-0.6671636715726376,-0.37191446528009736,-0.6225344613573253,-0.5935536291908516,-0.510739892390764,-0.5944088090918522,-0.2761499935443428,-0.5111635488578113,-0.4848738034904689,-0.5428655331612771,-0.26291581166634315,-0.6654015362058421,-0.5733553008937734,-0.5851815440499943,-0.42311472421565455,-0.5389424753096885,-0.3915467173189048,-0.5474702404714792,
-0.5434144068345897,-0.6187748499028323,-0.5802309224311267,-0.47089153123872696,0.8863862030837987,-0.6961029698570907,-0.6042291983693473,-0.7013858694253351,0.11060278987491427,-0.715606447950035,-0.4986419096077673,-0.30050000943037436,-0.5310601150776921,-0.5473802578557501,-0.48233906428239504,-0.590295099638446,-0.3462798039563786,-0.642377804744343,-0.7213475633040877,-0.3772867559569282,-0.38517420915795836,-0.40731642681029356,-0.430642281098725,-0.6579122173393724,-0.6380430967642552,-0.3442528200847219,-0.42203377294800054,-0.3398146296246382,
-0.247014336158248,-0.5720858231274467,-0.49298917263350556,-0.2799441607088552,0.6040720894280407,-0.19819450473262584,-0.3590482003217663,-0.3213071407399403,-0.045912981731189795,-0.6111292620334668,-0.45225357331466554,-0.39766846182569543,-0.44547988222142076,-0.595976643633723,-0.37599401196331605,-0.4646275323278086,-0.4302895044732867,-0.5349666332661676,-0.593404623432659,-0.5925329504033627,-0.4016399055444041,-0.3885057914386876,-0.5744190436275204,-0.24241133156139086,-0.3440233781330466,-0.5787903996573924,-0.26995270705835683,-0.33140796860953065,
-0.3923719300533536,-0.7325076313352266,-0.41050229472060995,-0.7175311195536613,0.3424486914003863,-0.5685633013620143,-0.35833715385147197,-0.5409957228733651,0.32219963634752513,-0.376346425955768,-0.3456789333708722,-0.4950018127873016,-0.4151238442675861,-0.3686486693407132,-0.2504659596931806,-0.4328947774209631,-0.6251402280719711,-0.3653936963892588,-0.3047071694296315,-0.5123243781329812,-0.6273246756666462,-0.6935897576922311,-0.3234606779358105,-0.4042768109266875,-0.44084576505636724,-0.5212988834179434,-0.3876792487016074,-0.2694028178552743,
-0.5558649512725432,-0.29647540992293786,-0.36822076423836875,-0.3192327658839458,0.2539291024644599,-0.40167241874582155,-0.3444319695952014,-0.4324631635718252,0.15001146364446227,-0.12037752883705946,-0.46417937935193304,-0.5939637524680609,-0.3239254443232203,-0.4188201213548546,-0.27103695144094575,-0.25643599599682154,-0.26832147944190654,-0.2669093275241314,-0.37791669120223453,-0.4375118053642901,-0.24609323336199299,-0.36277926331608823,-0.5804504960898504,-0.145726645296293,-0.4191616110079709,-0.6002910346194428,-0.5155536676713195,-0.49318378148820036,
-0.2814213311477445,-0.3473492715339254,-0.5514719971729709,-0.3986687987583974,0.34829617645823285,-0.5923333771445806,-0.33288203125728105,-0.6118192468515375,0.1740902851876684,-0.5460634258193627,-0.41948215373900727,-0.5545064327821514,-0.2951667883268086,-0.3420743387584494,-0.25973238554623573,-0.20553841173121964,-0.4120544137035681,-0.372973143449588,-0.1945578767001724,-0.2885865568020199,-0.325551142939961,-0.29120113551648025,-0.3322789656773025,-0.5080558773999732,-0.5748037488145907,-0.3490297046950985,-0.36840734163325667,-0.4546538970994389,
-0.5297707530269817,-0.2787881056203574,-0.39636623127466886,-0.42937877069204694,0.40111058230706736,-0.6072947859617285,-0.3708176920668998,-0.511094009367529,0.02851165927360607,-0.46186344475157515,-0.3140433052423661,-0.24207502492401126,-0.6375185106283877,-0.34779047718684614,-0.4550075134685329,-0.5083768360351458,-0.6126506111791896,-0.5965527065521866,-0.4172786978629255,-0.29941033020042185,-0.5070036197544694,-0.30784243986875953,-0.5103252939467124,-0.49482027668530043,-0.15959801332030318,-0.2016479162747666,-0.6010862626877689,-0.4772049434830704,
-0.6120529105694983,-0.2620990154231529,-0.2724944512176961,-0.22906880041998087,0.33234769492875355,-0.14209588848822868,-0.2036233954592957,-0.18537642163798765,0.17462770239071201,-0.5925814773411894,-0.44284131539092253,-0.29536094891560233,-0.33930561350125965,-0.4649876308587137,-0.18935376320445174,-0.6585448467516911,-0.49710776182643074,-0.28566555663401144,-0.5223266937033467,-0.5461837542036965,-0.47111291463164195,-0.23744842460741783,-0.5436777637489106,-0.3887596293037565,-0.6131279320655099,-0.33365984095833334,-0.7246438213755317,-0.6098854974804647,
-0.6530261572449039,-0.5673673149403824,-0.23860168588263894,-0.2947004819287903,0.42712170228594337,-0.30436652117338336,-0.5255837331293426,-0.38183883022879445,-0.059382317359507525,-0.3200295239456597,-0.3695166120549613,-0.6137109722604469,-0.53545578229878,-0.5631995361948603,-0.6294850100308734,-0.5737071187539335,-0.6244767394609303,-0.49326181639043964,-0.45310431677687807,-0.2331266067949743,-0.4836633884160017,-0.562820850869682,-0.2606004222975344,-0.6358007099565031,-0.25483976115588935,-0.6602388315659558,-0.29253060267618464,-0.43812664259226386,
28,12
-0.18472179504936806,0.050237643629409724,-0.32428011684473096,0.07440614106814214,-0.3748581479641421,-0.2766942460127538,0.06353741419009568,-0.10585560912196221,-0.205651418626298,-0.25843994570676093,-0.2617071723208977,0.08080249247212072,
-0.042141550081257584,-0.05877563596418581,-0.019125543664524274,-0.2297984001730912,0.02408415474312215,0.023384012341800684,-0.09152129961171025,-0.16704005901359134,-0.144824382839311,-0.24071394725545694,-0.18082242321577793,-0.027945404818914953,
-0.20089300180938394,-0.22521390511065031,-0.04929635373426699,-0.24783444362562188,-0.2974428784560867,-9.41083427294171E-4,-0.1387920434483067,-0.331197827463728,-0.08239044656776116,-5.100336724575584E-4,-0.18236843995071503,-0.04638663575838224,
-0.1643996260335091,0.015843952896970777,-0.2509580143312583,-0.03010273834445403,-0.0477524756112447,-0.16435128457222636,-0.17977845162910824,0.007969533578872612,-0.05580166938219861,-0.1775583679869194,-0.11680127995255328,-0.2092483276421757,
0.7189777120918042,0.7246409327144744,0.7647374721050164,0.7435371172922473,0.8424570770791239,0.7464466651859996,0.7823778903390171,0.728446597924668,0.725736991883293,0.7336987167259391,0.690655618037476,0.694218290233786,
-0.3267294313690268,-0.1768581139302512,-0.2821369428301489,-0.2975639818852359,-0.4320260071928288,-0.13933278446000597,0.02696620104592864,-0.12779433625661,0.06783839763200859,-0.1995204139601353,-0.24560010859151588,-0.1408879722440476,
-0.23890142332183775,-0.08679065601643328,-0.1362531850132736,-0.25629707413270025,-0.12527846821180283,-0.09653329273617278,0.10534844005887277,-0.006409857034053599,0.11653363486749294,0.06264418734258977,0.038047919049772026,-0.0335668903424726,
-0.0465744218901545,-0.2959967477221074,-0.2409419732154538,-0.15374904322080038,-0.16817593123985666,-0.20198592614093322,-0.029996179482655004,-0.40234287601198226,0.07203323996680219,0.04448181748337148,-0.24072804896777072,-0.26767972643834204,
0.1569210431048033,-0.01107325746834289,0.03203270658483434,0.020203503683142898,-0.02222094145896117,0.09663181818206346,0.10947735548680278,0.20807301541295622,0.2053173313932523,0.2290562255801039,0.2513465965199824,0.23454906224130914,
-0.1469773658909625,-0.3751484393620851,-0.0057281338795876395,-0.34147230583504135,-0.24483133706410348,-0.19440592438626855,-0.06257532744587223,-0.3595937497710307,-0.2237160203350165,-0.08722421878625003,-0.032348649447456065,-0.1709488551959264,
-0.09752308324823292,-0.030510042953242937,-0.14630368791342022,-0.03380462059001626,0.0936095851873592,0.10264445469346199,-0.2717136768490425,-0.22874409477359867,0.054140940339976865,-0.32892547744878115,-0.05190953391133667,-0.2493001362792197,
-0.1697164997685527,-0.0031422579565252764,-0.11420400510673352,-0.23143003157535114,-0.16943439550511516,-0.2027596127256239,-0.1994092058744045,-0.09387958197736727,-0.19023366613510279,-0.01329147307929687,-0.2501361760005704,0.06541015140191292,
0.0641437758835583,-0.028746742877477954,-0.034985688927068645,0.11715940121528734,-0.24312881091850821,-0.03861386924923528,-0.27386983888908195,-0.34051696155183225,-0.3428399140429085,-0.14361831850958803,-0.23583395809758165,0.19188145665418538,
-0.21744386826779452,-0.28225385909474354,-0.2898680628638811,0.06916842850554414,-0.053937780936568314,-0.19956989368328956,-0.16851215286271587,0.09269105540361541,-0.3067082582960175,-0.08167242671738274,-0.20411067321963042,-0.24747920022539094,
-0.28960539941003965,-0.23614240888450613,-0.05431102770980069,0.12316075684704163,0.07189150822454177,0.13661298675509573,-0.31502662423489186,-0.3324458567423324,-0.10757910462410435,-0.0652080333331681,0.09466327770236257,-0.14685258068459328,
-0.3242482904429191,-0.14260586846156262,-0.09872577835227696,-0.09019617436329733,-0.1128077485821537,-0.05642377119561429,-0.30497070893679834,-0.18349353421695122,-0.18158644776269575,-0.07389086126664694,-0.10036461270220944,-0.22470396537529475,
-0.10757314819498137,-0.013541905976553357,0.03830705660684985,0.05684537519460906,-0.2352186210440049,-0.2068938029388166,-0.0702156684031274,-0.12363191050443126,-0.1908828398945678,-0.04429880190498725,-0.13348481005657167,-0.3171112781535748,
0.11451213799408415,-0.07585158469725622,-0.22989228658314992,-0.2688849790414573,-0.19590435797876404,-0.34664350274163697,-0.15719502952061934,-0.027638418059731558,2.4875838278622824E-4,-0.35072179920138985,-0.21715970786035857,-0.2989162932381813,
-0.2336128778306641,-0.10999991414005413,-0.03594729196156683,-0.06078676147455315,0.009564120744463568,-0.2960828207674538,-0.3193913625918791,-6.692155569244299E-4,-0.16865221224868696,-0.07128933800781923,-0.14361966104610818,-0.1771849062359283,
-0.12026369168705961,0.013545637361727095,-0.2992504280370484,-0.2638097829861433,-0.11109951076758383,-0.12584075577496254,-0.17478176997151448,-0.005159269145072981,-0.12428378776155305,-0.22023849804890452,-0.37422970918743337,-0.2097406898641744,
-0.2913150760060877,0.03366482445497355,-0.1546354828080506,-0.018111846544544005,-0.0712630292163648,-0.254920198500053,-0.3136458607311117,-0.123397129317453,-0.14028409956533786,-0.09230226775560019,-0.0148118414871086,-0.17756204302725476,
-0.0455558121762247,-0.3555687027969035,-0.022663881335414953,-0.27473778216979333,-0.349544326488373,0.0143670396606151,-0.18321494348825174,0.0016342701168816699,-0.3373064540111896,-0.2983672120016434,-0.13639349463389835,0.010283575306030019,
-0.030663871980053475,-0.1849603755314571,-0.08553046009703569,-0.12016205194145162,-0.00950675277910135,-0.03629910492144764,-0.03427406901774576,0.0769875499871664,-0.056473531585319967,-0.17353543122150258,-0.06970779481254077,-0.29332340952448405,
-0.2526325533318998,-0.07129610608026282,0.020350821149466455,0.1200377862628968,-0.10663338942012966,-0.057126890973445976,0.03223518107194346,-0.1496391521921826,-0.36910637742740937,0.06152073204629819,-0.34425007149844566,-0.2257236879031917,
0.034417085221228584,-0.013672189663187511,-0.34064207395690227,-0.10358686717662781,-0.22645433969687465,-0.2551040239405991,-0.1971434523048257,-0.18156898604174085,-0.38317761560729724,-0.01210574020926019,-0.11638578563355764,-0.13278369275780452,
-0.04185475583772339,-0.026682354074911298,0.05359530154238391,-0.3015383769921607,-0.292642488792911,-0.20309303947192422,-0.3117582911226484,-0.19954009205957327,-0.35345655517838664,-0.4120683578466791,-0.08621869019523182,-0.09841001908063347,
-0.15889406988877736,-0.012862541254888489,0.018049369303951398,-0.19554700384027182,0.133380703657448,-0.21691257142818218,-0.3068491806343947,-0.22759693459791708,0.03861481544076576,-0.3430604220732976,-0.19406170564148245,-0.16651984836166991,
-0.07154244645021357,-0.21787558099386178,-0.17721929158522495,0.08496780420913493,0.08588785187377432,-0.08961916467627865,-0.1726440171324432,-0.3197478850649003,-0.3161313914735272,-0.3590212435387278,0.07760009302607272,0.033408947776845735,
