# Pesos da Rede Treinada TxH=  0.7 TxOut=0.07
12,10,12
12,10
0.4195104427559596,-0.25042415213670915,0.5308302060893766,-0.5518979977442533,-0.46523999923273057,0.26531151058725133,-0.27083236599937016,-0.24898141264650572,-0.19170751044638315,-0.12695899005418051,
0.34006661306196456,-0.2819997952118899,0.43955116881511425,-0.3971912472440947,-0.4294800150835583,0.3155976271196736,-0.05617402011412005,-0.3217827914267268,-0.5532701177805682,-0.3689530068516744,
0.46943776884459243,-0.5977622331428424,0.5804846354785449,-0.06382717932622253,-0.18931298068186475,0.5164777604546846,-0.4661614044893919,-0.5914156926553125,-0.5138498681171092,-0.3643958179690263,
0.47316862264989207,-0.6101696460545923,0.5842986490699285,-0.47672027068114076,-0.28188524112411056,0.3365784009995464,-0.4914942196508011,-0.30029227987482215,-0.36846014372343827,-0.18247424800427214,
0.3777223746438038,-0.35449288480563024,0.34469468774179024,-0.10036716516529139,-0.5730403877621392,0.5003003091068161,-0.5061015936014206,-0.314177055993101,-0.31674028908252827,-0.30362463134328765,
0.1479794567284997,-0.536444544568291,0.21609927324760347,-0.2782276288293218,-0.5491633807739127,0.3280502186400134,-0.1632869139770516,-0.2554967530122962,-0.3643160441165729,-0.25615633121262965,
0.4414559878646422,-0.17757616830061218,0.26322593521582305,-0.5822174164351152,-0.2805698877501923,0.341931499170387,-0.41330084012501994,-0.49051997856089036,-0.3783944744055302,-0.3564150214185199,
0.1446515539427049,-0.20174702013601084,0.15666836600701967,-0.3710501375484516,-0.30807484868252955,0.46251869122196654,-0.1878642622192027,-0.25601067410078554,-0.2679942701931602,-0.4335211856819534,
0.3899304383100846,-0.6004737597956521,0.2648160887402277,-0.4995356773413572,-0.32513235360384984,0.2106716793517102,-0.4396883017680113,-0.6126155126570898,-0.43540004828805917,-0.4429598500070033,
0.37546568608716296,-0.5161238744929892,0.2955169304111035,-0.30033793219895905,-0.5647484814109142,0.3885192190432054,-0.430495657036428,-0.4572267562701243,-0.6789869422910054,-0.49509914892025353,
0.43958792899342986,-0.5048957796497939,0.4254754446524419,-0.15590934151084013,-0.20591825423486382,0.5755042112522233,-0.36409387719894737,-0.38285969630225597,-0.2777022865422596,-0.5201127001753285,
0.30188558555709283,-0.19041213004551688,0.5256625750880438,-0.25972322735004455,-0.4414844300037575,0.21646081466209685,-0.29067088428076404,-0.5355956229165282,-0.43143643180340413,-0.5591784390565578,
10,12
0.2764928149127686,0.1591084725524834,0.25319232264375513,0.1310107010835628,0.3705611102672847,0.20880985684104045,0.1847252675096031,0.2268974773520045,0.04671494305062743,0.3186233693499651,0.26626529573024244,0.10341790941079904,
-0.04884157123930778,-0.41835061188678047,-0.14097965356456799,-0.14489102831340672,-0.06090905332321315,-0.3344490688052801,-0.2625797795053347,-0.2832990519254954,-0.15459291504726935,-0.2571701269947403,-0.10938548427568784,-0.09525342054859569,
0.3726771132123771,0.13299753248972515,0.3581765271183641,0.3938076781363041,0.17862716231087356,0.4436636483855593,0.37522035669086606,0.14212219880816285,0.4769056724545198,0.27122119683077794,0.3857993103842772,0.40983477673216173,
0.14191783100306968,-0.02116477225632108,-0.024145154096963866,0.014297351907406844,-0.3540029296419377,-0.12694419181638789,-0.1533758081130792,-0.20097623517230986,-0.042121969437058635,0.019848024095205925,-0.2764413721392978,-0.1429777047491498,
-0.3264964684908996,-0.051430059756586835,-0.1817704654578167,0.06769381319729263,-0.21572070098583465,-0.03127573104358957,-0.08067712747559055,-0.270153860749361,-0.2206571916730815,-0.031397569553915365,-0.4472365276122323,-0.29655504403474775,
0.13404371402683785,0.3937877942383641,0.15582857489391513,0.21028612672979935,0.25024440712232787,0.12156182651897628,0.23313690772992174,0.4604646218714277,0.2868992597400988,0.26198219676726237,0.1775047503792665,0.31485580372272726,
-0.19799808858610016,-0.1956944266155613,-0.25550661037030103,-0.11672156744820728,-0.08481795483935643,-0.20010940040480926,0.02560634495649839,-0.19175161454599216,-0.12442391006269993,-0.2766272166384638,0.048369504008251366,0.04671627002023679,
-0.14942664109364107,-0.10486688201851992,0.11541983051155312,-0.3493190884456449,-0.24217581076431052,-0.36513163406326016,-0.3077526463324215,-0.26369725979747716,-0.30422236002456926,-0.21075013447763316,-0.09284949549362737,-0.13356103609684447,
-0.32008965313301474,-0.013609838008849863,-0.3146416132740673,-0.2994416606007876,-0.0803007029750347,-0.13751480243404382,-0.22949938704337555,0.12115149938418268,-0.26643425310648783,-0.3334329082826132,-0.3680850043263331,-0.2364317865077432,
-0.267551289879229,-0.1522948585168522,-0.21779045018940005,-0.1962345278970217,-0.08078521269148987,0.06980505588853562,-0.2069148635226362,-0.12395589146762304,-0.11526931827022616,-0.1865903612712478,-0.01939970840947044,-0.34363058947427993,
