# Pesos da Rede Treinada TxH=  0.5 TxOut=0.01
12,13,12
12,13
0.5099705841215322,0.6954489545365415,0.6162899292392424,-0.835411285331974,-0.9687077981263261,1.1601429502759373,-0.824022107328128,0.4821050618789384,-1.1680860263402038,0.5902115908566081,0.8571074980893226,0.7983626331270313,-0.6037855670661448,
-0.8552846596220838,-1.1701541783201792,-1.2152668882516118,2.9179220081263724,2.6444070062627505,-1.1194923499553204,2.6309359692050185,-0.7829399502402739,2.631210569683033,-1.3903059264362319,-1.2463662494327372,-0.9412237329758045,2.587253501201126,
-0.7111321893147751,-1.1108411371181663,-1.1318727686471968,2.728298998759982,2.777761286228476,-1.27217929155694,2.5972434408851073,-0.8897006740389826,2.8429838968021808,-1.2325281041748752,-1.159688591426656,-0.7477334782570461,2.5056163249613355,
-0.2338179273763931,-0.4615208077630239,-0.1996717732462607,1.0268527849451339,0.8577454169060725,-0.390614251959467,0.9396763519290033,-0.3605686153172883,0.8656945194970462,-0.4479672400594094,-0.5638969589200284,-0.5721028983199185,1.0164734577049788,
0.03586500181720924,-0.17188627414365096,-0.21941782131833756,0.08962940660142407,-0.2574125832417346,0.39861274569949073,0.0990328573227126,-0.2526345031863746,0.10952011465895167,-0.02202375568165434,-0.0834909756336229,-0.20699057934859585,0.3674385072322921,
0.23144667840954147,0.20816574077486064,0.08429713207878474,-0.6127785441259024,-0.7367506287681278,0.09863157422209547,-0.47064150724781667,0.025784273275468825,-0.6587322529406678,0.2872741477853154,0.31004396567996345,-0.009496796593082717,-0.8244708115622121,
0.5667688350478373,0.9183028012301481,0.9765057549181371,-1.9612301918883543,-1.9863072556600943,0.9806576364923636,-2.1807285628609856,0.8612820304858155,-2.2522566779752236,0.959791737915659,1.0886674632580269,0.9030394222267805,-1.9441155838610564,
-0.1483730513293906,-0.04724918906396318,-0.021367106847787375,0.19982680830216193,0.41782853830675765,-0.17065865420049212,0.44538929135605004,-0.15188892039983629,0.13196752041509785,-0.2913003003303958,-0.2565700223767604,-0.24129484202273327,0.1773367336975084,
0.29081323506300055,0.5569025239101226,0.6627190711746811,-1.635255504488215,-1.9325975437254699,0.657739144810403,-1.7308618583506177,0.463666315517239,-1.865475231709679,0.8656495222799014,0.6549493123308171,0.39040963774172166,-1.470373830344225,
0.6325298913741274,0.798597272342021,0.8430190266913726,-1.8583869488271159,-1.5635640711093544,0.8081188821490627,-1.5565993402090947,0.5100944060933316,-1.6113232429714937,0.7242030037748585,0.7530530847669874,0.5491917619050726,-1.5301565331085487,
0.5980730126309397,0.42960008507357733,0.40397211731262317,-1.535208628879376,-1.4133722462243348,0.5290568572222774,-1.6081833141261743,0.7270021265326586,-1.3672906892356393,0.602943015126192,0.8563364189890065,0.6576639065975705,-1.3364360725504507,
0.380378521994011,0.5048201614698901,0.30685732135782257,-1.3428921518048287,-1.0291482675168087,0.4477999602084002,-0.9363348633620378,0.4179574497520012,-1.035154675186407,0.30456790361262925,0.43652170246502925,0.4721680680093999,-1.3101730899576027,
13,12
0.03537491890817214,0.061559403509873496,0.16432423799256557,0.12007973237262713,0.11456893535721542,-0.012673939956709823,0.19599689759267797,0.35214234802021194,0.2435055080717735,0.14303187676436008,0.029317792642044285,0.024536668718637415,
0.23677946975615158,-0.07218884311883872,-0.040478429608601055,0.15990162928767038,0.3391417151910817,0.1713272562447886,0.18155715664672986,0.05411134000612347,0.14741850737122233,0.27362756594608484,0.15540229798845742,0.0076893997755575795,
0.045972832633863515,0.13383779479077879,0.14024309036695187,0.2271984133432677,-0.01179170312340236,0.06816568979585255,0.09282701922040097,0.1399384757268299,0.23236697518997518,0.0032808176936440225,0.26953230517153093,0.2805604459705152,
-0.3872454502900896,-0.30872660993157963,-0.16430906089016276,-0.1635491553101996,-0.31229046419580675,-0.4160978881474522,-0.3460500114633981,-0.5294636744973732,-0.23232556227676565,-0.24058885283292497,-0.14221350632544924,-0.24420734166528565,
-0.3854050913769745,-0.32265319422562394,-0.17715003385266648,-0.303310793769628,-0.4888732232092891,-0.423789446362055,-0.17230654389435004,-0.1975665825351856,-0.10806360927414128,-0.2090740561950588,-0.4524458010181309,-0.4589159131758139,
0.17571127035036901,0.27586066742210946,0.1975901842341387,0.3138618340731603,0.32603107159921463,0.353724868723978,0.12014518332959023,0.1480834431632017,-0.03633566974624536,-0.0583537812817322,0.15133687600515505,0.20824096375625223,
-0.06419161823741623,-0.23369101032514206,-0.1284903587028809,-0.11892573814763047,-0.25537040747141626,-0.24456132248289217,-0.35989804343134213,-0.22045640323439822,-0.471167106140083,-0.27503814909066343,-0.4164550177650918,-0.5669763225552148,
0.2819493574533249,0.1382068282740308,-0.01801410180449226,-0.04199447459310285,0.1548102633240177,0.19463541365202655,0.0996053378239086,0.12355168419362964,0.05856864079534917,0.2112062228208803,-0.008028542304065028,0.25125280721570836,
-0.26600372970037883,-0.19534615907844302,-0.5420180112507291,-0.5904600198868213,-0.28355209586175967,-0.019008174914984088,-0.2681497233005449,-0.41407330317973895,-0.44533454111389975,-0.5120020598965771,-0.03268314746225742,-0.08722018373466839,
0.10575761204582729,0.1298690661060266,0.1136058087301018,-0.1625279145697197,0.17676129590920914,0.007119199502218234,0.16028842734714108,0.26282553646722506,0.2107087195824473,0.32544516204795176,0.1148601486116529,0.20008371024228383,
0.1830759343163586,0.3207696741261847,0.3002758474922394,0.14167042567052965,0.04091762174695879,0.08236539038623535,0.08228731017607255,-0.11310759208045638,0.18181914263104676,0.2822012831217082,0.2135339164898418,0.21070136445494655,
0.025350692206554826,-0.05761145174120161,0.19635481267501417,0.2286530321080415,-0.05406147590857412,0.2127722113663767,0.23022641731514376,0.2379826960541093,0.1643367295091161,0.06769933668671475,0.2783685306976122,-0.002515227946453542,
-0.31272419466694307,-0.13948628472980792,-0.3357134312831812,-0.10946408778999428,-0.05866087901285177,-0.24799676685594632,-0.32854410783924737,-0.18191228060454484,-0.27303308337101845,-0.3655188593112149,-0.4786483472095621,-0.12016164044995585,
