# Pesos da Rede Treinada TxH=  0.30000000000000004 TxOut=0.05
12,28,12
12,28
-0.44404234470882387,-0.35188384208357104,-0.24464472870352094,-0.24726353838081788,-0.37828614951660744,-0.22027389657683014,-0.17353567377189988,-0.508838983568602,-0.19298812839769264,-0.3817656064128414,-0.45008003874946506,-0.3564526048278308,-0.3654709120047599,-0.39771936220747783,-0.10261913961632425,0.23127461649309558,-0.46225484150978446,-0.34379313503618164,-0.2108859129903808,-0.4333017831651389,-0.30554771286405913,-0.23913404153112505,-0.6296169658855676,-0.49267346242397136,-0.3576696712342239,0.41591306202005557,-0.19532876656983947,-0.4164346150209589,
0.1970929411615189,0.5307761276514523,0.25739966836354194,0.5934554729775811,0.5503432104367374,0.14172802110141325,0.5048066848239525,0.5266793929309518,0.32931368565680197,0.1942400767967917,0.19610232788391502,0.3176114442883908,0.09179752935242474,0.39767873232643147,0.504861889144919,-2.015330991173636,0.6775288287072867,-0.07126650043274871,0.838752053557991,-0.6994781493541576,-0.6063118671669714,0.1994710397385868,-1.5246449771689239,0.261442403155034,0.12912332238498633,-1.9815407285130413,0.35720232967708354,0.19288103460591144,
0.2826481109630997,0.3760709114103312,0.14332746085234227,0.29235095303335,0.43766153458193746,0.3449332091126662,0.3857133006245447,0.24867519745571864,0.25520178065961885,0.24189366137384793,0.5688570082948574,0.48245352721522883,0.3476667656352984,0.5396299588394478,0.6542276597278416,-2.0276806064892767,0.36756422724651605,-0.08629248751482191,0.5404011384650933,-1.026385798247254,-0.7904257732671371,0.11942158872985242,-1.3752190579715253,0.23717132080403297,0.22004445749773732,-1.7271743209057187,0.7923055612153029,0.34335738383784953,
0.04205249287546701,0.36735270473292125,-0.013228540904873697,0.2082131736583824,0.2019037720729233,-0.041952604782430195,0.0921299012762122,0.016205355680554843,0.09846404511032042,0.1960934174761245,0.25726249871099627,0.021968780420914734,0.03305438654411404,0.04954696608252048,0.3284257493383811,-1.3073961069520712,0.05884026822812152,-0.287985071283728,0.3814758425712551,-1.0261395318422926,-0.7910104998522309,-0.1560145232636374,-1.3407911300393494,0.33790526056006237,0.28856554218197217,-1.1325188157723811,0.28450490807327283,0.0011124765203418712,
-0.2542920189427381,0.22775306972492845,-0.07359641575351229,-0.062259131764656424,-0.2478603669224627,0.03357399969808202,-0.19288173148136153,0.20626083159059064,-0.0022018555783769648,0.16669085387026902,-0.19489999336703528,-0.16576173292383428,-0.04600170923395742,0.14636869681710687,0.11001639283582301,-1.076105069385772,0.24049882989154356,-0.026270774788812935,0.04559678627926168,-0.5128804743566159,-0.8456088927885173,-0.18779102856921323,-0.8944609345960645,-0.044836398363118396,-0.12765755519344751,-0.9781292926694667,-0.1526915092311958,0.006822670457047756,
-0.1970254947067604,-0.5324459523083783,-0.307504678001704,-0.22574976193205462,-0.2311994895247048,-0.26485467267216006,-0.38592483958332763,-0.2651172091985412,-0.28465488649480086,-0.21630046590534427,-0.410614897090563,-0.501145170195939,-0.5052976569385658,-0.422215708231817,-0.5191036520080252,0.8486400352227026,-0.23509167269092643,-0.20651822516871976,-0.45795045734051104,-0.3182102458691011,-0.6950238276327358,-0.3354114571574117,-0.479956375324349,-0.2837197515818058,-0.18492470569865901,0.3656392666307809,-0.2814480791729619,-0.195906458017919,
-0.47432881304553,-0.663386691592993,-0.692705390327993,-0.453300630558796,-0.43437312049852583,-0.5283210118153798,-0.6935407536659367,-0.7496889345724888,-0.5132621748251047,-0.6493862120635079,-0.37459801037214163,-0.3663250425998533,-0.7333463713829391,-0.7204789726379721,-0.7838435645219113,1.5210566299912232,-0.6091580358102647,-0.658836853964593,-0.432148375659964,-0.6666453267268397,-0.36243587338956734,-0.6908734198111632,-0.07710753680155301,-0.6635966095169809,-0.6853872191048868,0.9821842967564572,-0.5170022650952101,-0.23569128588943314,
-0.11817376489879271,-0.16459375224106867,-0.3367706181296484,-0.2770170607214278,-0.22420847077374934,-0.439870996117529,-0.26168099331303857,-0.3569980080544413,-0.2691693599163292,-0.2859164044140639,-0.2646476291418723,-0.22507227252704623,-0.14958030819673745,-0.29605030008454236,-0.19619541521779418,0.37164016262311844,-0.3428635191289616,-0.11794533660442683,-0.3460761761720593,-0.6310499894521652,-0.7383392215558261,-0.4333182667399439,-0.5613480142220909,-0.06576875760470974,-0.09687038684435328,0.32392135555092494,-0.1661739892438434,-0.34891669477849846,
-0.36256871839678,-0.8087075355111368,-0.4909784316253012,-0.5674280583089609,-0.4232340167952215,-0.38283520821179756,-0.4889445579247353,-0.373851157150596,-0.5966546702401836,-0.6847641927393235,-0.5884394405042181,-0.6293620932331543,-0.32989991638979005,-0.822629462992616,-0.8670741795038606,1.8103948811847104,-0.4800142395603722,-0.3055793875743779,-0.6816986390560896,-0.9003519563556172,-0.836730397461255,-0.4408535981295402,-0.2048200888411063,-0.31455551493513173,-0.5573760974732902,1.516042548087022,-0.6576557098521275,-0.3931635301896076,
-0.6335338573951008,-0.6123514325975049,-0.6482595306507626,-0.7253842998897223,-0.6648305402235823,-0.6335255587987493,-0.5967068705862465,-0.5296417785085322,-0.8558533035129695,-0.5870557739422225,-0.5184613583983774,-0.7560955510766368,-0.6789701769933413,-0.5754723385779601,-0.600859395021877,1.521923599968385,-0.6304670520741404,-0.4748536298290584,-0.8896121128807518,-0.7334325583893133,-0.682451067023679,-0.5347490784631931,-0.24630345781450044,-0.4831381668285468,-0.5805972612137239,1.4067597578369175,-0.8414458133110452,-0.7303239476663704,
-0.5724978445390457,-0.6496544338577798,-0.4207383795562275,-0.7268142261810359,-0.6908496922267863,-0.41469660609638126,-0.5927651395533875,-0.5862929873970175,-0.4634896838652908,-0.7251850387044604,-0.5708366157249892,-0.40212372315841616,-0.46126252618970925,-0.5296002682058086,-0.6936217991948729,1.7707422191791415,-0.7598530473544806,-0.44504070242094973,-0.7069709265912468,-0.37071155992285426,-0.6184419401567955,-0.4007352088936242,-0.019402022139979467,-0.7285152946509071,-0.6273699499539178,1.0598443182614465,-0.7890232058530857,-0.6960836346083754,
-0.5092799247949354,-0.4676025119000877,-0.2671293405902632,-0.5410325147363908,-0.7245272228198716,-0.6804274964586126,-0.44614204319994993,-0.4623774352931374,-0.42492168174645256,-0.26055737084404534,-0.5244008600285729,-0.4163737465684612,-0.31867603725077165,-0.2478765486491284,-0.5086413923930674,0.9001519538391314,-0.6307036202490314,-0.6199840376934839,-0.6719114644620158,-0.6861611046688304,-0.7608219174662237,-0.2490189836538641,-0.7165701524847475,-0.6400656451019604,-0.37945037543572674,0.9746573621209846,-0.562861154068714,-0.5640439548830753,
28,12
-0.17727663780054173,0.01253500465239911,-0.1278370808232546,0.010161245314252424,-0.2857336022299494,0.02997001856895051,0.13459982342127533,-0.28774542695856276,-0.16751699680509186,-0.020347635957265846,0.13145008935174793,-0.09197935964055665,
-0.16532651746170013,-0.02706452743161705,0.08197821393573577,0.1597842536194836,-0.19568511932900937,0.05001211475335539,-0.03449609252311499,-0.0653407422884838,-0.3442717376531337,-0.09817807178818244,-0.07380081418608517,-0.26673441667572434,
-0.283773565685629,0.07317080264098909,-0.17044817444556531,0.17607000070610476,0.01687635794196095,-0.09699853725077767,0.10209845239188194,-0.21433609260391465,-0.02170593340422526,-0.11455069067844977,0.12348977243417822,-0.29616331359415604,
-0.09425397293420379,-0.26775923290837167,-0.19965130930093625,0.0033614908123886546,-0.30079423710499453,0.107777425438264,0.09587059605267306,0.0849989443602227,0.04882013987464081,0.07585448182009416,-0.3308423086459722,-0.29248590073907477,
0.17650903195291948,-0.1265881775973043,-0.2562165843779992,0.256393279963754,0.03307389683395989,-0.23867243371875424,-0.21727117190980813,-0.030903742652231836,-0.11768400291243766,0.10446729060215576,-0.26365719919083186,-0.22901165719013025,
0.015130633141877868,-0.07100640408742578,-0.1090334806936644,-0.09407303495632137,0.02081766910142555,-0.2640739056066596,-0.07281960661406213,0.08138100587829593,0.02712169794149987,-0.06304764060342574,-0.12237828480679568,-0.10819872229449984,
-0.19279879530301555,-0.27581718471779654,0.016480566798181644,-0.21647643946436917,0.1234513005299584,-0.2467828193596529,0.1671068013926484,-0.15057683876895483,0.019174777687130804,-0.15997968916667998,-0.13889879475993044,0.019563377858323946,
-0.3027781107779737,-0.052702622170938004,-0.20744249306686968,-0.08033574730781222,0.007054501985697974,-0.20592276255318223,-0.2644685262649541,-0.2739049958755357,-0.021486353458936576,0.10417964667763056,0.09189235355183586,0.1431538768835215,
-0.03367779773038191,0.1932854450039182,-0.06201911958522465,-0.15625270236989747,0.17549990151770403,-0.04859985401683587,-0.10640074533578966,-0.2150454376704934,-0.09432939571153295,0.020272046484978445,-0.23116038135715739,-0.18070861801558452,
0.21150860557555837,-0.15103529487613646,0.15813205900322322,-0.0024611256618245992,-0.1464144824754327,-0.056552380082542805,-0.07578800849945101,-0.16467468691932377,-0.07389256619475408,-0.2607968201308346,-0.24803354391219506,-0.012090894568062968,
-0.2251616002740741,-0.212252166413316,-0.13051279136797286,-0.19088347612794201,-0.2988131064891152,0.1185094793927702,0.04618949316859831,-0.07779599194615806,0.007380678506682052,-0.11676626868099599,0.06561688032592428,-0.07852052678154997,
0.12687772239152673,0.08497697587008306,0.1846183973891592,-0.11920366103532447,0.059525962350592695,-0.09259685539140831,-0.20153144863870595,-0.05102984905934348,-0.17296556353365936,0.07860084868125732,-0.2653725923806805,-0.2813384263178405,
-0.09527538234565691,0.12651262416639686,-0.056166871564800214,-0.20301410765965403,-0.14104829780402275,-0.2227203923032871,-0.19656523858782662,0.122000944407867,-0.20006942627225066,-0.12409048203782182,0.10849783342142315,0.06540948170202178,
0.027363018623125884,-0.2779384806399881,0.14769061896609295,-0.12023979772919513,-0.11334067712119558,0.12429514258743983,-0.32377423088999074,0.06249964543238918,-0.3155164444699216,-0.2292572879372534,0.028600545571927753,0.012478222861183887,
-0.09416281813793166,-0.23948031150752894,-0.15104893152488877,-0.0434824046980048,0.11268738707654549,0.012890925176843489,-0.22684220932915375,-0.03862039032982983,-0.30135755818044646,-0.11818166322319472,-0.1669916384509397,0.08555403386502822,
0.5604477841469679,0.5007542713355687,0.7080727989525643,0.5241934045202921,0.6355465609431663,0.5727927642836519,0.6324915102761374,0.6598688751552908,0.6852545365716417,0.6709144034632932,0.6169299613619009,0.6185237944082094,
0.22003935202766406,0.18805548154331472,0.013145720503476892,-0.020770230677520513,-0.11562088315997393,0.008959164447865705,-0.02977089439284156,-0.1775025744111406,-0.10999113880506746,-0.2211587321066431,-0.2922777942418433,-0.309763524091714,
-0.07780038157532816,-0.22312510069057295,0.1135822478671478,0.09539921674677371,0.024861619385926056,-0.1964647079753141,-0.2749053561112279,0.02056431424227317,0.1345302329860922,-0.08412215244694772,0.24068161039014369,-0.12173948488962263,
0.004753643567201161,0.14020229938062453,-0.14931469272990597,-0.087029192167879,-0.2780580164797846,-0.24882516256140405,-0.06646465909220342,-0.24763061994151075,0.04282098492627324,-0.180712516309448,-0.21763041775800254,0.012700919899619367,
0.38727509295334206,0.14651922269385828,0.2686021690956835,0.14094764077146255,0.29054653696220323,0.4630739042761766,0.4956458325600877,0.4412249734745145,0.5317423760883561,0.5708396464521667,0.26445764996940807,0.4523087353500622,
0.172132005611472,0.2885850327828488,0.11353919615734683,0.26532348879810913,0.25160892317239036,0.34093592146683743,0.3282576691212144,0.19153907536260098,0.5297537721221967,0.5358720174038734,0.4438858652641892,0.3419803748745391,
-0.1594606995770345,0.13251757516603066,0.11911128125286978,-0.2830898579291803,0.023499771284055317,-0.27319337811971284,-0.07237590989242798,0.1568933682025208,-0.1627335992022149,-0.22830879656207914,0.06045439156805342,0.14598817941190212,
0.31015783800977,0.05506054838891263,0.22341724051105932,0.03744802199553309,0.09088682215853044,0.3581231532670207,0.3368641329611157,0.47374149437659224,0.3285990565399829,0.4079638961863199,0.4111214203703521,0.33797447605758996,
-0.24119124007111795,-0.31702440019865674,-0.09583018283494255,-0.1338660060566561,0.10451903020916459,0.03907370634752909,0.09369373246373017,-0.26955636525435456,0.13151537354489853,-0.16788379555985045,-0.18326822170870444,0.07216375846425155,
0.022410529497275008,0.11267635058813451,-0.1879415620846364,-0.24804588434089847,-0.10565752966838884,-0.10849825884811552,0.008471536784712439,-0.179186165592503,0.07923173945177757,0.13401111664965637,-0.18342010844091597,-0.2049727245922092,
0.4552951337781978,0.37424156329356206,0.25103924448844256,0.4020266358280305,0.3736800467566203,0.4485152697838,0.4165966253359348,0.44437446179417783,0.42520832657060187,0.4935661001543849,0.5156700879042261,0.48005054882541554,
-0.19248552947538033,-0.09613663786814515,-0.20333425506324712,-0.08836299660564079,-0.20463199599852458,-0.019647752981888998,-0.1206586245090558,0.02939173472697509,-0.18687999573416672,-0.25114864995573133,0.06591036966538918,0.029581882033824215,
-0.14036206299544024,-0.009994944754748627,-0.1652452717446551,0.06361422701039092,-0.02525630418247073,0.05135351283248956,-0.19548194206559,0.046072972459422816,-0.1820350134252047,-0.20088976710774675,-0.06433875797500602,0.06251255287778472,
