# Pesos da Rede Treinada TxH=  0.9999999999999999 TxOut=0.07
12,27,12
12,27
-0.06595909667675945,-0.4035526949307389,-0.52355620591474,-0.7429534107932163,-0.376876218734359,-0.5506813455300956,-0.5465822782253825,-0.5226313755074677,-0.4727371265449157,-0.5297888603462821,-0.32128078889037004,-0.48193959808426917,-0.7184069434361509,0.188949015811387,-0.657338539513868,-0.2666077138407098,-0.586386569487845,-0.20965814360920906,-0.33436864535925,2.6109130694618887,-0.4694608794550119,-0.4259690704951014,-0.28791034937642485,-0.3857382157207853,-0.4122694057874598,-0.2176742066153118,-0.1047020032775015,
0.05279941723050076,0.5073243032611187,0.3387508473270622,0.2707821738346067,0.38166888448399255,0.5465152593012401,0.3189016022981799,0.3420980465467995,0.5189641723427632,0.22314577610951,0.5015009957171708,0.6408428441784696,-0.031349565296447994,-0.036434985466598506,0.26522433611986873,0.2560464854379239,0.2771869889256652,0.23152363974036091,0.5032248253615544,1.5445853799326945,0.19606191265286352,-0.03129072207859228,0.5087165662432434,-0.1486585253787138,-0.0514696231899517,0.4769802780589058,-0.38126301282220804,
0.5196537843684883,0.5252549504155778,0.3665625818297561,-0.001459276476922893,0.10355639992685316,0.2659059678992002,0.5171894765861496,0.42777942495600446,0.36888306035472795,-0.035151277166790576,0.48322971833327716,0.43600335896701836,0.25854851336218027,-0.235022777030549,0.19854659000513883,0.4521825376298105,0.4131584139561711,0.30450614000310366,0.1914727473415381,1.7918580200002265,0.25200370133648814,0.2150938369724086,0.7000788197837079,0.2511739064552645,0.36653964687576457,0.4360486773734373,-0.16396525893099287,
-0.09005108756186228,-0.09160046618043341,0.13724937048852603,-0.3694957816482797,-0.07363650594569313,0.1555050094624496,-0.11552357024995213,-0.15681329959347676,0.29492934006045063,-0.4374448766246665,0.19819903884316117,0.3326411055084112,-0.484095294054762,0.11962545262347546,-0.09279089269924029,-0.282839515081884,0.2518694234946195,0.009479837630481134,0.043665255864826585,2.3660142874626886,-0.15990060738244183,-0.36163733979244733,-0.08189550008249842,-0.17193476633263252,-0.21475797009061237,-0.06531906576506191,-0.005382897776196112,
0.12718874501485866,0.07009282970976397,-0.2518567859466847,-0.4690127997939678,-0.014705732960683074,0.14416316968266948,-0.38938648901101347,-0.28180845990963865,-0.23474003362474968,-0.21135552916352368,-0.3287342165129431,0.20654435247441644,-0.17678222638306915,0.19458403214381464,-0.582213703477509,-0.2613673647860899,-0.3845472135744039,-0.3139378940978814,-0.2866995668143424,2.3142001907015777,-0.14694097521132518,-0.056201295098039804,-0.3064958100718917,-0.4328824080345219,-0.345468955547077,0.10761767263944731,-0.11636190791789267,
-0.510659381142941,-0.6670405510463596,-0.48027175204866934,-0.4473268221995543,-0.4876734787784975,-0.6071469667497292,-0.46482696888862046,-0.43915782435058126,-0.30357084461223033,-0.8279450896887416,-0.5936304821135745,-0.28636941039564995,-0.4048689726492278,-0.48747812056493584,-0.36499127792591657,-0.7190170466283013,-0.4262824753621443,-0.47030414978618007,-0.5195832486523977,2.4820341394262835,-0.6942712756502093,-0.6083003490666419,-0.5065237200559685,-0.37696497530977435,-0.28949106146953907,-0.7338237545268418,-0.3884365338703738,
-0.9024882768503965,-0.8074374118259833,-0.6246281329508668,-1.0353475923519166,-0.6278189022212589,-0.8220138291627853,-0.8924644128096576,-0.8032469121259445,-0.8877387719155083,-0.6317307464077885,-0.8420111457759365,-0.9917047316925545,-0.6457183139104588,-0.5093869897421175,-0.6205694779930846,-0.9859413259599068,-1.026168801601123,-0.8375796260095643,-0.9513668912618072,2.5645811478826945,-0.9838673266929759,-0.4982783576538453,-0.8794276209519936,-0.7320092089086925,-0.49145568203356726,-0.6848491593465376,-0.18844969265280312,
-0.38273187242727347,-0.35788658691123637,-0.47488338747150205,-0.6545832585120748,-0.6518235414623804,-0.5416304414168034,-0.4848528763907943,-0.35077646313200606,-0.482039023664351,-0.14462837622435337,-0.27341806418074577,-0.541275817132686,-0.3926433961742045,-0.8452017420565009,-0.23911030082315418,-0.23320649338676827,-0.184239486985388,-0.4201630064209513,-0.4104380289017689,1.6953675938523962,-0.2999940267473929,-0.44696631217606114,-0.37978397696628086,-0.2795519902445977,-0.3036942639848364,-0.25210866879849037,-0.8324500288179792,
-0.737373513161243,-0.9828613324601304,-0.7332488447114369,-0.7678953864754083,-1.078633125242336,-0.8319645824289371,-0.4687657894174815,-0.8138244031713748,-0.8848175248786041,-0.7410281721933787,-0.7719763632751397,-0.8694618677723795,-0.31994149336638794,-0.7540139016841665,-0.4980795410298457,-0.40938283992785296,-0.7431246923966818,-0.3685004866541564,-0.8408155418564653,2.2710824589714678,-0.6909368938486316,-0.4997546344091941,-0.9134300333984484,-0.8820207030949295,-0.9101176564438513,-0.8988259640812447,-0.7535341290746439,
-0.9875565313577895,-0.6460137038734022,-0.4927277425354083,-0.6294775651007766,-0.900053910207322,-0.7009093784711081,-0.44019835958218523,-0.5645181906629698,-0.7714527999687223,-0.49203481913744845,-0.7390560387140949,-0.8814194494230372,-0.6672743233896388,-1.0413472052321064,-0.617095753843679,-0.49725217914219033,-0.7323104129851004,-0.7688072646024063,-0.6781968347514615,2.337291156737419,-0.4955884648808144,-0.5432308044193568,-0.6823179360640186,-0.5729084437162757,-0.5721334125487679,-0.8297743867172814,-0.5076094602297919,
-0.7929526684856143,-0.8236464092167768,-0.7128220211507929,-0.6368975612501293,-0.7930128624668056,-0.5324756805415269,-0.763309804852419,-0.5606117912949237,-0.6730476868333394,-0.5646723962983604,-0.7794081843175245,-0.9140663342379307,-0.5798018730395422,-0.4988950166298075,-0.6640727765316741,-0.8124332034400248,-0.6023885455744235,-0.681821139080102,-0.6013739695889694,2.0660869319405557,-0.4501808680990693,-0.684364409337585,-0.7618489550178621,-0.7679506154638454,-0.6538885729613368,-0.8847286621469439,-0.42470925445071833,
-0.768145911653322,-0.5531622167332326,-0.744139266999575,-0.6561827376112538,-0.7643276014647566,-0.8181924016651786,-0.7856971720567513,-0.4540130516356258,-0.7491075894913647,-0.4763603470374455,-0.7283256990488947,-0.7502205990313867,-0.5121938297748923,-0.4985748492520192,-0.6579957587970419,-0.6689283498361583,-0.6310553869623315,-0.6345600032098941,-0.3665807634856413,2.1713532346354008,-0.4825758756393986,-0.37900393284539713,-0.5477493981517518,-0.7589290031701803,-0.4888823321796954,-0.5434672108731102,-0.5694439727183254,
27,12
0.05346580149963285,-0.0024051235450973374,-0.025838406779961846,-0.19486775360459302,-0.10852401069815591,-0.23964191496426157,-0.027797867794024128,-0.1410334790451219,0.013251474292234468,-0.2408123977091125,-0.2167856306489223,-0.04134661473152449,
-0.17342341975664327,-0.16098215451612513,-0.18840257579344702,-0.138617939164414,0.12202900120563473,-0.02018500656009496,0.010809531558581812,-0.055256255617307445,-0.23814803976344429,-0.0030412230175271273,-0.278743431241965,-0.26352670929027944,
0.20345699267763465,0.05029311173766542,-0.12841342909078224,-0.01626359228233464,-0.09552712248985669,-0.14723836812387034,-0.09862212804010029,-0.1909246219942179,-0.13821700450553936,-0.03820029847252386,-0.19279435877231316,-0.13086259689715135,
-0.19265929337072416,-0.06818262539091335,0.0864736321488789,-0.16782583339671342,0.013088338324068692,-0.06550003680257617,-0.2085379918315189,0.012677933039207698,-0.1337476658841011,-0.14965742366776394,-0.04748219692315607,0.0755883357465039,
-0.1613194874712816,-0.07190288771714495,-0.025621063214440652,0.06870152642977721,-0.13496258184361928,-0.1262537358221829,-0.14576256036972998,0.019857427763289862,-0.11786973790262259,-0.2360153324459178,-0.04231835887529865,0.037291691027773084,
-0.10180033052609887,0.023208848753198508,0.063249033808866,-0.05154201323129154,-0.13039347396322426,-0.06761160106408838,-0.026752893196953124,-0.06524265595145608,-0.1626678969216389,-0.21493652249964396,0.012525318610537932,-0.20627432109536614,
-0.24840450855673277,0.0371946179269605,-0.0743811416102617,-0.08452732956439134,0.08761149825707035,-0.08609250834013014,-0.14782017626202004,-0.07803602394633719,-0.2495187587239377,-0.07457632684775949,0.050761871245523664,-0.0647352714123366,
-0.07609590131762516,-0.20359277940248752,0.11499430829885944,-0.03278546130763203,-0.05110315142543702,-0.06125723007769562,0.03391633052076046,-0.13261793757117596,-0.06938953901509913,-0.20530785744349236,-0.11201832837373403,-0.16111238491369598,
0.028951842363449286,0.14793527159255512,-0.25396935481570904,-0.14056626381007506,-0.18279802123880143,-8.191243382769347E-4,-0.271441248032846,-0.01714676466562984,-0.08214419205711579,-0.14309794427643724,-0.10617700967825269,-0.1784029112566683,
-0.06617893423001489,-0.0386618506738466,0.04115957839730328,-0.15424986905688345,-0.26627531192995185,-0.09962085821379876,-0.006276053118649015,-0.07523601376852784,-0.10341004458221391,0.017847435235910432,-0.008829453331477291,-0.2109327963569249,
-0.06418407168612414,-0.007951954435609417,0.04405196221743692,-0.1973919121348559,-0.24950382529534346,0.04902648432222601,-0.05285963789833006,-0.3478724039874712,0.0664674717956946,-0.0790767984954875,-0.31401161489154505,-0.10280229563831503,
-0.1226762304310621,-0.08518882614038893,-0.04822383623021118,-0.1733422987891636,0.024140463803465708,-0.016882695963261366,-0.05073014068028092,-0.10973439446695311,-0.2854756898474189,0.01154644409023162,-0.31685798889321903,-0.21016491577366603,
-0.14614564787885745,-0.1992981426304638,-0.0918449975554364,-0.07984158606504187,-0.09167487989160747,-0.13040133153921699,-0.06332541585567236,-0.09868033970295748,0.09417766230622146,-0.133674104270337,0.06465549883749154,-0.03011785258500811,
-0.003525196155256374,-0.09295250243085675,-0.3163110513771842,-0.11998992902528514,-0.1414925704568939,-0.06049098159672068,-0.3545202698378434,-0.17264425274829914,-0.0380705748220884,0.11775115660480227,-0.023512844628313642,-0.001683614965820549,
-0.12124180883189432,-0.22303814550586348,-0.01690701251132637,0.05258808619447705,-0.1532197798993199,0.020317849033677178,-0.1916207449717495,-0.21799080001096044,-0.11163175612096485,0.04165453060322801,0.008980580742348528,-0.015164404778604727,
0.09653873627897509,-0.13605321186935615,-0.16106903593769412,-0.037079413214091375,-0.25664227636757947,-0.24183318272398882,-0.024190458333082403,-0.14302929571896364,-0.056768547479182474,-0.03243452899487664,-0.16842673623716517,0.0031676571637777925,
0.01371515167884942,-0.05995166443291804,-0.22363376559187984,-0.21299927782922085,-0.037623506005935226,0.012617604814369066,-0.00384316723001764,-0.1280576977267415,-0.22574865138286834,-0.2206940017660531,-0.06821466531481193,-0.07537856150160634,
-0.10346987251523285,-6.33550677307999E-4,-0.18162456564619514,0.047653987751758185,0.037388415208095896,-0.21924517066385935,-0.16301465643529056,-0.022116384973686048,0.03650452960086398,-0.12174957430009793,-0.13674848791914546,-0.1625676996839474,
-0.09163160651993021,-0.04917225939899711,-0.15751958804306768,-0.00514884232928362,-0.14821912358849132,-0.05709953750534833,-0.1352588982169926,-0.017909755827975708,-0.12763212949098007,-0.1204378763833374,-0.18134023951492276,-0.05598261188232592,
0.7540513747027751,0.6968416830923511,0.8313627592899648,0.7794799884226764,0.7945988146444672,0.7597828129086471,0.7666790223915162,0.8508438463890006,0.8100492153338057,0.8360293401808311,0.9064703262114759,0.885671552300997,
-0.1722934967248675,-0.024408863433891967,-0.1354182753865466,-0.18481239061251714,-0.10860418982526063,-0.09313331326934199,0.029592681577157567,0.035602571377095,-0.20924663353922138,-0.06990764454160046,0.05653799702256071,-0.2711981234577436,
-0.035171474540685185,-0.10153715698962847,-0.054889873441489274,-0.10275260429273696,0.015760869490236223,0.024559745286489725,-0.18596790194319862,-0.18515315533867993,0.021064004921559677,-0.09242758635351876,-0.09807971647915767,-0.09738298139573037,
-0.033965564421598995,0.01778334746521406,-0.11512885905939281,-0.1450450176216331,-0.003771677411257308,-0.09846108994854393,-0.005580867611764172,0.05297453567777278,-0.2005093930289238,-0.27412245775228106,-0.20731153492138998,-0.121354685718439,
-0.17197474076085356,-0.14576512785374585,-0.03487872966330677,-0.009894404311234136,-0.08820906461370344,-0.16118529478550922,-0.08352151266035394,-0.0755300880686494,-0.1424834789872426,-0.06360089653982705,0.04016200731192777,0.01756403300404943,
-0.17712240971309995,-0.2953869960116248,-0.23230472106450828,-0.07028310261066467,-0.05557141686922868,-0.1066536785134077,-0.07300231011840891,-0.04286425317755102,0.00509234573386517,-0.023053403576076017,-0.06540729791976134,-0.19127661342070112,
-0.2742526290871453,-0.16504459719578488,-0.0859356859599718,0.07077098197473937,-0.032304741186093465,-0.14606284883719498,0.009194286376925674,-0.17152993352886126,-0.021962101946518525,-0.17031231061360233,-0.3257946029399301,0.07531947067000745,
-0.19735738519972384,-0.19656621127010276,-0.13675191156063582,-0.1792187575878892,-0.22282267423809607,-0.05785315483134307,-0.027459566530915958,-0.07291377145990312,0.06146235913938664,0.0398285276704835,-0.001715071122644141,-0.1083262127146194,
