# Pesos da Rede Treinada TxH=  0.1 TxOut=0.01
12,19,12
12,19
0.2628588846230258,0.25114650718598247,0.17931996887047869,-0.32628262524725293,-0.0388147026596135,0.22495082180611248,-0.3295740742870341,-0.029341169338788716,0.10858854579288114,-0.039057457394318505,-0.19578280670241704,-0.354431445713862,-0.2276054760716434,-0.12841376753895759,0.2598229990392615,0.24332818908322246,-0.2662186241154734,-0.26968591259105784,0.05313125441510982,
0.11512080010522877,-0.15087349633862318,-0.28713458499070693,-0.1552074525492361,-0.002366909136682177,-0.10587213974568846,0.0773055884258693,0.12777632404474806,-0.12297237467571938,-0.12515710602150695,-0.09794502136270525,0.061029247411529465,-0.05438069632900318,-0.012156725064913283,-0.0963324063764478,0.1442702802337024,-0.21373888125000265,0.054884781982585944,-0.046430324905387704,
-0.10929616924425825,0.11520023675619138,-0.04555033520206349,-0.06061435900158503,0.10038733533361313,0.3303110328379678,0.11628669121252586,-0.22399869430477176,0.24838293508094025,-0.23393428952022918,-0.19109461883121875,-0.24965547216780912,-0.2604293610170474,0.06641397985944404,0.0026055756504883513,-0.050117023612574925,-0.06111633803933311,-0.21856986541523774,-0.03829125285985049,
-0.11558536550571887,0.11191073290914619,-0.028640696210740335,-0.06584905827561577,0.018182144953708734,-0.06728244453821132,-0.02567496828232515,0.06806848192568134,0.12577583013492968,0.07004610673746926,-0.1782981228790626,0.02979532164988362,0.16771070254253562,-0.16893753369895312,-0.22455846735163482,0.1524051008070059,0.006533565153901073,0.13422573771098725,0.03501086580252488,
-0.20260703205375313,0.19667131928789472,-0.09420944469349127,0.09849786887164257,-0.21084680603078498,0.29621522604989603,0.128184952683252,-0.07465275849288983,0.06286534941743609,-0.10089255748998661,0.06103508716247566,-0.19191632573902728,-0.0851959902867037,0.16807149424797926,-0.044576058044331936,0.007003845039651233,-0.1603680831446186,-0.21976686410329896,0.016161126207478043,
0.3324589018783676,0.017956369893900977,0.15553761598198654,-0.04467773612695722,0.08083275436790645,-0.038095185490498056,-0.25291548346212905,-0.3797366899920848,0.052623460545909495,-0.20815300555995714,-0.19963216778655926,0.03125453615800474,-0.3238464715496535,-0.17577039530115324,0.25902381894216076,0.11812593413241748,0.002771417042115164,-0.06118180930873628,0.026583702893576498,
0.3424360237280696,0.29094743702919695,0.3543210647028896,-0.2480556086877234,-0.2176197268133461,0.322630753560727,-0.288815055889299,-0.4004148645164786,0.2727971125933323,0.12284035726982398,-0.04749187153856895,0.05309890462617054,0.01911614145712279,-0.1726430854140534,-0.0031239492648671746,0.30526613701499605,-0.3204875216215766,-0.07607675729430609,0.1721151959513485,
0.32736993674802517,0.35367246605571434,0.21719045555632746,-0.058259567447123205,-0.27091808275677964,0.16401126215114725,-0.17540587570760305,-0.27440072275912114,0.10064634341893879,-0.31866916263697087,-0.07556232896552824,0.04863255785209662,-0.10927172563414578,-0.3989828901482902,0.4370037163625285,0.40110802008860885,-0.042782762443157075,-0.2252412526676989,0.3674454509401531,
0.47680212343425593,0.2811832327734324,0.3214084210015574,-0.1917954843805271,-0.3981573740532812,0.10850432583714845,-0.18550419003754914,-0.10027397463888191,0.30167513831751375,-0.29093991171837574,-0.09317117348780106,-0.1621880564911427,-0.2051940416015469,-0.36186794762397567,0.17834140945058505,0.24540758541241794,-0.24343554977656448,-0.22674909229395673,0.18401101117728283,
0.02058324624873133,0.13595856476064178,0.5878099426094106,-0.40704866820223323,-0.47959724381747476,0.030808208721898614,-0.5304192484286535,-0.0292728665343441,0.07656018614223503,-0.05000412971562124,-0.354078211877443,-0.18585883385556004,-0.3825588709239074,-0.29825751542008866,0.5069102446651017,0.20410025478021243,-0.25798790384248904,-0.41484821445329456,0.31664699315275513,
0.4036753364796225,0.07881929907780506,0.07379026944128943,-0.2048306929060895,-0.3886215880201026,0.19670998705662787,-0.09006944594191697,-0.4024939901946109,0.3027342190790999,-0.3141698676781537,-0.37106211181601806,-0.3871694804033781,-0.4633599318785229,-0.13008864217621682,0.3442100181804725,0.04595562832690149,-0.40473307623653804,-0.26203848188618034,0.37941270341514194,
-0.05444709654431029,0.29681899913413434,0.29515493200937754,-0.33321902886728644,-0.019510390294820323,-0.007055475349716362,-0.3612761346134143,-0.13418590165479372,0.3144651856010317,-0.3124883960007428,-0.164030355914622,-0.3972590344926527,-0.10581362411524939,-0.30515804751620174,0.14174423674573255,0.16179075727678724,-0.03841550951037958,-0.05328473389766867,0.3376174286452515,
19,12
0.19485897580190573,0.1593120507610566,0.3055211293852402,-0.04416757014771506,0.051954780209250644,-0.06823632008309154,0.2189602723502471,0.2868840216490377,0.045995445546683486,-0.07539437592377382,0.15432997639994667,0.3191465852953136,
0.1801077628366672,0.23143066956696992,0.21523253068735965,0.1512661183719469,0.1519635921640784,0.13054115216029244,0.25008071082651046,0.022282054850919455,0.013628323066151332,-0.045802316335686905,-0.00884739527629338,0.11446337702599753,
0.08586922052058459,-0.050365783494696045,0.40972533563231955,0.11256860047374434,0.16868171076119376,0.43665131974034654,0.1522624811961602,0.11468087788342951,0.44185130519548566,0.32995501403823024,0.33463752500102717,0.12691629772996182,
-0.3004120721461809,-0.15230315403162353,-0.24553271612146393,-0.26089934036637463,-0.2624682483309831,-0.2088586882993445,-0.3213787285226795,-0.14935208278406106,0.10110759393140012,-0.22388786984590905,-0.31836535533355625,-0.03133885025972605,
-0.27337564285394017,-0.19738017403417113,-0.11338220508490994,-0.13703774106015246,0.06222021661446197,-0.1336727578033046,-0.06436570836461691,0.02478741936252101,-0.27018703624983215,-0.2082945219948386,-0.30393286525446345,-0.1873077947899811,
0.09055144959087594,-0.04005575520443967,0.1340946887354469,0.2516262187889601,0.10426289615830225,-0.03751867880471849,-0.012795503484815778,-0.11891882996900158,-0.036689481651569336,-0.08037467664984162,0.23893380253654148,0.2744812643850593,
-0.25033006472642655,-0.03839425252357884,-0.10382381874557503,-0.16234469223394649,-0.16125066365586016,-0.3065391177730506,-0.3531987703533536,-0.048248050521847885,-0.1138172888023323,-0.26981434427162987,0.07151760915924049,-0.14900513204020066,
-0.1966681485270418,-0.2500541244675426,-0.04999597855439832,-0.1680208005958636,0.06709867090905217,0.08295303289562171,-0.022419720225208745,-0.09222090472234479,-0.2170432635693916,-0.1748674819497066,0.12448490233685139,-0.1561424398652084,
0.05962574941907386,0.14829506454897137,-0.011255811886469895,-0.007396252544181278,0.1690396905483337,0.028158792601341038,-0.11508798734206294,0.3161734420269191,0.2798485899747036,0.1394445748667175,0.053566391212388265,0.06910924341122653,
0.15054246253762327,-0.14124876373025355,-0.23001096700278015,-0.04896993218833106,0.029870461824940072,-0.155902150902543,-0.11288524261841065,0.02474041739939819,3.00141824534719E-5,0.038688417427405385,-0.26886446533258174,-0.17661028646255605,
-0.1534651884311006,-0.016590435160392936,0.026920159277900303,-0.21743761159798572,0.022273660970516702,0.045598663450877916,-0.24742463760039804,-0.2767468094187671,-0.0527340637795294,0.01467661061052054,-0.24467443329109945,0.16431704872071953,
-0.005860362337476829,-0.16295757030699753,0.17080060084332452,-0.259456228481353,-0.13267256768749194,0.05759933791532552,0.1162100146473208,-0.22982160667089543,-0.07807477493402547,-0.18622611496497782,0.07361913083562559,-0.0960123762460835,
-0.1192581905652388,-0.2049037387325966,-0.30661830957046243,-0.11762149765812857,-0.10540424957383575,-0.11011035232355842,-0.1968234443652534,-0.020171951049325565,-0.10911657615504058,-0.11326661075037626,-0.10264749365258793,0.06430684135105237,
-0.09818406386403149,0.1172875505926516,-0.002772063684086076,0.07269656491459192,-0.3622986800155692,-0.1131650387663915,-0.2865395406257687,-0.29907631773456184,-0.22768041682167262,-0.28174245999560044,0.05911646014868437,-0.2651327189880483,
0.3283633775278549,0.24290648981762059,0.05927299122012316,0.3236832397758977,0.14022820185197665,0.1725558965337306,0.060521174835904856,0.3259623011085794,0.184602271065735,0.4327540509409977,0.04494176575629257,0.12361166536069026,
0.009004421870838721,0.09829886964429228,-0.08604954619417647,0.2604780748216453,0.09537669611254561,0.3545867006786335,0.28670232046473265,0.04832916967478456,-0.06247987987532692,0.2363440874280444,0.16668646909746554,0.04750468821610232,
-0.04935207646982041,0.026960673947246706,-0.12328387094311676,0.025318851352256772,-0.3346826146412056,-0.07589741773856126,0.14823773270373905,-0.1596555170975163,-0.24835612184953937,-0.07325729919094735,-0.2973177134614278,-0.24983944697780605,
0.03945597048177096,-0.0880065007983462,-0.2519291759789214,0.05442051510735703,-0.08744766534039088,-0.2727961452026179,0.08841533086672902,-0.09774875198159047,-0.08893013815602815,0.12033833512760464,-0.12505407080586556,-0.2392316882864578,
0.2402062843841706,0.27163399874575883,0.15772258200634162,0.12533006155143814,0.3344458601998265,0.1434036188644809,0.3531776730592296,0.2716856448845586,0.38290656416717933,0.35579456376110974,0.29640916793044964,0.22211785407697462,
