# Pesos da Rede Treinada TxH=  0.5 TxOut=0.02
12,14,12
12,14
-0.18006350412293176,-0.9558147464668796,-1.083964073149926,-0.7294178424392989,-0.44291394896697317,-0.8780263054560917,-0.35942850441524615,-0.777349982646962,-0.15826638146667385,0.48071326441251566,-0.9013573312118757,0.7002912575946206,0.7010786685296153,-0.6510439361186989,
-0.5127811620993733,1.4266991104730853,1.219487779166353,1.0222023541012846,-0.595171986325123,1.1726770501559358,-0.2580883153104215,1.139818904835788,-0.5373173445475011,-1.9169730204731774,1.1154859588604316,-1.1608061625700514,-2.689862147618962,1.276682197665497,
-0.5925789058211761,1.3090304556172148,1.0469236848146488,1.128884940061662,-0.4651222003014374,1.1529108895921678,-0.7538062411693401,0.981065026883471,-0.5601144053355909,-2.1458957225333317,0.9585577203911994,-0.9980618263997691,-2.665325240353555,1.1073615196225886,
-0.25453798611033324,0.28053005344546916,0.15114056798393485,0.1057011082406113,-0.6024027455822843,0.36545892993681356,-0.2853897848959215,0.3835721422217936,-0.8008544587374735,-0.7764377611874991,0.2906261194533635,-0.6832450254026992,-1.1571664341634158,0.5504668651915139,
-0.7489104990299305,-0.46499279258617376,-0.32418869435141784,-0.2899065588689942,-0.34126921749871725,-0.532826500505396,-0.6615028656094017,-0.083730842174595,-0.5323644443793595,-0.2868033357623594,-0.44086640117497977,-0.02887337983628274,-0.5233664516519619,-0.17362226122683397,
-0.675411704444223,-0.19723942386793633,-0.29430665376675974,-0.42238571231930633,-1.0233230424078537,-0.3798897801677305,-0.7606090557902423,-0.5547395222211231,-1.0312350639387848,0.0663377766972283,-0.34906046941601354,0.0768892083478622,0.19834249340736307,-0.44015649444517635,
-0.8038448533168051,-1.3317929978646734,-1.1378233398979443,-0.9829068736904792,-0.6393552356866793,-1.038615643408765,-0.44452277150799063,-1.2910483100273382,-0.641046097141436,1.610020528758708,-0.8683587086565312,1.2941298411093374,1.8076122210917906,-1.2022932713665062,
-0.7007106383976911,0.28855706032886047,-0.05325650052750568,0.2450508761429868,-0.7173694161378141,0.1962899096517904,-0.8287767613106647,0.28017504068393156,-0.8550562067668829,-0.07097917199461405,0.12466919719073166,-0.19341954183229404,0.5484376496239107,0.2408250741557374,
-0.8916891995178248,-0.9869981961018399,-0.7833235040573424,-0.750251917631521,-0.5871604430658257,-0.7353178158562466,-0.8091360016267479,-0.7790043756022453,-0.8906832718070474,1.480398353713939,-0.8397386231071168,1.2295608521311245,2.52381322579597,-0.969040452985614,
-0.6064902625875078,-0.6817198988548561,-0.8514231247632084,-0.7016574477186618,-0.6976247228438198,-0.654622396583571,-0.6042909067737364,-0.9616595553281053,-0.6605957467749929,1.6854969017296764,-0.8817663990632425,1.2160689118288845,2.463974778339867,-0.8938867444573028,
-0.9139438334626446,-0.9756499697735117,-0.9144587747729019,-0.6823048322649481,-0.7216554284231786,-0.8180609923203168,-0.6425511431215245,-0.8927513546204962,-0.7138966967517326,1.2663838204403124,-0.5483997536025101,1.0687577713197933,2.2795903721157824,-0.7406162730087797,
-0.8529242107410917,-0.5535814634149968,-0.2951926911163818,-0.8226964611877297,-1.0745042268259257,-0.7072529196894546,-1.2744722410568412,-0.4959506925118583,-1.1416166028137122,0.7740991481694822,-0.4989338275759914,0.35785258805120795,1.3347332165330972,-0.7182218597687761,
14,12
0.29349833039842926,0.3513423403499274,0.17601735836342883,0.15862901406283184,0.17779028222600798,0.38653610366206437,0.3585925134998183,0.24173646578340965,0.16154473085719134,0.3599862617778399,0.36687955296143476,0.3209184780397756,
-0.30686593675979157,-0.4069677446632119,-0.11884570414785203,-0.2332251136323177,-0.355895050173904,-0.10712997211717726,-0.2140040397270848,-0.4795829972710953,-0.09569596801777136,-0.4402212597368237,-0.1478905681946102,-0.2540222560042148,
-0.17733741578705758,-0.32244166605534086,-0.403783458803438,-0.19033973160613357,-0.11548289846640435,-0.24658864275158773,-0.02816573081129321,-0.3111929437717671,-0.23768460327379975,-0.3121274501101313,-0.3661763217712043,-0.3490822763047345,
-0.28707236498321725,-0.20817365275735292,-0.2586338666943,-0.09276545837368212,-0.3781745094426853,-0.3339834802022408,-0.3303407658269879,-0.14944295105409053,-0.288274357472972,-0.29989958670908895,-0.3609827963471728,-0.01576485611496494,
0.07556395754464891,0.32049081779462607,0.20569389322592332,0.12520386642720738,0.12991405809877968,0.25191122770232655,0.27007837091726977,0.44556807213365196,0.24797618033302357,0.24142195095402472,0.31959599509846903,0.2559738471385004,
-0.3864032125184046,-0.19242086221931373,-0.1218432140445586,-0.33564361307648255,-0.24509733210337176,-0.4160921849122562,-0.36866642505812375,-0.14024040335803636,-0.19300691592570224,-0.14038433141653997,-0.1745917722552054,-0.38960347935170897,
0.3211197144510667,0.12361786044402791,0.22748604473084308,0.22703841232222363,0.1843777294602363,0.37123586669382397,0.27440147505063534,0.4309224152969913,0.22469459649552184,0.317299308053305,0.2856232657148872,0.2718826420439524,
-0.28907418196863566,-0.318573800649866,-0.24688100079506783,-0.3132575888523534,-0.3217609473181541,0.001471394976626576,-0.18245380684882923,-0.14030569527765835,-0.292655101419173,-0.25523701045981256,-0.36807069122002695,-0.38055694980745286,
0.35936186889150945,0.1552579519125747,0.33797487916767266,0.03762525358523897,0.28092065412422357,0.08716737466190609,0.15063638271689625,-0.03456843443709675,0.391636904875662,0.08718309087578782,0.19335555310031316,0.295864916407202,
0.23037675188787549,0.1898725478693938,0.10684324892488734,0.3060365261542444,0.3565098606357249,0.3028281659796085,0.2562198108976106,0.28204765924563363,0.4092564259600319,0.28679995968509797,0.427151581052276,0.2827436707944564,
-0.35169273478086244,-0.19796646179370408,-0.1588843709770811,-0.13783628331921954,-0.28300624083000075,-0.34719830690331743,-0.5063482852594118,-0.25835573545855933,-0.438697736436908,-0.05328466253823999,-0.05608685108680534,-0.2235567004450397,
0.23328577064005357,0.2844373510280016,0.4458533364626633,0.26596999025262213,0.2061322585627813,0.19855739098974517,0.23943666893439472,0.20278753636782748,0.1805792633247803,0.3640627098610604,0.10067251869409514,0.23639659696776308,
0.46071856004207024,0.35352925714215294,0.35580462647591465,0.28672913430479596,0.36743329482800646,0.44582202481441574,0.46730236463966945,0.508140954383021,0.3935458424917413,0.3652306061834678,0.47731699380279174,0.4743249128474221,
-0.0053322022575210196,0.038929193416780125,-0.3751592650105743,-0.11171821818562613,0.07937262847412341,-0.3718980292096583,-0.21243671014416185,-0.4446744334922629,-0.2756068739570239,-0.37541468172395254,-0.4852450356209108,-0.29066080424580737,
