# Pesos da Rede Treinada TxH=  0.6 TxOut=0.05
12,11,12
12,11
0.3964624051316554,-0.7941344743780318,-0.42343645560708293,-0.6324676618807032,0.7412023836104946,-0.3798482760156798,-0.9202786260089142,-0.5550968651562213,-0.4955647972114771,-0.5773672756365817,0.5300600744884655,
-0.25057898018796787,-0.031100952256475033,-0.07534758335101445,-0.11787299383293946,0.15990264352640363,-0.06035835067805412,-0.021304003315773458,-0.04531486468078985,-0.24997404505466206,0.08168092380402328,-0.04255869254145489,
0.05953915335535854,0.22927085089695698,-0.26066522633630856,0.1229216446413703,-0.22181514091139828,0.14636612577571273,0.1223306415983777,-0.2118097197802027,-0.21977844459758497,0.034980386051752535,-0.02771535784001128,
0.27276585835439193,-0.3728319236376298,-0.49676280241048965,-0.6321381349086056,0.2276961597539507,-0.6485857066954678,-0.5025825500133839,-0.521674951993796,-0.41591524241057426,-0.6072996448262525,0.24914625248434494,
0.5560893600144061,-0.6280878671027599,-0.6344486818751588,-0.789028879931186,0.6600334945463906,-0.6953905050457735,-0.8961343285606933,-0.3821273431399132,-0.45258467288177723,-0.6922913435522312,0.5444656329961927,
0.21435524181543,-0.6390983444611001,-0.37656768224693926,-0.591822076028414,0.15936528539393696,-0.6528230473455592,-0.36752521297105034,-0.41464594516319647,-0.22350625122265114,-0.4108244645069742,0.4369542916571403,
0.5864992254031053,-0.8690189835910264,-0.5565986287668657,-0.8746323010432013,0.9243156497979885,-0.7477989141485152,-0.7332787658008134,-0.6848443574209622,-0.23900004585738438,-0.67797766347954,0.6642008274165192,
0.18475067451381702,-0.010110153464304548,-0.09369107747971174,-0.24655794524327804,-0.05277805787943525,-0.006498052010259107,-0.3877428209973762,-0.30608253889688586,-0.13260921312821325,-0.3408650445609663,0.10131883143954337,
0.32528769508219146,-0.34252689811375525,-0.22213666365222712,-0.36235815378057856,0.3368820985032352,-0.534990102062907,-0.39971167146728775,-0.4300489466866329,-0.5048705292320119,-0.33500249797338233,0.5060118366012036,
0.39359744892239973,-0.42372870299638443,-0.6651981842391513,-0.5079388109985087,0.5177510892629991,-0.33204646030678353,-0.3280210421306615,-0.6742381715374164,-0.40134243493812044,-0.7093429596785511,0.5619887080536434,
0.1381182071690002,-0.7148368025230246,-0.6431024037761628,-0.22610195151771628,0.329220647494552,-0.5464123710813478,-0.48692195373071717,-0.4794447316984786,-0.5035535528812377,-0.41416369140788345,0.6473922009724242,
0.12067940665078235,-0.5681050349637042,-0.5630244718574349,-0.4045240927876205,0.39051388912385804,-0.6542164296808404,-0.3085647492133541,-0.27929487944903264,-0.5804354215170519,-0.31877999482707886,0.11590941835439492,
11,12
0.04282717069281004,0.10899413900792233,0.18683637645534265,0.30076470793757454,0.004472207891236899,0.18037461149814366,0.20885137697927184,0.2470391353758224,0.25634991670454554,0.22532858281534596,0.17889795153903423,0.22823848674126854,
-0.3662959431334789,-0.3817948691863458,-0.24790158504281393,-0.42729004046740005,-0.4718008716716832,-0.13593735493750314,-0.2874959404932149,-0.29590363359785254,-0.3088213177501741,-0.4366386168893393,-0.5519381012640538,-0.5512054917954667,
-0.45672366967385086,-0.1466225798015047,-0.2089605814470747,-0.4746291753573705,-0.14038533175031304,-0.32924512617570506,-0.3797520235233714,-0.3144494412967436,-0.23203191024368147,-0.34163622696907003,-0.43851761837311704,-0.20819326806070598,
-0.27906758034082285,-0.38985141837306153,-0.3311571901379817,-0.2746908730984303,-0.4290574978785383,-0.467235718603791,-0.501920874087153,-0.2757198837622198,-0.34930894082275404,-0.511077973065079,-0.2676327931932892,-0.46535799084077484,
0.3816029434166841,0.32010132719285583,0.3441894948248505,0.12939599250811037,0.3883639744019282,0.2968604447140214,0.28997373164048196,0.3432804685101572,0.4090341042913236,0.26230039945607464,0.431308370490039,0.41882415961127806,
-0.38885692555685925,-0.1431675861191165,-0.2789120012079256,-0.24394711693362336,-0.24366821054973428,-0.43144710730632274,-0.5232943617709743,-0.4643094395115772,-0.5678752622168602,-0.18780364813161035,-0.34186172266361453,-0.29871368713603924,
-0.24090194260119716,-0.3232877932327647,-0.4250999860317681,-0.38129650808100124,-0.4037918520099597,-0.33322731189343124,-0.3019182783080514,-0.44453733876094775,-0.34223695061002535,-0.5051517765319622,-0.426213076841159,-0.3783049141246932,
-0.20745980752747104,-0.3814475114075511,-0.4979628164721115,-0.206367480648552,-0.12648072780564185,-0.4431676176191246,-0.030229660484345108,-0.39142577326161865,-0.2188992935767846,-0.42665588092289813,-0.2187751960778809,-0.2908470380092424,
-0.14756406892832238,-0.08120462978542682,-0.1782839029703989,-0.10530297815845813,-0.2440052437442757,-0.12973599810750883,-0.2107457667982942,-0.06626252981482879,-0.23970740897257428,-0.09319474437643717,-0.10988056156476733,-0.2174331291198344,
-0.4261421805161631,-0.37815510087895055,-0.21276888063432617,-0.2885967318381372,-0.4925188584978518,-0.09605748497276188,-0.3222025119418266,-0.3932421455758594,-0.34081028570433514,-0.2183832319038645,-0.3278335837647184,-0.21084924270221492,
0.42531442142432246,0.30764752008416113,0.3066917201019191,0.4378754540285636,0.4472100007005006,0.37794638908410655,0.4002224092357831,0.32754918646475056,0.23738064426314168,0.4313214593273868,0.29159433554177777,0.24868570375071633,
