# Pesos da Rede Treinada TxH=  0.9999999999999999 TxOut=0.07
12,24,12
12,24
-0.4705582917136554,-1.043276470959804,-0.41144887477462816,-0.7643792351820075,-0.5974881130764758,-0.6469792731251994,-0.390205887238539,-0.4421923262142372,-0.23614456430928563,-0.543868168261135,-0.14625715362102812,-0.44677660789573415,2.220662085805927,-0.5051961183129846,-0.7027777550643103,-0.8876092351185266,-0.7249747404406139,-0.7440822083860523,-0.5763755220733803,-0.5790615754356266,-0.4542959743458805,-0.49649880393218737,-0.8817600000935956,-0.20464755803993756,
-0.206357177497843,-0.6128149643151508,-0.1700795204080461,-0.09663025882781821,0.14030164052089727,0.32998128885835537,-0.10035762743566248,0.31417331212419614,0.21931236767098375,-0.2188232631041581,-1.1424096239646293,0.4262569062607103,1.1129098229481218,0.18619578673870005,0.22848821109972067,-0.19578431877167196,-0.10973447885389902,-0.3929737515725056,-0.07223205619053741,0.11053063624006308,0.01700431259425782,-0.3907281823423673,-0.450438375450984,-0.042422087633813145,
0.3580938071112487,-0.24736210528718144,0.31395954717486674,0.3535782171713752,0.23389980569802543,0.1424109526869503,0.32086464592858055,-0.04490625252740632,0.05083028452969973,0.12329480854757136,-1.3722953039802097,0.21641977998860096,0.921341072295121,0.08287960732588366,-0.13028425947510247,-0.2143694905836574,-0.199498742644324,-0.12034834915469664,0.43067970613199175,0.12307224820556067,0.1881174846692797,0.025847897228522237,-0.25995562420617957,-0.2586475831342706,
-0.3429935431590594,-0.6872336308651207,-0.42267019530085703,-0.33371618554188914,-0.27015255713201825,-0.19962695836836758,-0.07428197358249493,-0.38145795036415975,-0.15279631242798095,-0.3288096380570899,-0.2884003139178709,0.17709149512912545,2.081706061651563,-0.08476886015631595,-0.2418102122210759,-0.5741684776955163,-0.6257900004363204,-0.7474513459731964,0.01119571430693891,-0.5437314425811095,-0.4553492178440582,-0.2612888265416915,-0.5877551539367907,-0.23919804699537098,
-0.6585315848538854,-1.0751125077347976,-0.6089649152460018,-0.5815957748008938,-0.2842631888413658,-0.6937060682521984,-0.5032390054996861,-0.4481480688073653,-0.5250152378906643,-0.6224700472694173,-0.3305341357742189,-0.3337273484915414,2.7090274435936403,-0.33618171492449406,-0.5753163045994821,-0.691276656415616,-0.39674198633276303,-0.9679291519899739,-0.3463033872517246,-0.9560473188965375,-0.6263594500804368,-0.8319186296647895,-0.7997681731325572,-0.39932892587440344,
-0.6583879591860944,-0.9934849075468729,-0.5185758065176936,-0.301831767820097,-0.5124815023384526,-0.4566761980529094,-0.6056977666146405,-0.5600020951775359,-0.5198397801696398,-0.532777920939155,-0.3760769451498729,-0.49958975813925227,1.8746266060387526,-0.4717817748470916,-0.33905414016482793,-0.6587012888143365,-0.5653477429234673,-0.6509621796506369,-0.4941336854062923,-0.6689850102437419,-0.6713622486582494,-0.50521639866494,-0.774100035717469,-0.43955273597322325,
-0.8088833485412057,-0.925098478090694,-0.5732338296430136,-0.7466886440859714,-0.5812587383877489,-0.9135484112332249,-0.8414811033519722,-0.8914865384800936,-0.8826006175810598,-0.727873212504878,-0.4343964278408038,-0.8819069747968722,2.4244362510429274,-0.5224979412313955,-0.7257685251655309,-0.8040541897217717,-0.7905385942416961,-0.8554412897891842,-0.698274165003943,-0.8262848864311381,-0.9212447138085578,-0.7710268323131958,-0.8595510928140441,-0.6289010244057481,
-0.312015864767568,-0.3543665319985631,-0.12338012524995902,-0.07466084879923128,-0.3636244915055748,-0.3040784601887617,-0.16852570255301763,-0.24788272004388096,-0.42722660058691825,0.06140152907661123,-1.3673936723745668,-0.31781611099510176,1.1082098331032206,-0.37723997173612506,-0.15262071248647158,-0.3696985669873893,-0.22050863309909913,-0.5350802784103988,-0.5007007711189445,-0.3115144274431959,-0.3814844745060716,-0.131477628427518,-0.2444689477508816,-0.4649112369129686,
-0.39098883114088034,-0.7808718752793304,-0.6448170788674266,-0.22110348590667184,-0.6419334366978051,-0.6058944084139501,-0.6127155743418015,-0.3801818162032121,-0.37513811733802044,-0.4335524517637066,-0.8633692210008399,-0.5790147624276761,1.5623459084963487,-0.6874243517334393,-0.42984991625273583,-0.384007845472877,-0.34647348188644583,-0.41495479550314185,-0.5146529583354504,-0.458617050200128,-0.4626007730647236,-0.7157923102595016,-0.7318111395929454,-0.513495028762803,
-0.395052968042157,-0.500486513377204,-0.5705348383059665,-0.681099948963056,-0.6893231497543487,-0.38543841575221055,-0.6599335652440348,-0.7009790443725963,-0.570255771449225,-0.25600708811405787,-0.8932840270854361,-0.5769059020123356,1.3888007081414289,-0.539730321888838,-0.6642027273963507,-0.5161015863757429,-0.5074238809547754,-0.6878214397676711,-0.765880510378996,-0.5355711210728376,-0.38142338280297766,-0.6101962091028563,-0.7219692221997578,-0.5395987313774538,
-0.2742161970752455,-0.7574928698953095,-0.4706066987795554,-0.671545010260353,-0.502591051904661,-0.5211016855141213,-0.48635149522074506,-0.5571709624465917,-0.6741484302949106,-0.5565683612735268,-0.8307051819142043,-0.9431112820046512,1.3952941376555965,-0.7810589486908772,-0.27023365940342003,-0.39745567878506993,-0.47153102822118487,-0.6397313980529056,-0.46899176121353553,-0.42796227766472905,-0.4261020890872156,-0.41232264107628164,-0.6029898440299385,-0.6380342147941639,
-0.4451079015642628,-0.630281694032531,-0.46512859684017693,-0.49012240292252274,-0.506948545481489,-0.30049358417327465,-0.42305775551149344,-0.3693822028361923,-0.3828287777465184,-0.6043118862612991,-1.163432776000173,-0.6199446574366375,1.4367083860858731,-0.42152848915808316,-0.5537666440562378,-0.30605436432515853,-0.498347725946744,-0.6904360928410244,-0.4441084551343521,-0.402116255103319,-0.2806940283372577,-0.6002806422690273,-0.4621449467392302,-0.2588830497957743,
24,12
-0.01878539407478869,0.024483771301980897,-0.07992039023077864,-0.09993658927947688,-0.08581231446628222,-0.11259231350653713,-0.02567770920649969,0.011464752826141497,-0.20880078342927605,-0.18400012328206194,-0.11185666269126474,-0.3307344194070036,
-0.2639410452314752,-0.11300738869150641,-0.13508546756260573,-0.06232405373679629,-0.25860581063792326,0.04922708531476892,0.1098379685257702,-0.052309525000009904,-0.021160924879736098,-0.26469743661086836,-0.03638190762900961,-0.2142789175508722,
-0.007402058810685277,-0.09348114357341311,-0.1475117473951597,-0.10094901751688645,0.025651065362717856,0.12234947158547214,-0.0946352619144726,-0.193923650889062,-0.17914479152880422,-0.09441332459527581,-0.3036711958359472,-0.24830919917154745,
-0.12169073572708348,-0.08345377426816349,-0.14306670512269076,0.05173542984533575,0.012296046716620317,-0.3272474577682459,-0.2627815394958648,-0.094933532846456,-0.03651233845935812,-0.24513628798269896,-0.046759522245291736,-0.1360697179602718,
-0.10563303946501336,-0.10178068688666123,-0.0045262033004474286,-0.19166791530091126,-0.21821936413369278,-0.08598876370455621,-0.15435749711596788,-0.17147715052594345,-0.08113416931253443,-0.32999271327640833,-0.10018817045532437,-0.08763648028591718,
-0.025915085188625054,-0.20686032027146556,-0.11102160972140927,0.09879605671447497,-0.1239452334808774,-0.0821844802103981,-0.17110256288714437,-0.2114156168559051,-0.19181866106913772,-0.3217507898157733,-0.02191380917442457,-0.17633978880226547,
-0.11821198493991325,-0.14742909637836865,-0.21257043916799548,-0.29935057521806063,-0.2083371507494387,-0.21299359457201422,-0.022388652804775377,-0.2005147189157366,0.09543736325372514,-0.023301445731088805,-0.17469641669341204,-0.027521362118795998,
0.013348699718764404,0.02230537683993087,-0.07042539839667826,-0.17453233294193982,-0.2455932493111084,-0.15721261708490794,-0.22015427207570173,-0.2508752910789194,-0.006043465840209766,-0.28237414856936566,-0.3736292910538058,0.09597852926840127,
-0.15646855533905304,-0.24472328374140867,-0.13699446916294591,0.012266434843287467,-0.24266920049551433,0.03970490089515081,0.04185342124601701,-0.25789112492544647,-0.10387956363005771,0.007188137340957607,-0.36780339047846955,-0.104588817742461,
-0.15758261486508404,0.10863252024001818,-0.17381155700316256,-0.12369371945464573,0.05313031539756269,-0.2444487996906981,-0.33140714672194255,-0.1539524113711953,-0.2136188707959084,-0.21591445970667836,0.013175154548933064,0.08105110734590774,
0.21970578829989237,0.09284041029833552,0.07080814218223284,-0.07472326020905853,-0.01071269098912131,-0.008520861700948536,0.12004741887865941,0.012769487044697561,0.12920229783579656,0.16247682852734463,0.09190785448493122,0.2276689501656072,
-0.275160164327344,-0.17331179610370845,-0.014050456569220646,0.006341963445996857,-0.0809932016378903,-0.14107659109290932,-0.17984094413885168,-0.2266791762734858,-0.07186979501261366,-0.18263862087710778,-0.011982475562488479,-0.1818926218924344,
0.7402200793405508,0.6894390635092154,0.7567848711934327,0.7267973992998383,0.8046774046048265,0.779287199347952,0.8307736947189621,0.836762555651757,0.7810229041881553,0.8685706667165396,0.8140019954048049,0.7933503512033717,
-0.2941415614042378,-0.22786941540286734,-0.10539079699975436,-0.04923227059820889,-0.4395163571487033,0.038897837359277175,-0.071226298189699,-0.04459929122638459,-0.18007695087006695,-0.1261340202500596,0.06808930458642368,-0.08697771281704739,
0.027032369001460534,-0.1829388633223266,0.04005681203083967,-0.19769269775646073,0.01341317403109674,-0.31598607846157517,0.028265207006416694,0.02015767408475992,-0.30580080053573816,-0.0019290122538699755,-0.24496339912697815,-0.07538788015246543,
-0.016846693100449967,-0.18986253219599683,-0.3298296627974206,-0.1171362434296819,-0.23727948105872337,0.024518325090230976,-0.15830040506873777,-0.1956203788495908,0.02091827013515399,-0.14517689076294849,-0.15877402335359714,0.0634095017536566,
-0.16402135285459812,0.12848732110012331,-0.2184888419908103,0.02854281363243539,0.1288118227706432,-0.02294506571747731,-0.12566215362401356,0.06634724067676605,-0.3228507184867172,0.019030576862527706,-0.2350119925447483,-0.13025496829301783,
-0.3085361524676932,-0.27230645233141365,-0.04673787468506823,-0.19647345014847278,-0.14570527903029937,0.0015644722019295186,-0.04415300050344554,0.02890638615617102,0.012054395560411676,-0.1929923507442769,0.11254609825738292,-0.07944806277814438,
0.07624846151714113,-0.18377608184514474,-0.2659528965166117,-0.1766016863778457,-0.1151356535153071,-0.009413086879942243,-0.2009488007043881,0.0030347199286546713,-0.039524162600380934,-0.2269211124032453,-0.11468819701413333,-0.1879735710156266,
-0.2380158687704028,0.08404993420212363,0.10142822189374187,-0.20079124856081113,-0.21562312401095315,-0.2771244087918421,-0.2829650214732091,-0.2520152032863974,-0.03627913823144665,0.06662235682099604,0.055098584913558804,-0.13566134243219766,
-0.21851480208006754,-0.11805624074673288,0.07141472488237394,-0.16397950910775208,0.04449257586252159,-0.18237802005452383,-0.116440174101727,-0.016011894041364466,-0.24093880434353174,-0.11600927548496301,-0.019231442866542298,-0.1471249781978094,
-0.28430226165292793,-0.06815617567935835,-0.21360074765824552,0.09006920945821391,0.1541282827365045,-0.009760219293377838,0.0505861568196082,-0.12235465574803736,-0.053676937445735866,-0.006448057588931328,-0.14595026539312198,-0.2845435912322759,
0.14799725357259516,-0.16581317783051597,0.0523533347267592,-0.1489551762930624,-0.16891731127655357,-0.1724943193317606,-0.026270346371886667,-0.11222107519937925,-0.26814910372128203,-0.03478058109516835,-0.24206455999653537,-0.15711692472360103,
-0.02091921285993945,-0.08729230509700596,-0.2128690042904625,-0.20673759480362647,-0.27341823534240645,-0.19529694802833109,-0.2556759690740385,-0.15335179359350198,0.0037158700728581353,0.018151359252724646,-0.0635776535792892,-0.029252279984658482,
