# Pesos da Rede Treinada TxH=  0.9999999999999999 TxOut=0.04
12,19,12
12,19
-0.47456466553204124,-0.826965548804816,-0.5695935476259648,-0.7443649356827529,-0.5965077974664453,-0.2990460460353014,-0.41623638158705734,-0.795954452100053,0.02720732783105546,-0.7082201465783374,-0.5036295682794631,-0.6004647223031607,-0.5794350062813337,-0.5103791553723135,0.7708801983534338,0.7915621295284048,-0.7645749135484106,0.6059043143416858,-0.5938703103767863,
-0.40664890804874304,-0.2780912966105684,-0.12048356432381918,-0.05274767499774354,-0.3449751029157119,-0.36597152427425417,-0.282412128147546,-0.12764198449200698,-0.33348900291265304,-0.1429957465608572,-0.34266310693560775,-0.5040368723067363,-0.36203319787304805,-0.18379628256380925,0.22990046337251616,0.029589849454590554,-0.04798043823274397,-0.1456761834564304,-0.05904565722396596,
-0.3855589566369768,-0.35979913747754094,-0.16785151738883164,-0.02951133915755752,-0.41603404939667626,-0.027879002312150562,-0.39969636213746074,-0.5539934969026132,-0.31821498844206997,-0.08944618069934815,-0.12818212250576852,-0.190560288097319,-0.20101227455738557,-0.4721824879994535,-0.11187882227326663,-0.3739425142800618,-0.16785947035874024,-0.17211374188137618,-0.09359193930960706,
-0.35567217145738245,-0.5274430315773151,-0.45179151943305357,-0.6084432703341099,-0.4416241574124567,-0.16434542004271724,-0.4341639380231883,-0.40401656571229505,-0.2085659316318861,-0.5872230176631246,-0.5060731599646079,-0.7669859602275177,-0.4854250909827551,-0.38608255436954764,0.31087819982966736,0.5333354497410686,-0.6114973584991542,0.1969391119742933,-0.36180459325863656,
-0.7164667943136604,-0.6223269552807746,-0.7155818402554392,-0.45737281130926927,-0.5892969021749064,-0.6107540448643579,-0.7369725830940975,-0.8274942017982043,0.014608381787842966,-0.3298789045070093,-0.3812195161444001,-0.5474866801803299,-0.7832434934987477,-0.8101485001771436,0.42869071303248735,0.6434318556376627,-0.41611589884335887,0.14028214452562368,-0.7232684513813699,
-0.44076670750955793,-0.31065321454831746,-0.3952269834507199,-0.252545004411057,-0.5387811082167804,-0.526097450188371,-0.3980299396794214,-0.39415023150976664,0.06206852786211487,-0.43663913884500904,-0.6293345294752924,-0.6606879631001712,-0.35675201430051073,-0.49751103498559196,0.1538628187784606,0.3507617689434198,-0.34001035793408396,0.2935089916571866,-0.6927103288688042,
-0.6042196494321842,-0.4013025513350459,-0.32059285458250164,-0.5910637923738468,-0.47962867702192,-0.6787272189723642,-0.8408001614267032,-0.6846770749127182,0.2300479930598479,-0.51629017331889,-0.45179867213027863,-0.8694527378288146,-0.687348735193886,-0.5628568288287082,0.9342234338701235,0.8630924759428766,-0.7670502033204936,0.3775966319060756,-0.49037324648804553,
-0.07786027262180287,-0.18767898461310764,-0.4580552963836933,-0.5935618437290903,-0.16354707401683652,-0.43863435402572737,-0.16498799746893916,-0.354705206845288,-0.2719565775083097,-0.3224296993772837,-0.43559168063068515,-0.180533794820994,-0.26606892959615064,-0.6763236461659086,0.15421188667486918,0.15045133874223482,-0.42929244455163745,0.0527825209071937,-0.5324193800143615,
-0.5758831007839292,-0.2762065271170798,-0.427587855045028,-0.4512964449331653,-0.5646978105936534,-0.5879844537755018,-0.6073724071118038,-0.6246300522606876,0.11232672427839331,-0.4950866007555026,-0.4821565428994877,-0.4022910825677547,-0.45780438546261515,-0.6375052293012997,0.7774244188786315,0.39059850153590875,-0.3037938026690961,0.22198098808947106,-0.2707375046158699,
-0.5314749243193292,-0.5513539940871373,-0.4688296766358981,-0.2957633177297516,-0.545354131893607,-0.472076258890071,-0.5467923593310209,-0.7350665598713243,-0.18731249149606552,-0.6160837733034843,-0.5417818076350217,-0.7483102159585404,-0.31196994804060146,-0.5735458959937126,0.425034965727204,0.4274351918579571,-0.32643823277386713,0.5248272422355245,-0.27702086733422226,
-0.37899295645223663,-0.6650685839471877,-0.5009598110594815,-0.6846460903808155,-0.3902034468078256,-0.2554724972674322,-0.3822835647540043,-0.43811128563925855,0.049999515170015905,-0.7196718409329198,-0.5633594177460158,-0.28743057588449084,-0.5152682294706933,-0.6371435789268637,0.3022457355839652,0.6381229776499623,-0.6193088417640484,0.4681162192613152,-0.7265196025219182,
-0.3265279065698292,-0.29286485938174045,-0.44953303422288543,-0.3438587506580786,-0.27393488836058305,-0.5936456237063983,-0.4895947121084531,-0.3886016720893473,-0.2093025897306458,-0.5420854253683737,-0.42393197752375195,-0.3899116788519292,-0.42820621812303933,-0.4739820238350763,0.560754968352051,0.5609472466565552,-0.5503957805250627,0.34189450532071447,-0.37833021984493626,
19,12
-0.22504996944203387,-0.2906976459026692,-0.006547214063395192,-0.22360809197122966,-0.2632920548990313,-0.09245700151636417,-0.08801786095331944,-0.30820325807523224,-0.42333503988155086,-0.11380005755449232,-0.04000147880135604,-0.1748989116125602,
-0.26727818277414883,-0.3406525447202547,-0.06881923341105821,-0.29762679536515496,0.04977279001540452,-0.2248471931337602,-0.13176824994380937,-0.30685726136478914,-0.3541498970653881,-0.03465419368514622,-0.11611070797210096,-0.2790236684044163,
-0.18179860883816057,0.07740660715594745,-0.16474917061541647,-0.3270242394645019,0.14820813377178133,-0.19588267019311703,-0.1189961469058957,-0.14195229346912236,-0.3040758878658179,-0.18419338083794606,-0.14378696712601133,-0.269767151120169,
-0.13112286379770585,0.031688816096767006,0.012303718882202611,-0.12311624543653883,-0.1611162050134596,-0.17461204371406483,-0.032418828814641115,-0.13245171029665734,-0.31129937274180536,-0.1812954195146981,-0.3089230288585986,-0.22958192491390972,
-0.2869743567144132,-0.16229159908699584,-0.30499001417588584,-0.32344523772200917,-0.15117839458595986,0.01708957229158714,-0.09808285792434879,-0.21702175926673076,-0.322765881741083,-0.20039791845668659,-0.17891324787232413,-0.29956496610958305,
-0.1299240393810305,-0.21647174264376276,0.017012209235038295,-0.19752595231831246,-0.29072135780490715,1.8929405000332178E-4,-0.03386913847757531,-0.3323015943641076,-0.1113076085757794,-0.11355529809458761,-0.06020728891482535,-0.08523205961718434,
-0.2595284198082267,-0.19283110002172815,-0.2490134663329409,-0.08519074751356909,-0.28250236736461243,-0.07487721834579102,-0.15823192872928937,-0.26482020723749444,-0.206062763545552,-0.23595915099766446,-0.35628525773585484,0.037875156128720486,
-0.21312859628299805,-0.18441713871388407,0.024667456169945652,-0.0803606315421252,-0.1957070724220957,-0.3212975685286078,-0.2941425980434871,-0.050331420988179096,-0.04625089763774229,-0.304584025276694,-0.20309429793510023,-0.05152380334813388,
0.18737716215909905,-0.00892001444192216,-0.20510770246397625,-7.417936263190926E-5,-0.17179281049449216,0.04214876698978182,0.24222805351591767,0.1360197305528665,-0.021470869124540628,-0.07393135725162887,0.042783745199047846,0.05726846679388267,
-0.2299462991450724,0.03386082309627331,-0.33257348700718026,-0.13744039811664482,-0.028206265749125995,0.013036637152285754,-0.3258535706400772,-0.20363313659865842,-0.12692128700182398,-0.2800044143274753,-0.17477050733930455,-0.1712525155288378,
-0.3476005097617628,-0.1190825479076907,-0.39157491307413445,-0.07813064893401013,-0.1222648907824829,-0.2723463695959172,-0.06474816364536934,-0.05587775935506719,-0.2067319127911697,-0.24081675248556447,0.01119775923565229,-0.1419241164173763,
-0.12307388471138253,-0.1017926821494186,-0.14094217603163547,-0.07804242400157976,-0.28176253346066726,-0.3437613654617578,-0.37019656294822856,-0.3511448165724484,-0.03742876999550333,0.02335309781338727,-0.25603629155429214,-0.31392696095586015,
-0.25322235501345075,-0.27745969168230344,-0.007499873909479941,-0.3116391232781848,-0.3443256711330488,-0.08816288044444064,-0.2352125356370144,-0.2934257479214026,-0.12568082473384745,0.026979708226661257,-0.21550948738185996,-0.36106624293789613,
-0.00310022046614063,-0.22002368397863506,-0.2439293372682181,-0.061515315354522884,-0.06191390870844936,-0.2766277219054333,-0.41062884889665136,-0.10852891082886584,-0.12724939932015622,-0.23657215972846837,-0.12483830671595696,-0.14579646205121918,
0.36931906597875463,0.40112796887045205,0.33360045115307996,0.4077911145526884,0.3267778475745524,0.18402521809246392,0.25969666331364494,0.3542124596084563,0.43055077661219776,0.2730648569206763,0.44483713907977446,0.26114071210516915,
0.2940797807263171,0.2828652964668263,0.3996166050924497,0.3864869813703216,0.41165783905161824,0.3984171815416424,0.22358087791104814,0.2842979080701455,0.31438327758013224,0.45543883708888877,0.28861170535118713,0.5014517834803738,
-0.11960018757278104,-0.2849612029991975,-0.06255859867176358,-0.45841092978935627,-0.08590506229370404,-0.20101888457530145,-0.06097650287331928,-0.021381556316467158,-0.12369139847938644,-0.3056925411805495,-0.28715054696287,-0.21286476938898502,
0.04202694044883372,0.11861126199395271,0.10097706572648543,0.08358031642984656,0.20499316533512488,0.25064124797585147,0.2578409806938989,0.22045019052389442,0.18873437111811625,0.19677228428120128,0.12208435647920983,0.08687789643585335,
-0.19143775652452502,-0.10620996866052601,-0.3637195411042343,-0.010633552782344268,-0.3209635041793441,-0.005467906076859689,-0.04191378798076975,-0.22109049970803968,-0.18346977258598995,-0.09463736670200334,-0.1922822179459996,-0.26709265080414085,
