# Pesos da Rede Treinada TxH=  0.30000000000000004 TxOut=0.02
12,17,12
12,17
-0.3484223338220368,-0.04875273337437172,-0.3168447927915518,0.1509744838695127,0.41351112319114247,-0.04804100102894324,0.127999666384358,-0.14287717056602323,-0.39358385182840094,-0.28601378006123857,0.040427117770023134,0.11878315428974509,-0.4541549447403513,-0.35999777403009187,0.22064489115116692,-0.1623968512376362,-0.49942526241987045,
0.5865622900569817,0.7861566883721336,0.5636934918065503,-0.8648026893268038,-1.0806831277744342,-1.049110974888781,-1.0300538317786199,0.4831961162606373,0.6124516434164159,0.8089953505555691,-0.8360847772852028,-1.154772746329261,0.7027211167104334,0.38118508583114014,-1.071975930314579,0.3804792510098441,0.333930223593136,
0.5508049416844749,0.4985047755692872,0.5457970248839367,-0.6707144869600445,-0.7821796041548853,-1.2190639401291767,-0.6046436446414772,0.14907765446606683,0.36830511679315125,0.3828837490005697,-1.0701261701735272,-1.178695756478311,0.565538847222161,0.4425134501469127,-0.7611468095171134,0.18946999552949634,0.09087664441720114,
0.34873543683084895,0.5885911131609324,0.38646372525953193,-0.796370549110028,-1.1394319695701849,-0.9377931262300917,-0.742692134429833,0.446301828507437,0.5833078225733447,0.6803896844148154,-0.8460150498506653,-1.0128828599122008,0.3509672845123968,0.5267182680726561,-1.0495663615733186,0.3124059865472117,0.3442602356710747,
-0.07287478572984556,0.46942298915777353,0.07413616509348185,-0.685427573432252,-0.6932581805083341,-0.99480731506427,-0.6784935179924286,0.2464588373737338,0.037870997238764026,0.3723204817035467,-0.43157587143777354,-1.0072440125718394,0.16603069000495022,0.31197276037216615,-0.5726145601285236,0.3572804359462925,0.20182002835511154,
-0.5168845272563937,-0.5159615679106778,-0.20800718260894435,0.3433476685796738,0.2706488917315613,0.26750575526571474,0.21648733254359206,-0.6116908713454772,-0.37992652847507197,-0.42148341819016083,-0.028642651210141055,0.09905520696115663,-0.11454920261393543,-0.6747980651739721,-0.07241197292601634,-0.30409446124554307,-0.3829371000843875,
-0.7906176562681115,-0.6948323086905543,-0.6084187427404799,0.48528123968849335,0.6449561379248394,0.6668992385849029,0.26073216617686734,-0.5173951257811977,-0.5221029276862622,-0.5777504646390089,0.508454446151251,0.4470200369087718,-0.6493989813826474,-0.7230009501828036,0.6595730554192057,-0.39355219687823023,-0.4345839703423795,
-0.12413702245762992,-0.4788814174443029,-0.42379347828522645,0.11036211516082996,0.15535803856748007,0.28748547003751357,0.3319462657117114,-0.1479114625498848,-0.20913026471267565,-0.4515060143409456,0.13006993121108532,0.25194038931565194,-0.23084042843236272,-0.45442920677676957,0.13349101373662375,-0.4495520764719899,-0.1836730804636533,
-0.4806607314804961,-0.6890222061662485,-0.721563140708611,1.0409391400931571,1.141537420504092,0.9133885665738645,0.7160145983243367,-0.6218570822451951,-0.6688985425667437,-0.9989680230255014,0.7941053848118796,1.0061492300057362,-0.8826750996503573,-0.5946180125656191,0.9139302233451053,-0.502714899812034,-0.5482887726815534,
-0.751479048487967,-0.6745859786759658,-0.5222581147329157,0.9979796954007878,0.9152438883073094,1.077379953404692,0.7714092429937638,-0.7324554836815065,-0.9828493308205234,-0.6883272459554995,0.9088306895658741,1.0239004469973352,-0.8813538763790768,-0.7551032857264458,0.7523263890711905,-0.6198379669199716,-0.41564152055506737,
-0.6971601850041043,-0.7821805129644367,-0.46224313116798876,1.0308850331331068,1.1265652809715037,0.7815913320188048,0.7695567363704766,-0.47884425186537755,-0.5752298705775675,-0.9099895041548725,0.6535205380927254,0.7276595461213048,-0.9067384560814404,-0.5769707361055688,0.8221165537679779,-0.925949384370211,-0.6976400403826879,
-0.4435603002355571,-0.7393099691829472,-0.5716229767397407,0.1705838871180236,0.2719894111023624,0.3475749163965687,0.4435702619993608,-0.6068345637706956,-0.5121230208337679,-0.5039398275975068,0.37955019663012357,0.31381956479442275,-0.44870413024158934,-0.32048021384266345,0.22805905606961566,-0.6877828977959455,-0.3001213886048585,
17,12
-0.09366903508446812,-0.2582188716803211,-0.23970403779112176,-0.23939612922491005,0.05043198739624194,-0.30348923549393275,-0.011457122378052593,-0.2943114411626119,-0.2944558427126321,-0.13809972056580105,0.021487699110467946,-0.06454088890807942,
-0.038465297088269054,0.11900029573808597,-0.18405608399947143,0.0051593101397069095,-0.0750073263905437,-0.2743712461676967,-0.3699568298518819,-0.22980238405596096,-0.045086236604822146,0.0013493727052713402,-0.3047828090765089,-0.40350279968607244,
-0.32898496328669846,-0.14030026248692112,0.06837938000383506,-0.27978299845197513,-0.08367817924269802,0.11044915387175681,-0.2240662477481331,0.09953719341278863,-0.33458142381767486,-0.24956680111247645,-0.1423786326033593,-0.16969178999900236,
0.29929992681546347,0.17185033254125234,0.3237621523410487,0.25802315273669324,0.2924771822137221,0.1536101513436909,0.26312154513046226,-0.05718331544403895,0.04974634888381963,0.23029172718476065,0.2959701692525167,0.2498724479673663,
0.1902408203251595,0.2697574958941129,0.29050995277692665,0.16854288427481842,0.25603899312216155,0.3092841683419481,0.11242497079094631,0.39640290431692377,0.2702099499028005,0.10549033270928164,-0.04359578809337306,0.34423026571731064,
0.2194893615426538,0.13287929109649,0.07446536670792422,-0.01900729825263446,0.32662899888378044,0.12606863314794053,0.04709765947865306,0.375721439598406,0.1990096749316698,0.34657594572623546,0.36998492996131604,0.1207280156208387,
0.21185551680640394,0.2537694004224867,0.1988189722765033,0.4064319686792862,-0.03935932456870977,0.0393624367929675,0.3117872510281803,0.06330102996633138,0.24714969191929978,0.22355852983450913,0.2755487139415435,0.09325136289269913,
-0.09332431316979488,0.029394722710737807,0.032114145833582984,-0.19280641211886645,-0.31509819292003416,-0.09631136988676585,0.04681413140089285,-0.28555910574151716,-0.2676257989873975,-0.23435586749540144,-0.1486694239862327,-0.10668530938389327,
-0.022114453948634007,-0.15727009756406427,-0.1271794729670614,-0.2550694663102318,-0.12026521125744886,-0.09426515183970878,-0.20610792490855626,-0.058241190474089786,-0.05466535566032555,-0.20517535154168534,-0.22979689133054249,-0.18579949955201627,
0.06282224186688436,-0.3528943363650399,-0.19897862504216132,-0.03344475408112416,0.062308206263090936,-0.3205184154798632,-0.15698606950364982,-0.25450976820641524,-0.20401864544811205,0.040524481907309715,-0.2756858806512898,-0.21584254842903924,
0.2216525674116311,0.03646841254288586,0.05631130991783543,0.25144577686134695,0.3201753978695506,0.38876675552770745,0.015278669161228423,0.07754422931731494,0.20380030442901076,0.2981085466654479,0.21334335135827476,0.1332886937446958,
0.2083813940650648,0.12033763309065965,0.30417986162692306,-0.04708484593443197,-0.06927853926354857,0.040095777769858246,0.18115099715067323,0.25237083760452916,0.20859278675436946,0.31064733144753837,0.314143753706135,0.34719348182956483,
-0.4212492449721679,0.009323306966176713,-0.13384002551310784,-0.19598820253506255,-0.26309476081682,-0.08183960656919571,0.02828450330364981,-0.20835853004254268,-0.11389179540737235,-0.18030018808324605,-0.32542161733557273,-0.036815333652287126,
-0.27732319340871553,-0.22246038433263507,-0.1602829059305117,-0.018967703209097773,-0.2792704182152449,0.02023215375252931,-0.027091869523625654,-0.0754331774528625,0.07370145309145851,-0.2614751743362861,-0.1565411937386267,-0.2724422592371735,
-0.015958115677599426,0.16387748380664263,0.016846148669580674,0.22320192968460154,0.2351439013417532,0.2599076087169825,0.4729205714395985,0.38081002471266906,0.2901132039970152,0.01906687866859804,0.10467505261387648,0.15941553519736829,
-0.027421376140858208,-0.13727636028865928,-0.3445746067235344,0.10281749822143046,-0.3036231795609342,-0.08836943767442298,-0.36168444689841334,-0.26655888694113006,-0.11810318470520084,-0.2585330750800859,0.07616212172299491,-0.030687468445799865,
-0.18954915600468814,-0.1097617771410582,-0.05508401240793122,-0.19652269326690183,-0.0709460697176148,-0.23966034657396276,-0.192020126062998,-0.0014346345128473511,-0.179902593025895,-0.13529322999517465,-0.12076884711486716,-0.014422560739679768,
