# Pesos da Rede Treinada TxH=  0.2 TxOut=0.09999999999999999
12,12,12
12,12
0.2071470047597873,-0.3079322105994131,-0.5622758409960728,-0.4955925427025925,-0.2870439839301428,-0.5487748571768558,-0.00339557185183219,-0.2985346132890963,-0.12729267107658965,-0.3161096165546516,-0.5054241919161833,-0.3289857682385374,
-1.7984618365512546,-0.008692117901848493,0.08815991382018104,0.2487636075605211,-0.044630514513974706,0.3161646745461949,0.5090298141514458,0.0891680673178769,0.21213359766182166,0.6073221336044509,0.37847334594291293,0.2652700925325049,
-1.5407610517043075,-0.04844845236860703,0.28373592567813216,0.44509851781855553,0.12469798905006005,0.0827288163089814,0.5190147325813549,0.13052181523400214,0.26256109364031716,0.13205519501564508,0.1264593824682468,0.1883594302922754,
-1.3140974721709684,0.18200701299379338,0.2940718727838923,0.2068754181682958,0.29645970759517937,0.13624509439998528,0.5045924130306308,0.38571002461162546,-0.13464029420058804,0.5429052003343382,0.3155849221570152,0.46916993003497337,
-1.249883371810507,-0.01387719535517712,0.2401953840775378,0.17034836818365615,-0.05560205132059508,-0.0956548111262139,0.05285533488904577,0.20947226058052532,-0.12149418743192231,0.31986389877885035,-0.14838711369348545,0.05123209350280745,
0.6599368456690433,-0.22320890367622234,-0.4421514006706348,-0.25443154896763537,-0.314792128982806,-0.5879920337179921,-0.6273745408226113,-0.550318915436437,-0.6019832783361506,-0.28406300285006625,-0.24703324707742946,-0.22832019234769277,
1.4317172387460224,-0.6185302677748215,-0.7596499836369752,-0.5513843853039124,-0.6407588202346575,-0.5029186843254744,-0.7406490687753983,-0.6262646556862668,-0.7123594044784676,-0.657749738310874,-0.4827683334922885,-0.5976083637530724,
0.8749194760547075,-0.30120541925064787,-0.422990686772921,-0.4170708592427886,-0.25674939999424806,-0.21520043240056444,-0.6083631303013193,-0.5141188139481097,-0.3918755297981784,-0.6797976662571433,-0.5752700389163642,-0.4840156129314214,
1.8799907238304916,-0.6264021665090209,-0.5806653734016455,-0.8950070745979517,-0.8046875832162765,-0.7214593804960924,-0.9596873821669287,-0.7626390979245457,-0.5610058512476671,-0.6189795534716187,-0.5090950361356973,-0.8397130919361564,
1.5468281050918007,-0.7811722416540776,-0.6185763437684882,-0.6525645065173676,-0.5539143534002933,-0.7674238658742287,-0.8132991351756143,-0.5176826845287418,-0.5176596847364546,-0.9266258660552656,-0.7411318327756872,-0.8543486972661192,
1.7218170321631103,-0.6297304126565635,-0.5623527188250012,-0.6165278584066526,-0.661366970106185,-0.46929745498963105,-0.8810138463065069,-0.7979690669755145,-0.548345069800916,-0.7884460863620837,-0.47963058245094736,-0.6722843572978898,
1.2628422253262706,-0.39818617553202545,-0.5983440259716302,-0.7353305853973721,-0.5466492600098906,-0.33258664168296037,-0.3338737315935894,-0.3834763389570636,-0.5248474984650029,-0.7054970707211973,-0.7466601856920011,-0.5036846012375225,
12,12
0.8063973031235263,0.7232075602872877,0.8005253640625128,0.7834680435713435,0.8206355627781609,0.81205634965325,0.8441978157245019,0.8686921775815818,0.8561811603510777,0.8843981118266854,0.8570309359099196,0.8707763090063403,
-0.11198145549435297,-0.31328510371121165,-0.18983669175019782,-0.13552445152582038,-0.10414312663630432,-0.005669970493912719,0.009971755537640056,-0.09764823994689713,-0.25206402482055007,0.002071980852965274,-0.02588573523731163,-0.028242498843857447,
-0.12407458466253111,-0.1097677581568846,-1.8028908168165876E-4,-0.073809883491728,-0.1811632947904259,-0.0681959059991374,-0.10530621359684715,-0.21508995220961052,-0.10694677323991425,-0.1754619743339443,-0.17170477337248277,-0.06448757620163563,
-0.09547900245493972,-0.12907615553861318,-0.17721128131935968,0.1274401937108685,-0.04098434390856229,-0.17960801541983937,-0.30824609306309514,-0.07853229324807477,-0.203528233971898,-0.014277236451723237,-0.19403207808224307,-0.1901868786051897,
0.051453655185462424,0.059474385549419764,-0.1136410681783455,-0.030832979449140135,-0.34656869744317803,-0.3485507544087373,0.19603693773431363,-0.2805039976856026,0.019029111781902218,-0.06545523715858845,-0.13922787706924708,-0.22168686715887514,
-0.13486194876407856,-0.010623908471392773,0.009781514963068783,-0.006050147613180625,-0.2486470576028354,-0.2130071005664645,-0.0971684722928259,-0.1420265533247035,0.02031473081778867,0.016548968418581157,-0.25609726367668445,-0.14408074038478377,
-0.13447990966489018,-0.11952198016634297,0.07827012371956567,-0.3248716881088251,-0.28398252992567796,-0.012873472786411546,-0.05973006995290474,-0.0784005678411761,-0.03436518127787716,-0.46418474843965896,-0.28073022551482313,-0.15485281731821307,
-0.14863448847605754,-0.17680270663630968,0.014277888139963398,-0.257903833694218,-0.15561816460959393,-0.10029550369940689,-0.2112515089819767,0.00850066820868331,-0.17235042899861125,-0.16129891932182464,0.05741571552857194,-0.20014977095838124,
-0.23471939766370317,-0.07518869408236703,-0.2611108177115386,-0.1689982846620706,-0.11989321397533659,-0.0027731524316957656,-0.051215628755182874,0.10227120286235478,0.027184143827331725,-0.2540668259827629,-0.203525472202962,0.006636937509136261,
-0.1424655529196387,-0.18550548894183683,-0.2689225465883893,-0.22281684285061634,0.1636573803619695,-0.23108144295861685,-0.23104223625782258,0.03777067013878731,-0.22441333827172671,-0.2507741241663699,-0.1418380852296991,-0.1397069538282946,
-0.3477593130219153,-0.10986185898838076,-0.25747079467395245,-0.018318916948055007,0.053812225099339785,-0.10742631810714139,-0.1987393049595436,-0.3464946532835847,-0.056594256390457384,-0.029901404847207214,0.014370513995182334,0.03280805763475542,
0.0877048163950256,-0.021513896309319956,-0.14013102431057173,-0.15346161695827112,0.026915267292874325,0.036096516769202856,-0.3371579113018585,-0.2678070866272867,-0.4123671437271193,-0.0207103813630435,0.005406673816135127,-0.22368317140047023,
