# Pesos da Rede Treinada TxH=  0.5 TxOut=0.05
12,22,12
12,22
-0.2814807482474897,-0.16795108119274224,0.10582782617057576,-0.486485216948477,-0.4590088723737704,-0.4036186076169841,-0.20621850378859485,-0.4629053145500959,-0.3246131095972497,-0.5381891876064459,-0.26263043944618253,-0.3372889063664717,-0.42458353960768497,-0.3386961366332927,0.440469804487892,-0.5094567119766119,-0.38375087652435197,-0.2284385143392448,-0.29335580564542657,-0.5681158342059078,-0.2650689737578532,-0.5478261392367261,
0.4605679598573216,0.01611467019066771,-0.9872107964776208,-0.06737495514785828,0.16159262095286037,0.3400880324133658,0.33683718360148046,0.34402548701367647,-0.17250529203918685,0.023135561241980664,0.3041997595405717,0.231854314859889,-0.8364391032358048,0.15573618609969894,-1.0570905236256696,0.4049979662228928,-0.029829658732787916,0.013559291601158435,0.3741116964240233,0.36306768391184174,-0.09069284507293532,0.1834125923496746,
0.14095984661646666,0.14610029487237852,-1.2359002167949042,0.36896918976357795,0.14963506263521387,0.1700781217320541,0.3878573060582049,0.45685905792684545,0.05868558995010484,0.1260354355460787,0.14656450028380757,0.1597562394803669,-0.9087769081568389,0.18984914281998222,-1.2380718927952117,0.3988044346604632,0.3233580048206127,0.190428453045499,0.042935459572745034,0.3078644040905853,0.3070533092701893,0.10445944391088502,
-0.035542896578462026,0.12264324295040074,-0.8310171933134011,0.08062998902881888,0.11629094454745204,0.14889655998004972,-0.03974785783786141,0.03671224431236404,-0.27523775259547995,-0.07228499014341642,0.01402169150720494,0.07772643169960984,-0.5845841048905458,-0.2331324977729047,-0.7866186690177266,-0.015199681291386453,0.18230929352487996,0.16165396805633092,-0.17345607253626627,0.27965564191716275,0.16215889175341466,0.03274451763627759,
-1.8450775058283936E-4,-0.2766440965984332,-0.28131772239665315,-0.3884959922061356,0.13357918883880948,-0.017699820379456707,0.00435639669548231,0.08102932720816174,-0.06521019745547059,-0.26240797402807625,0.15360996983707945,-0.17343146595370942,-0.3722461421216137,-0.10880305545747665,-0.43619963602800355,-0.17331949375689973,-0.01600095987436029,-0.08408398675090203,0.12192408015234368,-0.19698406653789133,-0.09982088635072764,0.06530393799622568,
-0.6494508318568518,-0.7259023867603562,0.5373180429835454,-0.4351131020596,-0.5042701993087343,-0.4100157696738937,-0.49841436950268025,-0.350112492281831,-0.4473517221864185,-0.5782903416066385,-0.7367135561819104,-0.460078483773089,-0.5920568496203107,-0.4273140416525442,0.7099633794569306,-0.6928061556692021,-0.6604904494291653,-0.46552517504828805,-0.31168238775877255,-0.6882155882955406,-0.617575548872622,-0.4004744317431019,
-0.9095703692456594,-0.5449027188665567,1.0857084926661362,-0.8611887920197802,-0.7241141975760963,-0.47170772645504944,-0.592111518553129,-0.7464554440632454,-0.9187743170426997,-0.42728038394076634,-0.7559180977452196,-0.7364533361300953,-0.5968275648759985,-0.6564038151695608,1.2616336569553803,-0.7743200998878558,-0.7663246241391126,-0.5173774270375008,-0.7034156901776781,-0.9176922287713287,-0.790788068775597,-0.7343387943171916,
-0.25942794209436054,-0.4463499144198831,0.5752272953261888,-0.5157089048889154,-0.5679442927718397,-0.6695025210407787,-0.7029243828916233,-0.5913348152345994,-0.30921572937258907,-0.31157158368777327,-0.6251613865424201,-0.6123450668718304,-0.7992397498141166,-0.5449872542478155,0.6310449848801958,-0.6161818781111859,-0.45525977910916365,-0.5354809910709712,-0.575748427906238,-0.3585699194614263,-0.303097704338032,-0.3522974118333147,
-1.0025583038910546,-0.6166444533437394,1.452435217691955,-0.720817669907813,-0.6820511341452726,-0.7591431258154093,-0.6782390567318191,-1.0395157620106812,-0.6885146327075035,-0.8437414301236037,-0.7496615063699841,-0.5182251784454911,-0.42137581028528126,-0.7999128732584903,1.3389935626334255,-0.7669920946007254,-0.5690236920392467,-1.015746228598326,-0.9267452902192499,-0.6769545760294156,-0.9590736750613816,-0.9892739071258586,
-0.658740673748298,-0.7862817445247536,1.4839327361341892,-0.5651203939532848,-0.9035507243116407,-0.8758883473331555,-0.702502592758467,-0.9876463833850031,-0.5944927785581495,-0.7396557233576496,-0.6575227174213322,-0.7237169239071081,-0.555022310214584,-0.6022720467668811,1.051686993172564,-0.7154613183390113,-0.8296591599857108,-0.7353723163056264,-0.7050436332888722,-0.5981179815136861,-0.7332515846014356,-0.6525366278012554,
-0.5836192859878989,-0.7286058041112812,1.4737917063045822,-0.7274930967077887,-0.6214067926067858,-0.9573273644143687,-0.9263353604296952,-0.6371790191099008,-0.5954411092399137,-0.577411798050387,-0.65360224953993,-0.7928480943234897,-0.4175426200676453,-0.5725851517740769,1.1088642886851754,-0.6893580386420608,-0.5783618273249159,-0.675105093276991,-0.7879777293110732,-0.8252584213679056,-0.7374223063466088,-0.9043312884399191,
-0.8441443308134436,-0.5918297685199955,1.0391184525084791,-0.4463245500457878,-0.7181497667040363,-0.6372768166550644,-0.8522327737765307,-0.7026270518336842,-0.4449922277091993,-0.4642679583426372,-0.7349278331289072,-0.7240333502184297,-0.8237607097550405,-0.6417184755107079,0.9708191981292434,-0.33100058652715053,-0.8174460257414395,-0.732878543715904,-0.6820873867459931,-0.7159590591861938,-0.48159348374438327,-0.5425657636082015,
22,12
-0.11114242428801821,-0.1942795623991511,-0.2754305697195977,0.12086434687855296,-0.1910433721002184,0.029041819640930586,0.007481007075557061,0.08648584625959603,-0.11296811935299336,-0.2814755953162506,-0.18827200012344253,-0.12207500994532945,
-0.01462356862133298,-0.039080439202663686,-0.052720852817597835,-0.07734377383926769,-0.03814820509868391,-0.2629758851863233,-0.23745517911616898,-0.1092493871142429,-0.010448939759315674,-0.05927741982594236,-0.24333815704303238,0.09255416299448693,
0.39761108439925247,0.3308652111794295,0.5402418472172261,0.4074311514227711,0.5518396672112873,0.48881696665290036,0.41399407350444395,0.47111333285376544,0.4136828545042214,0.4289435540891798,0.38756073063179297,0.40790257125994805,
0.019272240145892655,-0.07951214498534269,-0.19571895599870687,-0.11920635149539992,-0.229634416114274,-0.07624571681703654,0.07535466219394732,-0.21489358886795443,-0.13963201320264157,0.062134767483644195,-0.07966079855015983,-0.20235522846698498,
0.03481356825877131,-0.00866814183396624,-0.20389807586500305,-0.16600619181905746,-0.053260410305527,-0.14758481642439364,-0.09470905925766428,-0.15080703347791705,-0.23060163741053305,0.03535543126343838,0.05990106950033353,-0.25489210379583493,
-0.2577781084427301,-0.18738539626919318,-0.2610831692486937,-0.03974134438805775,-0.03524373235596128,0.0584975589462528,-0.07158722173208665,-0.10613402863950276,-0.01721389729799629,-0.037731072175448944,-0.10644853182125237,-0.16494723707315928,
0.013541801326695897,-0.15883890286791436,-0.03408284194236578,-0.05036008731842884,0.019429700703060642,0.057964744189406496,-0.0136496598405734,-0.09207348359272192,-0.30296934114163426,-0.1461243222105667,-0.13904579040923334,-0.2154482464482986,
-0.33513438493954106,-0.1961700169367885,-0.19163474258086893,-0.09291880265430655,-0.13518726609374102,0.13816427382244123,-0.010819145646199527,-0.10083122001870667,-0.01041381944096098,-0.240712757139644,-0.1846629123628453,0.019526604094738217,
0.08886433887174694,-0.25759040566083496,-0.009176352662284008,-0.10706110870145061,-0.21549930661336406,0.038119948748803596,-0.04622109843285898,-0.17081128612380478,0.035233598455305354,-0.16115444167241091,-0.09048561071676887,-0.14132958943944932,
-0.2836751942205178,0.015038100892740722,0.046953758637581,-0.14442426561736565,-0.2239382212053793,0.03601939115281934,-0.054947436180519275,-0.09966244705435713,-0.12369886579720567,-0.20785975220899633,-0.07085480633161899,0.10335811469946138,
-0.02083942182420901,-0.022252421074148862,-0.017562161907062744,-0.07179800757659578,-0.004976772455440842,-0.19959037752604109,-0.2808823447133657,-0.06875945896706485,-0.013224739227353718,-0.2594977507531441,-0.06259083296200124,-0.07832792283447983,
-0.24995261602616298,0.17767108139820417,-0.04345420276607955,0.06595460610473278,-0.32673198549732313,-0.09248801190099036,-0.3035817067371922,-0.1811849094901796,-0.021781829544989455,0.02762572306906743,0.07382780918370019,-0.21229493519103237,
0.1689131056445986,-0.11014250707656639,-0.20255207085413734,0.02631517313763285,0.03943957550645444,0.1276576194041258,-0.06564887686637304,0.04608595885875369,-0.03672864508903156,0.16235016050354487,0.01863580964104157,0.1580452011283172,
0.01278134304944862,-0.046206931896267296,0.1110543615150096,-0.03665183840516761,-0.1270222807896703,-0.21057591986169844,-0.1960116447803579,-0.09403595194215965,-0.018080324452985477,-0.04604914112277132,-0.15538837620973692,-0.12474212318280074,
0.39822894221757327,0.3735057242391937,0.21869822734480193,0.35453327032573817,0.24357479160591247,0.2958364442833113,0.38918920527476736,0.35957613945997635,0.4064595638955672,0.4395472746022387,0.4522001414167684,0.44701130350911933,
-0.021936681145206863,-0.07153809775000657,0.11304888833083154,0.13204536380729945,-0.12906980589329675,-0.255823172045493,-0.24486966028354248,0.04406823979855053,-0.04041118656430097,-0.08051709542521947,-0.1777865928350311,-0.25500258345510796,
-0.15594982321246734,-0.1575333128973748,0.13874034834956733,-0.23446131810735515,0.0012349320711493783,-0.2501413402414773,0.050683872962449895,0.08411534427661436,-0.2810335961006561,-0.08426721318329597,-0.04386303776432463,-0.1828243607175938,
-0.04838534071038758,-0.04490438907482459,-0.19514076511296896,-0.021333698190370162,-0.07059800969752042,-0.3075624147008138,-0.010506928806751806,-0.17354440535116286,-0.10870700320804316,-0.13675441554709378,-0.17191945853564777,0.13088695189460497,
-0.10589044719310793,-0.07459550976374743,-0.27800192099833254,-0.2673561482474713,-0.03171584746188416,-0.11929365690149495,0.06327198498804269,-0.08123905446407977,-0.021665245250052062,-0.18546791743046354,-0.1233608974773125,0.029977142320068643,
-0.21840791993775635,-0.1155457104802827,-0.1917505989163554,-0.18489339583934736,0.13028862448215855,0.021309323108172212,-0.2975823329371044,-0.03217497210796237,-0.18323825809836636,-0.023740954968854172,-0.06128336947371055,-0.12736466383393263,
-0.07825356574821157,0.003396747511000754,0.15928159029503897,-0.16314219462280394,-0.11672115872115937,0.015171662821420056,-0.10530429884874845,-0.24262186344399886,-0.13898062681074774,-0.16086952950817782,-0.06102246021526036,-0.14139140524863,
-0.2426808268764526,-0.044318763797650144,-0.07118286835499228,-0.2637356358178743,0.07870591773785018,-0.22401785193274745,0.051730921377065815,-0.15755024882713617,-0.07247375782458533,-0.10911709246609108,-0.07759258759494686,-0.16330918636258768,
