# Pesos da Rede Treinada TxH=  0.7 TxOut=0.09999999999999999
12,21,12
12,21
-0.3903560861088135,-0.4530431347282348,-0.23583051224902726,-0.586247251006474,0.6299736300114541,-0.40176021271821705,-0.6135236635495596,-0.30591773934747546,-0.11043876109503109,-0.49813286955307046,-0.4192507212856979,-0.4650579883532007,-0.1928867123354454,0.7234695283067712,-0.39051312419091355,-0.4100554872343424,-0.6560099320545506,-0.4668960488517033,-0.2772516813006799,-0.29577667821790643,-0.47393116984686456,
-0.21295007613471487,-0.19306065079003587,0.10063471406755592,-0.25286930598891877,0.4128785260350787,-0.5394493832274513,-0.21485693996932986,-0.026691660856913175,-0.3930850920617593,-0.3265658961652185,0.02041073990062462,-0.5735515726819923,-0.31044037936569313,0.5886622014566354,-0.19836244276484583,-0.20300292967435846,-0.42681265323325673,-0.34888045544305896,-0.3999545137670768,-0.6698312718532144,-0.1995464328336788,
-0.6896424817768289,-0.2708877305032485,-0.08977452661755284,-0.6114989376557803,0.5350904102666368,-0.27230134091993746,-0.2868540886247761,-0.35056270339374385,0.05109249740735254,-0.4669280168093224,-0.10954391899108971,-0.28247286545610667,-0.3095772268652161,0.5724416412165838,-0.4816212809455401,-0.24486977837908935,-0.22511565853816692,-0.6902804071894234,-0.6040545824169078,-0.6236987928220854,-0.10471410728454902,
-0.3980485008805914,-0.5041406565408657,-0.06746156294698596,-0.6344008332211877,0.27233369068252605,-0.4760194155979529,-0.3679023590893673,-0.409994901888277,-0.24571157547591063,-0.6999835280361301,-0.21322655348449507,-0.5276318361720963,-0.22205703717612618,0.4066594025171253,-0.38101483188750096,-0.05150304626767311,-0.44693228054691403,-0.32520703953054003,-0.26042471158736347,-0.43533347853373855,-0.33261437053366766,
-0.311725291077403,-0.38837787580772126,-0.2649192610528023,-0.3111175350235468,0.31207431098061417,-0.548790374778729,-0.6229171089715675,-0.12576073545271188,-0.007550938455890774,-0.3622894702980144,-0.45043818867728597,-0.7274955559883243,-0.26196528015811915,0.5736941981603441,-0.14444130295562585,-0.2719483506959398,-0.5425912726264505,-0.5355964189235882,-0.13962184052877044,-0.649740037983582,-0.24663479805439611,
-0.2707378559575499,-0.3386162325143428,-0.019297621172050215,-0.6143408602148182,0.15868513478581525,-0.3514749041530265,-0.4148125936345142,-0.26627298183174297,-0.08004269886113168,-0.3705782870221328,-0.4128297145540299,-0.5963390518746862,-0.36749301990052696,0.33067721730569716,-0.5885893100643423,-0.17544465481875177,-0.6202426562704434,-0.5262418969002152,-0.13919644309673088,-0.35755823226658473,-0.16877855836726582,
-0.4650846388851388,-0.38630321914527926,-0.48857400413264573,-0.31846145968057504,0.08796667198304493,-0.19715092917718705,-0.5234837303134988,-0.07411405342282153,-0.5063623566723251,-0.4504381189753894,-0.40794415520711225,-0.4061361794821139,-0.4358334414866301,0.6765630735699563,-0.27517013838798726,-0.13920423399780812,-0.544234952535306,-0.5894016989828734,-0.3982837787306916,-0.7016236249354816,-0.42672627014392395,
-0.7549770748778948,-0.629841760729233,-0.016169302972515266,-0.2984585291331371,0.4514385302697821,-0.6142865402480981,-0.2688316141294269,-0.08835865818832501,-0.05900567001424199,-0.7500498978076593,-0.40576367794810225,-0.4286280366020642,-0.2860611920444319,0.2842157697525844,-0.3308249712624555,-0.19538448299120212,-0.3225282201226353,-0.5479880094145442,-0.6035473923710873,-0.549013066679309,-0.12306052644710926,
-0.5113255805439338,-0.6100043728992552,-0.08585715190782202,-0.2738052844488279,0.2855415654996717,-0.5551443699161033,-0.5074578183268217,-0.4388401557978735,-0.24572017853031694,-0.6227889693682157,-0.03903637487135104,-0.47297459171154543,-0.3648958833649645,0.24518748331277537,-0.2300519204930056,-0.33890854754996197,-0.37172263694503294,-0.38028822702922654,-0.4782641214754083,-0.5035170620524109,-0.5458472090858761,
-0.728766537487535,-0.40320730818755784,-0.19249368850417964,-0.3597191353720063,0.2596184762969409,-0.5377521374150595,-0.5336475924195869,-0.4237767653534566,-0.3223456564415846,-0.7029831467779135,-0.26631934601110113,-0.3326970089250603,-0.0993936456603307,0.3224294751956718,-0.6042617388733044,-0.4018995046395147,-0.5361275799356032,-0.697023656409419,-0.6329865602762954,-0.45659579671017025,-0.48460248095508746,
-0.46028325390899955,-0.2203398670708156,-0.45203632548545875,-0.3877886629474224,0.3277775754554894,-0.2836869832291888,-0.6932862970822264,-0.10762438856196206,-0.18565611703181714,-0.543674798815015,-0.4658364022899066,-0.7229861381938302,-0.17140321780011783,0.44289528520571303,-0.21491081205020346,-0.5519038801910868,-0.5258671926382437,-0.4224936800039604,-0.4433235923049428,-0.4854394734999818,-0.2632988777206922,
-0.5730259676331717,-0.5357502822835705,-0.4663284523031951,-0.5260978057947693,0.22232953982738984,-0.5094056167991724,-0.5022187894110849,-0.4120921616262933,-0.30581383148829266,-0.31516098670801346,-0.24244245218292884,-0.3797860403324652,-0.13889577912405615,0.4012631840583167,-0.3404015959614862,-0.509513029409074,-0.3323627783139456,-0.5108426096512556,-0.3936915442041264,-0.3113902855513624,-0.38075546067365124,
21,12
0.045802820762796397,-0.023808910554204418,-0.22924925135377958,0.06623906197527576,-0.12635548500426544,-0.2041328201290848,-0.09208219456592436,-0.17217364823041167,-0.08310550160092874,-0.3524567346995393,-0.030802460270821414,-0.26334748808324726,
-0.05985059302326888,-0.17931135910454912,-0.3050877701518854,-0.22057123101187467,0.06755209666113741,0.11677131559599264,-0.008792797227468159,0.007494793975372722,-0.06648831102336401,-0.14249584879153582,-0.14193392013405115,-0.11094883739320847,
0.1335092696869257,-0.20124221030965955,-0.09671381946976484,-0.08612900697652003,-0.10273752925578526,-0.18837467179337755,0.17088882155730792,0.23332432568270126,0.10259093170398768,-0.02200601245181813,0.07443291889160156,0.0640907063241031,
-0.14263598771399738,-0.08072934201974277,-0.10732492500649067,0.0867539624037781,-0.2840019706847676,-0.11378809352371361,0.05836750550525634,0.04296900202272664,-0.17265493125851353,-0.1423082994653583,-0.27975096189261667,-0.15973881545558136,
0.3162692080167244,0.22921421644839438,0.09437660043797881,0.17836211734801027,0.265555911094536,0.24953357568309187,0.26449119407492694,0.2270433578621777,0.2095505149814824,0.4863239729727526,0.2649582492863208,0.2813438344677697,
-0.10893031017863022,-0.10527311680434877,-0.0693401433086881,-0.2392769108235118,-0.28413237128585944,-0.11321136859636055,-0.1738607333592651,0.005485689625271592,-0.09161288182877349,-0.03392380430644918,-0.07224481051584272,-0.04381008013657809,
-0.3044889623980547,0.11858091866690419,-0.1551902912063606,-0.2792179778820517,-0.209784063519783,0.007178599272878608,-0.025510707830361603,-0.16457712559572374,-0.009709286890229594,0.05464952357937805,-0.16297711141936577,-0.2703590170978613,
-6.711307671967201E-4,0.035673740249907916,0.09419983815267959,0.1309293501549331,-0.13412207765829567,-0.21701317689070793,0.1425340610965386,0.20257554284279386,-0.040407221808502945,-0.16688540813723884,-0.2139177508124099,0.014220107517934146,
-0.09724805495041426,-0.20862126423010594,-0.013936251300412993,-0.03275505457887259,0.034258965766705014,0.2049342878373517,-0.1281443337175495,0.01661199214505891,-0.019951861557497126,0.14280384760089151,0.1681897296337752,0.2050857020351763,
-0.16976922492630556,-0.20238154483175447,0.06823937068155185,-0.27361023737799584,-0.1808090333189796,-0.03451715186513957,-0.284433673128845,-0.3022780396623912,-0.02757457089760603,-0.12045521204528085,-0.14032915972465615,-0.27373869047551597,
0.16738467567735044,0.05428500459144142,0.23474421185496294,-0.15142963874055923,0.1154770260449373,0.22326222364867082,-0.217890547989202,-0.1844595855335136,-0.2538017531215185,0.014176179357397446,0.0689673065718657,-0.0249062460410091,
-0.3301131946911212,-0.18645191549487983,-0.37900399576020777,-0.15798256627375384,-0.19676373895987753,-0.25783832467392054,-0.17486720376092657,-0.12093071467189136,0.024125134948443733,0.04761110245869386,-0.0974367011231556,-0.01998832520258634,
-0.09420826407991834,0.13502919055418156,0.04940393755802391,-0.13861940878864604,-0.05785147072803683,0.17486926647283038,0.10593101541112691,0.10032345169988931,-0.24745036042359406,-0.20848966274653163,-0.043847205853676,0.1150468143055424,
0.4329114596394263,0.4551602443096342,0.6500725755701268,0.5535370696800916,0.4911913049868854,0.539711714069673,0.4945471653669383,0.5281515155416868,0.6529419544655974,0.34608675630666,0.57379615352339,0.4686196024802098,
-0.13757392235775603,0.07226852383452517,-0.1514300207355125,-0.0053877170317280345,0.012527426514125105,-0.27307717804868736,0.07712804151477833,-0.09715674226466185,-0.08491527419233756,0.0041196611649805545,-0.023057876531001338,0.059553964806926075,
-0.026063530377316534,0.013748507917095407,-0.2583911850538318,-0.10829351725776237,0.09478895970268174,-0.22886866839939887,0.029854685884285106,0.10819896764967975,0.16985558977623727,0.09177345991738338,-0.16614997056960729,0.024966243698872452,
0.0772234806240965,-0.10674451133669163,0.012744154315429865,-0.02709036733553498,0.03319846705429943,-0.0356269542203782,-0.3997902084995261,-0.21090356179585817,-0.17868473006122698,-0.13132562593359043,-0.12513824327243903,-0.16681236369905028,
0.14990586466471706,-0.21597060325910347,0.07292614115036353,-0.21882862584779272,-0.05154096739280326,-0.03780655915143367,-0.36559946998053927,-0.3183673954839587,-0.19373054368021503,-0.29627609281415085,0.012460820585039972,-0.28799251569287476,
-0.23467901743444344,0.05245322000012936,0.10781971285140729,0.1426062988193545,0.05588197305692274,-0.06241471880415777,-0.09353057360628339,-0.2563856666640037,-0.19695990457161222,-0.032959730298972534,-0.152230514376726,-0.09331452072555291,
-0.17097172321380366,-0.16089782713209455,-0.2544442200991499,0.15545194228587825,-0.25750832898283016,-0.21803554268490924,-0.3042851733021446,-0.23445643736336397,-0.26953508219383215,0.012618740206578502,-0.09222480392336445,-0.2017392808512129,
0.02773021227826545,0.015171905809273117,-0.06208701574260611,0.0896698523000179,0.13016647130382847,-0.17107725814547692,0.11147515481335392,-0.18319867158008882,-0.07379500301622738,0.0048934911470031196,-0.14143690075858376,-0.004989518080340748,
