# Pesos da Rede Treinada TxH=  0.7 TxOut=0.02
12,25,12
12,25
-0.3464686985205243,-0.26528836766309977,-0.5098729327604811,0.8958133270398893,0.5306719142645661,0.5985361899353099,0.8639610857157227,0.1385763052520644,-0.2794623616874606,-0.6827324210918198,-0.17815426535577286,-0.2906717466221092,-0.18183078303797393,-0.20586798840789217,0.7839899814269571,-0.608834568561533,-0.37168681436077833,-0.5651459778387561,-0.29228953807510283,0.7192566356473871,-0.2663110121329875,-0.5020511428457137,-0.5475915697906931,-0.4449670437247351,-0.20596188078936073,
1.6288687855721833,1.9533915388533827,1.5922449434227555,-1.5913940753617057,-1.619965387563876,-2.2727669338277754,-2.306076708708838,-1.0380651807059207,1.675982247217708,1.3722549732907352,1.397538214212203,1.6551934750178072,0.8529683116488294,1.4186136630019701,-2.2473635899955315,1.4532860452407799,1.4954807630956446,1.787805746554853,1.2738726389148427,-2.187222408857417,1.2518801581654335,1.357264556848162,1.4654860458092385,1.5748595498781917,1.4277185662460459,
1.59940003484728,2.134880529657378,1.6020137609466643,-1.7355988864049412,-1.7565782745062855,-2.4426193811262698,-2.4331364439603447,-0.9833181559471432,1.7503161780658485,1.8535270287404346,1.6743952025503082,1.9978371392894076,0.856312217116634,1.6581740914653023,-2.103254792886259,1.3684611810530651,1.6799962472198808,2.258538115217713,1.4521410209784864,-2.2721962972022745,1.6078606846735208,1.4163241456691285,1.3544898317923741,1.7059457217627993,1.8054903663645478,
0.8463683866366865,0.5132744432703626,0.6285974060773,-0.9790910000741233,-0.8033275626845431,-0.9086382095830083,-0.8985501120882867,-1.0378088296285213,0.7020890701527394,0.7285389257010908,0.5827914980071335,0.723881383039414,0.46327258134526506,0.7099060245298037,-0.8722435378860156,0.6834284013839498,0.8695028505982942,0.8002604128299385,0.7114525704365847,-1.1770730307558182,0.4559373843574348,0.516439343880328,0.4791171739747248,0.9032520409563629,0.5525964602582843,
0.033500330890709126,0.07121516803493824,0.40639338051313983,-0.4122228647430119,-0.4610622239607456,-0.019818804196267505,-0.05324130419240157,-0.49966621439211034,0.27901873840746055,-0.025073340897018646,-0.05387972554156608,0.06547310853519966,-0.06440229403427095,0.1099174497236288,-0.22988227901729552,0.0367614541143542,0.03582480910941753,0.24622606020459986,0.09882770457932244,-0.11619746533671593,-0.14137648158013597,0.29880681705907397,-0.1783168342585552,0.22686055305509714,0.28995202642769774,
-0.7082363416757734,-0.6164402282852154,-0.48634210534760924,0.6882269270385852,0.4714951288103304,0.9910407347466611,0.9033396597212073,-0.06472663698335743,-0.45993475310648196,-0.618810808473498,-0.6497899418302495,-0.7818942714761061,-0.5968484598078413,-0.4973032672077624,0.5443730866838904,-0.40139394003581563,-0.9067180527258887,-0.604568499418115,-0.7416244800381468,0.4353338872212159,-0.49843096583497815,-0.5514499359780565,-0.73531725155189,-0.5258100077703753,-0.6212889129060994,
-1.3466344305649742,-1.5804756209662643,-1.1026166876572538,0.9262720607454308,1.2872042808189146,1.6054025795658184,1.849345125079954,-0.24116553602280977,-1.070905777630481,-1.3303173554281198,-1.2456229547543716,-1.172433222276263,-0.8522471981295942,-1.3581820034477938,1.6961363854580547,-1.2428482999299206,-1.1536495754377247,-1.5701783291863771,-1.2217063841245808,1.6475108320402516,-1.2375778648732805,-1.1574210327517656,-0.9509544659497422,-1.1633457433635852,-1.4948127133033418,
0.24754651479709294,0.1942146353390038,-0.10926999484295251,-0.12671816885697462,-0.4045545195605703,-0.15562710616327663,-0.44612480668705207,-0.46020695674802925,0.044960116012924906,-0.18781267464015988,-0.014947096813724886,0.09438874008445104,0.008586362120038151,-0.14223575731498223,-0.29422282923409965,-0.01961319203528744,-0.15838134577798826,0.16103353490161118,-0.09053214043952307,-0.2890831388214741,0.20932966899473654,0.18338393479253706,0.13835244143665715,0.01981871123262662,-0.04053722580214521,
-1.2027425427026104,-1.2131178036324461,-1.1169428353009407,1.0181304480322386,1.0575999285195767,1.3706713210751567,1.5255649847701755,0.0241096164118161,-1.3140346343925924,-1.2906190040113836,-1.115140072731031,-1.3891539693519508,-0.7298203758485112,-1.052630802893019,1.1052580394127154,-1.1294974957451895,-1.0298945000032438,-1.4281530842077188,-0.9934339886620598,1.5569783226353535,-0.8922544252205042,-0.9257031536171408,-1.2100644029188765,-1.2440413882759351,-1.3788798745668658,
-1.3154625481293292,-1.2182173692235811,-1.2746503682849402,1.0072236321604535,1.1639842361345474,1.668736852153264,1.2149278364151532,-0.17453621676896683,-1.3454066569282455,-1.2232042061822732,-1.1723179237443824,-1.0561178737498287,-0.6788010352231362,-1.216707041780392,1.3508382719555352,-0.8558284871851839,-1.0884340039846274,-1.2970508274415014,-1.019518141336734,1.4802772261102237,-1.1971346315417952,-1.1739099141205844,-0.9394920929507526,-1.15779840782456,-0.8667271043062821,
-1.1731233777966361,-1.2093593318157292,-0.8295768146459879,1.0164400519036063,1.1149597150813977,1.3895365771043362,1.4554518444639064,-0.15950506105218087,-1.1369166022704875,-0.8756221624299674,-1.0112032842998562,-1.249054205729805,-0.9800628972370745,-1.061767497043287,1.321685043878057,-1.175226449342146,-1.009503935491748,-1.1145680568769656,-0.9056728784129069,1.4684671762380024,-1.0500552371061522,-0.9471840331752202,-1.1240555492855602,-1.0490746617469275,-0.9876923292090882,
-0.6543990637465676,-1.1073762980974347,-0.912585553175631,0.32830616993982187,0.616529075150894,1.1962705548230743,0.8413847150249519,-0.5287351634856892,-1.0173429017572508,-0.71605697926127,-0.759979834979646,-0.6981460326435831,-0.7467873280502528,-0.8227937529407766,0.9549597797523988,-0.5161587235462775,-0.8706583003285384,-1.082265871277617,-0.5732227859186014,0.7585503344657245,-0.7812152165534179,-0.8991672683507899,-0.6342700053337608,-0.9635516639556345,-0.6503741803819171,
25,12
-0.15162298531448837,0.0658288123032645,-0.12245127280476038,0.1722943320960016,-0.1730585264463203,-0.04019071493794458,-0.007757889559479996,-0.27639826824041414,0.10877699391093759,-0.2562093632877289,-0.1357144808149675,0.03933434699132836,
-0.06491026770619485,0.015428517118031053,-0.07182874941432797,-0.04168077573859367,-0.262278345364038,-0.14133020703969634,0.055961559037203186,-0.006646409970287359,-0.008817285341432996,-0.2744495517208672,-0.04062119775928049,-0.19119336230777795,
-0.23954994628717557,0.060025992649284016,0.23523609665771766,-0.08076131887396622,-0.0021108992597719295,-0.08953895279914066,-0.23686357286992687,-0.1393387905073838,-0.10854167365529148,-0.16129693421155397,-0.028999294323838003,0.13207841160858744,
0.03511526879424962,-0.06641325872408689,0.19453045488082163,-0.1375771297715677,0.2892199980177212,-0.10087254536832754,0.1359697932022486,0.19655544944880765,0.24557447350402553,0.19498175555818187,0.14631015461107846,0.13487385530394289,
0.15448190725135746,0.15777464528753332,-0.07406693912211003,0.08052265022280093,0.05853448257690596,0.16753950207293078,0.020218086857373977,0.2805858819725153,0.17023318911316396,0.006149494815450776,0.2808349848397269,0.20097441995302703,
0.09714424259730942,0.25597346940503546,0.26400691019893374,0.28693027339486865,0.2234282776838551,0.3556880982870116,0.3360692289031109,0.25570915821605894,0.21048749570720024,0.14021383282388494,0.11298517560634484,0.1535291685752185,
0.04630489719518674,0.2959384809967425,0.18291096965153714,0.3742029341922074,0.26760920353585477,0.12661548889465668,0.18714721278274782,0.0969937061395482,0.22726607947689062,0.1672800527425941,0.38901664902801547,0.14571295066514417,
-0.03419008490107904,-0.15671004488899057,-0.06748705271601331,0.017074914422813864,-0.1013493504827011,0.1341959023566078,0.14576247260739375,0.17306780532121654,0.13437348912002875,-0.0017623992035615437,0.010574816286458578,-0.02495753134808305,
-0.07819075217267206,0.07960018975975655,0.08497076441692972,-0.05460703116112369,-0.06517648486404248,-0.17530223386550753,-0.2805607835932285,0.055456516363136636,-0.019617616149334598,0.01939815338411275,-0.1529819248245118,-0.18527289897618027,
-0.07602093785857962,0.032300836031220276,-0.32137955043918565,-0.2266937932459549,-0.13697374785282443,-0.015941652387026967,-0.11805624842431854,-0.08898409823002036,0.04170548045308715,-0.0681622581379022,0.07940417752370975,-0.18841189481133253,
-0.042801313496551106,-0.14208720063167438,-0.11929161794919568,-0.03512292568874786,-0.011342407611033787,-0.13665276194413992,-0.028050359434444814,-0.2336082955746685,-0.10897612978806269,0.01992117213302591,-0.1723422806949131,0.09174206104233186,
0.046658274011060916,-0.05313236591845388,-0.10679454500021267,0.031541397315789026,-0.08074187568719607,-0.11717219395051352,-0.1653561646074587,0.11563924246570262,-0.13871458271014983,-0.046716834331668275,-0.21240620428734538,-0.08811318220655623,
-0.16128326989524017,-0.19315117815076951,-0.06161110458978515,-0.06354367408544984,-0.019886683887087902,0.015786892546612426,-0.04098317023418781,0.02391302549099375,-0.2279076698915467,-0.026872998445074115,0.04848986899721563,0.05791514346236525,
0.14352689974148639,0.1508802080523677,0.03644679726625368,-0.1690470393526091,-0.13414597231714528,-0.18378822818579651,-0.09623117753782937,-0.14082674846318083,-0.23798967067683963,-0.021978210543221206,-0.13107788353205027,0.03375642328950442,
0.31923172260019805,-0.08470761922936154,0.1512426116522273,0.17544146907047942,0.05684437305880907,0.27558027478335084,0.17409654151304385,0.26853164148031133,-0.039870643524417305,0.33046724200001815,0.15062503987116402,0.2575158221090598,
-0.1446079916079939,-0.17944706184574313,-0.10868440687307913,-0.271426476222169,0.11615577156666781,0.005800375002548837,-0.026364223684349163,0.0613421727459425,0.01143711504238382,0.047432727905318224,-0.2806771902347633,-0.11937379325595554,
0.0651394182380736,-0.12005963782411498,-0.22636483018927903,-0.17271461954965056,0.05339721455469244,-0.0515561887976602,0.040030056349923675,-0.07150566086823817,-0.2265461625918905,-0.03703692150327457,0.06593573479616802,-0.27294494800810964,
-0.27262406007994283,-0.07267180681617022,-0.02890624344401049,-0.19521081355077316,0.10573883439899322,-0.14105035059625393,-0.21575724524659415,-0.17235132519878185,-0.20431158454430345,-0.03749840423604779,0.03449347405392617,0.07248555505335477,
-0.008057158643266853,-0.10391400588838624,-0.1507600319342391,0.1650208993968525,0.06024846741279912,-0.17438574280574937,-0.07177026060567535,-0.18027861699032516,0.023155015613274137,-0.035839927690780225,-0.11544079021705066,-0.09007203551971982,
0.3624030319631442,0.2613644168865116,0.20545746610452695,0.07788931488983147,0.12780991677936518,0.1434794644118745,0.18452367122137545,0.014772441192045523,0.29032659559734686,0.27900192609192037,0.041646684287483506,0.19887567109619106,
0.056169131422082366,-0.11486077040816527,-0.05837636841040087,-0.12279609299178527,-0.11929290342612735,-0.2994910991397853,-0.01709058042532428,0.04479888933156687,-0.11092407876136977,0.00781722460293639,-0.012827404821459895,-0.13287770816539254,
-0.22180315504509593,-0.008432348370294792,-0.13646927989264496,0.05331823320862982,-0.051314499409712465,0.06414985087399327,0.10589474277502858,-0.11879650907832676,0.03869576747240878,-0.14197081502160636,-0.18456614714676242,-0.13597269768953393,
-0.049796227511026525,-0.08597435965404408,0.024388512289839792,-0.23274704761320303,-0.12308212018468206,-0.037947715012510576,-0.1315707202237447,-0.3302279132388128,-0.040968462581346295,0.029633403104596105,0.022088895244923974,0.02922476879537505,
-0.0659049329027482,-0.09708055874719501,0.04701962804375,-0.019001013529396527,-0.2016236099219756,0.22744054148962303,-0.10708135566068384,0.06230093396597105,-0.15212657898892526,-0.21005244227228392,-0.14268877906345404,-0.13640840434510978,
0.03561047204464681,-0.1261091209219741,-0.008743732371907823,0.14562115291217279,-0.12030709014210653,-0.013175638957123557,-0.07087686181730828,-0.11417551251661341,-0.09692418601238462,-0.17422671348961657,-0.0018906306478384705,-0.19691831613568117,
