# Pesos da Rede Treinada TxH=  0.8999999999999999 TxOut=0.08
12,29,12
12,29
-0.702018320756937,-0.5530912017358813,-0.6369328460517139,-0.6503250633588582,-0.6284718056031194,-0.3099409082314043,-0.4570972178894447,-0.6113421530381808,-0.9446053191791755,-0.56664233590672,-0.4809020364884272,-0.8403160902780827,-0.7823497500249005,-0.7515076030290018,-0.6041879571774424,-0.7745937968929656,-0.5865515855411777,-0.7230548008302236,-0.43518480853021124,-0.6495760221290188,1.4341057484935524,-0.16282087816481164,-0.2998757599377465,-0.4791935028291283,-0.330897565230583,-0.7148800851856851,-0.885891598289838,-0.7460678864817888,-0.6632166329524853,
-0.51412106875283,-0.12027542853972997,-0.1895768289465105,-0.26835547060374054,-0.434564704106331,-0.4980341408341832,-0.25810747606045936,-0.5706901240855946,-0.4994134536684198,-0.4272147842633951,-0.31024840657287583,-0.6097247408663743,-0.2688303703761858,-0.3016261981281384,-0.46004406352628374,-0.12182042383351095,-0.34369534377828,-0.47039493891600337,-0.3002071929193582,-0.4583894286940708,0.7983779646338356,-0.5548302863442806,0.05106711766402014,-0.05396782432540565,-0.45803402258952497,-0.29646631345339125,-0.3939342757867384,-0.44012865021334246,-0.22571419402238888,
-0.31096508322871197,-0.4082642218691184,-0.11831697464415078,-0.44079945740056303,-0.2903802165097543,-0.542258779298058,-0.5496811676406613,-0.3162623706637522,-0.5691314639653648,-0.29865528913651024,-0.34537440269553016,-0.3853133704330133,-0.4620576448025916,-0.590523527155707,-0.30157505084717023,-0.17793946897764806,-0.26893038005161696,-0.3306195780973069,-0.4725209314784426,-0.14626670718038248,0.6699553138728274,-0.6036260060623885,-0.3297599093339293,-0.40131502166881694,-0.33119569688131284,-0.3825837923138928,-0.42031862479726156,-0.3841760213260143,-0.03547821784837086,
-0.4100810893141186,-0.4954999246592422,-0.5894277338552807,-0.7744720275269572,-0.5145211185909557,-0.49272016151150727,-0.7117120053486858,-0.7622828887537914,-0.6528091446949046,-0.7155457878075199,-0.6226120295279127,-0.6266165586124305,-0.44740664556370163,-0.5331074685184384,-0.3879177592652264,-0.36082734392200505,-0.5096052907245212,-0.6441990799762658,-0.5865426645739082,-0.5234663973064736,1.317244871082791,-0.14269086319451396,-0.3719912389680795,-0.23870889597345013,-0.3569959125060051,-0.3450705345544677,-0.5268107988122888,-0.6838161081235812,-0.3367497787870351,
-0.8629407994678634,-0.5162944433945433,-0.6489946467838676,-0.5458199128289266,-0.527103712553423,-0.42173898009285016,-0.7561729959892793,-0.5738369312030285,-0.953082887711197,-0.6137453280063148,-0.4598835850112015,-1.0407197753352126,-0.7580237081073025,-0.679513862655551,-0.77338926454906,-0.6800455382219537,-0.6081356965575683,-0.5232385695805668,-0.7919942837502333,-0.667173960466855,1.5743260740104388,-0.14885324699424332,-0.46165229927792567,-0.42001751510842483,-0.44337186573772136,-0.6047668419471887,-0.9035294944033191,-0.34165859706968915,-0.4592865135440108,
-0.6354262221918932,-0.5516768926718372,-0.5712283662796972,-0.4359986063015991,-0.4216064911693749,-0.3609465782481706,-0.5711458150599392,-0.8545676876458137,-0.606254412037904,-0.5601456682118712,-0.7269469865342246,-0.7368031199625277,-0.6811124728096709,-0.8795791354274042,-0.39386676050519437,-0.4527057790062815,-0.6415889506492658,-0.4661621035604675,-0.4594257352458783,-0.6784676471919167,1.3713785905982119,-0.5375278239644865,-0.5425858864060393,-0.6811012305600724,-0.4079440136973882,-0.4436602835380375,-0.422440523324684,-0.748345951272069,-0.5052501390616958,
-0.8508622918002013,-0.8757225768326736,-0.5769907015946495,-0.7278634818383637,-0.8886408784439348,-0.4221780260186458,-0.8979864899846507,-0.7978444667205956,-0.755796825580296,-0.6864090330684636,-0.7112197467341569,-0.6932595411255762,-0.4673109288662062,-0.8267967341936103,-0.5238477798893345,-1.035895726371207,-0.5593744660820488,-0.70441237692664,-0.8841459690005316,-0.67585475689869,2.0289244259028436,-0.0822724871863526,-0.7324145579261173,-0.5537565774765772,-0.6184913868007546,-0.6289911706288221,-0.5476583481151113,-0.5499614448991854,-0.5331212862258287,
-0.5740612185780398,-0.3627652411699825,-0.6299262475956308,-0.4717044581320667,-0.3158935442939232,-0.6276644630273409,-0.3694805062167728,-0.6056898844549208,-0.5295780906219031,-0.6979096637694595,-0.5442000151827409,-0.5824100696699567,-0.26943969933320017,-0.6961224073837697,-0.5492947313077672,-0.7153826941721639,-0.39540934730333954,-0.5333707014285062,-0.2453170618329417,-0.7056750763350192,1.2344371284650162,-1.0461745670257576,-0.3674064617563151,-0.4838096976329707,-0.550454803018857,-0.6300629194158786,-0.5141739945813444,-0.6634881407062868,-0.5008227758294147,
-0.6736842249325379,-0.5537534673300883,-0.6498656789062246,-0.4868472817844306,-0.5098873877346211,-0.38424690254957355,-0.5699690459205071,-0.44891771034401384,-0.5840660199409529,-0.620273363850749,-0.4707360817382107,-0.7020621227809025,-0.6042097058116541,-0.7887001837444183,-0.5949238351015604,-0.7390369368023115,-0.7872386111908882,-0.3924042475134415,-0.7938198118766957,-0.38289971608804096,1.3334917256042502,-1.0043608993686373,-0.7391693236463734,-0.6031270823744775,-0.5900938807623763,-0.8629219919555388,-0.7738718165808822,-0.6326688309083369,-0.6065919086436781,
-0.8720160541433768,-0.6466655734619258,-0.3570269589274872,-0.751875626948694,-0.5981007399097251,-0.8761749476799761,-0.8874425375885786,-0.7837583568051171,-0.6520079910102843,-0.411943071661112,-0.7596981828522689,-0.5817408744348398,-0.6352602827300914,-0.8104695061997311,-0.7730343231929173,-0.8678259760377964,-0.5265256170372694,-0.4526390215047938,-0.6040981980795362,-0.6074878506809995,1.6529715623437433,-0.5673079465682218,-0.6838468384884032,-0.6362893865455352,-0.6229771975486085,-0.750794024721788,-0.6622984589902219,-0.6595696861161146,-0.7800896538605991,
-0.5537976627319386,-0.5744086130039192,-0.7395118767884019,-0.4378320399827085,-0.8209823047984703,-0.6046703339671875,-0.43175137278746545,-0.6805968202038338,-0.4956550966203729,-0.4625597652939238,-0.7177661129724194,-0.958048116054937,-0.5555944866636024,-0.7515437079695876,-0.6144256554548987,-0.7255180726169163,-0.6488032618083317,-0.2877146533811995,-0.8360068053470598,-0.35358048540606224,1.396163046092048,-0.45637165054765616,-0.6649482684612679,-0.7976642657479308,-0.7752689250076971,-0.8481139295214601,-0.8515692617871535,-0.36774610869030466,-0.7921952122214742,
-0.7668839698489842,-0.8684951699300604,-0.2764093919486779,-0.8598619026394796,-0.6326527262892081,-0.8642120631638547,-0.8132387269941665,-0.6428813146695884,-0.4828631691022153,-0.8389330293471553,-0.4489541887152992,-0.96013937101482,-0.6138884761473985,-0.5003060671763844,-0.7076448432957742,-0.47010997052523923,-0.47812980577023867,-0.763386813126756,-0.7170543281224212,-0.6517072199633541,1.6665970354317157,-0.7476375457402551,-0.5579605966899265,-0.6458573690214093,-0.7045736802278371,-0.4174132856923317,-0.5082744784037803,-0.6666936857933026,-0.6541513073204566,
29,12
-0.28855428674159894,-0.08630338918802911,-0.024155224155378876,-0.09299194024264303,-0.18097632989573115,-0.17100433815359142,0.11928343049634699,0.09463382601289236,-0.21190692209508608,-0.15224360562218553,0.018188111831441055,-0.1411718305060357,
-0.25170798699074026,-0.0033838912254734897,-0.03489358534733096,0.1314477219394485,0.13508175652881022,-0.01482187557134678,0.045380245392387525,0.08528370217449434,-0.24761047939696926,-0.05263392889427957,-0.03216858222884212,-0.14179732024084737,
0.09798765836102992,0.12509721438381294,-0.21484194478810165,-0.2372252963900212,-0.1819830079764258,-0.18401976876976017,0.10015304483110277,-0.13944546473515212,0.1265503172729678,-0.18076009917051675,-0.16044767248642922,-0.15896651506520945,
0.06608094135691603,-0.22338748559409247,-0.07344231959891034,-0.10611813445761928,-0.18280950090367368,-0.028772178067017904,0.0884403533399108,-0.18100485190181909,-0.16765589452237178,-0.11904781364055277,0.054197452069654484,-0.3070968782967671,
-0.07975171211619682,-0.04161249792441391,0.17482940309827816,0.05790211429807606,-0.06247587222883115,-0.03871278571910948,0.08064058739743905,-0.08666721507025323,-0.26491403740120195,0.0643204280928572,-0.21832496728612225,0.06540426224251555,
-0.08931360763092544,-0.2608133428981422,-0.25221714259955075,0.12808465127840152,0.012534377209477407,0.011498660482573534,-0.0035030639271460117,-0.1479373863887298,-0.05849619428322271,-0.17431643769147026,-3.0288595697800305E-4,0.14110737131309514,
-0.195245766429492,-0.11052565407248748,-0.19138573905525164,-0.18812806886826963,-0.2328427375359064,-0.09477752056924302,-0.016817294644091593,-0.04650629663981428,0.04024681267115552,0.060220434425869315,-0.08611144668885078,-0.07000162650178188,
-0.21337138583493184,0.05254110103380818,-0.07628584204649495,-0.1322420385009589,-0.04016015538261854,-0.17383932150430376,-0.1440888392073016,-0.15830031163295696,-0.21129292782964704,-0.0524621584900252,-0.05452796338202804,0.09044680506682667,
0.06203531788807429,-0.04210631613180937,-0.18266728145634256,-0.19000391209091333,-0.20264117689094932,-0.1662697936374705,-0.11975989122590325,-0.2669401223703497,-0.1299925703145545,-0.01066392078323113,0.018316679937127104,-0.18874686598260124,
-0.03598725609891121,-0.19056836591449328,0.05703795303707076,-0.18579210279994632,-0.19598396747515637,0.011301965644593796,-0.03022952317359876,0.11834610384820295,0.1413345356369736,-0.2109250537069263,0.032982595326835035,-0.2701440331259188,
-0.06936365676078436,-0.1814577538665526,-0.04088780483019998,-0.101322210772377,0.07338069656385343,0.11521587765054475,-0.30361945089727516,0.10817323069358085,-0.11423602879165103,-0.06219601126757614,-0.04675569542305195,0.01380878029363857,
-0.22369205301942088,-0.24356838352042215,-0.16432588662120715,-0.11952092609305338,-0.1395864847093445,0.12070353783731974,-0.1821532609264661,-0.20402318137387934,-0.2395866530988313,-0.010536552074776755,-0.11190941704012637,0.03949903379192492,
0.02643438662102026,-0.2669704078791522,0.016331498927396028,-0.09412673322543362,-0.09218841250698917,0.07107696681818948,0.0562954028235596,-0.237714946313242,-0.03164181599733589,0.00611409486788379,-0.23159129483063698,0.07606519152876665,
-0.31789957960534554,-0.011826819276383554,-0.10769208885698561,-0.006261822744674263,-0.21230385075704522,0.03868550867062309,-0.2189141962975468,0.0695676675538387,0.08639604200455514,0.034118793571098566,-0.26209334774566206,0.0035097445769142026,
-0.05588190795324905,-0.07313926837110418,-0.13584170464787154,0.17223402436346116,0.11671931396828296,-0.05283801495296053,-0.08217631657015306,-0.21272767480698496,-0.13540237788953546,-0.08993942007274906,-0.14074806096936796,0.0392086498268423,
-0.07829641692229265,-0.033876452636317014,-0.055678529885344503,-0.09989720666729908,-0.017885053637207077,-0.12891140384383115,0.09362475460426967,-0.018737073446361517,-0.10594429507894153,-0.19130280258369195,-0.10343470465816533,-0.20764412531231205,
-0.041249185111896666,-0.045797426787459315,-0.1262028325809624,0.10803147536890481,-0.13043211127254134,-0.10052722359872698,-0.10443144066039224,0.0044128167386554,-0.19473515073944606,-0.17499563774140456,0.10183768815237633,-0.15137303468547444,
0.0754332677301447,-0.11097336473266153,0.15316506316935058,-0.29163873472325036,0.047569279144900695,-0.19162797837299791,-0.32403551283798726,0.15756276466193173,-0.011338695433599633,-0.07860175007449592,-0.005924965397971006,0.041536724833591165,
-0.2648948239301355,0.03362906819244001,-0.1716434398295015,0.03211636876456586,-0.018526621189452416,0.12639054236036618,-0.24694828808272712,-0.11994826886135933,-0.08521316642733422,-0.08409761949870438,-0.03603758294249317,0.021956503166307824,
0.06590572090484725,-0.13105963334806853,-0.07907915672100581,-0.1610701689698237,-0.055655240254402195,-0.15885537054075327,-0.06876252728446164,0.18137796053407196,-0.0572561491033346,-0.055079905525127745,-0.17791211265260065,0.007377890054747316,
0.6537986492022982,0.5940709962393633,0.706232427036933,0.6662386062023835,0.7150808566733609,0.7173123618603334,0.700684401090154,0.7558429776416012,0.7427646516241228,0.7492894147707835,0.7100198259078545,0.7587623402586574,
-0.15810294455870164,-0.030736637430127754,-0.06685496899539586,-0.10770630616702657,0.048015354932561996,0.01921845936920435,0.031382586717915974,-5.82734908668344E-4,-0.0042115186040942365,0.07677790711200191,0.08242124341423862,0.09162906592116273,
0.015551037780069166,0.04882821792308167,-0.005931472031421324,-0.016287540218035836,-0.09371367268456113,-0.04371010890073594,-0.2969502136592539,-0.08743599767612335,-0.11620041295567926,0.10037965803846632,-0.08415535940834779,-0.02904850755523539,
-0.027651569157619016,0.08903447969308328,0.04529762271288195,0.0896132350709703,-0.26976619355950004,-0.018421464891866354,-0.1430099800244193,-0.15441548150555365,0.08884420740456576,-0.12827106273191025,-0.007787745149414927,-0.021576080906940732,
-0.16169066347346625,0.0035141926129157713,-3.835792067097303E-4,0.11428544054744928,0.05088715425861142,0.04828686250120124,0.10302052270631265,-0.2566121280301704,-0.07500494060040853,-0.09757332408558578,-0.03262129807932231,-0.12717896311058693,
-0.08314278271533725,-0.25432589854216914,0.015717935140874162,-0.008082211815029218,-0.05426077048280602,0.1826156022489979,0.02307918019657784,-0.19020783531505303,0.17717426759357838,-0.12836352994709266,-0.14130692817956986,-0.07823229383956573,
0.06046339550624196,-0.2666840085776986,-0.12688533278299707,-0.115239719491943,0.005667541644711125,-0.03831661233104428,-0.19818084362757402,0.020075999110702736,0.15860275646017014,-0.17681102946756058,-0.16871673108001992,-0.007165498943111353,
-0.14805988324367114,0.043163528136750264,-0.1656530444708735,-0.03647508303964076,0.1512231298581606,-0.20159978413434354,-0.0873823459912743,-0.16238996365234332,-0.19310804911587495,-0.03942918394479878,-0.09053404223225688,0.08251694524421194,
-0.13317336674300914,0.16575392756881238,0.048831642265749084,-0.1386044295707402,0.009700415225755493,-0.2409593009532698,-0.12323172238883467,0.026370786065445087,-0.16915941253618455,0.11456661925312306,-0.07632627074032189,-0.2563964784966851,
