# Pesos da Rede Treinada TxH=  0.8999999999999999 TxOut=0.01
12,12,12
12,12
-2.6236316143250447,-1.2445911424212623,-0.3913631138646251,-2.6940971898077084,-0.8500438712576784,2.89617946880967,-0.7712129228851654,-2.2461742035808583,-2.3267711483997986,-0.5255168732349846,-0.30449202948180987,-0.5078747018733926,
0.10604944586172038,-1.5972417147302835,-1.4482650080010213,0.14766335734515645,0.8198923523536633,-1.5929267092937556,-1.2243335522528778,0.27884352993131306,0.45054248665139496,-1.5017531561851238,-1.19228133293495,-1.1703709391657067,
0.5946541688984995,-1.91989119386363,-1.898895703188947,0.7858349253523966,1.0369338528392762,-2.642033416794962,-1.5825175234766349,0.4602875673737861,0.634962461970214,-1.5597151219071057,-1.9387203085746927,-1.9508150421851425,
-1.4442094851044527,-1.5467416363574453,-1.0873720902135002,-1.4417436263930543,-0.5391403208844067,1.6630177748410808,-1.3474650968285837,-1.7268030120610118,-1.3352874498231917,-1.7036522351082541,-1.3236177365956248,-1.5878457356906224,
-2.29473403730768,-1.9299519259258235,-1.4526049439127207,-1.8444394570258937,-1.3729485044928165,2.292235080893066,-1.276226770711503,-2.0047742989674675,-1.9210201790187051,-1.7896069979787972,-1.290181721202116,-1.480646221400399,
1.0504731429669707,-1.9549989669124859,-2.684904944535489,0.6755150534141293,-0.042229758349132014,-1.9455950584579407,-2.412361162688649,0.867271653290548,0.7201719502695739,-2.218924490197337,-2.8882022307702355,-2.4381549734424186,
-1.6423437993523515,-1.8485786355673925,-1.7440371393706167,-1.4481150553735493,-1.4559454342980693,2.4189810834451486,-1.826087315205048,-1.4912375483912883,-1.4215309862245558,-1.7271065688435605,-1.9792120719770898,-1.6189882095487655,
0.7294551835465186,-1.9683722744848036,-2.3640896773260045,0.46433896723476864,0.08500281637032327,-0.40989801886525973,-2.307027677973218,0.4360870065675967,0.36081826761692865,-2.0981781294100847,-2.635480272501285,-2.56282191304539,
0.09933656517264486,-1.7258163460387415,-2.0280618363182334,0.12682034677068857,-0.5642405151647283,1.1676880992501224,-1.9753369928084166,-0.019639082091732166,-0.16692855660801248,-1.8006000436314962,-2.3158837527520415,-2.180106838202936,
-0.2743741967736812,-1.855854433577839,-1.9114495159216243,-0.3697190375189575,-0.6867049197706241,1.4886581435400987,-2.0028257015212674,-0.23433676624242852,-0.42395203709333384,-1.6427763670999083,-2.164924714864351,-2.229792719104634,
-0.2906599108868919,-1.9933812736783203,-2.03171286119959,-0.5589115181595221,-0.6853746146461711,1.2570418147546278,-1.9090891709941198,-0.26142277675768916,-0.4156903598555986,-2.0404900429198096,-2.1012750727732317,-2.1553915656435643,
0.7554481932919525,-2.5768799840887193,-2.883759146586399,0.9528750427617001,-0.6514643425743538,-0.8998389045015848,-2.8867715795900186,0.746532470429468,0.782713604846331,-2.972636632207011,-3.1433864450425526,-3.3044021888762782,
12,12
-0.46153624180064573,-0.3658274035291553,-0.34388010778304207,-0.3366243367397416,-0.4361036521543246,-0.7027752272145859,-0.2956374644556895,-0.29098435259353644,-0.28370140910815744,-0.4433253475436397,-0.291591477968347,-0.461957504935094,
0.2156366854626486,0.1329615328526968,-0.08892189657514078,-0.1632496148555818,0.18154527839711762,-0.0206903287272158,-0.1507774187785008,0.09266259763563715,0.05598689423062892,0.18689530694151868,0.2628637164737945,-0.1440280186000246,
0.2273747400829726,0.19299412320607798,0.1372506493548222,0.10431578598895427,0.06952796925923263,0.09698458500005158,0.15004028510582615,0.12971782614086175,0.22410851780291885,0.2502302334494222,0.1782880694891478,0.037735691375741495,
-0.22354154658683495,-0.450096171945319,-0.34609309818624634,-0.3554207677975514,-0.1951407564787446,-0.3751618331215732,-0.2740584112441427,-0.5143190787080267,-0.44905464040717324,-0.46052001517893554,-0.572249047379923,-0.4796824817161837,
-0.3925097665063601,-0.20273225752663251,-0.3852368800580725,-0.5544610434840853,-0.442536328158059,-0.2465631420913052,-0.3383105825275741,-0.5650783371055998,-0.37175596036427816,-0.34804521783992,-0.3340053883150917,-0.5751668129786672,
0.7636524681491357,0.6799412809500321,0.7566611175967375,0.7341880636659317,0.7828140984644196,0.7603285134572716,0.7846763678627656,0.8202959584618885,0.8080168756508092,0.8417494222728167,0.8198621819860933,0.8199710572306946,
0.1819939417344124,0.08721721536299343,0.165083286946748,0.17231787784410987,0.047806773863494925,-0.02581327124386696,0.14315271016141864,-0.009214587332602083,0.06212408774119563,-0.05347936429711663,0.13245632204974367,0.15198587259760934,
-0.31422260766054166,-0.31765106280398625,-0.48811697909625223,-0.3718168938267326,-0.5240541829890896,-0.258743343991653,-0.5316597380819706,-0.41169964948403415,-0.44439054597341004,-0.5315565471225565,-0.30574056765744706,-0.10564007863197557,
-0.5320500025078052,-0.33776328635873654,-0.2987120327599513,-0.18312400287315375,-0.3322950837201408,-0.2601507024696334,-0.5063292638611196,-0.27211319001157563,-0.4800064766705202,-0.33196610680524585,-0.5521305530238201,-0.3754366136295545,
0.09473828544889175,-0.012603461983410835,-0.0018716804070470956,-0.10569979765348976,0.22988584161588646,0.03055908573168225,0.129506445142282,0.20734496386624207,0.24725339834676013,0.012332050743326894,0.12817101364851666,0.04362281478566607,
0.31481953556478454,0.23726133495691756,0.35080399889641994,0.3388947360784078,0.35392306755885355,0.29887841246127056,0.19783852580181366,0.24028191788826753,0.3159184147572221,0.3402759745160651,0.2890276386478774,0.24646771122601993,
0.16090445529083208,0.05467106125656561,0.41257427049861783,0.12588965804359667,0.10428877684783676,0.10537879624475639,0.15065545189547194,0.32561237397533377,0.20999417172001564,0.33611269717830095,0.26803676766085216,0.23418980988902274,
