# Pesos da Rede Treinada TxH=  0.7999999999999999 TxOut=0.09999999999999999
12,23,12
12,23
0.07729911115067892,-0.4749693876483556,-0.09009368679840113,-0.5563224861381724,-0.6286944786663158,0.4414801503451722,-0.3842517965673894,-0.38431165115148574,-0.43446094130927954,-0.5835395887502449,0.23498793695179862,-0.1640838875404903,-0.5652641210529606,0.32033121466120784,-0.2748116562963682,-0.48892651755472877,-0.48079045918854085,-0.36803621999859515,-0.243315090319606,-0.21006889492125014,-0.3255659420037101,-0.4333851424192715,-0.2460999817965254,
-0.003007490965746732,-0.5096896848994564,0.15601700368766278,-0.4714826217002587,-0.10804953768726155,0.06538458250812869,-0.15069557211837986,-0.5229764269125647,-0.27468123851514953,-0.16864200882783703,0.2558005375512319,0.247767500796988,-0.21309770085051705,0.1367446137555241,-0.24907618828164413,-0.4779306762829675,-0.3427287143328852,-0.17359026733401187,-0.42485527806054285,-0.3322497744101358,-0.27965696408269203,-0.3424169224631974,-0.33539443262160673,
-0.2951243981517816,-0.42096449413849707,0.09096079542360429,-0.4509714665121477,-0.31551843498116555,0.3632386169291523,-0.26944697537414636,-0.3173901648947712,-0.054746354524275564,-0.5412819432402943,-0.07901564732842098,0.29205509905570065,-0.4217337570332437,0.5012866942700421,-0.28094043159160825,-0.14968829877645734,-0.4055183623273601,-0.2813467210277703,-0.5024679451395322,-0.58318476049987,-0.4803866280634954,-0.5753226749447482,-0.3381873075921374,
-0.09931108371830864,-0.30777694459860183,-0.058802957940325425,-0.5382118431083996,-0.13688834650784446,0.30449966091656067,-0.3839281357245072,-0.148088638576814,-0.2856425366724283,-0.18341576601837947,-0.13409871472954316,0.29247436809841104,-0.47617841269463757,0.05335785973753235,-0.4113929711791849,-0.3341233616573603,-0.2567919336922821,-0.22146188696255822,-0.2821707600544594,-0.5161617337502982,-0.47127720550915225,-0.2260117670688737,-0.44796217268353533,
-0.102486647910367,-0.36365848282805247,0.11033308649032181,-0.3383190676854156,-0.5563514617891608,0.032640456889524064,-0.58442346728442,-0.3530960359380975,-0.16765875900483482,-0.346487850607341,-0.11525356583200731,-0.002236297398289038,-0.42181536325442504,0.1954364961869222,-0.5182235513921991,-0.20618335591943546,-0.4115685502314639,-0.4419135536734263,-0.13618365198161786,-0.23280344351192003,-0.6077207389492371,-0.2617819063187275,-0.4687360348853409,
0.009709224433447683,-0.3278869540276172,0.17443825988150172,-0.2285649636542693,-0.27038657737964555,0.025040159100605263,-0.1984809562946674,-0.4394311155394247,-0.1154814471962444,-0.48643576321707227,-0.04901797554774794,0.262551001703056,-0.36447918536925916,0.43203392081931147,-0.49377338344645805,-0.31180230617961385,-0.1810631600031124,-0.29357363427825856,-0.474263933735572,-0.2448539994332625,-0.22803161407962128,-0.587832639209431,-0.5593985297373025,
0.2138125475015084,-0.2374420316935104,0.20964910645436832,-0.4138670681081281,-0.5364279043979032,0.4364337832137011,-0.24542229144163302,-0.16728987559964617,-0.45328458288384876,-0.5439869548565613,0.04374120477693381,-0.05132652184437442,-0.24196591647538623,0.26187575281836045,-0.19582282151925795,-0.3836783733141886,-0.5498116879635467,-0.34736415608234505,-0.13212357076370548,-0.2016434239007045,-0.2685778543738749,-0.3862143572337605,-0.443484777691642,
0.016782515334939838,-0.5343300311907434,0.24571650632467246,-0.37432019594055344,-0.21257962637103034,0.3454903353216584,-0.19624104503028827,-0.5536599898160547,-0.2609399038196985,-0.3322719344688086,0.3024638601314325,0.03852505017754526,-0.6216122575332974,0.28340606022932024,-0.43300552217183247,-0.6052756018673267,-0.5211920688362888,-0.48726647705099707,-0.1289255661374084,-0.3630971344099606,-0.566109684995726,-0.23448751382941527,-0.32626415043210394,
0.05201496136359155,-0.5444728846800144,0.2389522264214587,-0.19591417203683706,-0.5159169779747521,0.5528642540093869,-0.5577279139454485,-0.36201452813566914,-0.4585160671137789,-0.6080183981935358,0.4612500345290753,0.21670134131939836,-0.1254430985893747,0.5907887524677188,-0.1357503814886817,-0.49046805481424366,-0.22093811400917188,-0.5057332313546226,-0.12693608785078195,-0.6772195524975652,-0.169962081672253,-0.5598165425869258,-0.2693999194873411,
-0.16582198328647615,-0.34685259697764625,-0.1392535561935649,-0.6294553283901386,-0.6003204018066884,0.3180928363015622,-0.27586396704240623,-0.6974542276804154,-0.23694014052906187,-0.19830308446987838,0.07186617238094778,0.4116651229470842,-0.592857330513753,0.3057220578523718,-0.22497471134985256,-0.23952281406039783,-0.24510041089887752,-0.23936127107164787,-0.6020086401113581,-0.4480657200921882,-0.44795022593284584,-0.5324432772797961,-0.4719525695461552,
0.048472973299857586,-0.29370375381828845,-0.08001290698042213,-0.3579861802289308,-0.20041872956177154,0.17373690420635837,-0.31237199310831437,-0.5001107646646874,-0.45728841015908167,-0.29702585268941606,0.44700738367138854,0.050280305770087026,-0.515990863749076,0.6147262658307456,-0.2393189836161401,-0.3798213742437343,-0.473737360850415,-0.5530143160412542,-0.48107586189438,-0.4425025435764307,-0.40387170832099906,-0.2415024537743429,-0.37826657061125596,
-0.12135090781594093,-0.5653726439469042,-0.01950427909982587,-0.3265318817000776,-0.5325423052264929,0.4829265302250391,-0.47234725093695284,-0.6633466052624871,-0.2299004073681482,-0.49389291431117427,0.2348303122839434,0.009946888434523694,-0.503157437181172,0.5432486324557894,-0.2738090751007243,-0.2671654604615449,-0.5077833108113221,-0.4480214267048911,-0.46607220487185363,-0.45769991917077224,-0.29415671068433963,-0.46241422069843396,-0.31833337984178983,
23,12
0.018939141581623183,-0.05884018307257785,-0.26834810285866745,-0.0750273861157296,0.09322065471855262,-0.028312181960555436,0.08675194094840791,0.1876039116566824,0.11168529374422483,0.156370862432364,0.09019148739684431,0.09490224778020681,
0.1385063888264494,-0.08065418825651975,0.09143620299516929,-0.1710523228464832,-0.16851946963601405,0.11519851244357042,-0.3654497124185081,-0.2056296673420225,-0.04424289829935188,-0.20741890660816512,-0.2120818655946576,-0.11392340682660412,
0.20484240240292123,-0.040626564773798106,-4.914608840287161E-4,0.16972074716422045,0.2631160669644961,0.08200529554720676,0.005408168261029146,0.15526291054407906,0.12430204609087929,0.2808357185490766,-0.0768289767540162,0.04046814612350051,
-0.26028177761716886,0.05898121593746637,0.16393107756007033,-0.1777773221448906,0.09588024277267947,-0.2825607741636263,0.012130628733108821,-0.08988087040065201,-0.21835876120289155,-0.25804169012313516,-0.18314154644787156,-0.07663728578703963,
-0.1213254046195164,-0.1766702496878088,-0.257557785469039,-0.06881761016257848,-0.11827686676098928,-0.02068709419171266,0.07441847874355553,0.06280030300490874,-0.1291642047893556,-0.3216414285375306,0.05029028381016213,-0.21294710246865256,
0.12866555219053172,0.15460488079558174,0.32314481503906095,0.11569147510164926,0.23747087839675687,-0.017857175039113476,0.41491491192612384,0.2865818375183469,0.27054926606830315,0.08113464135480442,0.31908006580133946,0.30634280903157485,
-0.027522905744757103,-0.155529450728917,-0.015767294719160798,-0.180284644309314,-0.08676938077018621,-0.06366498538649891,0.13155014291258862,0.14783928603272184,-0.0604445713965816,-0.21935375148547773,-0.2678013494205598,0.09990224630789783,
-0.06473540749403116,-0.228065985025666,0.03429623369957071,-0.22518957975993428,-0.1170571847937999,-0.054387798729931276,-0.3445212322434759,-0.06981739637992333,-0.113012265829202,-0.07503570089040217,-0.34154325297047244,0.047559249824407325,
-0.07732411984450528,-0.03092706028336175,0.1650179859655129,0.09549937359409374,-0.24528363103798917,-0.003816565187346889,0.10092889672571989,-0.16864074990759176,0.006076831456882265,-0.06588250687491452,-0.11708213255636574,-0.013469200591658646,
-0.1829384678968343,-0.09138923386435145,-0.24401827415821994,0.2018779210162929,-0.18183006819012276,0.056829845899795124,-0.11444322108156584,-0.2757209493358957,-0.09485180457473433,-0.03015989706118966,-0.08786513152001751,-0.242121276396885,
0.05554793915856201,0.21911430875537816,0.231140796241982,0.08958992130186748,0.26719940715941554,0.2877795049372473,-0.07851684630039547,0.20166762772808824,-0.11969204515458608,0.06461951145690888,0.31169976318441384,-0.06826832847096699,
0.14095751753140615,0.021411678950170057,0.07153266625832067,0.07509131340962868,-0.07228025255892359,0.3322097321707835,0.05446178331109578,-0.036899713207857565,0.1571358735545227,0.1881349452240227,0.10336754571567806,0.28428501393923755,
-0.06605516268380257,-0.17777033047157595,-0.21761393400624518,-0.06200996679503203,-0.24908028381833802,-0.14498161082042074,-0.31213717296523885,0.11214933025421865,-0.2901189180050011,0.12044249248653459,0.0010831508988268942,-0.20243252126919228,
0.3388713171708986,0.36402108666949473,0.31235950651252653,0.357458326156885,0.11782882016314976,0.23529579444534898,0.34256670029195746,0.2976300083026599,0.4710092605096905,0.400582465290852,0.2541669166171773,0.3440159239255818,
-0.07462331267870254,0.10311035825930091,-0.058393065682054074,0.0057055842247062455,0.11809263510394652,0.14469383845709216,0.034395315970487415,-0.3426110847934137,0.04371832367274233,-0.181479497804108,-0.09772298292809518,-0.2383985044615948,
-0.010446245445172597,0.029236770954818365,-0.16123961872808767,-0.018836371878325434,0.07620181858759599,-0.11877594500493067,-0.17116187648568137,-0.2602770175314935,-0.0782052402651481,-0.04341242701480002,0.05725753114835656,-0.17262092161701298,
0.09837090016973851,-0.2395700242872465,-0.09591051185319645,-0.2719594070721408,0.08897365941590962,-0.3049543180847433,0.09239020536228744,-0.25101819644288537,-0.28783871571750347,0.07575237612319329,0.03743540384282873,-0.08649926998687502,
-0.12379597713832072,-0.11683615700672507,-0.15121641469359548,0.005466452020505597,-0.10194201181705463,-0.2856017160638959,0.006656978567988274,-0.00918871543661998,0.14544533138515872,-0.27456898950515346,0.020662613155763617,-0.046500173410379604,
0.053921983629242685,-0.03327811686687849,0.08504348583222776,0.0015647814975153704,0.02720457019492219,0.08088088854476841,0.043802373042371626,-0.11696314941828062,-0.29825641772979317,-0.04012135699884391,-0.3112053921466946,-0.09162736194273517,
-0.14900885551568369,0.11506714833374015,-0.22308136392119582,-0.26713081407066075,-0.16301071193273092,-0.21660770544036936,-0.009126780951730046,-0.19895582061089742,-0.258634216917132,0.016199370723651935,0.08817510933543013,0.0533710670025324,
-0.2514604395072885,0.052601082042267745,-0.17198197510716745,-0.11569582179055128,-0.007289922336413547,0.010170813141166727,-0.2207049070479023,-0.058252721896147594,0.01968725523265992,-0.15760866381219252,-0.0022652367846877153,-0.12722873675451835,
-0.15168155380030943,0.17256952254670535,-0.14883312416957895,0.11227065187167962,-0.18575954341550777,0.05940006093114267,-0.28212585720243566,-0.12583655472866917,-0.026135039862669126,-0.2552331106712976,-0.1503817264475005,-0.23963839197256753,
-0.16594573156779893,-0.25441355271307065,0.015325993358841022,0.026648932142233864,-0.026227846461775846,-0.25953428002806406,-0.06400435057498918,0.07203445468090786,-0.1962671384644887,-0.07862905239659265,-0.08070752864671843,-0.04115081968076481,
