# Pesos da Rede Treinada TxH=  0.7 TxOut=0.08
12,23,12
12,23
-0.9720615933313677,-0.4948399714838183,-0.7813120139708483,-0.8989708148744805,0.27028817319848203,-1.0899895129357082,-1.0404323875201797,-0.8159344902235981,1.7855314198350465,-0.4852817670754117,-0.7835745417194115,-1.0228685158743458,-0.8828761765225295,-0.9046485395160465,-0.6535641633523902,-1.0067627784781175,-0.6220821923211104,-0.6858171187961651,-0.5527002106534848,-0.8349177501407754,-0.8066939157899077,-0.7538553116210996,-0.8457265821645199,
-0.14273147619692703,-0.3414083276226272,-0.4403676867669874,-0.5628651503795802,-0.8264222108263171,-0.18397777991375988,-0.2604089540581843,-0.42493962353680687,0.663116741025144,-0.3759723932504258,-0.358917327000588,-0.28614404928552906,-0.33176854093847413,-0.4972949840405648,-0.2554916465456662,-0.2591467299680498,-0.3218209011591853,-0.499707510535827,-0.20345752323971783,-0.5222081537506283,-0.3690209130510229,-0.11805180750860454,-0.1315697005886486,
0.03342003023166815,-0.3993315976895572,-0.3494584771938556,-0.5788189444979778,-0.6992852234081315,-0.23827741730472501,-0.2556900317401186,-0.24008926541060524,0.6526187333216745,-0.2632198412355047,-0.4207680704711847,-0.045269185617168986,-0.36718101409213694,-0.4638968392481925,-0.21415802600973263,-0.6246058324058197,-0.30049027163152614,-0.36263147670633034,-0.35076226358189466,-0.2228336672973888,-0.29568885595513006,-0.44908042615827376,-0.3914909117723002,
-0.47761558512667196,-0.6946474351042782,-0.457452883790804,-0.8351710194020086,-0.39098864666328664,-0.7819118268074117,-0.6662354544942775,-0.6364868968527061,1.1961638948859747,-0.5377995760571377,-0.5342296702416501,-0.8413230697352122,-0.49402839017157496,-0.4349409826152758,-0.7768797416733549,-0.6929209212533307,-0.44398512415763475,-0.5948671899443715,-0.4553422486391012,-0.6905807306975665,-0.8353983105083468,-0.5730942803022607,-0.494102884502331,
-0.852875235809323,-0.6391216039485835,-0.8940285245818379,-0.5021215373500615,-0.2649705378566965,-1.1283327016354838,-0.8107615307480327,-0.6199079478982562,1.8950971476445957,-0.6532063490487985,-0.958207743447334,-0.7697719458061946,-0.6067585957080713,-0.5602114562992166,-0.5579753449542539,-0.7840026512979617,-0.8119632966807339,-0.5617162178851587,-0.6140222367496133,-0.9201050594881703,-0.6743732054009819,-0.5185845053731869,-0.7480328132007135,
-0.9039917914680455,-0.6962702677543009,-1.0325333113248545,-0.9590472139077139,-0.41152795648544,-0.9710789389645585,-0.6894214679131356,-0.5430324230313299,1.5998049789329791,-0.5867425832270173,-0.6584776526959955,-0.7936645182036809,-0.6433894104709326,-0.9317605179082724,-0.9110423459431771,-0.6791325349007804,-0.8976930546363426,-0.6159180802688102,-0.9655069974611138,-0.7688807429919668,-0.9004444605948283,-0.5274402226786383,-0.5387205870756282,
-0.8784726771986479,-0.8953502749437975,-0.9655890567575548,-0.8926583951703346,-0.033507462573046314,-0.8265124176829327,-0.8451448230831804,-0.9151925608150047,1.8659095406086261,-0.6893524873936265,-0.980475776174265,-1.222683675257934,-0.9873944475934274,-0.7236535195113263,-0.9526609605118407,-1.2463092499834487,-1.027437373399418,-1.0138882171794024,-0.8905368056085479,-0.9572066728613795,-1.1004271657458307,-1.095551518593995,-0.834983278994108,
-0.3246416762955255,-0.41794199753594485,-0.6828481239880464,-0.397058313279577,-0.6695221978507764,-0.7998456594869549,-0.5727028712350871,-0.43064568833724803,1.0519378332888247,-0.5932827168536786,-0.645212811519034,-0.42309148459986945,-0.3772363832356527,-0.8925659602987385,-0.6819070342333733,-0.8651252180736156,-0.35612109894267724,-0.6597508587132184,-0.788550621515135,-0.7050391469836513,-0.47080658866660796,-0.7301729104315742,-0.5284325110456285,
-0.6304993566062582,-0.9696459173176506,-0.857780591894232,-0.9019299973273626,-0.3917723723693882,-0.7570134244051433,-0.8547824352958158,-0.5904694098454408,1.4357653890677315,-0.6898422463164795,-0.8774080925065162,-0.5586183966804075,-0.9400660000286858,-0.5811841730881611,-0.9229309625917405,-0.7307536236413813,-0.5500578418795007,-0.8560230498733193,-0.6703758404396842,-0.7726610035820288,-0.6968975515776116,-0.9620220018072532,-0.7583141376664592,
-0.6393242713710727,-0.6234205406966369,-0.618260971068138,-0.6203777193523432,-0.31401181617667223,-0.7004937851114822,-0.7464672126921507,-0.7406348842321536,1.2503107436132639,-0.8318697973145778,-0.7495898712686445,-1.056086313901007,-0.5774294901755079,-1.050600562042416,-0.9073463723136125,-0.9812593535086308,-0.8017177537763105,-0.7779560565599904,-0.9657694647607815,-0.870343259430572,-0.682803242920912,-0.8395202506983824,-0.8939725553984752,
-0.840389728826667,-0.7256864386706677,-0.7689410914513137,-0.663307199860432,-0.3438155346922722,-0.933451081752169,-0.9718478972111771,-0.9873951002269581,1.4999075115785883,-0.7970772218860015,-0.9149770664439668,-0.8407848876993533,-0.8091037200383231,-1.0279480602390763,-0.6921581244937062,-0.8841691594129616,-0.7599654423573188,-0.7676344404039765,-0.7183984749618456,-0.6387348562811337,-0.69231130717549,-0.6014374512301248,-0.7757757933665808,
-0.9489036217946469,-0.884530956790359,-0.6207495332908901,-0.7109969065394356,-0.7597192817145059,-0.9621459987917765,-0.7606439952385566,-0.5633409735055516,1.4027339041088354,-0.8667915342383713,-0.9290267234775452,-1.0140891918914123,-0.4778332398014043,-0.7686059944764916,-0.8697860399444775,-0.6536815346207288,-0.6469041993862552,-0.6584153700767669,-0.6454675992441016,-0.9371780302966605,-0.7976242614378669,-0.760988725152949,-0.463371342435391,
23,12
-0.008932181263290798,0.07481564147384887,0.10705296394560226,0.11976285654268233,-0.02026149918887785,0.13617429308639245,-0.10997031132826025,0.04984291975293029,-0.11750421664259705,-0.15787053992036468,-0.182552745302674,-0.07044031820709076,
0.1065504931686528,-0.29567714168746745,0.03801954897368507,-0.04005838744134265,-0.08115765924322374,-0.027383876081745327,0.06038414799758029,-0.17028323619495506,-0.019175868843260602,-0.03898061751759815,-0.1609984897895161,0.099274466284048,
-0.1135664602574696,-0.08849989092016095,0.09078511267679312,-0.04374824007037182,-0.06960478285970065,-0.2590454003511135,0.1149566732034822,0.0257847987744651,-0.15218834826478309,0.11415906739815318,-0.1344768819796148,-0.1991317497882839,
0.05540079658406121,0.07203613505773508,-0.10031047491010835,-0.2016233559268052,-0.2268633996844967,-0.17418754661983504,-0.21021034193438673,-0.0376993536782898,0.055602498316831686,0.04451667877438976,-0.031116358417192316,-0.04758376311818822,
-0.0019210120633714732,-0.04530222742086197,-0.0537862732555879,-0.08612152702039023,-0.10983995822893934,0.08999785081687711,0.08657106497796646,0.0749452872223234,0.17045750042721114,0.17548733582877027,0.15580452459496036,0.1395561075111772,
-0.27710683881991593,-0.17261922274383612,-0.034211299612852464,0.005803439955280045,-0.10823717729170354,-0.123614708941489,-0.14653848052805515,0.024609064874601683,0.017698638985877656,-0.2295044217993622,-0.022817009688868503,-0.12632428690146852,
-0.20467636770227454,-0.17085162484131786,-0.18533455382195457,-0.08881969988569477,0.17665550393000035,0.10180378010458194,-0.025540951617406903,0.07821637554824958,-0.20933625810908915,0.170765539951286,-0.2845097427257068,-0.17010693359507367,
0.019481567578924146,-0.08364617363055883,0.07385911744200045,-0.16976814533906773,0.062400129666994084,0.15168740080067283,-0.051882101126150826,0.10560513414856079,0.12352439060151144,-0.2132125420492264,-0.09235526977979859,-0.20256730022868247,
0.6671603218905662,0.6004188492654186,0.6550971915801259,0.6223535749840667,0.6761889673847497,0.7072885139860556,0.7076504286751822,0.7098366273361336,0.7297708874541197,0.7686099214109732,0.7367590020144038,0.7548078044060924,
0.1686011601125023,0.0058287266140463045,-0.09179293211714874,0.06822225163983857,0.07181211535194112,-0.24284297404095462,0.07345267454157532,0.017005380916881866,-0.21131946359563433,-0.11315144281674933,-0.04682005915228935,0.15435536825549342,
-0.2834808714982529,-0.1016109246895691,-0.0038267995898839547,-0.15979073956400502,-0.05320996012756726,-0.2513571784132961,-0.19908108788995327,0.018837052958146996,-0.14084670063320512,0.10836219398389343,0.17918328788701826,-0.12599152061289973,
-0.138867931606215,0.011968405905269796,-0.08050231469520272,0.04889787439902404,0.01845536514618792,-0.11172751743416517,-0.03212121641898591,-0.022662087198703645,-0.12984333233736356,-0.17328658626474364,-0.0816535470030189,-0.14743834732930142,
-0.20020478891383395,-0.08059329352663716,0.10672951658264125,0.01383940572668092,0.18541134359287856,-0.14200250160011066,0.11697375718672268,-0.10515443166978101,0.1298834854556827,-0.26521351791190895,-0.18108289691624746,0.17474835611576792,
-0.07570008866068059,-0.1670131155443707,-0.2981052948554203,-0.22658060707973965,-0.3396101175678638,0.037516480402565514,-0.03915217212196203,0.029426295793933712,0.09398162722467354,-0.04121259584753986,-0.1716203564466742,0.03599703863956721,
0.004136917249561763,0.2095686780575854,-0.1779733454704557,0.04943800899549218,-0.059209511369608996,-0.07852403967233199,-0.2079766231754037,-0.10482450337246825,-0.04953399248028199,-0.05474598477128423,-0.1841760675757823,0.010785171838669831,
-0.013151271673007153,-0.28746924714107097,-0.15314000899802535,0.0222019083646581,-0.22906429449627713,-0.2460102605115931,-0.17446385859076127,-0.1428699378102078,0.015492628103487666,-0.06277389470195258,0.08732594186885186,-0.09070637131051433,
-0.0410430095816498,0.14399775519577887,0.08373713243042565,-0.14072721471354424,-0.009616485615174893,0.007862978742761071,-0.23823272435780404,-0.21128740039186605,-0.10857707683736671,-0.069552634320236,0.07156150550407925,0.14960667415572185,
-0.039900587926528196,-0.12797238101751057,-0.1599626645620466,0.08344498372664869,-0.05842352725943855,0.18881622936334191,0.1833396777740417,-0.08261122177020158,-0.12307341334297989,-0.059277886863638794,-0.16120683450523843,-0.20453951215125726,
-0.05628936776704972,0.14810472208042819,-0.02158005283736698,-0.09316110320284225,-0.003912156048811028,-0.06083434586201312,-0.11131144685613632,-0.28340958820501944,-0.21721746782772994,0.13772705937216487,0.024463154219390555,0.011165439038819428,
-0.18238094087038675,-0.1366269852551007,0.18503429459658383,-0.12183975466859688,0.01403963949563805,-0.07951560691701995,-0.025869176175154454,-0.27779197107225123,-0.10637631294367289,-0.23690178151400537,0.17377469963448972,-0.11295290430664802,
0.11268672826373134,0.040914875840027176,-0.1077508682665313,-0.15532966037193843,-0.12352420586620781,-0.0759203359442355,-0.06193537984986104,-0.17130908002070125,0.10531734033777967,-0.1573956241180082,-0.14167677004746818,0.043914854613037395,
-0.2332204935919024,0.06133796722245458,-0.28462330798210045,0.041112338003580016,0.012953942981709923,0.09828866644393346,0.09034515128950828,-0.010927565309511868,-0.05672220583822076,-0.15192327067618122,0.1817301321558104,-0.311328884193689,
0.27978488632982107,0.06281087120759452,0.005164938524431188,0.07541374008412932,-0.07238342380170905,0.10329400499385567,-0.1670966874986901,0.05157678822533101,-0.19539740580986475,0.06433221204568963,-0.1692670332786882,-0.15176647258434614,
