# Pesos da Rede Treinada TxH=  0.6 TxOut=0.03
12,27,12
12,27
-0.27670632724216304,1.8724746398632592,-0.4598610193942443,-0.146342561185711,-0.3366290776467947,-0.493184867727077,-0.43322296273542,-0.4791046405462384,-0.2447150232697964,-0.39410229689249565,0.6354132447680221,-0.30428973809573934,-0.282355643721366,-0.5402883568654239,-0.30403633128653174,-0.25543586874135016,-0.30067088843801637,-0.46432499023489504,-0.30363042851953914,-0.5264985152166638,-0.36988216320766004,-0.19474231423852503,-0.4774878882035831,0.293809890893267,-0.194504167302403,-0.004901936584937415,-0.1583957523929541,
0.2634967803003423,0.1450177151245468,1.2896533908793533,1.3479460386565156,0.9870294992433538,0.7751198985987994,0.900908577190883,0.6473815592702605,1.107259606532693,1.0620572713814018,-2.404018329928896,0.7979922455930384,1.26947333370261,1.1190190810287883,1.0886039930494724,0.8771987982658014,1.154842309851858,1.1009266527382258,1.1976081870693955,0.918852604629676,1.2289071936793245,-0.9708171227387145,1.2005772123440681,-2.306930267788323,0.7899707657028523,0.6013502782986808,-1.6106137974218653,
0.24630648830733162,0.49065888162805055,0.9309779320337157,1.4770609283088765,1.2557219817032015,0.9090311134341857,1.0103611480071637,0.717912389714919,1.385406982879068,0.8294137868308825,-2.853995784223857,1.1990838484805115,1.4120632329754086,0.8166454910311884,1.1173989860637352,1.3350063988970817,1.4542745459512916,0.8629676387025418,1.3497949629152726,0.6337815831177374,0.8841364690046232,-0.929147027043355,1.2841053207109172,-2.3294715029395596,1.347336763903786,0.4725484677595106,-1.7198803908228784,
0.1989852068547625,0.9082092946562704,0.5367280186267919,0.6992547403426593,0.48403392810426993,0.35133079250793725,0.5091335205476235,0.25999700918081675,0.43982523627370135,0.48336699700785174,-1.0694694639309228,0.4917474495756948,0.7097253426505129,0.2257917242436773,0.5853281859427151,0.2823846497292302,0.7509394707164498,0.6601919421399712,0.5856002935412862,0.40348773576893576,0.3907325953193359,-0.8422808198149185,0.7361765463095881,-1.2945533815457873,0.6594347540578579,0.142008178218481,-1.3890383499813572,
-0.05918292316347193,1.3636174875222045,0.10953650307545076,0.11093269390693862,0.29570338564093845,0.3242331856981683,0.34942144360866917,-0.06877849398179221,0.31403151285614284,0.216086929085077,-0.5316611533074139,-0.06149069938238116,0.17785148974887494,0.12891611156342428,0.3183082484549726,0.32301810229111644,0.004895623716971285,-0.010489409657836683,0.4745958342976732,0.007067435050590137,0.1982272628608856,-0.5935851474283154,0.2677558478436507,-0.6719709418399279,0.298079653295153,-0.005890316229570499,-0.7613359112054566,
-0.28969490569615264,2.301450768844496,-0.4797855106470839,-0.7038828314629659,-0.7396414965729945,-0.5795102593067242,-0.5362625125724517,-0.28952669654961094,-0.6080072391092538,-0.48800298178966045,0.886279633033402,-0.63622278576151,-0.835273522921121,-0.7611050106942602,-0.6023698030892217,-0.38213291757663553,-0.542629423248255,-0.26725568841154357,-0.48072398082878737,-0.4955781967816316,-0.3116162260469219,-0.5790341945591468,-0.5104335733036606,0.7186728807995906,-0.35333931073461844,-0.4290881683942916,-0.5478575260222652,
-0.5595728744420762,2.819608927813013,-1.067249967404067,-0.8756549683934489,-0.7458182940986489,-0.8730429758322752,-0.868417809349947,-0.8590620595259794,-1.1706790548076444,-1.1337231830946293,1.6319919265925262,-0.7378508803326903,-0.9522799730233577,-0.864409229623931,-1.1526185663876813,-0.8419285957079627,-1.1450671254242477,-0.6466642043175675,-1.026668810765719,-0.5715397404790017,-0.6971428733817855,-0.27539745601667076,-1.164084923565876,1.6088617157822986,-1.019012676111962,-0.4044546245086732,0.04750356522732456,
-0.20491738116957153,1.8084626048977954,0.145493228429303,-0.03702039655050835,-0.11579203226698057,0.13028878678551256,0.03647534859656118,0.11755839950289836,-0.010090487845662821,-0.027913571658278284,0.23957779116092157,-0.08986362097049866,-0.03354500698869693,0.1060074384041726,0.14079651847806507,-0.1778218318423349,-0.1282250660925843,-0.158860945600152,-0.19460799376953364,-0.19232004859322324,-0.14067812430005694,-0.9716414626958885,-0.10934829876169035,-0.21449294653105413,-0.295320016167756,-0.26859774201703057,-0.9030633612375678,
-0.4016257488896638,2.7691296900258653,-1.0207347840088483,-1.1592634767997414,-1.0323869181056908,-0.8632164629696043,-1.0953871558154882,-0.6336950147898291,-0.862757546489693,-0.8041419488348669,1.8066257201371756,-1.0395162857701847,-0.8866600697938397,-0.8576366867805495,-0.7529485086528691,-0.8339674230213586,-1.0984599965938526,-1.14357440345435,-1.0059157586579799,-0.7786407525225603,-0.9672817488226965,-0.8325113130329,-0.8410425388801835,1.5257530534858366,-1.1004375017541366,-0.6398973274106521,-0.36256966154003756,
-0.4935369842507403,2.8423126955603135,-0.7806114893896959,-1.102511448306429,-0.7600742152268393,-1.0758714178038324,-0.9912978589156766,-0.8613226117867336,-1.1141501863847516,-0.8785025167353481,1.7125409472994044,-0.7534029764922814,-1.1396373957028418,-0.670230308335433,-0.9606653159510855,-0.9286814655962032,-0.9736812206989092,-0.8551052125355594,-1.1663384880496817,-0.7590522229667575,-0.6969488754231433,-0.8081568728323427,-0.8630536848632002,1.5095130737733349,-0.8679852812181166,-0.8248269604562849,0.008405347780354403,
-0.6244717026112931,2.7848365560067467,-1.045149451687952,-1.1418850767720976,-0.9276675213237132,-0.6301991805743553,-0.7488868262773822,-0.4498339341800719,-0.8804329891364421,-0.894018542988972,1.5699493127663842,-0.9628153051404812,-1.1924221997654019,-0.7173515209909983,-1.0197291392186785,-1.0966163802852689,-0.7260493899468389,-0.8789264516456174,-0.9024708153950471,-0.6371958537337049,-0.9687165782442511,-0.3507336252200883,-1.2125885795894311,1.5563686831330097,-0.8247761102076068,-0.8090169201920294,-0.09839975434683675,
-0.6876673855532316,2.3500505217198477,-0.5076612443886155,-0.8794623604763323,-0.6961141973828774,-0.4019421559312856,-0.5723355035189811,-0.6775749463073995,-0.7320809181190124,-0.5145041649744956,1.2913378226105685,-0.4206686184586378,-0.5818925818026729,-0.5823230712692085,-0.8639593407133129,-0.685991551667521,-0.7172388443568662,-0.5055124418956617,-0.8988868998669224,-0.6293828634982923,-0.7394293084474732,-0.6501537786093666,-0.7678604226954105,1.0410963002629288,-0.8475859566165616,-0.443042950554587,-0.37219627920637055,
27,12
-0.0713201623235033,-0.1720040177702952,-0.19611551334510008,-0.1473526221163314,-0.13472746633229124,-0.09627241724096236,-0.035028936628161644,-0.0020190289027087432,0.15881319318505016,0.059752038429265505,-0.08608506175689354,-0.15376764081723832,
0.4375604760073782,0.4371562480956633,0.4307487036005537,0.46965658918282893,0.4721662318514529,0.4452491793385338,0.4568782013452135,0.41859460043618973,0.3586015302648819,0.6353858859459904,0.4444060505922932,0.5004760617238286,
-0.1950998120294769,0.005068062038457567,0.014490232749854616,-0.2541476877720338,0.0025195588830802945,0.031093094847456183,-0.060289620915686834,-0.25494068910085793,0.06966579275836446,-0.20133937544927974,-0.0660429974832956,-0.1439790560796357,
-0.2616993791769863,-0.04986961234884971,-0.1381838540649787,-0.1771771264586187,-0.18724740034492654,0.07007373053137426,-0.16145697788228983,-0.029855101519589446,-0.032364603148568816,-0.28054528396483097,0.03052714253323748,-0.11487150060519678,
-0.06454377940441361,-0.18264655596472992,0.1019675735345477,-0.02006757139998522,0.006615143821164058,0.04046642027505188,-0.2848183098652343,-0.24017252194580135,-0.12587396988166727,0.03783114211325235,-0.2052902362185114,-0.022760533065805277,
0.12120019877109871,-0.023877913253356132,0.1301863836825857,-0.01633466473204738,-0.22705230740019505,0.08853585647586489,-0.24584546613808436,-0.008831808722295397,-0.10918018222669444,-0.14953914692969886,-0.22559526589391418,-0.1630751556557933,
0.09448025698788187,-0.1987079210025522,-0.02731673128159386,-0.2593568205872848,-0.013995593184954063,-0.15634298836741117,-0.10565296917786583,-0.179496468204536,-0.039829440927768515,-0.1470500587380474,0.0162213816031505,-0.07960258493740098,
-0.15979272292233654,-0.13086566028204816,-0.10816087515479818,-0.13810520610818988,0.0245417416834867,-0.13792037291476733,-0.029759361152513937,-0.06317584705799693,-0.08913044136280236,-0.018180542420571967,-0.008645016503216396,-0.08621049347678052,
-0.11121122339801282,0.08748601180168629,-0.11410802818307933,0.1164485856376137,-0.21432476964651404,-0.19516446733300682,-0.04675041019719328,-0.03480081572853437,-0.2162525411018657,-0.23230941267148048,-0.00729230276078524,-0.08045562613019897,
-0.023539384553240204,-0.18410264453777597,-0.18500251764624098,0.07684887541571217,-0.13143784239054854,-0.014676763934565368,-0.3066578559179522,0.04685265315100399,-0.06181905000223956,-0.12514135813781305,-0.2512795955075607,0.10705336449671139,
0.3616803432678529,0.25140923747690286,0.39334396537931277,0.19443578362081787,0.3607681404805453,0.13684122077119318,0.4393621049384602,0.31756509952835915,0.4514619829313713,0.18133368821706403,0.2770762271381613,0.45456876959560055,
-0.049969905093611794,-0.2888110333239594,-0.16254693851884913,-0.24288540218440713,-0.1259158634773098,-0.17795653371133002,0.09668217812557213,-0.06410818195049914,-0.31223226121386,0.024721725110057092,0.132524287059681,-0.04142979481201119,
-0.15630749527267232,-0.2794410449811921,-0.14977648295250845,-0.09981293807388192,0.09288645094423399,-0.19416998725442453,-0.1513525114481316,-0.00559486334049981,-0.006331428601545243,-0.3367238272964647,0.0996341639279485,-0.07180617064157199,
0.02715947384864862,0.029346793891027942,-0.21741648787962067,-0.2057743448234692,-0.235263846676279,-0.09935054122081532,-0.18473799366454374,-0.029784596160222478,-0.09698804860026192,-0.03734330006812974,-0.062160723794157303,-0.014228627123128999,
-0.23041022533944652,-0.009719104079888078,0.011741493945125844,-0.20506513650215488,-0.16020485633244286,-0.22363318036163288,-0.006928501581507878,-0.012276920953224775,0.003967834985217992,-0.09203704836945027,-0.07183694068751817,-0.18003611842376396,
0.025001528578561135,-0.0031982541183289987,-0.15541561340730345,-0.07919697319509736,0.06570725155989864,-0.27823536029834556,-0.262405197633709,0.13847099794986417,-0.05064348565225511,-0.04049604879122122,-0.18699506041627625,-0.16596426353386715,
-0.19756203867777342,-0.08260108379958898,-0.05421448926034976,-0.14000362316916792,-0.050776546565729434,-0.22631265624807353,0.0718065660696791,0.010938844981786934,0.07749564287298599,-0.01940013755106574,-0.2205428840771704,-0.32549020610357204,
-0.13413401255775784,-0.01909332116314118,-0.13987199932454059,0.04192340081385257,0.056973712848726106,0.0704208990081478,0.025015249623330363,-0.19119931569448137,-0.17800746935191714,0.01016403273398728,-0.24883373218314364,-0.17043827481534074,
-0.17077576520367418,0.04159983029848974,-0.15630502280448053,0.1727745208894738,-0.20992496536295033,-0.027192573582483216,-0.03165703458047256,-0.03154995020529844,-0.25360622784329295,-0.3190957451199242,-0.04999246230019954,-0.02573425233169938,
0.05956013900426923,-0.015573384762670653,-0.2475397075093799,0.04432907385728955,-0.055409215248388044,-0.18005782646821847,-0.0689049681194386,-0.28877355648509534,-0.24028331889557086,0.023524813020219065,-0.06700064743904163,0.14212124165502477,
-0.06730407423057368,-0.07034011958571676,0.12418701740289517,0.1346579196610563,0.09094014890095647,-0.19232259462129847,-0.049052429907933064,-0.18000492843105304,-0.12375404958327073,-0.053636967628105985,-0.13002407458025828,-0.24525042845696737,
0.22461352121268582,0.1304415723136763,0.14947000693749637,-0.10978706037223908,0.24453438085838602,0.25457118933331974,0.3478947973953571,0.13551358780633374,0.27194422135316815,0.34601640144370366,0.3541624632768284,0.09640803916570703,
-0.13515568195022962,0.00530068433155864,-0.17808782065007892,-0.2638676373304006,-0.17754885074358986,0.0802592168157386,0.0015557182150105434,-0.21344185101118895,-0.13674904246337574,-0.07685750928741009,-0.2531802974104585,0.10376483615063437,
0.19772092551061662,0.15829762236206107,0.09797666317762502,0.245658045945271,0.1439365238270167,0.4365930813630527,0.13579884259271607,0.34132775144761707,0.25089527391914285,0.3132577419430535,0.3805081784084175,0.10398875998190997,
-0.13574373285126431,-0.092915880448545,0.2410489431650556,0.14707741907052416,-0.2730209390979072,0.06746686040281931,-0.18049330614681713,-0.21042111530869698,0.01137307173246356,-0.26465269956234977,-0.1070464647762303,-0.11155303679070176,
-0.03042572979201355,0.11324389159390755,-0.09428034451576389,-0.07895801287562404,0.051809060284426306,-0.05282581008567668,-0.006934826636100322,-0.09673740585848528,-0.20626719528105264,-0.027349616653474036,-0.06960803333865566,-0.1624734767618856,
0.22487742694643653,0.049215701025641975,0.19874860335014094,0.2134349981668698,0.10916220663894158,0.1614579415082368,0.33625780174934283,0.39842817724509944,0.42177864137378607,0.29665235226203507,0.2853073557388895,0.45876861716747835,
