# Pesos da Rede Treinada TxH=  0.2 TxOut=0.09999999999999999
12,10,12
12,10
-0.39208704436763786,-0.13161355754220372,-0.45837134114484845,-0.38571095840831815,-0.17938813465384376,-0.5753212145986732,-0.31772540486443995,0.34235261399868805,-0.39322366911360546,-0.41650597922644544,
0.8355140191849113,0.8220970778706564,-1.029292021694868,0.9999713247840204,0.5887332902597354,0.5589149968622282,0.533653386928251,-2.542673576063077,0.5736118520455594,0.755402479422759,
1.0348566747211265,0.6925909937951811,-0.9465561486708147,0.7589759160586377,0.9496633910216524,0.8219605230458293,0.7294640581519132,-2.657073371217568,0.9558848803412444,1.197625132595732,
0.377572130537192,0.171118846276923,-0.7471515458628386,0.20223529143854255,0.6310944919906626,0.26586391576310126,0.5315243556559069,-1.1610668337662435,0.33122266146696033,0.6461749399627394,
0.009652722675650665,0.0732747469268376,-0.8456604478280767,0.21492677418540965,0.18218805580630296,0.007212080897049357,0.025099755652867064,-0.49009183223538577,0.19457928330297433,0.4275336731307238,
-0.6158629899059412,-0.328299083488433,-0.36557347724187683,-0.6285458691097311,-0.6773891130295956,-0.34218748644454433,-0.7356156753281454,0.8008140632895,-0.39261434135457973,-0.6852198262235317,
-0.6718509838248878,-0.8638489428661336,-0.6804927974337125,-0.7047863833129108,-0.9144680802242964,-0.572685676322946,-0.5968480397991375,1.6678135817623503,-0.7486110297382623,-1.0206621316739728,
-0.02870027937719949,-0.2421627684938128,-1.0343500665592162,-0.4292657685998887,-0.18290177421064016,-0.0047005154237855775,-0.14187878958460737,0.2697258387150413,-0.19659917143376654,0.0707338858586304,
-1.0176739351771438,-0.7918534262356026,-0.5008549436807961,-0.6415085188987583,-0.9904115149093548,-0.9795594286070481,-0.9083577805254605,1.8097992826317513,-0.9390052608701167,-1.0609599846587894,
-0.6296597021948473,-0.7282699358830593,-0.4751971808519233,-0.929916095167646,-0.9291649096514902,-0.6208240947038768,-0.6594155542801273,1.7294430412446358,-0.9596604433940549,-1.011938713923126,
-0.7682173182587042,-0.6851325038597283,-0.31240539564094905,-0.7391615430332054,-0.7730123183666078,-0.8199914304215612,-0.8608183485465215,1.5827531677451743,-0.6119135724982531,-1.0294451632704957,
-0.875030560544207,-0.7741820069888641,-0.5823294375405745,-0.5143662352856019,-0.4891822926442126,-0.6069801936298238,-0.48123369969730734,1.5403217809879695,-0.6661018646838883,-0.5118035970448553,
10,12
-0.39797758738307953,-0.18237341801346305,-0.20700725479273716,-0.24765873679527164,-0.2605470263077994,-0.3388120500535336,-0.15747243527819457,-0.11222550179495963,-0.1534254497001616,-0.2906632066090509,-0.21662149963098837,-0.006021944167818055,
0.014277296437455492,-0.1667861168682983,-0.025172356686190223,-0.3002789055544689,-0.20562720874221385,-0.4122181507682178,-0.4079857357307714,-0.32676959098889863,-0.19832305114828372,-0.07281714930962196,-0.011502813367213507,-0.17483616465007484,
0.6724867126754599,0.47037915923173107,0.5135386654472882,0.33301659970040415,0.48791382902698077,0.7525544272854332,0.8191830735244638,0.8812196431774011,1.0013507653508948,1.0434738923231974,1.0826883991861096,0.9344089528708229,
-0.29287688778883214,-0.29328774296608495,-0.21950713469215932,0.058341934021173096,-0.07441830418208173,-0.06021538699331788,-0.044489289941395255,-0.3158272771633589,-0.41321260215108613,-0.03962650772283909,-0.3532688509140422,-0.2707816422601135,
-0.16394878202323576,-0.25079546731407154,-0.014470904131644976,-0.2461359628226893,-0.36260613458417373,0.025693645315348283,-0.20318716839922338,-0.2662914734300243,-0.41093287706632914,0.013970972358986226,-0.29800384489795945,-0.29414539184864147,
-0.08908017032524423,-0.25385185950590955,-0.05220322499316995,-0.2283220448302177,-0.20361144392935956,-0.1057931278857437,-0.17283455487382715,-0.004605419497848904,-0.22831229815229698,-0.3566529004419521,-0.21349483243067838,-0.32757298655483963,
0.027217563136585167,0.07650320046525734,-0.38107813104966737,0.1360171523905419,-0.30515315312108215,-0.1283726988189352,-0.22064188970917856,-0.35201513178770544,-0.24675265932430226,-0.34024897266529264,-0.22553210013440672,-0.14719984497862051,
0.9252979684774213,0.8034166177933842,0.8845747402630477,0.8509366967981942,0.9158635881783922,0.9257959655670871,0.9549916365399633,0.994082917501591,0.9909688064164166,1.040683838644295,1.0178725325213447,1.0005258395612133,
-0.26899020896181325,-0.11093757271691244,-0.40617275451318036,-0.21579796291828643,0.022285332867000567,-0.22754676169797336,-0.2584968443306498,-0.08214890305295074,0.013076649926040875,-0.26877595389907094,-0.3100195492279828,-0.28966142370831716,
-0.3824630483901902,-0.0879062314671024,-0.07995568539286933,-0.21807157704069852,-0.033073539758564384,-0.29943538094773164,-0.17934527808556955,-0.2547459582331684,-0.13467843237268462,-0.505789539229958,-0.22008971312764827,-0.21183413041933277,
