# Pesos da Rede Treinada TxH=  0.6 TxOut=0.07
12,13,12
12,13
-0.4623042695443441,-0.579465108207306,-0.53313616596024,-0.8340723405686374,0.4751003363811114,-0.5343780295862883,-0.7160922896719545,-0.5965102139500827,-0.5298881199514693,1.9141439292633016,-0.8626597466153327,-0.818101197652423,-0.4237894948355937,
0.6535553426886642,0.6716959557910784,0.7304823210182178,0.5733877345311408,-1.6685788853010985,0.7166489130556493,0.5656897621856082,0.4957463921907233,0.8493044064086002,-0.2939811610901711,0.5487776136748814,0.8534119527038726,0.5733627742703412,
0.7979183411271099,1.0833112735390722,0.8223402128603955,1.08911669341894,-2.0636660988852946,0.9616666781813901,1.0046511425264697,1.138387510749496,0.9250797578142852,-0.8061205213334107,1.0523430447055304,1.0568407219952969,0.7573581300700022,
-0.007663739094223951,-0.051471115226419825,-0.08558538118181744,-0.4110644388576422,-0.8323662875328158,0.15486434280304884,0.05123619296054148,-0.031353593188899395,0.014344044693855702,1.1834215258417609,-0.2456861735223552,-0.1173174583184711,0.15691692146609088,
-0.1715281318561572,-0.32030594418948033,-0.3823775189370528,-0.3721133800152967,-0.21893269150669398,-0.3584792433938165,-0.1966833347666204,-0.1855607664743749,-0.4908970794231881,1.5683956581649243,-0.7200704354964285,-0.4705474100940972,-0.5839296212431154,
-0.7996848829324392,-0.680190190842422,-0.6386646954291152,-0.5003881037137338,-0.2330142158478038,-0.7266150210957308,-0.523265665732694,-0.7523066290235034,-0.5133720368149497,1.5985789184789416,-0.4859895268196584,-0.8285452802810237,-0.38192973350029463,
-1.3957986346758375,-1.2601185997277695,-1.1826130033308264,-1.4806459173553117,0.3170265064362641,-1.1801601357245035,-1.0362245615464527,-1.146361070858991,-1.291781371894289,3.057003525339713,-1.0398246568477605,-1.0752210650981044,-1.316787219204583,
-0.13699555839803731,-0.048810925652658654,-0.11884526661197004,-0.10771076516025349,-1.205978123286319,-0.08138307051836646,-0.1748028178016877,-0.3262546911655344,-0.16420251567388044,0.8607451835228151,0.11198042650457693,-0.09241744922177225,-0.1836438105980955,
-0.6641070369952612,-0.6482123911460336,-0.736785846659029,-0.867635162098691,-0.2674303292334405,-0.7978682925591071,-0.6092382469069793,-0.9957220670710968,-0.6471350719241712,2.2171464164612074,-0.9629792946863165,-0.7555773702365775,-0.8388045656636254,
-0.7308477132294454,-0.9236556269726224,-0.6386517827189824,-0.681984995023842,-0.30811890988745855,-0.6300709532608162,-0.8184388178301834,-0.6541340622605298,-1.0548185208661853,2.2481527344892394,-1.080065176763624,-0.7475052156492082,-0.7948737213488773,
-0.6113907389548169,-0.7007778595280347,-0.7230098042815056,-0.9207443596668277,-0.13972036248213554,-0.861586957855762,-0.9653086691618256,-0.5854405691529461,-0.7312354115196436,2.1481968523831076,-0.8130344024015514,-0.773239022898634,-0.68133884907118,
-0.6720810089507869,-0.7357311190432403,-0.6946377451466349,-0.527811814117112,-0.3652616029800227,-0.8218574087048095,-0.709233312013743,-0.5640160162042787,-0.5226247479842031,1.8482618355568188,-0.8025721598332667,-0.5158188938324517,-0.6273887994532958,
13,12
-0.2992775710274834,-0.06981413334652678,-0.03124347335532785,-0.23658947720759874,-0.04336962708813783,-0.12317107585133928,-0.3019572261054261,-0.16081160436037856,-0.12102220626110673,-0.3873182265892405,-0.22514647387379014,-0.32697150844902984,
-0.08361291483832992,-0.3372104772696731,-0.1878293942337937,-0.0941226749032185,-0.1297077265506099,-0.31372666908457353,-0.3179993655302619,-0.14180445846340728,-0.2549957856035413,-0.21126471369261993,-0.2431124586350864,-0.1316801578557133,
-0.08520896588583679,-0.05485174489054489,-0.10966348136242643,-0.27652167829018526,-0.20072960442644766,-0.1420434806223106,-0.099412197090947,-0.363199775960074,-0.3172546686668957,-0.31291287827756614,-0.2364626013194793,-0.1032538511246436,
-0.20161582376065632,-0.1940369315659371,-0.33067980030073973,-0.06244343193207788,-0.2634462091081706,-0.12106415179661621,-0.09023495375188488,-0.22187022266912418,-0.37636581616513776,-0.23507018288086315,0.020851222740227757,-0.21741920052839325,
-0.06829650952645457,-0.11397455944964711,-0.14457417077983947,-0.17950814413137783,-0.088899185109513,0.05085608170938155,0.06577477839674019,0.03661285371812557,0.1788225399699415,0.12029476902694035,0.15487648172708357,0.07778889263882252,
-0.18228674280784385,-0.08199262805795852,-0.1726478692460872,-0.2209419649706821,-0.04438604355106835,-0.1557191384964535,-0.3032961092116258,-0.184504835263769,-0.21561364872664399,-0.2907206522284575,-0.32273002669651196,-0.22157654264646778,
-0.11871134311075661,0.003182314886209024,-0.023061399281000056,-0.14384693094378245,-0.1757935534734044,-0.3206065570984651,-0.3502671985126668,-0.3571160798896774,-0.21610221927586443,-0.3056285078822172,-0.053546578837949756,-0.282441381986867,
-0.22391757576073826,-0.231456957379324,-0.12397173377697406,-0.2873503915983851,-0.29334537044248393,-0.13447009216154554,-0.18817609304585456,-0.07455371474985345,-0.1757848564465389,-0.2784746094159943,-0.14510183090636986,-0.3459841176236804,
-0.3200173235660931,-0.0849676557252923,-0.21695004762880996,-0.16789844735719858,-0.18058405662620028,-0.3508573199529861,-0.25014237805229167,-0.08100627188654039,-0.12489137327675412,-0.30216688241687156,-0.2899503415158916,-0.08026973233628829,
0.7848212073087638,0.6814967138774579,0.7242342577355527,0.7385027161310668,0.7706530810543294,0.7903325155594318,0.8382575253244213,0.8203717688401893,0.8348416323920542,0.8863472105395489,0.8500960526035147,0.8390783612954102,
-0.03341556638245618,-0.11757915617594272,-0.36765138442550543,-0.24291620488355764,-0.36172532417883013,-0.20605534204000484,-0.005929708245640601,-0.3236511520907202,-0.05602749588122655,-0.05023763587798996,-0.3380320163992344,-0.2400997555889867,
-0.26175736576216596,-0.25501756424190714,-0.058801398790257565,0.1241591572937812,-0.273616440345423,-0.1756930190869609,-0.3055552441322789,-0.16385036646629628,-0.2649002025780397,-0.14481554704295915,-0.3146433414473779,-0.23851061410355406,
-0.290529915007058,-0.33280629433923914,-0.24220051551018176,-0.2571732843026382,-0.07375900516082401,-0.13395352331636964,-0.12178009908258414,-0.21407823870532308,-0.3052337162908538,-0.011860725127873294,-0.3106903052289955,-0.14389253448063155,
