# Pesos da Rede Treinada TxH=  0.7 TxOut=0.02
12,13,12
12,13
-1.3564225766767612,-0.7853266519178111,-0.44905454166976516,-0.6572758601535427,-0.42651003495227147,-1.2384875183244957,-0.9378895349031589,-1.4104829058305228,-1.3488905093840955,-0.6225632813032436,-0.15180857909994502,-1.2795461776674333,0.8760924138124597,
1.6391637317392747,1.7463472723447047,-0.45849375445598617,1.9871344347555164,-0.7273843236620219,1.5308570999965447,1.495400717546958,1.7815620026881471,1.9425196679449366,-0.4579903762025039,-0.6303471256790556,1.7341380738524161,-3.1523846268555262,
1.2893916745561447,1.3753255891764007,-0.6350484151151918,1.736891060188324,-0.6765666494713626,1.6071134443029693,1.1239754705791094,1.4927812198369987,1.5371532522636164,-0.7296944131817936,-0.886312821876388,1.4623225789841348,-3.0855610978509023,
0.058044302480179846,0.13597464499672116,-0.8499899211387838,0.3302106055054893,-0.36851759717639015,0.04088819076872489,0.421759614770048,0.17549961201190153,0.2993319237345874,-0.6711748358764716,-0.6511633932634858,0.16167961173342937,-0.019733457078534293,
-0.5802870066670368,-0.3296850834487649,-0.883337626763674,-0.2944725411616816,-0.2901786239728031,-0.46693490446750474,-0.4925733769756095,-0.44980237031195014,-0.6222883234838312,-0.9030300286649163,-0.28468390565143065,-0.8139297096852645,0.7914675178354269,
-0.4105416332405092,-0.38442324353106216,-0.7980471869840998,-0.27730577878377044,-0.8906304738543181,-0.246290041354116,-0.6107896051034148,-0.25360138086740686,-0.2954419025510343,-0.8907952275797204,-0.9485594819471277,-0.43050400532025396,1.0095467301953178,
-1.4866457866312306,-1.4915765350388122,-0.9045763033891632,-1.5338644613002868,-0.7000137655767693,-1.5561755873648795,-1.2078613329545187,-1.7755258940415048,-1.537124696704409,-0.6304618286091067,-0.4264539118537971,-1.2361023477946016,2.7773265236800686,
0.6753750439028605,0.21674397690258104,-0.8244388396988173,0.08766740371951065,-0.8701222760295134,0.2499472275955728,0.49666166711403414,0.5216201574459809,0.2960411014878093,-0.8303136142287064,-0.9196953612564962,0.30766291570651794,-0.3706134610096515,
-0.8131958428473745,-0.8707117407108786,-0.9652052233227971,-0.9597485224061705,-1.0665253503835093,-0.755726639766318,-0.6527871833293293,-0.6548139984062452,-0.8037218037163159,-1.0673103020578116,-1.054778703726777,-0.7093957272558721,1.5903095112002363,
-0.9498968011240833,-1.199763407683657,-0.9156813729516275,-1.337847046357811,-0.9090025074094376,-1.1272356619517065,-0.8172958308389389,-0.9967719778917346,-1.067690100271481,-0.832918697184414,-0.95058822152966,-1.033501738595388,1.6810164370318046,
-0.9353765273702713,-1.0645930381602142,-1.0695509920305857,-1.0532575459441371,-1.0233711049355674,-0.772396547552707,-1.06435311764956,-1.103038971709182,-0.8652262640133072,-0.7399334409428892,-0.9000412112619713,-0.691334870801712,1.4108502431071328,
-0.486085273957782,-0.6750992702601577,-0.7912511136608023,-1.0762158198584535,-0.8675999654253129,-0.5242510855383952,-0.9172300515934741,-0.5739577071896932,-0.6959067391484361,-0.8932827494589313,-1.1366624910838385,-0.7619114360730069,1.7078383244888435,
13,12
-0.09691037929034248,-0.3762905390873317,-0.27890399711742137,-0.16026280743813212,-0.4112896586282775,-0.37846404843496295,-0.2599051139079356,-0.21910621801185803,-0.16981377807333517,-0.4583064364506351,-0.231505102111892,-0.18352645699128847,
-0.3260435624742819,0.003045555419997479,-0.2544656287661078,-0.4255985691782354,-0.3793727480770788,-0.15585239968707268,-0.1392856617021062,-0.21084964443409043,-0.382495428247519,-0.2326427631535278,-0.46736166334152296,-0.1263014840032414,
0.13931780652087064,0.31122150928223763,0.4478318666974618,0.08883219507772719,0.2970217732643064,0.19599867559286852,0.15588257621272814,0.3574512733306277,0.22039632961862846,0.39891284136861543,0.3970410835877875,0.20228443979988875,
-0.2044825243513305,-0.02433069712241339,-0.2382354639916525,-0.1148680303992195,-0.2502811867051576,-0.13176482644755047,-0.18267408543156974,-0.330078210837049,-0.3077191077283445,-0.44963434170635763,-0.393797481878483,-0.3463669910059934,
0.5212818323027157,0.34910602085938347,0.5269105144121933,0.44063146499382133,0.43012309902144324,0.4979737083620093,0.5277451874739597,0.4712565306183682,0.6304018824027602,0.5686401730122871,0.5853563863185364,0.6660953700225357,
-0.29412029787803573,-0.4009914593615129,-0.13295360012409624,-0.27053968228352476,-0.1971643021209233,-0.017094785607501595,-0.4072168545944095,-0.19734726133411484,-0.2260578795952408,-0.4695619237572242,-0.3506042033613717,-0.18850838319658142,
-0.10824243673681103,-0.3506234636306101,-0.27768370352428223,0.008587645076268687,-0.12527321176937165,-0.411285211659751,-0.09709028089106328,-0.06925520578055518,-0.3183499246052791,-0.3013124628460821,-0.43457528340123336,-0.32232968902681736,
-0.4353402489273355,-0.2720870192194911,-0.4574315858370935,-0.1632188494858554,-0.11352625433902554,-0.14656773618830946,-0.20703760707566807,-0.41400230347782513,-0.22559609033078526,-0.3784571617547225,-0.07257665764282084,-0.3506446567846389,
-0.062498028912274683,-0.07933439747094151,-0.09905586128212555,-0.36953677687927416,-0.38795516955080206,-0.35920917372640093,-0.46788118786169963,-0.457751841460351,-0.22819558451239308,0.08362092889768581,-0.3004781102493532,-0.43700713111956363,
0.25059656004411696,0.21644203485110647,0.11346057872573782,0.3802721847463583,0.38716362792032627,0.2823722600568956,0.42499640310583103,0.39252661050781473,0.3000114494283544,0.2981652541072825,0.3500490811901588,0.17023271576646448,
0.4330430640678442,0.40018677133790975,0.4096010245442276,0.42267824585117125,0.36475803909120486,0.43643534288916086,0.4218522278839357,0.37845309352870443,0.44235241249419005,0.4881148790200562,0.4106998833114055,0.4047664656006142,
-0.4565621544253806,-0.296135854774213,-0.30138550795269775,-0.4306715644789283,-0.2004826739271118,-0.37944436266656234,-0.3531712810731964,-0.3031258798748964,-0.32677861060684554,-0.1226632200880107,-0.024867731339025433,-0.13725986782659644,
0.8456969565291512,0.7672337063846153,0.8590643133889234,0.8234068166881037,0.8794571231699045,0.8537928438351304,0.8868462821414892,0.924736289647894,0.9096862412095028,0.9576251455267084,0.9343026043403336,0.9141765202059609,
