# Pesos da Rede Treinada TxH=  0.1 TxOut=0.09
12,24,12
12,24
-0.2724142097207942,-0.3638798225343693,-0.4196519876382781,-0.7787845895480137,-0.4690791983114679,-0.41647383662194754,-0.4951268038360724,-0.5955492973548722,-0.5217906080047144,-0.31534400981439825,-0.3612304763987094,-0.4703147001380187,-0.42935554982132934,-0.416948035566861,-0.4872303575485913,0.07004114105670915,-0.396869044734635,-0.20189667739862896,-0.3704433341274783,-0.12014800832580907,-0.49715730127553964,-0.05113723286659235,-0.08056174189421089,-0.7270044298267039,
-0.1969434611024672,-0.04062835701127208,-0.2984278059714475,-0.38152169357356874,-0.12879800707454692,-0.17047295099756293,-0.5612422654916409,-0.46182897233216413,0.04260703991056729,-0.016600515238840406,-0.8021934932934067,0.14514868037724707,-0.0053772038070051854,0.11181421676728838,-0.5967594968751748,-1.2184335414255656,0.17968637369110424,-0.008228097251646286,-0.1963920992903317,-0.17174680226040165,0.06395069751909291,-0.1000580826299372,-0.2770208516735488,-0.5052222360982843,
-0.3511916657226044,-0.4669725203791645,0.08536696053875116,-0.3971212297711417,0.09823628726836021,-0.2566904872904608,-0.2967186639052749,-0.18506779731131465,-0.4284322927494041,0.17561073224610854,-0.6689225677375896,-0.24230231043710618,0.05228215080096048,0.16240004417906986,-0.30887968108796515,-1.0879235190757697,0.2471518202117049,-0.23434642530678645,-0.086899142038638,-0.1900658456637278,-0.22423970573201718,-0.19144798293068213,-0.11646924704728201,-0.4350921103766894,
-0.2711139386254629,-0.20809258946049689,-0.13549490476705517,-0.7275766304081994,-0.09980375567194057,-0.31607588540883846,-0.31044752855149804,-0.14601947392030232,-0.4827966036429773,0.014750727959544952,-0.97358867625132,-0.2360331177517514,-0.06967097112220644,-0.02201382660570051,-0.5855406453605911,-1.0195329108236848,0.22592305100123725,-0.027259363268116333,-0.27017713681165695,0.039204051802829806,-0.26551162348050295,0.01698255145305217,-0.08513475334130238,-0.4890568705106212,
-0.19881181776257806,-0.5130396645859069,-0.27660229655511387,-0.421826548037342,-0.010422914760620853,-0.39705981904256854,-0.5719108780490446,-0.3374420797504053,-0.21564939116339762,-0.37137582146157416,-0.7969902631836293,-0.3419187988809639,-0.3419943256817909,0.03837677181128896,-0.7943493280958701,-0.5031083358754255,-0.20785540434740377,-0.19304243568717788,-0.4671601097311609,-0.18056064816149295,-0.27918010388184317,-0.2940094498374208,-0.2814978388316378,-0.42074203329443033,
-0.2496630553540569,-0.2993789557021517,-0.5087340158534458,-0.7901160356620309,-0.45805069013644034,-0.428175564491573,-0.4629680091424961,-0.5430030582808756,-0.30917787747387926,-0.23182469482083914,-0.25206326682727104,-0.39687334067423435,-0.45685514501803176,-0.09938970689864438,-0.6356620388944922,0.35263516202847817,-0.4260344304677382,-0.3831545271607243,-0.24556936587186076,-0.25338598823257447,-0.17819838528961054,-0.5853633856051291,-0.06060456811309737,-0.5535500602679961,
-0.30451832237400445,-0.6212410538730249,-0.49777342073537817,-0.41386880043987556,-0.24977643904522165,-0.5122291699528807,-0.4087165849610248,-0.25775738219506367,-0.40385703829896563,-0.34627586881579075,-0.5709642414117575,-0.5143859511648537,-0.5379510159783877,-0.5318863103629189,-0.6531328584879394,0.7072340495396024,-0.29074830192254014,-0.4130937932820014,-0.46111240481179916,-0.1700636078451263,-0.11903384382866675,-0.5605764801995404,-0.5308380392077641,-0.9032321372085107,
-0.5254508148876574,-0.38985150841931165,-0.4380456543454491,-0.4019662790724905,-0.4295540964950503,-0.3166227514871239,-0.3358168145959756,-0.41490267286004257,-0.24487919024644048,-0.27267951959305353,-0.3572096759439602,-0.2199633952615783,-0.32640876346913095,-0.33943221535503937,-0.43515807446254157,0.2671691284276223,-0.33671707053739336,-0.45145683367161676,-0.5511215141251913,-0.3092127180422388,-0.24838557774610937,-0.316787441880691,-0.33098569513190335,-0.6932018351362899,
-0.6258562097506833,-0.522370325532225,-0.3134589977158156,-0.5509616348506392,-0.28606149329436276,-0.33533588870097275,-0.42514351578609955,-0.2478294786515477,-0.45742173689772236,-0.5483769645001301,-0.29539199786713044,-0.533976126419398,-0.17127925267251673,-0.49006136178078297,-0.3881253269904409,1.0496676408633263,-0.4679452862190085,-0.5365745811666436,-0.5402355371411837,-0.42853073730761165,-0.5028776397845264,-0.5575108024567776,-0.4890937475043334,-0.6918122503560465,
-0.4486274281992711,-0.6368435621891095,-0.3235647031723333,-0.7313787077943563,-0.5957622595445289,-0.2585966948206954,-0.8411741219882065,-0.7397866037788591,-0.6123825803784411,-0.2504677544614643,-0.33722498503926845,-0.18254032185065308,-0.4213224842048078,-0.6195631662998132,-0.41148251054610036,1.0863707163262575,-0.6086456386935383,-0.5481347980514235,-0.23913201993246078,-0.5542961042408739,-0.4443234190543841,-0.2729259487343195,-0.16852605703813275,-0.5617054785307122,
-0.3908048820103822,-0.30845937764769354,-0.21970406000114226,-0.5993623379998667,-0.29668344310310085,-0.25999708373825114,-0.8045134856628838,-0.7184260036266371,-0.260295330872654,-0.6509552170268078,-0.1459195551600141,-0.23395686843186014,-0.22753352749452357,-0.3336611307031521,-0.5245185999541183,0.8316507383583249,-0.5220402245916553,-0.27677760466894863,-0.16757525106873924,-0.5782239492477441,-0.3620811698483654,-0.2032701089173339,-0.5783586410247078,-0.5511655755335969,
-0.6591213374365377,-0.32923931069010964,-0.4483099191237379,-0.6428333774930365,-0.3377594381607178,-0.38204092840109233,-0.6037791514117211,-0.4189161717259068,-0.36042522988219844,-0.3067568191079201,-0.24866729107604316,-0.41381163201273796,-0.5354441720718736,-0.5102434398499158,-0.7689016922130911,0.7392967584215671,-0.24937414667477123,-0.4163393098282594,-0.427963702973478,-0.475321155745852,-0.4055190095028638,-0.257291129510638,-0.5070463667650078,-0.5368807748508942,
24,12
0.12895308585405374,-0.1599792591944941,-0.217904215639361,-0.05497016514424228,-0.21753567703632537,0.15277173402230085,-0.20666685170622479,0.133238270718827,-0.2136479956926054,0.09110141460162213,0.08951804994346124,0.04520220433436277,
-0.16482743253781845,0.19843606705530895,-0.14401057303408984,0.11869703583985453,-0.18717051458442657,0.1298523047700647,0.18043438842103215,-0.0154638796446126,-0.03432632481777879,0.06165606621878531,0.01784669176757964,-0.09583812759819789,
-0.1816641826607703,-0.12930410695788366,0.09065548141756292,-0.04149565660550141,-0.055119568917653086,-0.18966756165946277,-0.04671045322951681,-0.2197285985453553,-0.18237486756252297,0.06876580569917704,-0.08135177623738284,-0.08111609948998966,
0.3959097483308886,0.060831041942926226,0.2816336391202663,-0.03022383626201464,0.1970958945792614,0.2876312268827812,0.3883275453587024,0.0949341675114213,0.11104708987088296,0.4613694681366517,0.44607584306445835,0.16611643364550943,
-0.15332259461929887,-0.16512556892285044,-0.1836789231960905,-0.13186407381481063,-0.21564663285379926,-0.41113692278096947,0.029162748244173226,0.031249633019071202,-0.00809573980398641,-0.2644224258596752,-0.25347042020754235,-0.4342758136625326,
0.03461889920508779,0.12158436326439383,0.14680033555257754,-0.006652721715626528,-0.32613372086404796,-0.24418424717196194,-0.021274274529863864,-0.1633172380041205,-0.08638461073442086,-0.21746871833366843,0.027660216064256685,0.07431700404843344,
0.30044200848382885,0.08474339685150627,0.069505669373235,0.22973498153600894,0.20052360943578823,0.1041701288688584,0.17983220288747834,0.020422995614107792,0.22092546045477396,-0.08290783298558822,0.0624272345602392,0.1655126828729137,
0.018539470440009125,0.13915448296132965,0.08311861565140566,-0.020464603049031204,-0.0019407036480827131,-0.17309924389497686,0.1522990351557876,0.1081444997912981,0.03433728317701653,-0.09561255535876316,-0.05068653072361763,0.21996306170372512,
0.0332255220566743,0.20914307884169175,-0.2114428119985263,0.013838657973683721,0.14552183004282576,0.0785508357295317,-0.10812426689449887,-0.1143753443767782,0.1489048368094964,-0.13138385647925444,-0.2461548377743014,-0.2358868931584027,
-0.26383657646823466,-0.11743283719160537,-0.023957001298348272,-0.22044056693695882,0.02573021573227539,-0.1663093735690405,-0.30244575299375853,-0.2428924289475227,-0.3824613153064211,-0.1127039994554889,-0.2975588779816041,-0.18071300148673583,
0.13954232429562505,0.09115327237943105,0.04353115808643694,0.02578798392555654,0.20517123248551652,0.09423749868509891,0.20938690614691383,0.2340743728463436,0.3829663985291443,0.26726000227603797,0.310067931349831,0.2844471795827311,
-0.34060323701201445,-0.17899409895152138,0.08140850609117016,-0.28163464278461703,-0.24976769592642883,-0.033587599595427474,-0.08132781215123798,0.09291169253225608,-0.12083374117423971,-0.18471015663793186,-0.10287217075177772,-0.05834117347849196,
0.057333379061983575,-0.3148443413970015,-0.25578695408635665,-0.2344820804992325,-0.24766397020621692,-0.18435554834487639,-0.20996934494412817,-0.24413651840148323,-0.07271592057392819,-0.13827761809542946,-0.04904388473912254,-0.15760001856155023,
-0.17328472333741016,-0.1624542567637762,0.006567760818704917,-0.021998419184876078,0.09957331868687777,-0.07273141322182146,-0.35920998874053545,-0.4309876263005129,-0.257168319728909,-0.2929234188705303,-0.39483054043781896,0.003908083228670134,
0.05422565049949773,-0.09609243838222684,0.15992212457196128,0.15746917805544625,0.4320347706130221,0.322607387990211,0.27727887744211793,0.2720074350069441,0.1595928012232719,0.17210893806785948,0.25415872767671793,0.30675150720933164,
1.144794383639391,0.9896250375439702,1.0426057420468182,1.0272629672125877,1.0934579156840059,1.1255909233621162,1.1813344105137922,1.1964625883915458,1.2025824436664228,1.242029500052538,1.2233369209328224,1.2152939157050164,
-0.28847063204487505,-0.2922619346407209,-0.041886407801582294,0.03079296364882992,0.053457447830491875,-0.11106850230451795,-0.41748576907859386,-0.21840176083817534,-0.5174527009194241,-0.4326836013984517,-0.18402011122478298,-0.46144314673329817,
0.0919234131331194,-0.13130900461070455,-0.20151647823033025,-0.3128472127255267,-0.2856894750185069,-0.00482705655014812,-0.1023070720729857,-0.2038746352442996,-0.17238045408803093,-0.2833710388692069,-0.025619928317917838,0.08096387737318451,
-0.31210232579575503,-0.07825058550745903,-0.13294704547562175,-0.19673520499104077,0.14560753957944958,-0.0566431994159762,-0.2634980789308097,0.107769180737378,0.003917124382280759,-0.20798255215696732,0.010720494272791913,0.03142137791936614,
-0.1868435129966333,-0.2410247109449514,-0.26777053861213995,-0.12175484523730157,-0.3767286207402378,-0.16739923056102726,-0.05308648532816138,-0.21326424734173915,-0.10516404640682112,-0.04631272077203854,-0.23143231940900455,-0.06365725885058864,
0.08894106764354041,-0.0063623390050049095,-0.32616178532206797,-0.08064379030417058,-0.33815246738447996,-0.028296412525695248,-0.20155831008058755,-0.09944369997589704,-0.11786014355054346,-0.07112508653104747,-0.328846248845605,-0.04827968551754585,
-0.26102620779704844,-0.16000073532335782,-0.21254572308331857,-0.1972194621053518,0.12682691378183397,-0.41961452859276055,-0.1129302493877199,-0.21988027187302278,-0.028332969890203587,-0.08681295350603564,-0.18558554488488407,-0.31006060102284777,
-0.3140133611094751,0.04310516445064517,0.01337879964792174,0.05657565220843251,-0.22847390353179858,-0.12174312466951279,-0.0305801235762897,-0.12828895688317898,-0.16700822030053408,-0.01331860659687451,-0.030815299019004688,-0.4092725356280975,
0.33399190633961756,0.34186310188694785,0.27367417649733344,0.3419203125431034,0.10899385853519544,0.2982804440531219,0.1200450634276662,0.38500403494456353,0.41067409897171875,0.5497859009335357,0.25675045111781925,0.1306074788173775,
