# Pesos da Rede Treinada TxH=  0.7 TxOut=0.02
12,11,12
12,11
-0.8086045849691225,0.9326270212993997,-1.1293802154489303,-1.1164181071540042,-0.8010765237783023,-0.5615130779197517,-1.2628583345012359,-0.6136225084261143,-0.6359535938335479,1.1848183222048343,-1.1097381394197043,
-0.3769520305353767,0.40980644415529927,-1.049690955050741,-0.9032266319413834,-0.664169919302024,-0.7824071959740414,-1.3510280600512192,-0.8427296748715758,-0.8401212725909369,0.9739298574145703,-0.9585944711776141,
-0.41484514255501487,0.5282541334012953,-1.4637403846284704,-1.28953778317747,-0.6939602032363271,-0.5496356170807656,-1.4609471687128275,-0.6657007856946975,-0.4311224657510538,0.7606105939762224,-1.6068551593587892,
-0.5612156336778147,0.6762984745610425,-1.5064471283529801,-0.8353184278828637,-0.6399518569341927,-0.4209408416216262,-1.3978767774789447,-0.7389052428143904,-0.8068787991218166,1.0809869380075776,-1.3410363264614906,
-0.642844912203523,0.43945544086465294,-1.347474107748246,-1.0201471169012533,-0.8593979911622803,-0.653164016757174,-1.6809087786480925,-0.5562030524091431,-0.49876022612946896,0.7728923736967985,-1.5393982289186476,
-0.11790288410343255,0.09864661690207649,-1.4885943991039545,-1.2860775748910922,-0.10854739025424154,-0.4142084594752776,-1.8051670501427517,-0.15230834504318586,-0.2196054513198412,0.06135072366870589,-1.7295684180889133,
-0.48605087165827954,0.1310926570739288,-1.4204462083005776,-1.262412625116104,-0.06389461687707737,-0.394030376718415,-1.3539492762446061,-0.27805934531551074,-0.11809905628526776,0.12064392530239731,-1.631504780972605,
-0.34651419388981625,0.4263036020630542,-1.57660348642061,-1.0873423327556415,-0.20391767752998277,-0.2374690879649134,-1.7559193574496959,-0.2120915135523453,-0.2720018955199291,0.24674401894104578,-1.5542406692396102,
-0.28764883743231545,0.44540084690867054,-1.6802548754650384,-1.2190523914206035,-0.18690425223929166,-0.13900635746154782,-1.4226601141231552,-0.05243462869143488,0.02013133192837984,-0.1808426881283379,-1.3289019552576107,
-0.0802787915254117,0.5609223926407336,-1.601459249266964,-1.1269318053398767,-0.23932481682275303,-0.16095623452896954,-1.6109007018187762,-0.20488274499266157,-0.3917471761112138,0.0885831215369103,-1.209005058701326,
-0.2554324914127819,0.2776683452364202,-1.749154680033446,-1.4009250780661942,0.008137713527472756,-0.33746955535802153,-1.574642917975538,-0.150223619054135,-0.45798432483928003,0.27647685716644976,-1.5443099513759284,
-0.39312180677183456,-0.11804446897425028,-1.854033643946806,-1.4536456023931585,-0.2859912881558977,-0.17240778842963617,-1.8849622332829399,-0.3455895432142426,-0.10373785965298198,-0.2602146466080012,-1.7017329532488625,
11,12
-0.14335492847550912,-0.31585008648327395,-0.3345137950002841,-0.43590742823780976,-0.23222584001012297,-0.20116903285062873,-0.21557917951852312,-0.1069693944324304,-0.2964283154483725,-0.4206135211002803,-0.13936423782626328,-0.20426981867917912,
0.3917790701610118,0.415745385858955,0.23596805773570578,0.3961608486164302,0.3566283735640346,0.23788655116611876,0.40177691865709464,0.45996345997940524,0.4431170441447386,0.3491883097538234,0.4251757990064638,0.19699533153969,
0.18487507607983486,0.18271994401191713,0.045979247224281705,0.19227290434802002,0.13500027801240483,0.36790029300496657,0.047279590136552585,0.19081165068765893,0.14724215906908458,-0.05459614187285697,0.3264636091625122,0.027883071465167646,
-0.1056121530240572,0.06719905379196608,0.18409051998956233,0.2040740167490981,-0.048793774305909206,-0.07657121736111067,-0.03687930012052827,-0.12977013651286218,0.07839750237353962,0.19306867474584388,-0.01022009468706667,0.15489747098005618,
-0.08368876126588445,-0.19280410648327886,-0.23023413033586818,-0.1469636293184969,-0.40176931094435214,-0.2628509626855532,-0.5324536895434886,-0.341335598153141,-0.23146930859983797,-0.2544845116635987,-0.16088702131214294,-0.4302131106204309,
-0.31902281545246003,-0.16156635637881558,-0.30133903303950876,-0.3532668124779653,-0.07339870491821689,-0.2989536853385661,-0.16814799711246478,-0.2944050400822973,-0.23080286757020993,-0.30105608612792356,-0.40572732520726107,-0.2311684519379321,
0.340412921645067,0.04665674644238779,0.34512340175093925,0.22617893498470726,0.047745251873379004,0.07152597471649194,0.26660955320442176,0.21017180091649898,0.1831474613390636,0.3592993569441319,0.4291520432362164,0.37351109003854804,
-0.5108566020694529,-0.2500425939232736,-0.20149107621889337,-0.003812188685960159,-0.4221315728186652,-0.2629501576374501,-0.17221388847945807,-0.42297592945070944,-0.09946448657219188,-0.43158684753402204,-0.19224239241040597,-0.31656858084852957,
-0.23089847167292504,-0.26844500355944473,-0.2527229095520527,-0.3635576108132206,-0.22092604054405374,-0.33121673178808886,-0.2075652385733166,-0.14642857025669476,-0.4162997685498931,-0.0038902147169428128,-0.42645535824583414,-0.2372798760002472,
0.3548058339981293,0.28731693347365295,0.5421396492559974,0.35949607084509316,0.4356086581074829,0.5124569642906226,0.3555457273683745,0.36512045363956724,0.3723063347673374,0.5248599916387269,0.4106606354195641,0.6572181896399739,
-0.014871659599430561,0.1966444871019819,0.2137890481710219,0.10267948294494478,0.3283471212153673,0.2388549485430248,0.030467221403918165,0.22433439557471327,0.2995074479734118,0.2180745371339317,0.08127047415918165,0.3250737164854427,
