# Pesos da Rede Treinada TxH=  0.5 TxOut=0.01
12,16,12
12,16
0.12006246137513998,-0.6083789133682049,0.5745476854305819,0.5095423831115521,-0.22923596379537925,0.39610447138416227,0.3864580809011675,-0.25897284501715406,0.3809207220529874,0.6003828672454282,-0.6721702102406485,-0.65211996575744,0.1893032321057497,0.4334599030018731,-0.5465997353883175,0.3678084902657229,
0.38144135200011026,-0.4119009634960937,0.0954526889607913,0.4773030162674281,-0.44899196361201055,0.4031034228224379,0.4201833479807381,-0.4249410882338441,0.09813735989032946,0.47841914421145054,-0.27588892960981115,-0.40505056541829143,0.1720307020114979,0.4743466464188324,-0.20763120308933658,0.42815207848975545,
-0.02136221013705284,-0.38976604501312395,0.2762801605865538,0.3569268624057164,-0.2571807914759998,0.06612074821210769,-0.024199619030003283,-0.2901647033605545,0.5467624085725693,0.38575874857634523,-0.49043261134721455,-0.11795813337973539,0.31920328354312566,0.11736449936062268,-0.4335811023031468,0.2989023223200212,
0.14376142053812463,-0.4285328358342872,0.40209089931729336,0.5802451607205031,-0.4667275514688687,0.08632390598656715,0.42130147115333066,-0.17532795076502947,0.43982071462545785,0.2466751673697935,-0.48105141952935687,-0.13090048139309052,0.2783744836652661,0.15791059171955996,-0.5356786153430706,0.33075506949939476,
0.25246737250558693,-0.17244892961851316,0.2238071111045683,0.22935067656313005,-0.5032204348874156,0.37760729908460516,0.403416132397112,-0.6413682236716238,0.20184935201069576,0.45086574278630975,-0.22230149366583876,-0.18743348664481876,0.18576501581356888,0.11442941791275853,-0.3516158666307884,0.1121450109933771,
0.3480643074052853,-0.39410382677668604,0.17712542573543036,0.46730281965098663,-0.09627843369359018,0.07049664689577317,0.15809161193457544,-0.5413565792079069,0.14195569863732876,-0.02586876018353811,0.045704457941615345,-0.1387622832158673,0.2159734246516935,0.028534746389708952,-0.037620474263653725,0.32667637961574003,
0.09825072188109966,-0.33251720876058605,0.22280872398147286,0.1320831140267682,-0.3038393647037041,0.3804407949642295,0.3120074906213355,-0.34873691887413305,0.4561527497751026,0.1108943810227184,-0.23764179726530577,-0.21402221871776728,0.060760209779913005,0.3662346637125647,-0.3188653759753221,0.26623231337256564,
0.10625056805377944,-0.44820709633789435,0.3100729946158005,0.11816047504175962,-0.21693531773483238,0.4041486910879504,0.35310560464199936,-0.15059803269527539,0.09722068001303148,0.448911029320527,-0.22182326798619847,-0.34381731124300297,0.44078593715809244,0.19024882767877016,-0.4533432062237143,0.34547434570694013,
0.18387570927478775,-0.20012248716493702,0.4467049396995023,0.06976124111327148,-0.39288073163382603,0.23494120971006424,0.13966047306480867,-0.0801309905651019,0.07218642466791339,0.3044463366807976,-0.22995195535866975,-0.3073526424546246,0.34808074707150755,0.13565991554844506,-0.12072124229583665,0.20565016667611755,
0.2622870313122156,-0.2065815360526491,0.15811267634371298,0.15464207781804706,-0.4116591620776716,0.3373384808164592,0.31461857525595766,-0.42270341598015815,0.373274567798971,0.1379936991926932,-0.3797858804086456,-0.3295565606385421,0.24327040972695016,0.5233726424730198,-0.42747233973014,0.09076895979471056,
0.2134174172924945,-0.1073660263868129,0.48903447553686913,0.4217554411901208,-0.0874449573340873,0.12294783639012494,0.19208013960534737,-0.17828496667211874,0.18703694731895817,0.05946347692734792,-0.3275431833215904,-0.5313652525681749,0.4017874627461953,0.3598918422965753,-0.21629246428934956,0.18035888620279594,
0.24089500996842592,-0.03231213000767699,-0.05356593217085191,-0.01223170670009798,-0.25182081698945064,0.3198609847687729,0.08041124217608697,-0.13809709368462722,0.45361546536738034,0.20618025498741313,-0.21334597033936134,-0.22295908706445788,0.1547633059750167,0.30784044188135684,-0.03092928537291435,0.3504715090734152,
16,12
0.13368411652085183,-0.03469025277238244,0.0635889506445332,0.044813435241609356,0.004346206731490732,0.26470111300781846,-0.14728305970577993,-0.11896082910560021,-0.21903433678040504,0.1987788641395117,0.11698756741915685,0.14029224261124495,
-0.22947792922542798,-0.16805709618635528,-0.2592360922705809,-0.26110377339105567,-0.014984400127492319,-0.07437287878810765,-0.21628182083575914,-0.2232153611048439,-0.1350762436396475,-0.3763279322390186,-0.2865446425253499,-0.3946190068899489,
0.11418653324405106,0.14774525331586824,0.03311229844701275,0.054528238872044,0.08448605282291777,0.07237710780722442,0.03677624967793484,0.331130862908715,-0.0022390313329603657,0.12625397566122157,0.09468749886991581,0.07796076153979813,
0.39995090238021636,-0.04596755445146076,0.073699148449788,0.11679537179638677,0.2629837540613442,-0.10909329721520497,0.30501897557591345,0.1560784983247467,0.22656453609538482,0.1744629465804391,0.09875385816053604,-0.08315312729579726,
-0.26010522469707936,-0.19155840028669038,-0.2252267966635862,-0.45124794202778123,-0.2589708799616746,-0.3720244140075939,-0.3443854199689686,-0.23847689136944955,-0.09866781722557678,-0.1762879412879314,0.019810991667740207,0.018843956384476154,
-0.019913531177586725,-0.01828416386482948,0.20578790062112315,0.14074985299676712,0.24466362603947223,-0.06608210530340726,0.037874767504101674,0.20079687338696736,-0.11477781825909002,-0.022012143329701667,-0.021676663327234072,0.2385705493325808,
-0.060167942176261306,0.11524207604439754,0.2833244266937732,0.06103922025322558,-0.15300877147227085,0.1490429778094629,-0.08031924014551307,-0.05047929209976226,0.2347412078719628,0.023368869562552047,0.15534509922263276,0.21820157779895819,
-0.0722046002882588,-0.07591956870582706,-0.266165349129509,-0.07440887633732035,-0.432064638348806,-0.2386286491529518,-0.23655607109511065,-0.061204854683029906,-0.10257172322140942,-0.37579136672895624,-0.34565665039153765,-0.09909354948050669,
0.01651009315408287,0.1383892193135721,0.14750343920487108,0.06469699331273818,0.27598686541678447,0.163179417464726,0.07569001605280667,0.291080327319042,0.21477157579641892,0.29915718910699945,0.25859069452099326,-0.0858130762739598,
0.13570628179540187,0.0908493304871696,0.10425005389502635,0.08675541550943461,-0.04033776715537793,0.1506279243970643,0.16252848772093556,0.05752872015021485,0.04837712059822098,0.21635439488464045,0.29163788324073864,0.1977383885721399,
-0.17104687089886955,-0.05810132603981022,-0.2938483876507793,-0.1395153776993212,-0.20113396579797796,-0.2725095809717104,-0.2667537255470404,-0.30667969220119906,-0.5073716475137922,-0.20463212512327103,-0.29011956639452247,-0.15561067630299757,
-0.2412653818847926,-0.4202092479375315,-0.09261416536397044,0.0028143720196993384,-0.13676410816248147,-0.3167920375277736,-0.03759333420042861,-0.2499684026372795,-0.19831691122691564,-0.24672972855366146,-0.06280452689103495,-0.11401145036085804,
0.03158427521854153,-0.014597590448486875,0.16139800799497953,-0.03848849554309235,0.16358991419423824,8.437550504978263E-5,0.3261786101863433,0.12583966609602756,0.0631183670670067,-0.09183692027633084,-0.06720163072006162,0.028651033690757784,
0.29182003830737785,0.19635713447775582,-0.039794850029559965,0.19675710789978823,-0.1312165831248134,0.2561653141424011,0.2731913474294702,-0.007880845299313075,0.2607586134305498,-0.08409989704033984,-0.0881009965553431,-0.030068106185694533,
-0.331644822635526,-0.13851313067402996,-0.27018724762989704,-0.20960113102353806,-0.13441888808343191,-0.025916378820769408,-0.2532742009700065,-0.17239407285515845,-0.20060127019876212,-0.04641879235565452,-0.36822762654498825,-0.3891792537747496,
-0.14835725959735926,0.20116209217387404,-0.12246990920283435,0.11846690895894885,0.18080798118553734,0.02571270994404924,-0.0862744565493577,-0.06523297166302106,0.18504140039139025,0.14447701285426684,0.10856133377918738,0.22825548565475395,
