# Pesos da Rede Treinada TxH=  0.1 TxOut=0.09
12,22,12
12,22
-0.41942477633942077,-0.46659879622900874,0.328019985502174,-0.3502751168334139,-0.3993320891109263,-0.16537647389422008,-0.19318347447179388,-0.26074688658026424,-0.3733208771232977,-0.49288159395772246,-0.3965447503956865,-0.17910564593131395,-0.34845264356959305,-0.354719983033719,-0.5744986619766284,-0.28073446897558785,-0.3932442971293599,-0.1340844517022804,-0.2207069574250976,-0.4013436040153314,-0.316628904567719,-0.4142916911352744,
-0.25222652305950793,-0.01761950229309533,-1.0169475026054784,-0.6218162527729189,-0.27606524790060627,-0.1054014710697241,-0.21489316473277495,-0.06488486715896477,-0.24430742216949922,-0.6590791176070522,0.19403858057099307,0.18487459479753876,0.15307942012136277,-0.24353646921689526,-0.3853269113258782,0.08985968751000692,-0.333054449823913,-0.483459266366956,0.03372870485262812,-0.6900502258773448,-0.12955139779388528,-0.058077784216388234,
-0.2878241991487135,0.17487749700152075,-0.9200614221549469,-0.6190723568893569,-0.45974923077203667,-0.03935217045329865,-0.11902085118697626,-0.5030217895579956,-0.17328111460248882,-0.4486181927922093,0.2929153265264231,0.2550988365251567,0.1938996903188849,-0.3617777517203736,-0.37792982368717626,-0.2874076475328336,-0.562128215774469,-0.793843594815195,-0.06873672828056111,-0.6190674263776982,-0.31489471786548245,-0.3118471037819655,
-0.02728994750960646,-0.30005903748911245,-0.9197089714096938,-0.427890807720886,-0.1882559954506964,-0.24460575788679467,0.09310575080280091,-0.5406507322214305,-0.4283681357478308,-0.7374134641487157,-0.08087479141593361,-0.23016443424249206,0.18971995844814168,-0.6204227829636314,-0.6110450391920687,-0.24691108972911044,-0.5808955995740267,-0.7156706960554972,-0.3166470505718331,-0.5394005427356512,-0.1544393297220853,-0.2675221003721286,
-0.27998992070727835,0.07905316091286398,-0.6804116560237042,-0.5735321202977917,-0.7077495572373134,0.13023300010314562,-0.02232063617737133,-0.2861210461199589,-0.025879924762989157,-0.8619193113008408,-0.16680530231419646,-0.1750917910930004,-0.22325083971663198,-0.37951194862961174,-0.5352607526175709,-0.43803032796566466,-0.4232177562894706,-0.6569048890700301,-0.2000658459258926,-0.4498562368638491,-0.3138270919551157,-0.1687739431333512,
-0.5644820492661636,-0.43360054184610813,0.18053000766889296,-0.6278340798466563,-0.5691928843350065,-0.09943096343887924,-0.1117069513274626,-0.5219978142456125,-0.27572153993908366,-0.5410886597324615,-0.24246446602151359,-0.34110925481424925,-0.36395846338307025,-0.3014197021592598,-0.3090402914547196,-0.5782523156991409,-0.4132100729124713,-0.5651912064981183,-0.3456173757429393,-0.5447356892831445,-0.19404817953206807,-0.08689660682912626,
-0.55501911488124,-0.2861095588225683,0.4152725886794789,-0.5733328100608895,-0.6276751923015058,-0.3413100812826271,-0.428317932939034,-0.6020041449785415,-0.2047249665846736,-0.832504889714318,-0.5114814228388622,-0.12506354850855428,-0.37576464340255533,-0.5052388578272832,-0.7362265887184537,-0.36347612573295734,-0.3780191832929654,-0.317980964445134,-0.4146487501296192,-0.4199775187128367,-0.3400631152511335,-0.47595396789911093,
-0.2793993518389111,-0.2911405927460276,0.3791974888264352,-0.3813323530019666,-0.46977663108288886,-0.2825646620163396,-0.3257217926096371,-0.32840242086216376,-0.3164252155089157,-0.8803527821226128,-0.23687599869369536,-0.45527557156729187,-0.42332000918473534,-0.6197097325753305,-0.6034091750162983,-0.4096093069215161,-0.2796589340902797,-0.47542621188551903,-0.1374200843423076,-0.7989337926688554,-0.28654411209562103,-0.46156998754939893,
-0.36835712114895874,-0.5943564812018627,1.0838574582834237,-0.7226188483488319,-0.36665023771968835,-0.33041238846971316,-0.48435090334264724,-0.4507034101750849,-0.1719473208468533,-0.5611164808718412,-0.5253206265769632,-0.6286173558583109,-0.2892705731595716,-0.4246472191969988,-0.40700714834289736,-0.21503573068076795,-0.31435821054332524,-0.45711754885731326,-0.39487195191830093,-0.4947264195851343,-0.6563325562883182,-0.3443068724928395,
-0.37974089858705334,-0.4701017993170821,1.1003651317548284,-0.6468128497466665,-0.6404236280019718,-0.475222381572803,-0.20636127300028984,-0.2400012779188495,-0.44921546932445955,-0.3732398354060371,-0.4212948593868894,-0.5342362225593681,-0.6338158433028975,-0.6874847667561906,-0.5765500986655046,-0.23671860232105219,-0.5029886177496358,-0.41752768042912153,-0.5569770616708863,-0.854697833123914,-0.26012528997268836,-0.5154330449036283,
-0.23410629500698446,-0.1889233614916905,1.0796582412094062,-0.7007975593592864,-0.3242682741509366,-0.5850180967691953,-0.5357887721691426,-0.341662686230271,-0.5918710055258755,-0.46461969464483827,-0.4722513771695695,-0.5902313691205444,-0.5293898827160691,-0.4553163572392537,-0.7008221396690623,-0.43067183496525097,-0.47740234604590914,-0.3377696502605907,-0.3341891603036483,-0.644557594760583,-0.539740230195256,-0.36092539255409267,
-0.32962335384246233,-0.4083484718178032,0.40045364461310146,-0.4102698649343565,-0.5442308459236552,-0.4436355783632357,-0.5711819338356768,-0.6735506423590853,-0.3827823150913871,-0.4241214933935315,-0.35210772902590337,-0.14427635819421697,-0.2668113473352911,-0.6053165807573829,-0.41027344566526663,-0.3658975643098941,-0.5228502088514309,-0.5367797366206738,-0.5847245414056411,-0.5513443988448639,-0.45446702255624016,-0.27075806719085216,
22,12
-0.17034187757039237,-0.23695509279072563,0.08661057334765244,-0.3752868032635596,-0.08085473399708422,-0.09122003920299226,-0.06475069646077317,-0.21143301637311118,0.020503296864096618,-0.09134462756887084,-0.008347877715081145,0.01085072120691992,
-0.12218915277126621,-0.3001723535953739,-0.2432671627026445,-0.12756958994861817,-0.34326611528514883,0.10758487021685267,-0.08836989416607237,-0.36596694454661083,-0.3949625632141792,-0.38491336533508513,-0.16301380276551802,0.07574841997815737,
1.1070181539563868,0.9538248548811511,1.0588876938120215,1.048244596156363,1.0972336083005931,1.1366077916455815,1.1633600119381962,1.1691481559784027,1.2072324490510533,1.2312337316696293,1.2305082494407988,1.167601507185056,
0.14935342888645559,0.2833170971559902,0.2102192823453351,0.30333192028778966,0.09781419251250958,0.24249310481353528,0.036704430319544984,-0.008959532843447344,0.2389296726506187,0.2414734591463026,0.009903114609072563,0.3526353830205081,
0.11035853154645797,0.11429557793753237,-0.12049645054415987,-0.00897583390480978,0.1686899940878658,0.2648698866144894,-0.1268792370774339,0.06673165139467072,0.02303784480083477,0.021266316674546436,0.33064683245715704,-0.11314393687517674,
-0.16167578999392998,0.012745741768680145,-0.034768539183693076,-0.13510370311142667,0.17449183633106866,-0.2609019617581215,-0.3551077466134809,-0.3749040914312506,-0.1412633738077693,-0.4242932335578309,-0.27357151320928064,-0.22801920359495953,
-0.21189070182552788,0.10352208597079589,-0.3966294052906246,-0.18386887003544877,-0.10227763950483984,-0.2722031324350169,-0.11205035009548978,-0.16022147646771379,-0.026486889075651526,-0.4315241926056744,-0.3674504541723539,-0.03370569200877641,
-0.07301775227553027,0.1195797346719943,-0.24818554041817273,0.05972631197010913,-0.2412241978468427,0.15329241877492092,0.059783949379887354,-0.21841521476788392,0.19109994845655587,0.04053523285478972,0.20914814419734523,-0.1074180006251973,
-0.2040093635927965,-0.03262319934100765,-0.0719342958015524,-0.20470091099168566,-0.03559426178548809,-0.15140396106737955,-0.06356669921530143,-0.30736999447185764,-0.028402893459843034,-0.16714188072440206,0.11331495438744378,-0.2672908829400588,
0.35209354862509196,0.2566263019569414,-0.03311062813839328,0.07000808472157322,0.0889538020564966,0.30011332466458557,0.2675485119283839,0.4290772600902,0.2979472512620626,0.3123416235086581,0.5511357433621223,0.33437963029196716,
-0.14955923571081098,-0.09104169546219933,-0.5017640827421356,-0.1007383873296848,-0.356081856087089,-0.3917568985571288,-0.49325461327781817,-0.06962570942314196,-0.2653801714108636,-0.17357673392660405,-0.20944955132109674,-0.39937481268236213,
-0.21721939222394082,-0.3321659628625511,-0.09368305254122228,-0.1851634750321994,-0.1768746177473697,-0.3726658978059479,-0.32985161989372874,-0.20679948837517456,-0.4383637491500083,-0.05458928508972804,-0.4772418587084097,-0.23725026067122373,
-0.29113764415035126,-0.11492143453456907,-0.012657498116599586,-0.30123365218577897,-0.32190881815988925,-0.24014543620601123,-0.10859415831547885,-0.027160397691074215,-0.5028272017875505,-0.2725279912940565,-0.3714942208427219,-0.18121352745052347,
0.06432008089537841,-0.05057694674165439,0.06111336166178375,0.1645569705770488,-0.02516093480390709,-0.19317209133963553,0.13143802905931704,0.2359215492631882,0.07874442547077058,-0.04052271060439589,0.0630871089969955,0.27421643020972336,
0.16743512610522912,-0.08797646454271164,0.3284410506662758,0.1262201520359865,0.1801200949896378,0.33577181652219423,0.10088628278062142,0.24456410089522743,0.26331182703637374,-0.02482585062779228,-0.08174635349467618,0.05547123869151196,
-0.046835261448394234,-0.059492270680360254,0.014817762944689112,0.07772439850173862,-0.2335795830887669,-0.05093714673949414,-0.3043303320096598,0.12442737383760723,-0.2028064922692105,-0.20390067230593073,-0.17673616318291743,0.09433386673477473,
-0.12513604542136622,-0.016130699019483764,-0.04812589925609429,0.13205723903351696,0.12938012467123192,0.05173004733448115,0.07626335687266447,-0.16334727035354005,0.29299509255148376,-0.0014565239901687622,0.17590772004768165,-0.07122373070503468,
0.09361176733012218,0.024740331867239986,0.0031095088934860135,0.05744797785678149,0.04384599047096131,-0.12136675555527339,0.2745005066608194,0.2953089773605113,0.07987411008212984,0.30319661876057297,0.15409318747081127,0.14916782081524743,
-0.09838652229486475,-0.316518913118147,-0.09052734178845293,-0.23666126698752005,0.13119133449784467,-0.26127489644637425,-0.12959858645474487,-0.164981565986241,0.06575923385301259,0.0018174549861058541,-0.3557931221263905,-0.2524659901874751,
0.33023885569642764,0.23904942128609552,0.32247024158581933,0.02088544827320605,0.34623985625880854,0.13997125898249027,0.3840925951034561,0.20701116745480672,0.020961455311120987,0.32738746783376593,0.04033323082552683,0.18609021440732193,
-0.22239877746077114,-0.13414517227331257,0.12726785486689146,0.08593061429172187,-0.1122163330724898,0.06187031640795511,-0.03240264598756874,-0.1397508119448102,-0.20250329089403418,0.14253741407423448,-0.20031245204442336,-0.2232439563570577,
-0.027600226147557798,-0.15985098538131748,-0.17516381966493177,-0.1460353225131228,-0.2633252306564195,-0.08779114012526411,-0.0036275478031859813,-0.06823634884768082,-0.27174745517681187,-0.0511759904879266,0.11213623578020324,-0.28865708404559937,
