# Pesos da Rede Treinada TxH=  0.4 TxOut=0.09
12,10,12
12,10
-0.5008457604430667,-0.6072831075453456,0.31712601625507847,-0.6311308790298336,-0.34278993852842005,-0.7443401402595313,0.6383026813324321,-0.539859748956238,-0.4323210079064011,-0.6110359862166888,
-0.2725934608446499,0.023691859005052787,0.15843493647223436,-0.3995922940327484,-0.17897254066959672,0.09748087176293284,0.10396609970882632,-0.31658054752738235,-0.19482538856411938,0.03460351529391169,
-0.11386975237259757,-0.3081176047601556,-0.031591260239032304,-0.10840681301313546,-0.26220928049875214,0.07307265699013114,-0.04456778385378095,-0.029664994532934065,-0.3686669751653886,-0.0029283931593140165,
-0.17222800154161996,-0.4225110212889472,0.30870411403344955,-0.5441803963921853,-0.36137107053795897,-0.4917961977130559,0.2642203685576646,-0.13371834713370287,-0.336684738612603,-0.2963322222616055,
-0.3092261202749541,-0.5163826552455738,0.4581945522056552,-0.2844096828925308,-0.5124583513369191,-0.6075751389839956,0.5591877333105544,-0.6069902881116511,-0.6253802313567336,-0.6950146400841236,
-0.590456873727867,-0.2700705835503633,0.4169672965509885,-0.23956305146907297,-0.4897106200009651,-0.5795317877200575,0.37311911449003804,-0.41381179213528735,-0.6016196331535854,-0.5629947414916804,
-0.6508776849128454,-0.5010087186466101,0.38106975323695635,-0.7371319341216573,-0.5408690348453986,-0.4841341372583528,0.7551844444277463,-0.6218287896446734,-0.6971805064552703,-0.6256266649337223,
-0.3115150753868537,-0.1350708791558738,0.1428565095060308,-0.367203136022574,-0.5103206648934473,-0.2668387077191666,0.22670205595833834,-0.18879778249778223,-0.3081754689714948,-0.5468812391039812,
-0.5245296279760725,-0.637277717920849,0.1285792808118743,-0.20795669480872203,-0.32700205512782776,-0.5302783785891956,0.4880629363449672,-0.5156020198833763,-0.27154163438315515,-0.39593031085770725,
-0.6631652425833218,-0.6341786552177038,0.3703821382630048,-0.6880257594915343,-0.37812287653060084,-0.594518207076319,0.4152818224227118,-0.5682654698854595,-0.2859731029131502,-0.32251126505616906,
-0.5206441297775795,-0.6775988232359741,0.24190671583889733,-0.4975042325712266,-0.4308780605104033,-0.6473043388433077,0.07015931390044232,-0.6345102800038347,-0.23850223240136384,-0.5123705239115542,
-0.24669129699902556,-0.23327761481342718,0.06290869036385685,-0.20503036963625007,-0.5986429008028847,-0.149773508299478,0.3672460973343114,-0.25867132641283774,-0.5831023421613644,-0.37193444768332784,
10,12
-0.5563805898215826,-0.5184655572912366,-0.5107384839445074,-0.1397049418141246,-0.14905349594471398,-0.30407498041062275,-0.4899016022432134,-0.2116296376101274,-0.13928153755228864,-0.37477402009410016,-0.42580367887648984,-0.2817451814618674,
-0.2855533810607768,-0.1282367269752497,-0.37336492403483085,-0.17851580346179152,-0.3886312910163574,-0.4052954006148792,-0.4988496906748879,-0.48814432345609965,-0.4433085919972547,-0.5622744609453016,-0.19109260368290165,-0.4370587402403521,
0.23877660155583527,0.129399195581923,0.2859606428222584,0.030648274900783326,0.232756295075626,0.38260171810320565,0.35158372376806024,0.38012981172872207,0.3968099648763259,0.31506227989778457,0.32804105699757447,0.48184503097300263,
-0.4270744797365153,-0.3268924917680543,-0.2982308571593794,-0.1896877895711407,-0.4328429330045539,-0.22975600504733126,-0.15538115002880173,-0.3062976484193717,-0.5613035165842982,-0.4336101483771855,-0.18082900944472685,-0.4777012629929498,
-0.18013929102127468,-0.1178046288885077,-0.22965133362728912,-0.5335973477152692,-0.5757085592819372,-0.5415834086431862,-0.3518708447162715,-0.39051119153314595,-0.1565450706030729,-0.18178377483296823,-0.5792727999349335,-0.40179716080052935,
-0.4322076480635566,-0.3940230169447494,-0.46281959322337124,-0.2015118636388728,-0.5229551965821967,-0.2518575336430113,-0.3867554663965181,-0.34728544845685716,-0.29566872079724293,-0.3945543909951408,-0.5362925448848298,-0.27166171949794915,
0.6113375574940239,0.6155979709049219,0.5740455908678612,0.7476066560510183,0.6441972991952839,0.49505465078481425,0.5399165237124857,0.5452790963040007,0.5131284313482637,0.6115950278690142,0.5818374084464466,0.4713830660972666,
-0.09474782179807771,-0.15464980018027802,-0.38298511608132313,-0.19098157953122377,-0.40827366351075695,-0.2930369130530075,-0.3586925764731466,-0.47662160516126406,-0.4874635344785069,-0.31825171032688543,-0.5383303201214465,-0.18307756111843518,
-0.37081526489927397,-0.5562184476299072,-0.03029858032667768,-0.5455417878770301,-0.13213280700104618,-0.4908482238019313,-0.12992169691420447,-0.49596035297904073,-0.3230883440725157,-0.4801200725204597,-0.20895789212075702,-0.5103084183158297,
-0.4846486791630285,-0.2090092884076649,-0.39559663779722476,-0.5875453173846038,-0.18411032856808285,-0.24908382967471934,-0.5193496178977075,-0.23623425769342157,-0.5228857503782444,-0.3024170098878848,-0.3149340432041579,-0.3955105205751044,
