# Pesos da Rede Treinada TxH=  0.4 TxOut=0.09
12,26,12
12,26
-0.7251939663628343,-0.35074675489815543,-0.47572320049856637,-0.6639005418604977,-0.3126921264504513,-0.6721781768035751,-0.605775669401951,-0.6857939191214725,-0.6229200310204549,0.8097188452463261,-0.5696072017173517,-0.4270063031706045,-0.44213414765199605,-0.34181713175127565,-0.4015494239835676,-0.48504909508173366,-0.4068345260959117,-0.5365074809508672,-0.05729711092570746,-0.5319248416695779,-0.5458704872491801,-0.4263846317094611,-0.5687085555597562,-0.7268445198622236,-0.37345097417775425,-0.5814279962288359,
-0.25602598848596486,-0.2811563247427752,-0.4995685723180122,-0.14513434270844194,-0.2781809089936474,-0.3020430193770699,-0.5209367837027951,-0.15534111349420912,-0.1393522095459763,0.3821794517954555,-0.35547427266096254,-0.343342556035624,-0.5026785833016881,-0.47791582036448454,-0.14120312837186422,-0.11412199831193381,-0.353147989162319,-0.36650084614346007,-0.5296332222536435,-0.37965534706006426,-0.24571530940015482,-0.17613567179334022,-0.11052871705983393,-0.4979821272276763,-0.33448216942258396,-0.5018401456510682,
-0.5144032605304905,-0.47423578991623444,-0.26962818448705794,-0.37714427235225534,-0.20029034131860068,-0.03972304922479803,-0.25914834031875056,-0.017723902543646895,-0.31093742272243574,0.4314655124913089,-0.4762015829629548,-0.011031106161365012,-0.37551994339419914,-0.0857512743520888,-0.4006782255972143,-0.20094685241208077,-0.3429499990984547,-0.346020113289971,-0.5414763269967685,-0.3285971024459903,-0.4567642954421066,-0.17881811411663245,-0.5031545096536043,-0.21825767329200063,-0.3070536904614786,-0.3942155971732733,
-0.4126702061088741,-0.31979091568557616,-0.35839208907806586,-0.5900435658456437,-0.6046635204126619,-0.42433704030605884,-0.20562194951841575,-0.29381851331863706,-0.30787760270612274,0.7143332471993538,-0.5419812300519694,-0.564100898155756,-0.5466604895959453,-0.42211111997373446,-0.23735064951279097,-0.2594647837442213,-0.6310595600846908,-0.4314302965993424,-0.4725623310351533,-0.4905499651148858,-0.4950227623968181,-0.29057768397226325,-0.5612319969088981,-0.5348079246101192,-0.23770055662449172,-0.40891895842958775,
-0.5128651574006966,-0.2556427210910678,-0.3322166052133863,-0.37399180528197606,-0.7384913182264508,-0.5437134559685907,-0.5908443683448864,-0.4317410065031823,-0.5865390238739174,0.9250778004943682,-0.3951013872397984,-0.5702271319011125,-0.2974857175606058,-0.6201480376631348,-0.5009365289755511,-0.4317380471615564,-0.31892408646743053,-0.6036435620910178,-0.261415047664448,-0.6831266643838257,-0.26580966475636997,-0.518352281554412,-0.35804437051126636,-0.5531111915558993,-0.22492211255774683,-0.23212182047715246,
-0.6274722120910763,-0.6476951268685905,-0.7112718026793213,-0.75042969417628,-0.5750241652062935,-0.6247001002186862,-0.42389224420013094,-0.6279198323839,-0.5735189474168321,0.8068151697036734,-0.4974852535927686,-0.6069688794508329,-0.6520569542585708,-0.29294027763837943,-0.34736819825687065,-0.7116471020671404,-0.3288964041399003,-0.49141941790968435,-0.6339293347003755,-0.5491117150560172,-0.39189330129455174,-0.7960905011116437,-0.5760355301456039,-0.5231607341479648,-0.48477921900598087,-0.4777550515820875,
-0.521837543030297,-0.6979539117586707,-0.47480268086387556,-0.34621781420474435,-0.5306713886244161,-0.7054721871503722,-0.6689836918433156,-0.7523250140856523,-0.6664997365456804,1.015543095746585,-0.38215083833920427,-0.671138092129883,-0.6583814031073985,-0.789240709953297,-0.47772562015919984,-0.4936668976851177,-0.8276930572018336,-0.5079474198740017,-0.4017417463218537,-0.606149719232707,-0.7994350883638004,-0.54150533264485,-0.42081437672970695,-0.7041543894667776,-0.3448397551532474,-0.5729788773277129,
-0.3344037808705415,-0.5113712303380908,-0.4919133638283584,-0.5613779592351232,-0.5711190657575567,-0.15960575000499896,-0.6033029597227559,-0.38410146874557277,-0.5754279458904504,0.7194183687367742,-0.3395139026434634,-0.3004223457659611,-0.24628554986873316,-0.325043610146858,-0.5648767446123512,-0.3070656922232852,-0.41977643928680475,-0.6192673679471273,-0.7357857767753065,-0.23889957197906128,-0.3479547000911898,-0.5134489182134574,-0.47832086956284525,-0.48623166202083223,-0.6544889210628025,-0.34655276147125536,
-0.7280505698304713,-0.5034178798885653,-0.5902739725434019,-0.3631874748001158,-0.5228621482101871,-0.6803481654620444,-0.40669515597407935,-0.44926073744421835,-0.5187376688446725,0.8108907733145525,-0.6684895545356732,-0.4754825886809967,-0.6462582960254154,-0.6912687023596951,-0.5863920027654078,-0.7475609789382965,-0.34131911401635673,-0.7182175952972852,-0.5444080333890483,-0.5593437487175206,-0.4240164200369376,-0.699188963824055,-0.38387104952308404,-0.5985403000418997,-0.7968983901923092,-0.35065102614614335,
-0.5419127722769566,-0.6095491262568964,-0.4190833458489873,-0.6361803600805279,-0.6172619742429944,-0.606356210249407,-0.43194252280329,-0.5812543563543509,-0.40050464593032437,0.6762106519597018,-0.3584232812458608,-0.6603880442971942,-0.6630839413724176,-0.6640221897519932,-0.5773042566373356,-0.5225698932657002,-0.7654963095019751,-0.4423960331005435,-0.539788059482282,-0.29544522249199584,-0.5954823145287833,-0.49621827756100184,-0.4322253794890507,-0.36016155142976586,-0.7529257018080127,-0.4861201690163899,
-0.4625914160469872,-0.3264271554809035,-0.7841654182114108,-0.46717104445571533,-0.7216384947641986,-0.29455928949751986,-0.4859195607680715,-0.6290276993930468,-0.37615921170873584,0.6615206737394586,-0.6530491815457892,-0.6705642345744115,-0.30905331712633355,-0.6178117601342004,-0.8302725304590375,-0.7060177361588591,-0.6368459324287282,-0.5195733927684708,-0.6556709249083247,-0.5277566402553049,-0.46993074847235367,-0.49763289414240586,-0.4543213064658734,-0.38506059005817606,-0.6150483540191839,-0.5787911316820232,
-0.2887228025720416,-0.6482661870551101,-0.4460643586370576,-0.35993557004902493,-0.3776257710823571,-0.6321701881683662,-0.46950179647408036,-0.6697645730590983,-0.6183158233918247,0.5072876384282955,-0.5427166387516899,-0.6336805945762147,-0.3740980378215208,-0.35597379759712505,-0.6100743115316586,-0.6649488936307603,-0.4934324534260926,-0.2965567425195375,-0.6100008797502626,-0.6072602537288638,-0.7263843670741855,-0.46669429062969525,-0.8125136192073367,-0.362999778492143,-0.42277739343172427,-0.7675258387490482,
26,12
-0.2928988839748784,-0.1939781579009629,-0.12159984201518634,0.0052032161119035785,-0.2408445708688664,-0.08334843621372512,-0.15655483579963872,-0.17613709518186826,-0.29974274942794543,-0.3293056640331795,-0.1851754593858377,-0.13955562991953918,
-0.19629210598866711,-0.24369002707016288,0.09431061627046969,-0.1369670761023128,-0.2971323074154082,-0.045639814462316394,0.0378383650809834,-0.16315966916426491,-0.04232261114615254,-0.11820938852764973,-0.4137410519457597,-0.26801750584537115,
-0.10378520172227892,0.01019493179744002,-0.3019038714142606,0.14695883542575083,-0.21856862699845056,-0.005907130378749263,-0.14911626724263408,-0.33830900554270565,-0.31114292108376407,-0.221580723664021,-0.34300641495109924,-0.1787467281298136,
-0.03581330738678413,-0.19150166080609,-0.11317752385479939,-0.019427176441547817,0.0038940263442366462,-0.007628094189041068,-0.14763130607641034,-0.2130066672606631,-0.3748421341027401,-0.10479383735779746,-0.07515978455693624,-0.33109428630847804,
-0.3169906876489891,-0.17510733609561366,-0.265738736762421,-0.3101986783191,-0.18366168422105134,-0.31699498205665716,-0.03151909819954851,-0.27137766950059056,-0.29258201537644996,-0.3542100424253846,0.03832575687832377,-0.0902685459483197,
-0.35235319140236443,0.08822009297180232,-0.16921141791129898,0.0014923405132700905,-0.13366862398711588,-0.014790308576417256,-0.21352270475018328,-0.006025537767469364,-0.01796446002115338,-0.34755163724945726,-0.23220545533378836,-0.38725237255519623,
-0.1700543989712726,-0.2542758706732386,0.06051647865209247,-0.17630280961034464,-0.022266046694652354,-0.37030360739378704,-0.10295401404104347,-0.028198558034513578,-0.2406209957616042,-0.182291133595411,-0.23089605150123219,-0.0039024476834204295,
-0.3085642325387671,-0.07041436155538039,-0.02864267557039967,-0.19538228861518148,0.012620319730590562,-0.016824201728679287,-0.46743514986647533,-0.3507545734179543,-0.009862928804439374,-0.0659111253578413,-0.2021668026672252,-0.2830200720929794,
-0.24256973525927158,-0.19772191264222128,-0.31232117451232655,-0.2821020332711851,-0.011115869088285256,-0.3723931017281318,-0.3014705243496774,-0.20182780008398593,0.040292506395166044,-0.19693215407665793,0.03575846833188246,9.778834840057518E-4,
0.7739877636062288,0.6645696768351995,0.7475071521655628,0.7097111595716301,0.775026685464039,0.7492984346414956,0.8186367271074083,0.8370442734954099,0.8224785281865163,0.8682433573583155,0.8601499100626566,0.8584140810648705,
-0.10161227882214664,0.07011060284176451,-0.0862821060390097,-0.2382948515408805,-0.38279784816757106,-0.3604624405558726,-0.1857607443876399,-0.2532344141258984,-0.27361033867443957,0.09076628934435627,-0.11599830237030649,-0.16548236045513406,
-0.18328509757584058,-0.2046086620319745,-0.2124262703314394,-0.1343204484645051,-0.09372454255163677,-0.20484324825682304,-0.14552246401830266,-0.3761721718856382,-0.08350858412519123,-0.3283302072286293,-0.28682431420810167,-0.08759360560816405,
-0.05247219505250816,-0.15988968681415092,-0.07561861337162508,-0.04955846543192496,-0.15949640614176877,-0.06907856996888674,-0.2470585273592115,-0.13960585987152457,-0.07595008681049262,-0.24165243317092694,-0.4404697452802886,0.019534237308829406,
-0.32159201226352513,-0.18469614712103116,0.04676698781063197,-0.07660210484477874,-0.025021821778425987,0.065711818387192,-0.3282701945880471,-0.1193136213070212,-0.25875419312779147,-0.26709574306832085,0.027336948921702412,-0.3499151994209302,
0.024266661712767455,0.07189123120108822,-0.22823853107229902,0.024383710899078682,-0.23806601520566048,-0.276212391359096,-0.22826885984969314,-0.09864705613712024,-0.40366980061379093,-0.3250948437612637,-0.011357634896789962,-0.19921111131134045,
-0.34836053008994905,-0.2346439170153432,-0.2766638512529138,-0.2880926135148139,-0.0018936786886064123,-0.10599566242321727,-0.22322524048476158,-0.02300422475838558,0.021942226520260743,-0.0661450433940493,-0.19261751219993162,-0.3574818627908016,
0.02038314599906317,-0.34532028139894905,-0.1879672739029871,0.08509551355970013,-0.3487700909276047,-0.02852337139197364,-0.3669651444250836,0.14099782466369676,-0.35628936984124243,-0.15910005928013676,-0.38257193953574736,-0.2751035361596629,
0.03011833165164605,0.012086255014467008,-0.20650378540501363,-0.23160584131975612,-0.23467403582652976,-0.28932761681606645,-0.05617888770367509,-0.3231682513394379,-0.322218320121544,-0.2819102705845736,-0.04155760784015992,-0.19563976224676882,
-0.055460425966290895,-0.09388222499370438,-0.09631315158002611,-0.11615040434778014,-0.11980896295938191,-0.03501449442798579,0.0051033083901225506,-0.0010017062643228995,0.05518922687247174,0.03850596539047664,0.03903555487890104,-0.03287905777062072,
-0.2324499652680629,-0.23816205962570094,-0.26807664824803407,-0.30496757533382596,-0.3822706825384956,-0.1313268796738009,-0.03663680104860787,0.02826779921088559,-0.37071300029141074,-0.2509916186076194,-0.002177472515123158,0.08834227312692232,
0.05236977161179166,-0.012137445095116927,-0.3560402767074413,-0.21700459334263153,0.01765768767437501,-0.24317698182328432,-0.08269723898730029,-0.34331327185418037,-0.1814427628113394,-0.2309590715800792,-0.28431129666896626,-0.09366117826494795,
-0.03517293893775757,-0.14145385771206082,0.08893187665191601,-0.20468065131182375,-0.14044878608992567,-0.07855876167333738,-0.028746955658676625,-0.24716034220341443,-0.09056149748357901,-0.3007127937628943,-0.30084270526705476,-0.23078063495434026,
-0.25741181963798854,0.07781262210209344,-0.09241688267330336,-0.03936573605824179,-0.21941166858906844,-0.19428026041089033,-5.849367615064062E-4,-0.2614821596128076,0.038597273411246955,-0.12545210906912102,-0.374412544323921,-0.2989401031744235,
-0.2904583749498671,-0.21826511319030825,-0.09827062993529416,-0.08843460550946,-0.09636172376453406,-0.4114593066568289,-0.2231249336496249,-0.17041078703298115,-0.09146626937511772,-0.098269734192986,-0.22229232252393524,-0.23312535253468478,
-0.06346031769017298,-0.13139125256614584,-0.35420983044028354,-0.2067529026628124,-0.16491022874741781,0.04226371953764825,-0.27199129669890565,-0.09129820661367331,-0.19439079755609975,-0.11886019184257046,-0.18596674163563376,0.091415753272198,
-0.03406401480241173,-0.18500462220203184,-0.07880857041821332,-0.21611646817943064,0.024122107819046845,-0.3181734250135913,-0.196811425419147,-0.2987431938351143,-0.35309768711258976,-0.07349623573645471,0.022884825013365293,-0.07947603265866522,
