# Pesos da Rede Treinada TxH=  0.1 TxOut=0.04
12,27,12
12,27
-0.28503845196403077,-0.32524709277799724,0.3914117812256244,-0.18547338848913564,-0.1348075105340336,0.043299578160375794,-0.08938146088355665,-0.2587747712417068,-0.41322304673908933,-0.01925757533966059,0.33313045903006344,0.19869725227631724,-0.13773530653057395,-0.17300881367022536,-0.3656766447053765,-0.23406919822595532,-0.2864375722025545,0.2825158160989739,-0.4110016776333746,-0.3422188130056963,0.24364624124522355,-0.4542088855975975,-0.4060592938171717,-0.45711502793131814,-0.26331442507495945,-0.3395043793417851,-0.09783861030751656,
-0.13756173911565162,-0.15051605803913684,0.2637812697281298,-0.4552197810359717,0.012069763173633808,-0.10899279961350067,-0.3779539832828646,0.03160064634270387,-0.41428664103155677,0.09002724820862688,0.0640579971135471,0.31217323294000643,-0.2814763263491877,0.07313621236576288,-0.20960527896856232,-0.0524031271148303,-0.027102970435745704,-0.15651597514186605,-0.20852557012487613,-0.38169657963940157,-5.458339989164052E-4,-0.014611071083685784,-0.45889741447346405,-0.46966712205676847,-0.30036569222249593,-0.11166833378610243,-0.02847261311252524,
-0.481001400361845,-0.008453142558236,0.16719914418345397,-0.46512211340519133,0.013672585863776433,-0.05379509518709254,-0.42905089138271457,0.05641843593000446,-0.11496125427306753,0.13157713651450972,0.07788536952236919,0.07061878688568765,-0.11795110691431954,-0.3896364100584651,-0.17884134770146057,-0.2974616393942351,-0.24927420879294296,0.22235186575885044,-0.3334335936198773,-0.5072039564994103,0.3756670274490554,-0.30854595033084437,-0.4946778156373828,-0.19390512001285898,-0.010864437237614684,-0.4554693098800094,-0.2923096246477427,
-0.19138549770882685,-0.17706398834763087,0.022920481629560563,-0.09392008868415377,-0.4095222231134892,-0.17843230734718138,-0.07807559410890917,0.08838816272267025,-0.0067120780926748225,0.05795803990563067,-0.06034300843639147,-0.05072682296831032,-0.03779494667593566,-0.014022730473456278,-0.10779950337613116,-0.34140846239978095,-0.3109349645692925,0.1241230471680419,-0.042565175147384116,-0.25854633899244583,0.060574401128290205,-0.2842197671125664,-0.31187563438371946,-0.06811659736820032,-0.21187291692759302,-0.21319681172381852,-0.09599124976909716,
-0.18476772803726307,-0.41900947471196165,0.21597088948347498,-0.16447025772479082,-0.2157906531744521,-0.17195509903548517,-0.1289381144625552,0.08055735817727011,-0.29987661281726585,-0.1593354739715966,0.033616417657486186,0.3040965914786562,-0.3678849211153764,-0.07410598070170049,-0.09051819886990652,-0.32446137734317637,-0.005293825566126634,0.016974496576720104,-0.14868870074670465,-0.1720656726692189,0.3054599108571149,-0.15780586454381443,-0.23660152149862063,-0.4508825136925591,-0.20655516040688188,-0.017565722517739222,-0.416158886354177,
-0.3068093739471852,-0.29858482098875433,0.2794911178789138,-0.3831806911905536,0.03923419313305289,-0.30461875573458025,-0.2260609852782612,-0.3504011675152574,-0.30598242690902777,0.08653319753357794,0.27008944395537865,0.24162820781764102,0.08132621870505036,-0.38669126168148066,-0.5231881075929048,-0.4007083179221455,-0.003692082691786255,0.02047177205820694,-0.4160775932104506,-0.32719425304658256,0.10303868895779707,-0.5000770771627164,-0.17205278483705927,-0.3597502828216276,-0.2451148393152251,-0.08644587006781068,-0.42368885472687706,
-0.2257106319418932,-0.1226859044052722,0.0243243055657041,-0.3298494188039404,-0.3177982064934131,0.04986744739986016,-0.17019128879345957,-0.30889752985217656,-0.07522818001424335,0.16538304050926383,0.12356378326635478,-0.054856560903993504,-0.16877637071773616,-0.06078944831916224,-0.49322389038859815,-0.1939532364860528,-0.4048877664097656,0.04284075185576045,-0.16833741820812329,-0.3131056924335612,-0.03413523265097737,-0.05121307932403523,-0.18007693515124426,-0.09770581982019676,-0.27262067061896567,-0.27496361426578725,-0.26340687835434573,
-0.2720448836141737,-0.08690007610711536,0.4767773350595203,-0.3101911225911595,-0.054572773477137265,-0.25674657960095726,-0.2257086692897579,-0.37410560020087114,-0.3757375165428269,-0.09940767035180403,0.10557709599318892,-0.11528725135634352,-0.23392610350488904,0.02093529969164439,-0.312394898013952,-0.08144643939768384,-0.1460021718295077,-0.008620590322324713,-0.260589638961734,-0.26537069057027846,0.059195348881947774,-0.39625641321369226,-0.27233536483872084,-0.1014844206125599,0.035666157217760945,-0.471164476514671,-0.5132173894696097,
-0.3732236674603833,-0.3857862793651584,0.1610543943308998,-0.24250338884291733,-0.10946870144340003,0.06888799699343309,-0.4067968051786352,-0.22636307654505292,-0.17501949151213306,-0.24131009818734228,0.11985671830224373,0.24571456989357027,-0.036293495459665974,-0.24839373822555613,-0.20495888692336847,-0.16624248838429515,-0.3005174516722839,-0.04413602692019471,-0.0837973462406132,-0.3320424112914093,0.05239739724378139,-0.2960974458445697,-0.28912678284635557,-0.22541948439318846,-0.3021824382917657,-0.3928836484546314,-0.2570119747530906,
-0.4493637205984557,-0.3035702890785796,0.20386136890742704,-0.23331553771311486,-0.25989937537693913,-0.42533104581698933,-0.15471365610735305,-0.2168988172947262,-0.4075687572062842,-0.22997175685563712,-0.024113036541536507,0.07830784043703956,-0.2985429630713687,-0.47906511090856163,-0.4714242461522943,-0.4560941713835171,-0.22599540515916505,0.22870004270245578,-0.4229196933270973,-0.5402517720708755,-0.039761437876007076,-0.22901718084582617,-0.46682852639298794,-0.5363965620159559,-0.37028185499937666,-0.1929932062247342,-0.2518802743285423,
-0.33514110038016,-0.4198013180244259,0.0776577153013497,-0.3900456096208265,-0.16628394923803186,-0.2680487755158559,-0.3011914080438502,-0.2185940620443756,-0.3265001286238476,0.011452563255723157,0.2314671378458514,0.03670452714794409,-0.04279524177656895,-0.021634309762781443,-0.22131609957381213,-0.17331779926775148,-0.44844485023529435,0.07840410179225035,-0.3460482654459818,-0.05443083481582485,0.357157576813566,-0.2526471062484985,-0.08895277785674892,-0.1660307157406778,-0.3488795036520743,-0.17624561843697217,-0.5378302244379135,
-0.307255322246695,-0.07857622566195464,0.4316455938149194,-0.37601343961196737,-0.3320322390212866,-0.30466630224486874,-0.5482340697592425,0.05596394546348241,-0.4155496811114601,-0.17438081216367574,0.13685070164842758,0.09931543466346511,-0.4196452979977258,-0.3692753911437041,-0.46428280521280774,-0.3883074466925652,-0.14288185332398304,0.13202139010863173,-0.31710194397161884,-0.18124750310935006,0.34474715789436805,-0.17192172524484672,-0.4656872731069936,-0.4275889856277895,-0.2334725711981903,-0.32681546196598543,-0.09281561433275926,
27,12
-0.14545957780580726,-0.148378204636911,-0.1925518582342121,-0.22630383000453055,-0.05219777860133596,-0.21591042659311727,-0.0785331828111799,0.028413154397816755,-0.1724448026913728,-0.2642664823695734,-0.07846576043384584,-0.12200771855878775,
0.018396692903413687,0.04873582808735102,0.09121246740177123,0.07943715701766117,-0.21120037835987615,-0.26113020052179986,0.1646613188651132,-0.07746849602380544,-0.3342456471904145,0.10406532107123179,-0.19761120114374048,-0.09925842111626455,
0.19810057645970003,0.3369544960856002,0.2841821653146398,0.5243538215379072,0.48587946006308275,0.3255071892324909,0.4683007673876834,0.3465728089212268,0.4403532016131711,0.10182067484521314,0.3006419525009729,0.40016568282695253,
-0.10892487323099675,-0.1733960520244207,-0.010482781745388076,-0.17759311119093613,-0.25195591057939914,-0.17307761666973215,-0.026656718367063924,-0.06817881171917185,-0.02576766106306337,-0.27685892834049675,-0.03706667093532622,-0.24805551217352828,
-0.0023695403607680112,-0.13722194848337038,0.06546875166708015,0.03859869014443827,0.20641184372152582,0.21161820987952606,-0.22961396684750543,-0.08886450271666402,0.1821878100486336,-0.13561108624511367,-0.2444774541159429,0.19806928174566285,
0.15182372742592032,-0.21801356976099165,-0.19614701769282022,0.16524401075047906,0.13656765304822402,-0.2592395809468601,0.0495250455021745,0.16216492605157137,0.06444505780463071,-0.15772104117098565,-0.028844858096722804,0.10496253123243568,
-0.024043809849242856,0.1341214508394501,-0.15009974265667764,-0.18952507854742057,-0.0722432850088079,0.04466189754098114,-0.26144139453548426,0.12951845364569467,-0.2536699218605772,-0.20867369978325048,-0.14688948248447964,-0.028055646587487805,
-0.16475053338833917,-0.05949820997061838,0.1324959316478488,0.2057854462990607,-0.16463372738236323,0.05329080819653749,0.1092602087594032,-0.13104860329523213,0.12874218886560168,0.18373142837870532,-0.008026535847957506,-0.06119102477859595,
-0.14195575129210142,-0.26489710512924497,0.011328678323564075,0.12195927411875708,-0.08534484633604934,-0.332145109841349,-0.1669536377035944,0.03413191570482548,0.07149308275869756,-0.1834989895065295,-0.3065770161813106,-0.2481402399662738,
0.2699533727954067,-0.08588337477172309,0.028303757983348537,-0.10060238666682075,0.08229416886435792,0.2704268615665357,-0.15546708975987214,0.06285253018971475,0.14762675199699843,0.28804444276822405,0.049859072176375974,0.05247799147928445,
0.1794180854608216,0.0733422624000532,0.2478538493457356,0.08339125938984127,-0.021429848056835416,0.3193233186807613,0.061648345158278516,0.3420065135829931,0.11769939674041993,0.28084604815761477,0.28342965734505443,0.26127881430324446,
0.10812908104050814,0.042244105652417256,0.305490576976395,0.07212702088810018,0.10218516804555096,0.3231595028166533,0.2765644557539523,0.1531146264515916,0.1770631147294606,0.30168903742921854,0.10729119744103706,0.13725660279882457,
0.15454922288731435,0.04802490153929592,-0.12396230416508337,0.06405500132358109,-0.22306941071639227,0.18086475937840846,-0.1566786511080423,0.10682351419575825,-0.030908834743585967,0.06952364788996267,0.11524916089862562,-0.20725801428507654,
0.19528485441263074,0.013839121474553339,-0.06350062522288553,-0.12073702196673658,0.20374652112675223,0.05681929779925771,0.1791496545108261,-0.06880994991617398,-0.12170968261981222,-0.15699897595584633,-0.10349101416552213,-0.1151241148386763,
-0.1091441642938591,-0.045551561478723926,0.0242757305187223,-0.2652446312378891,-0.3854464303560296,-0.060335332112754145,-0.3250222718031311,-0.009539457632689641,-0.17182159299446942,-0.16970673622213134,-0.1002557780233829,0.03302632742807958,
0.06024733574516626,-0.15878146212824437,-0.2504059029353783,-0.02177281468880544,-0.0032106305985419095,-0.18603285503185596,0.014886935882317872,-0.21454850378654564,0.001999463968936727,-0.023303694113438616,-0.0575649317822102,-0.15362924881068607,
-0.09624544242331536,0.22433912859893207,-0.011520787603916595,0.06939348955106757,-0.20969569472331517,-0.10924681013057509,-0.12367788951619205,0.1778737658488804,-0.16022308692691337,-0.1981797938614323,0.17580992246453797,-0.24739266125543644,
0.24010473790569775,0.2487572921721904,-0.09158027169334527,0.24637955472917525,0.16229119264806563,-0.06947295695628528,0.026864483965615686,0.18451768664413373,0.18301069635866787,0.17104376015221734,0.31285817446404485,0.14378395617430775,
-0.16980718946648074,0.10399566687618511,-0.2091921513607731,-0.08100721905599235,-0.14530017827991584,0.14345897990439407,-0.08937026129025476,-0.15261431037930512,-0.09910435926683339,-0.13522225462823434,-0.08701144302527895,-0.05155997191758762,
-0.06529954913928435,0.0038386184021840944,-0.09443204264455761,-0.24245410129052886,-0.16752102302328373,-0.11549836484752428,-0.2652120994969731,-0.2034422168119521,0.005875011627426694,-0.11239239658441448,-0.17776318683826617,-0.21944002198276852,
0.2668337012267162,0.3362697049732391,0.31984730508356474,0.0532619596464859,0.29230457354433204,0.053225094362108635,0.3269865546086669,0.11039227195892763,0.12727399050297694,0.2784806303003668,0.23541068857071112,0.24931104391051293,
-0.10906737480878481,-0.22455502458336363,-0.2572378109938665,-0.1871119779638873,0.05892620299806592,-0.025206846724177646,-0.11300513568548484,-0.10272096964545768,0.07115132845219094,-0.22477604514711408,0.14453675693739332,0.11603710970432646,
-0.3386862827805707,-0.282316848462259,-0.152774310179178,-0.27070443519610654,0.03974876819086495,0.06989191089812413,-0.27119103813599216,-0.325929436171517,-0.07206799979572232,-0.18809039067988256,-0.11595136186573785,-0.03778434680607482,
-0.20350056237114822,-0.30992462872805576,0.0794612206845425,-0.09446336896937207,-0.0732698416026539,-0.21674809809067416,0.06767890947534072,-0.2801066130780856,-0.34570209503385974,-0.07869807839769791,-0.08876193430178923,-0.010042059864798763,
-0.31417326380730254,-0.020966987655816262,0.15589996292881947,-0.20721630669593766,0.14279259392539537,-0.17414085757001166,0.1153785773740689,-0.09926097236234255,0.12129162487827161,-0.007164574958756043,-0.15667900150219977,-0.2345085146525994,
-0.17832409297176252,0.11292561196568278,-0.048336375840623946,-0.11250633503145592,-0.10597155462781611,-0.06037950907321195,-0.10259180191145764,-0.20950342137259942,-0.2956603333309139,0.07563748930642297,-0.11458663851775777,0.19440036519765547,
-0.19027230885807844,0.038977672663747374,-0.2613339329328123,0.12940846701888345,-0.17404205252061403,-0.2444469933790082,0.05042190636877684,-0.276674681837177,-0.2332801166867564,0.15444451182012642,-0.12112749648909958,-0.20928501068236377,
