# Pesos da Rede Treinada TxH=  0.1 TxOut=0.01
12,13,12
12,13
-0.18544612201166955,0.17288286746936327,0.30177387388210036,0.27467578964858125,0.24143997902942993,-0.010583471913578148,0.11092266273070078,-0.2855452568245941,0.18082933272255222,0.23490263183561486,-0.12197214649726724,-0.2404286297901194,0.3372810362795016,
0.09200102813629932,0.07241914162928498,-0.008114311043388993,0.07720070385498308,-0.018753892706510875,0.0870357745566555,0.0786702084194718,-0.22153949468404813,-0.006647696760873038,-0.07625564124479713,0.31801259424209216,0.3182552250803043,0.08390805504976269,
0.17810933535327872,-0.11007571431083725,0.11651046739429842,-0.19269465020406695,0.0571169802385296,-0.018896347444687732,0.08205415598088364,-0.04370504516944784,-0.013232281951457831,0.08422386962688104,-0.046417393979929666,0.02133302620421864,0.2623015353366678,
-0.04824138331068394,-0.1888232522059705,-0.04046906887431806,0.08966727660014166,0.02932019680763729,-0.0223540151579075,0.2102789630383466,0.03729821167916557,-0.012020069565361257,-0.02116539044471711,0.21836437748829493,0.040422207706834315,0.10589140775387078,
0.1086909206179506,0.10666605184721062,-0.3237466843227922,-0.059821344791084356,0.06314913370364247,-0.02559846818062865,0.17499172674462035,0.1406945592104792,0.2544638619492421,-0.11289322155737123,0.15526322697221356,0.2201335092498714,0.12457566996274903,
-0.21490821545344993,0.017616853678451182,0.1500030123443182,0.05879661386706732,0.16146545122793737,-0.3606194844407084,0.2803641754463871,-0.022315530003221517,0.06286253538499217,0.2913222667423827,-0.2691395683570552,0.026233124266814407,0.11011356660247917,
-0.3243181523475634,0.20013354874515935,0.21285679181024414,0.1433912789351776,0.02545089664053841,-0.163589883957811,0.27825488373026225,-0.11984585940041209,0.2202153128526767,0.2586876839820921,-0.4489897068575549,-0.08323885405630459,0.09068425629643864,
-0.06763066450409981,0.4660704757322005,0.31309009790806863,0.4565201535883593,0.234777610398551,-0.26965894263935464,0.18618558860233342,-0.3066943535970393,0.05593388339238509,0.44623631157964777,-0.42089748949222217,-0.13174065509995836,0.10196907356345782,
-0.5019342267314576,0.20708858678533157,0.3276271080973749,0.2695853654297608,0.28054042419988573,-0.17440154549931486,0.24337518475772243,-0.19172419304363958,0.22222710806374105,0.322335277673807,-0.2795843895206853,-0.6058620690910783,0.1698230400272732,
-0.33028142040856706,0.3255825844971506,0.296510838001425,0.24878414729508075,0.21389983262494094,-0.21892119444911326,0.3305643784924537,-0.1973787105096713,0.42960082026708085,0.09416462437549727,-0.3345442998549167,-0.5303188130814999,0.09522880644478204,
-0.23654834724159376,0.3897665424852141,0.3192285046297965,0.2938256469546297,0.1460006871709004,-0.4060300726430527,0.17094484606263088,-0.46926827093113105,0.46124890594300477,0.34793397576063617,-0.2819718468796361,-0.47471125459866365,0.19214318515726728,
-0.43976191035697837,0.31750307407098327,0.28023362277038133,0.31064584175417254,0.4844049169926063,-0.4463051831380432,-0.1015639482326197,-0.3882261292407062,0.17325704885639379,0.0636574215511896,-0.35730831144856473,-0.41208405685370414,0.34080247055803536,
13,12
-0.4935257795747828,-0.009887744686616849,-0.42046090165915884,-0.220355778557125,-0.15445153474220805,-0.21844851412488042,-0.29069661186266077,-0.09777555410398388,-0.023762213220970857,-0.4019209346255235,-0.27276159593102556,-0.1794091262219833,
0.11637048914019602,0.3902827456835448,0.2524362952171453,0.37426810087120854,0.32428691531107645,-0.052810495551248206,0.3548223337391649,0.3160144659910274,-0.07111184406888657,0.3342561677655033,0.0908132658998823,0.31567415401257354,
0.19130777714839828,0.18963511305306202,0.3284052915252856,0.28092104789103556,-0.06291986253686652,0.3184982082994596,0.3870014731946382,0.3337858354688925,0.22856919342971746,0.21047038404256677,0.16750296447240057,0.21382870661621908,
0.3803086350623512,0.16486561427033525,0.28123505204188026,-0.004867499073648292,0.22687147494145143,0.31405821821784796,0.09924071754198983,-0.09504209773508172,0.12357952825878524,0.23047771174109277,0.41812685283483664,-0.047592642238790166,
0.21504150735143843,-0.03286256091773931,-0.046696956136241,-0.04431944061158641,0.1530603653043023,0.12563754422955128,0.02729504275940879,0.17109143456476672,0.05408605424778276,0.22953817472894483,0.12606135267075144,-0.016646629668621245,
-0.06867130054460055,-0.33226100115156126,-0.03467293689451448,-0.13859490152424084,-0.2947476218480596,-0.07615700555653238,-0.10084158810227768,-0.34819206922016005,-0.10234623926873589,-0.054028655016900316,-0.22522132930322475,-0.4090420787744198,
0.16680765394920888,0.007330724772315076,0.046496228878000194,0.14076968493096947,0.050503753129336575,-0.12822900131101495,0.2804529667071725,0.09928829056913258,0.18683447170406778,0.008298690788503506,-0.08273059461755569,0.26733862683773585,
-0.10709781400791901,-0.2182499179614956,-0.21055846987338941,-0.3888710765087416,-0.14230106045486873,-0.20873586416862425,-0.23637386528650872,-0.1445601342314875,-0.28444004955049246,-0.3663675116051433,-0.11476453495345414,-0.2201356058240487,
0.25583220893418523,0.29144318228921073,-0.04020712713573477,0.26997100447206857,0.21573994003727934,0.30015307622521614,-0.062044810318878485,0.16954235192069958,0.23348314657074754,0.06744371771432325,-0.06195202853596103,0.2833106942817147,
-0.07144888610356188,0.11394909818066633,-0.043562567124260994,0.0031676409371267744,0.21936874048945476,0.3286526057276162,0.1621571543499003,0.1628513683520913,0.2520122659943142,0.011476140905511564,0.3473771901233309,0.03929814235597754,
-0.12028455932904446,-0.10061720656010412,-0.1232355904983777,-0.3521386441704626,-0.15447790908718737,-0.46205791227063375,-0.3167891998869924,-0.3617963647830508,-0.4984846347182536,-0.2315823171802415,-0.2790559725460494,-0.160025767100876,
-0.4296987462842795,-0.41086974485932415,-0.3996922734861898,-0.05434631584777547,-0.4822038857979477,-0.20904902992326696,-0.29101466878661797,-0.33439447337314354,-0.3515025174032146,-0.2659293187282547,-0.3917724086126147,-0.2720937687164619,
-0.11420896110624844,-0.11137265879212967,0.35337501698211166,0.07366096777059761,0.040959577968869225,-0.07184853358052086,-0.08009689503027691,0.05839089470068452,0.18639219029406146,0.15231193351950684,0.21157647881611266,0.14357460473206213,
