# Pesos da Rede Treinada TxH=  0.1 TxOut=0.07
12,15,12
12,15
-0.14825793015774236,0.2055072811641747,-0.3235314723790909,-0.3224530073902284,-0.31412957483234466,-0.05961563922447117,-0.474862880242745,-0.2606564339023338,0.063463204686742,-0.03366619898967212,-0.09574844520361807,0.13124821237314693,-0.750688501185203,-0.2896085572204636,-0.24146744745196144,
0.08188169833732702,-0.6760435182579855,0.2629760932877351,0.16739354125568137,0.2722697446090842,0.46976603183089155,0.2785812987649962,0.5806604865667128,0.18601972996689586,-0.043513052539194304,-0.02985461622882399,-1.0907609539963368,-0.6371987233173735,0.0707135525059029,-0.05642389437758436,
1.614014634434051E-4,-1.0005765050711866,0.05710468546636731,0.2673649667128891,0.08004311080535398,0.04721134837790811,0.052481722809848634,0.23238865785725643,0.21755923381398426,0.15385344897828118,0.07484676672673266,-0.9491518337705446,-0.9869510556130378,-0.027351978036567016,-0.2377075866488185,
0.11370324257446772,-0.654789858551603,0.08003509387913217,0.08808080423784,0.01836596278731486,0.038200938104558324,-0.04579840793917174,0.362613913720392,0.3270332652683736,-0.15843007023624744,0.08361498578447774,-1.1865103902601177,-1.0867549837528936,0.2039501207638983,0.08263240599569573,
-0.10600498825952608,-0.5442713484146458,-0.1172850737020725,-0.22709963921191076,0.1477427174177387,0.05755563154166713,-0.17071326721032462,-0.0341300345498955,0.02361512283772609,-0.30009256611718765,0.06993343457573042,-0.5812681171511794,-0.763361532875205,-0.14685794731077534,-0.14414828061311127,
-0.47084575038400756,0.42844726733874594,-0.35123923888793646,-0.41186666319420256,-0.343546374293195,-0.38235336509756374,-0.34774534382695366,-0.29739343337003715,-0.2776541937682263,-0.5532919877971274,-0.49301861466654284,0.25620628597326284,-0.31618036922319936,-0.15673555430453628,-0.4604100467408919,
-0.37092006584281517,0.2445541608779467,-0.31596310583403164,-0.32261541282552264,-0.38734366754996236,-0.443183977927795,-0.48882459981445747,-0.5982480365789667,-0.47719835076688516,-0.45079917853082124,-0.46552618246399674,0.8995601433590195,-0.3516734171228796,-0.5750216248330878,-0.3081031417196562,
-0.0704217425008171,0.2950963264798674,-0.17796732045756286,-0.035499691366545724,-0.03299863307641202,-0.410936161928944,-0.10282282221332242,-0.3586350275396293,-0.35890210682891055,-0.5221205460972204,-0.31935559295893723,0.032425403025534975,-0.783110709936286,-0.21810284732998902,-0.3184266802976056,
-0.45208416825814446,0.8408998501741413,-0.5887073032613787,-0.23136526122998963,-0.3622920782776944,-0.6708137152298901,-0.288123536988094,-0.728486172160154,-0.5191038346483609,-0.5663738883873347,-0.5542630782889033,1.00965398274509,-0.258072194305801,-0.4330167647766097,-0.6083767980255387,
-0.43816621070060385,0.6047558305612523,-0.43361095498175195,-0.6995901983600292,-0.5176410740666966,-0.6713104515530671,-0.2819042062104725,-0.7082224675725818,-0.4734011774841815,-0.23631604221391683,-0.6914616147723117,1.152555871226171,-0.4319745792637414,-0.46948531449983655,-0.2068498401253113,
-0.2887827823627092,0.76050341181497,-0.2833536886450148,-0.6047359781581406,-0.6762164197260759,-0.40693120111939385,-0.37599217127387763,-0.3414329296990368,-0.6445542880959849,-0.1922007095563912,-0.26182395005594217,0.8654860210620745,-0.3953523764915968,-0.30397466791277544,-0.23312908304814633,
-0.4441513044535612,0.22921276394279072,-0.4799810609400482,-0.4046284900908905,-0.536806472235206,-0.19063694756790858,-0.5242155112248275,-0.2276312714620547,-0.600452580845313,-0.14336205613672223,-0.19651016159485277,0.536814689617781,-0.4789747224543946,-0.4796950012784373,-0.4186832315155412,
15,12
-0.3092741222717633,-0.027439242887349204,0.052431315683595076,0.0690222748490706,-0.027179978547699154,-0.37386359750230586,0.05637572038863049,0.056168998043028134,-0.159961564527494,-0.2863310693285689,-0.27412233114858575,-0.3424695276648969,
0.3837305766288281,0.31703643953239763,0.5146455414871879,0.4020743274475728,0.537969611656444,0.40414012525570886,0.40176826061531357,0.7556717874229351,0.4740079362894591,0.7081159113271203,0.6753612918911265,0.7432496082307125,
-0.33964657231776413,0.06454363111948844,-0.24792264978192835,-0.10426422428487003,-0.1506618427190307,-0.31502166172236246,-0.013631218911943818,-0.07336123540532834,-0.10359246529929306,0.03172025446102687,-0.2700516045642217,-0.10535882892186671,
0.03984463895034359,-0.055050938325236665,-0.24077605447111972,-0.25295603626796903,-0.11866937244076645,0.0051511707098390435,0.0013172026488211912,-0.18122936294660152,-0.10820939032951744,-0.4186754090212845,-0.0512412236354964,-0.27382850214672794,
-0.11400303631340282,-0.32365653332673583,0.16873758534801828,-0.0976987014663223,-0.014555883436298461,-0.43110491327126405,-0.22658296702015718,-0.21739457636810933,-0.37260265281224136,-0.007629556833230942,-0.06137670338375953,-0.10246424823146169,
-0.3110913933353086,-0.19175466104818312,-0.25671732052044366,-0.24409221169546907,-0.19226972982352786,-0.12612344423121624,-0.0968630393932953,-0.3131609896257161,-0.06679543684255654,-0.03964342735918953,-0.2963550073495717,-0.16493513049657132,
-0.12850903545948592,-0.06282267535096925,-0.10080238921522983,0.007141000242293771,-0.2624725207928632,0.05224950175734166,-0.3320758314028919,-0.18445328637000602,-0.0647108571956875,-0.28266393098374515,0.06675661955644181,-0.08826543393589327,
-0.15248298497329993,-0.02066844357549435,-0.2202056443212693,-0.15210703698382905,-0.06925520863589416,-0.2094690723109093,-0.3660160311111934,-0.25788628229512583,-0.2245337691431467,-0.29759244501422605,-0.27170670881295134,-0.20857224023068124,
-0.11131897900409739,-0.21549848776467154,0.04653187709100499,-0.2196309807964077,-0.12954989806632344,0.0070012900587170905,-0.3307483108006661,-0.3490619111602268,-0.3777583371110121,-0.23601603322094764,-0.2586408911048651,-0.018154210833622814,
-0.21554293927969978,-0.01793886197501452,-0.03662867894015831,-0.14682747863594672,-0.10026177270320985,-0.11873601782602383,0.12038920864191449,0.13625219718592618,-0.30425723193559007,-0.15270521012407187,0.041067967483089426,-0.12188506627892202,
-0.07142247539190656,0.04270851565072983,-0.24768204209344308,-0.26833879399317884,-0.07936151008924404,-0.12284462135236149,-0.2797889761395729,-0.027675299145756845,0.008224257325936561,-0.05247706173840298,-0.2474975699369687,0.019787148590826892,
0.8814961712566558,0.7723990816795399,0.6772980573010845,0.7743676789745214,0.6900897108055521,0.8403136228962074,0.9148426360710097,0.6139267964229582,0.8822800596454726,0.710131072851485,0.713834568580941,0.6529319972145234,
0.5009935189762604,0.38642942932873836,0.24138605241300196,0.31433546852051303,0.19643108880950444,0.4277300292924328,0.6449692796158172,0.503456533068459,0.7132309983139558,0.6376371620913296,0.6565152060158402,0.7013883585445642,
-0.017235326185221733,-0.2492209890271324,-0.19994005616143218,0.05135509440358097,-0.1487968350439258,0.10540304197481797,-0.2336263378896703,-0.1969666257439034,-0.13521365497910104,-0.1547870163687822,-0.06109898397525127,-0.30475653198909325,
0.074871352257988,-0.331901335415766,-0.12162057228199442,-0.07672215427893475,-0.13541313187534204,-0.019591406434487882,-0.06638492712179624,-0.12675748899030326,0.06855037265403309,0.025951418649257492,-0.16365451126957745,-0.13938357844116905,
