# Pesos da Rede Treinada TxH=  0.1 TxOut=0.09
12,26,12
12,26
-0.36679405515504804,-0.25564306841536666,-0.4155882102884312,-0.4812482981154815,-0.43292914785618625,-0.4525710573521649,-0.6840396441761063,-0.20082728866258445,-0.5770026266502982,-0.6653186632976489,-0.44303863491886963,-0.32841937567611995,-0.5376971896200833,-0.6444227883109855,-0.6209672461318717,0.19016791853321435,-0.35344831150945927,-0.3367414838649929,-0.6246934088251482,-0.4222794191132489,-0.7721154266266543,-0.8214613369302645,-0.17386262996470792,-0.41648613527243944,-0.3340941201167124,-0.13767160138864765,
-0.2488305931128907,-0.05365129073119426,-0.3414997872966253,-0.20679597892362672,-0.5561892595008822,-0.0719399181597216,-0.3436508674413536,-0.31072651665324424,-0.39181213338618537,-0.3527736205167625,-0.24986670997839505,-0.030774386866653215,-0.3202214846507862,-0.3879174095077356,-0.7670236706259095,-1.195195133675303,-0.22016738990334284,-0.31945180733729434,-0.47699598907465823,0.14353718000980645,-0.6384175660799696,-0.8252949346853788,-0.2864929246040017,-0.28708862157235265,0.1990834529918007,-0.2823979710473031,
-0.3076969554279371,-0.4022275048205114,-0.22992778195030852,-0.13067237568419138,-0.6946069485326107,-0.37247263272343045,-0.45648235080373084,-0.3432795116186709,-0.5298564522783474,-0.3043232162527443,-0.6616225877322053,-0.2860859585546996,-0.7220003889097243,-0.33975396698187715,-0.4870649101427321,-0.9356432387184149,-0.20778371291441505,-0.022452238120067757,-0.49984580616944213,0.13935140071972021,-0.5937553134491325,-0.8006578204861188,-0.12364576526081314,-0.4587687568608319,-0.022542451261135497,-0.24425216543270653,
-0.27224170451028085,-0.41838641264134546,-0.5716689314717663,-0.46907023203335846,-0.39783740957299024,-0.13574104122545888,-0.655203327794067,-0.11894928508755763,-0.7826779986921796,-0.43533298283551,-0.45445813992861867,-0.04434279472183822,-0.6888052949277981,-0.7058021097549894,-0.35832662643006297,-0.7236445256621447,-0.3263949757949786,-0.4125695642847379,-0.29286560503657655,0.038119336797682694,-0.8336614136214767,-0.7759517304770251,-0.006723693752672721,-0.1669044985485322,-0.301665758076103,0.0865451646955221,
-0.10781593360359648,-0.19235460733038903,-0.6829601454822442,-0.4754934228990692,-0.5079089645050449,0.0036404682817493456,-0.6586043469517711,-0.5547511636430448,-0.3585422800982128,-0.37707504286411536,-0.6129927668052871,-0.17104800738447654,-0.6293108929560051,-0.661989230250569,-0.3861606610297786,-0.7984422122467039,-0.032191157083755674,-0.026882759730989265,-0.13180341069770107,0.06756812733452312,-0.7567554303830689,-0.43490606189755243,-0.435495195449243,-0.24745353440744428,-0.02721379593529335,-0.3470567641469116,
-0.1648381145964758,-0.26392517850595637,-0.588942454157444,-0.5800409717978512,-0.5829238964321929,-0.20917084709186,-0.3809639715639679,-0.45560573284787864,-0.46430399670710315,-0.4905835528799869,-0.3346257966975626,-0.3852113471337097,-0.41333853757739925,-0.31579658092718615,-0.550072121407675,0.11940759488175473,-0.14951911920649782,-0.15740838270804808,-0.2413357881056087,-0.26629881371235553,-0.4166521780345689,-0.6187007417199442,-0.12126813009250334,-0.2758983386559937,-0.38297162513450816,-0.26500450835298794,
-0.36337942190047484,-0.4046101322792328,-0.4004225716374346,-0.5281975702733225,-0.5885801828644582,-0.18266838636783825,-0.5302297432077222,-0.6310827064583276,-0.7608889791274751,-0.6532154312049502,-0.3513541610226198,-0.3919547556145827,-0.47412852728154936,-0.3727289663485661,-0.4665385922456806,0.678816088492798,-0.2820580928777086,-0.362921662263326,-0.17122521182961845,-0.5673870027324491,-0.5312056422448452,-0.6674448173652744,-0.36785512127621034,-0.42116901625294795,-0.1827630923398423,-0.258917613934295,
-0.2993685072597266,-0.48815084632778155,-0.44963685608645043,-0.0932942315632078,-0.4053807791948543,-0.4831293530259255,-0.61080401736137,-0.3629885485870129,-0.53509819373396,-0.3685351240375597,-0.48088193044817434,-0.21975033673834954,-0.5659168053638095,-0.4924844665854606,-0.6546901891156888,0.5377015905646788,-0.3786638428086801,-0.5067743335544832,-0.3865318613994156,-0.4396266875095246,-0.7900704430263927,-0.6371188759677182,-0.302626494435279,-0.23535515527901568,-0.4413778566493594,-0.25485748448164647,
-0.28395454110143004,-0.137556127465813,-0.23997302912890092,-0.48055704347753614,-0.4443411483069346,-0.4119561097424145,-0.8537484384312891,-0.4774404999962736,-0.5841989915596433,-0.4821070809417124,-0.6314087301467759,-0.4744828352698393,-0.46952759612120065,-0.5855954335646658,-0.6824446053210296,1.107741718713187,-0.22275446661439013,-0.1655627148763704,-0.23201720900437706,-0.21647263701917602,-0.43063040666472374,-0.4442658778384538,-0.3191089868203757,-0.40208258045197043,-0.2695774020756928,-0.5391397723383913,
-0.19166232575376008,-0.5596505568914,-0.6948685722742212,-0.3419621384781332,-0.28906132113496347,-0.45184785639480457,-0.7200603798242952,-0.418373937155054,-0.4137013406217587,-0.6288214987324914,-0.7704155548771301,-0.45442734855640843,-0.8080686577726797,-0.47779028823161684,-0.510710183126033,0.9104026113159394,-0.34248235084450346,-0.4887116567797791,-0.2311252639775461,-0.4571100573624275,-0.5564780064921476,-0.600611792441749,-0.4373101574794386,-0.4996268363018005,-0.4933740451334712,-0.291290598255139,
-0.4645035732126017,-0.426724892071277,-0.43133642378551723,-0.2486099049816469,-0.53253689407306,-0.38757640447287106,-0.43291274352622044,-0.22787787948190563,-0.7857821031276975,-0.6834160361884799,-0.8089188206567323,-0.19039001730346378,-0.48751037756764665,-0.38978642759520354,-0.53802717912404,0.8483406896099946,-0.5076504034233559,-0.6142744753522836,-0.5908254736654192,-0.6110274584129065,-0.5271428075585644,-0.44841707516161067,-0.6157125778558393,-0.31307663826252075,-0.5719657496971038,-0.48528543124720264,
-0.4791146760494665,-0.42635888967296703,-0.6818103813426315,-0.20733691179524952,-0.6519085732554715,-0.45680084880763294,-0.5484625977909823,-0.2577314281617988,-0.829760117066015,-0.3378485118857514,-0.3226081278838499,-0.2951831849285905,-0.45507194387259,-0.8019045672676317,-0.7329393450468559,0.45489055762302283,-0.31856683612081493,-0.22901585903733698,-0.6724491337322944,-0.4666800688573354,-0.40768974297402,-0.5922322715607286,-0.2686391124945583,-0.13671057851849666,-0.35655578365976215,-0.4067426038418686,
26,12
-0.2352485990609211,-0.237075100728107,-0.26309122878612556,-0.14807974997250617,-0.15982326180746576,-0.1348535301514615,-0.031137372960348037,0.03271115050845189,-0.20054563457136573,-0.35625087768407276,-0.22224213882736973,-0.24192618472510652,
-0.07883262665475536,0.024363943027624856,-0.04073514542218858,-0.3266853300369184,0.008154739955633164,0.026834036905513146,-0.12873719787182902,-0.07030872956550206,-0.3655263016846077,-0.14525633653646822,0.02294644459752421,-0.049586592058691994,
0.18028756396481524,-0.06966371320872398,-0.15705319732861606,-0.10279829045309238,0.22663882580762307,0.2103600125150825,0.021907475324106793,0.058931058283141435,0.28825660437353734,0.010063267699404323,-0.055777540285232186,0.19658878936375987,
-0.09563396135567816,0.1260290444899616,-0.13511408996441251,-0.320003205276777,-0.14918451974139982,-0.05758540031102984,0.016690766067921324,-0.024642225199961298,-0.08152048094082488,-0.08934649047249374,-0.12763663909368364,-0.010209144932284113,
0.06132488837675249,0.13532993267568413,-0.10725959191413505,0.21332662390012705,-0.020434748437621376,0.30563923401974125,0.1898045087535892,-0.00636768122848985,0.1027406940659709,0.2437735286596786,0.04956855354602345,0.07998386956196016,
-0.041572266071463346,-0.20723824057879056,0.06998463369755277,-0.1713530462668839,-0.3707278570090529,-0.22780797130508962,-0.27653902733793045,-0.006980022703809126,-0.3655860541431019,-0.08428879865556524,-0.05847119127643416,-0.11238493826334588,
0.06632291767590057,-0.018322849288640683,0.2662627594186311,0.3078829733048445,0.0670521529325276,0.29246554206483444,0.03418769099607031,0.17314666528858969,0.11424807126824353,0.37588406850246725,0.3529094903025589,0.27013172942557473,
-0.040831094304621646,-0.2111097464865264,0.06045111967501564,-0.10760291559753393,-0.08547454180296693,-0.15971141648413412,0.07310202923347822,-0.16901589678908752,0.11775202048312527,-0.1640151730737727,-0.19747801152035452,0.15077874185779958,
0.301577397403629,0.35420073910305777,0.3995241060028719,0.1899534818456708,0.16085821794423255,-0.013311490562893338,0.2567113999484703,0.37316854760387996,0.17566836041460684,0.028201410272189486,0.1515828392966134,0.1968016390807984,
0.2636707971825884,0.11182321272367587,-0.15211727744658046,-0.1040449248694942,0.043468066314293355,0.20565075447533965,0.0892009581689591,-0.13396377803447623,0.0920766885620022,0.053020421571302954,0.26004102253429945,0.06844819501356984,
0.05335229043354496,-0.04347159102978334,-0.015019572536541894,0.27522799961771294,0.15284970763154784,0.19495609579035553,0.07903420881870492,0.3108633559403348,-0.07336762015694806,0.1543731926929249,-0.030690878678452105,0.28387982394018113,
-0.313019138216878,-0.2893901796201476,0.05147429358858518,-0.20243254932699872,-0.2837263184841847,-0.32465785055774393,-0.32171650647968414,-0.3726264429869678,-0.18208324278466517,-0.17952170049430938,-0.3651288392140652,-0.38524127473430597,
0.16467229624875637,0.3110341374155408,0.102029103443726,0.06754799908296277,0.031759110925596294,-0.03144660990355429,0.008790264210851289,0.2724346744090354,0.17205846043979672,0.16374986439426512,0.316345008766066,0.3671227135273655,
0.03188115634134647,0.16572776831631802,0.18779277369323305,0.15902196081142553,0.003813218822827983,-0.09822722485839865,0.04492345881451452,0.13910051387719102,0.25590743921638115,0.330586041283078,0.21288699197188654,-0.006357908369728705,
0.04419483092650274,0.1390461461412571,0.08711051689369498,-0.008585155214774745,0.11854001008654481,0.35153320618246015,0.14032729508211655,0.21226973358156528,0.3885262245343477,0.24492180945713674,0.06443565408820015,0.29052294411079466,
1.1492556574042572,0.9948502725819474,1.0832418041073897,1.0256031065501798,1.145580313267567,1.1557191333453292,1.2104684724382555,1.258114614883153,1.2448336475056139,1.3044886257102097,1.2480936235490323,1.2702119930315154,
-0.34667881787521687,-0.18833475002173092,-0.27185624406225617,-0.06449254902370304,-0.029943665478742477,-0.3341729970672698,-0.34240698661133145,-0.40250182734432555,-0.39175247264572377,-0.15868393454387078,-0.2719863161432932,-0.17883110871732746,
-0.29310253669940306,-0.16021801474813666,-0.21815745429987468,0.05812560688709192,0.059493980304153024,0.05270538481602185,-0.22952740014835507,-0.18844096126351298,-0.23099237633954486,-0.10455064614167348,-0.25602555744364763,-0.27056102681801547,
-0.1487206009890446,-0.14645498544961671,-0.13071009042506387,0.05702975511089296,-0.12914883675933583,-0.14222214259066748,-0.009899019395241437,-0.05465531885736689,0.10874896436646159,-0.05156571983670916,0.019442245891582322,0.09303328772542416,
-0.03917730266705237,-0.09877306758102684,-0.27146834970663,-0.3569626607386993,-0.27611257572351255,-0.4116450764292431,-0.3517707947533018,-0.5100007574091412,-0.31071316799872706,-0.459406591576472,-0.34887470315177965,-0.43001371912434705,
0.172763751922518,0.2721022772166877,0.3441044653141475,0.3166905923683982,0.33636944676140923,0.27271783062596294,0.30791479459994175,0.22634260808816986,0.3003364406249332,0.20584963465886708,0.06659507074215977,0.2394230411605448,
0.4523612617819668,-0.0030320824187053093,0.24223539297438865,0.0678905000081171,0.40968055453902735,0.18565581282809293,0.4332247020619157,0.19721785558861424,0.3816477653776919,0.44792692214823104,0.5821397576146883,0.14512354119517903,
-0.3192471437024609,0.005636570298123618,-0.1109210373771559,0.013244702106605617,-0.29415125501881656,-0.07476857289889484,-0.31161231480607304,-0.22072173724249255,-0.20409893570398788,-0.10889457204822672,-0.2910875481501317,-0.3049230564029685,
-0.22853069394423062,0.09613892933949493,-0.1259071927395929,-0.1941596854935444,-0.22916316390461441,-0.09349691452724218,-0.21030798917520904,-0.003945648579802715,-0.01409734061357141,-0.12617968421479375,-0.16280568388793634,-0.17142048372594434,
-0.3600009463364846,-0.3687646994789818,-0.2916065105000236,-0.2875831312452691,-0.16008916507432167,-0.4276440456377949,-0.14702043236985107,-0.3650335933325947,-0.19572516068982815,-0.30477614948657183,-0.08628243492620577,-0.39987158412551815,
-0.12161673476798358,-0.2527712881781858,-0.2175379168330701,0.015487194040443608,-0.3897556879901807,-0.09202380740020887,-0.18197841029748896,-0.12899695756550447,-0.12305176780144997,-0.4423389411693029,-0.24973186728962019,-0.2854847744534626,
