# Pesos da Rede Treinada TxH=  0.9999999999999999 TxOut=0.060000000000000005
12,17,12
12,17
-0.5448926896240862,-0.36741035011617373,-0.5204696715015954,2.2223887549135997,-0.023813757892102033,-0.6520785362372052,-0.44657288147163066,-0.6471641850682368,-0.6755503207812479,-0.7364196232338888,-0.626680481795767,-0.7403785017043769,-1.0588842194789756,-0.8048974122933019,0.5782191150913787,-0.87501025015499,-0.7356274395421121,
0.29294219462498744,0.5923499529273936,0.6066914918301191,0.2228922322694249,-0.3073274321811206,0.44382231456834514,0.8369055148684762,0.436032786297005,0.45796100823372626,0.3451581074485749,0.32798068437987726,0.34700244433114213,0.118863317221027,0.47499205695237545,-0.8845958907979786,0.2955768122398729,0.8363678235067651,
0.8912136317637593,0.5764213653411214,0.9987337575410044,0.04055576700633432,-0.0716274665009362,0.9172647376128698,0.8876328940595135,0.7369742012381935,0.44117652501717364,0.7601365904447119,0.8687664402601141,0.8039912019436144,0.6151647549716401,0.7940554336390565,-1.3557489900611794,0.573231755852472,0.940271513835148,
-0.13634455759784064,0.06399159558586337,-0.09473899407956225,1.9548883587500647,0.011412294531164848,-0.11443235659285872,-0.023716537379415988,-0.00433645758316166,-0.5202804847331503,-0.4682142939553316,-0.23249171319472567,-0.24072005960392562,-0.30445529281127975,-0.20019719695341878,-0.35156867756206395,-0.1506240022640981,-0.1873132118998235,
-0.3493037618422878,-0.2378304893283004,-0.4123225464742152,2.01150939088364,-0.03228258901200232,-0.23568469354693455,-0.024895154075000377,-0.522660304322637,-0.8962750850194203,-0.8179502822410246,-0.21326568281610117,-0.2073676766451748,-0.6481937074934025,-0.8559736843322716,-0.16128525085242343,-0.24953295501067319,-0.4348893741881484,
-0.5090319108419159,-0.7834798381604179,-0.4474530596797819,1.7217545990071068,-0.39073105337241426,-0.5987865286600664,-0.47500817062022466,-0.38728844482374214,-0.6697383650809146,-0.8899844456480506,-0.5794130782251778,-0.6280290536140116,-0.9498246286244691,-0.739008120281396,-0.3780711522759649,-0.5065546211972175,-0.33652398547482293,
-1.2886058505466391,-1.373348956655507,-1.028561817975302,3.028915863796809,-0.37111336303932213,-1.0958327710827906,-1.361881868662235,-0.8826442350972953,-1.4120182353940507,-1.3036965031118222,-1.2561640951129516,-1.023908340877638,-1.4515491900468964,-1.3810540591893743,0.4265766946659157,-1.1804404408778562,-1.0288667524717574,
-0.36727566125057254,-0.05914852214925967,-0.33057670999117666,1.0592810963527095,-0.6657365785019864,-0.053788482798527465,-0.28063354790511297,0.03924889533542005,-0.10091773135982532,-0.2138194941683928,-0.007774504772813249,-0.397125455214579,-0.4798738591635591,-0.22473821942720854,-0.9584180094533337,-0.0093414433255197,-0.08353660915618605,
-0.7224439131755043,-0.915685435658923,-1.0026741757701596,2.197731162436817,-0.8198290278345649,-0.8443042877050447,-0.9125971985320359,-0.7108354512100413,-1.1370654257295405,-0.6185485425854974,-0.7897298198916113,-0.6111796274957673,-0.7312829137603429,-0.7189994176493486,-0.5148946858659572,-0.6479446484799883,-0.8990273578805444,
-1.0148076953298475,-0.6402566461467983,-0.7690640474428513,2.259828436562463,-0.7179527441505263,-0.6972433566969827,-0.8613933020159668,-0.8682034224158696,-0.7779599154204144,-0.8454889896375397,-0.8865922280630003,-0.6606525092965398,-0.8212644533014664,-1.1321926348746463,-0.11926772373756253,-0.6994619721719864,-0.6365582425257549,
-0.6251120691667008,-0.6315008969901459,-0.7126829141757941,1.869742509994004,-0.48775068172277636,-0.8820341325355127,-1.0409289503951453,-0.9304918603802013,-1.0714371106419245,-0.9023208277128786,-0.5629218731618684,-0.8004728806104998,-0.9376807317579791,-0.6470754174975044,-0.21587308471182884,-0.9517372639828107,-1.0939563937091135,
-0.43632067254451484,-0.8327417279377087,-0.7917504749172772,2.018732710022781,-0.7572950435357676,-0.769029574287693,-0.7971704763763577,-0.8895778575852799,-0.9268469251465499,-0.7650937388862448,-0.66796145629421,-0.4644060529844486,-0.9905809123746515,-0.7781687097893907,-0.5494222458480905,-0.47428477207639846,-0.8718935037803325,
17,12
-0.2146778184519009,-0.06501435426582197,-0.26843504589439654,-0.206626892851395,-0.11867262676814994,0.07073065252009826,0.03767563767175025,-0.24481694393174258,-0.26444164438872736,-0.18123520346171637,-0.0771138367031345,-0.28796337865439536,
-0.04530395450374308,-0.20023472229415762,-0.03168554654584883,0.011995844863023231,-0.3637293768849469,-0.15642584770799817,-0.009537759576306646,-0.29332654758749177,-0.14730762564443606,-0.3443757707648079,-0.1950328091063659,-0.105660748090532,
-0.3127565412551003,0.03901284479145646,0.10638134426467101,-0.21715686919869231,-0.018008327065927022,-0.18279541286920278,-0.24172384840114414,-0.14465395893680982,-0.38046271633273326,-0.2494902314235063,-0.15722566969387422,-0.11422684748046753,
0.7458406482594231,0.6015394320798909,0.7100977144287656,0.7406573372451315,0.7593525353373525,0.7804817072295599,0.767900557132741,0.8243454576077724,0.7649635015102845,0.8934573679999069,0.8480459327443258,0.8266090559905273,
-0.20471770299381592,-0.245717578796325,-0.010452800807793781,-0.22272118574365,-0.1968511908749522,-0.32520396328104495,-0.23572140402107983,-0.13541502176636713,-0.02559631550466956,-0.0878307058510007,0.01619340102889619,-0.22506013087767324,
-0.08432657223460331,-0.15563335841622594,-0.22643732705489264,-0.06651195351020096,0.03550376747356702,-0.08708932638829944,-0.24388899573697842,-0.07069518742206843,-0.1045791283527947,-0.2633736918385918,-0.25830248773761005,-0.3257091219623773,
-0.1832103525934252,0.06667131344925302,-0.013922309003241798,-0.10280806301152227,-0.1661338796688176,-0.16883622760773487,-0.15556781066820086,-0.024428338349729215,-0.30336356063257247,-0.22396265844938884,-0.3004703535626821,-0.3934811954304155,
-0.06509847299471823,-0.019459026585293082,-0.15168336432070637,-0.16860250282333727,-0.25388783649759805,-0.15878045538940583,0.05671700224176869,-0.2863706383785281,-0.18057227748198648,-0.2752236261669877,-0.22928237189871392,-0.0990015894219545,
-0.193810461227736,-0.06289543376508602,-0.31683206860005686,-0.3185084033159516,-0.3445036752836742,0.008620733588541844,-0.35367942282805914,-0.11707374892804065,0.050946218648230186,-0.07473494330644342,-0.013471521600828368,-0.10626924322638653,
-0.05745359850991888,-0.3267641299880054,-0.178305701770172,-0.061167930577881474,-0.15611791487852617,-0.3908730655405613,-0.07448106954078905,0.06366772533819,-0.3203919745690366,-0.1758582560700232,-0.03733698495895345,-0.031528252020430594,
-0.27422138293393256,-0.05941384190452783,0.04779624658750614,-0.28241907669532923,-0.14188446384854442,-0.11586249425838979,-0.11173555801039162,-0.13030569518612953,-0.03606769394861435,-0.3091987841185903,-0.2661866688386901,-0.18096081842162648,
-0.11560796178906542,-0.007101606633606303,-0.27604780321282163,-0.28918198643874854,-0.013267157571940334,-0.24597759284638088,-0.25396043852085864,-0.08570214012458685,-0.035335307159298134,-0.23235088976727766,-0.12138274717596034,-0.22300888522931497,
-0.28232071533983033,-0.31162702024526995,0.013360586709226362,-0.19131381540104794,-0.17004775171524583,-0.08543449544905599,0.01908983839518157,0.04571513547693221,-0.2571129249546855,-0.03450008679186634,-0.16723101933377013,-0.33038621492997633,
-0.15894649694437868,-0.25502973853185423,-0.2160267325262945,0.10775118279470355,-0.05984312546560281,0.006002661276655511,-0.28947368199538476,-0.35256584555130827,-0.3409605111058667,0.0351856923120841,-0.10448330504175579,-0.07142093138244887,
-0.14796309428826096,-0.13279307612626995,-0.23534638132339258,-0.28246296068996635,-0.21433383422053964,-0.019531665127638043,-0.0326766440021502,-0.08958797967965726,0.015116105189997635,0.07372755491234177,-0.06773769312747299,0.038449583100919546,
-0.009499555766249019,-0.290409303334349,-0.27685224631325106,-0.009903926382634858,-0.0359172094949544,-0.17808017831874123,-0.28115359582990146,-0.34368789242379155,-0.036713338071833426,-0.06774449028814723,-0.24469353038141944,-0.03903539109067046,
-0.0552821777317208,0.06199418772100625,-0.12875815395102813,0.007376311183860637,-0.18187377815669534,-0.33666556035402184,-0.2615635474259517,-0.21499857620117171,-0.08212189844008162,-0.27657727342666116,-0.3304772810041147,-0.061215743493354464,
