# Pesos da Rede Treinada TxH=  0.7999999999999999 TxOut=0.07
12,24,12
12,24
-0.6914840565857863,-0.34224181572386386,-0.2619088928668815,-0.5688937350046004,-1.2473100209932806,-0.3323769898464177,-0.8531926394309723,-0.4989536107436417,-0.35698624964715686,-0.4967121618939238,-0.14599341372712277,-1.3052803937823023,-0.5502028053738801,-0.6802083058622593,-1.1648435442297915,-0.7361482175387761,0.07882224821838793,-0.3776651433216471,2.0167368099412593,-0.7621660869009846,-0.7368124411805401,-0.4788284940433471,-0.7574794549881535,-0.9076107591917212,
-0.07683837567132488,0.12479532958424913,0.25547466428853655,-0.05658585100871331,-0.6640036341449249,0.10528269388034972,-0.37299247002076363,0.040531990398663106,-0.019121049892445566,0.2013591592654721,-1.3708983926036742,-0.4846002769739089,-0.061396406312842974,-0.026399225870329023,-0.2041980748546334,-0.24947675136068162,-0.2507707157777308,-0.3689163283225952,0.9355848732875086,0.18394423767222634,0.09766192526651507,0.224242266335113,0.2102490805006381,0.06003161451809026,
-0.02770822257709906,0.14905338130566098,-0.16196721659155683,-0.1025163150287452,-0.5012887875973631,-0.27506361606568214,-0.293393609587557,0.04458607809100874,0.3931791278582172,0.08728413664382816,-1.4548739526735404,-0.5417395309945902,0.04330820552011547,0.308981443685352,-0.061547819581823274,-0.01905266551662752,-0.08472104884196613,-0.09851559729995735,1.2630158275569667,0.21623907026924435,-0.17183529767754502,-0.07629092376980307,0.13830192733388896,0.15806476533579664,
-0.383275735915209,-0.3638297902490472,-0.18350671651208061,-0.333363212322674,-1.0815047689187505,-0.11292990524420604,-1.148925065162552,-0.42643505114019603,-0.44419701123828526,-0.26239272623528925,-0.5474068222910654,-1.0700520736143386,0.02355533742139939,-0.36369173068959754,-0.89966702980971,-0.5501402862272405,-0.04943332736072697,-0.5314341970784852,1.9240384208643195,-0.21669728450173512,-0.30598669173015847,-0.06908394435136522,-0.5557737310700025,-0.5541189432741593,
-0.2029290107887644,-0.4661845412285676,0.002582398674191702,-0.46291229735683614,-1.135301164250944,-0.2582378673029796,-1.3447091420181585,-0.4901633495329779,-0.2828135521316383,-0.4485319573895138,-0.5269759484835057,-1.2066595474294375,-0.03737095861227065,-0.33397299315933715,-0.7815683489957874,-0.47478644479909216,-0.40278471744028893,-0.648672218028331,2.2146008780633184,-0.6109816248191148,-0.5331687326362625,-0.012998489074819434,-0.6826986098077975,-0.7153447125327973,
-0.30419802510026966,-0.2378467655994107,-0.42898857992022144,-0.5311823376126179,-0.6056067808837063,-0.4126901484815157,-0.6875264200678599,-0.582293984163294,-0.23666428740302536,-0.5767153355883887,-0.5673679039718024,-1.0730076250597238,-0.5721428595357068,-0.40563324175653426,-0.7902770293918434,-0.2865816623222307,-0.15784243950522278,-0.4013099611567473,1.9511732317528356,-0.680453363815501,-0.3945732594068006,-0.36882519039935047,-0.22044096287882622,-0.714981600794244,
-0.6008955459260722,-0.7090095710533588,-0.6730465191235719,-0.6975326098339658,-1.2580304093128625,-0.46839183208025975,-1.1195053743140986,-0.6302319689392938,-0.7963729161525388,-0.9141468669613692,-0.2998480647094446,-1.065968102378961,-0.5221221725263734,-0.4976826111342426,-1.0774545001935816,-0.7985505595727888,-0.18534667420097217,-0.35276251899267536,2.0735241256088828,-0.45127845745011247,-0.5491230445006842,-0.7322923664305693,-0.502989487044467,-0.6053695206506191,
-0.4947441220575463,-0.16812403333139816,-0.5435669232522518,-0.10047369595575165,-0.3469082514891712,-0.3666176387403729,-0.3863835939362994,-0.07052662455117163,-0.41213146067281226,-0.3679663812784984,-1.4018329990092986,-0.8302994629510048,-0.41631508237524023,-0.40441317045835723,-0.350409818834259,-0.4122179868867071,-0.5528672082886247,-0.29850985176586453,1.2544349660946634,-0.10704964538193681,-0.3240536998641516,-0.4302656008624234,-0.1576441425234562,-0.1770407047772862,
-0.545556035397542,-0.457546859992319,-0.6382109627379585,-0.5019150092243878,-0.8204101390832229,-0.34758204501234313,-0.7394182880037179,-0.2026350692885905,-0.5333147444369419,-0.5178932787426757,-0.7145472809314749,-1.0295084852276224,-0.7087092704718583,-0.6403563221415254,-0.7991553921495784,-0.4693232426465448,-0.7382694751872653,-0.5672666139105477,1.330463229311522,-0.6571361380604753,-0.5025707590789839,-0.465287169705126,-0.37505957983713645,-0.4864210732840841,
-0.5306665867920066,-0.6903824626693099,-0.5447956728762874,-0.4873716298795746,-0.5239881146470331,-0.6390574912921126,-0.6293545952987055,-0.48145563609192044,-0.6662356026188451,-0.23091482764565088,-1.145509615693929,-1.0666681160695208,-0.496481000584882,-0.319304970849061,-0.7023209312346516,-0.5644207924828654,-0.7913321167044218,-0.38190165895360595,1.4471957778320776,-0.324351888264012,-0.38886605117449086,-0.7136404197760879,-0.5047855270999643,-0.30318860573839934,
-0.43425168337814973,-0.4923915547462062,-0.633068095786518,-0.2972072710293638,-0.7976343878693107,-0.5219248231431411,-1.0401734705861347,-0.47724678721148117,-0.5887873865983401,-0.6383207997932366,-0.974605587153493,-1.1560271060111806,-0.6977354753730383,-0.6801070129839166,-0.8350394479415437,-0.23776119970997375,-0.5938035090331467,-0.3583483338964283,1.6815567062837578,-0.37482195032858107,-0.6020788345608599,-0.6178083505577765,-0.4414934244096135,-0.6338963433426428,
-0.2731819385368338,-0.6481560171329569,-0.30344906746630224,-0.5441506413886297,-0.7248396724998429,-0.580615823797561,-0.5587879716459566,-0.5756787445514886,-0.290016827848937,-0.18198022995631838,-0.7062247929806964,-1.0867182178113903,-0.3276033592368803,-0.21768664369350801,-0.9532446573289204,-0.5009680129598102,-0.5603367161344835,-0.2784105821677759,1.8984664645059683,-0.6101499581862493,-0.23606701449880038,-0.5022244930340373,-0.5361949780212184,-0.3761763684763591,
24,12
-0.10955639029674166,-0.21408644321156603,-0.21467680930128374,-0.025492978383938176,-0.3031715815563604,-0.08246108425179835,0.021909981500652896,-0.13386291803624634,-0.046304112960431035,-0.02887827118594132,-0.013404298901606904,-0.16353324125421254,
-0.0035249299695054373,-0.07243648271940416,-0.3093179926463558,-0.3189060592858223,-0.16045448702117399,-0.0256579906132843,0.018014518259211274,-0.2917870202293992,0.03087491145422217,-0.225604845440624,-0.05892607711902502,-0.11231204179014827,
-0.02980600494148151,-0.38102511690799074,-0.13542154697969733,-0.06179313557325887,0.022124951085572032,0.007960791467220327,-0.1383960432844893,-0.14565880985968907,-0.11722665197820456,-0.20573511075305156,-0.010949201277900611,-0.12952055643964744,
-0.2337350706578963,-0.0034921474851306693,-0.19124683368157863,0.1294948478352568,-0.10869623979128269,-0.2071789833017081,-0.2375412050960434,-0.3019806050155315,-0.3557893972418045,-0.0022564238366806605,0.023643157838826444,0.07887888989461063,
-0.008918080769089457,-0.16969471156439025,-0.16267207529431066,-0.1250482464122824,-0.14768761735142244,-0.052908071391933646,-0.062147751006724504,-0.13506317515900154,-0.01119015666081483,-0.1927625321435135,-0.0264309663172236,-0.1472379366927245,
-0.1501186662253985,-0.14988916269089303,-0.04715209386235441,-0.07762461145413913,-0.021077583842423694,-0.08054843257306735,-0.16232919140439597,-0.16796212580129738,-0.2758101146693353,-0.023045233235204594,-0.15333757851162877,-0.11265321132431241,
0.038256468229207787,-0.10953542805580316,-0.18701683028016491,-0.22523442824811676,-0.13786786055384087,-0.07842022333150145,-0.0076699702444584985,-0.0050666056281517755,-0.19412312974992552,-0.04575933946412688,-0.24285530451036047,-0.11742361213733742,
-0.12215776121233524,0.034965549170742176,0.07808324210612264,-0.228019275082002,-0.2259331155188296,-0.011904153854945206,-0.2655298389838775,-0.0593162931690052,-0.10161605175033699,-0.15385663645842707,-0.1490178256055711,-0.2677092732792744,
-0.32918134711919733,-0.09775192678607368,-9.463010712752052E-4,9.510770797765882E-4,0.11056493518128684,-0.12096698001611265,0.1748851296576173,-0.26022013662548305,-0.13464347236902208,-0.1937219435592642,-0.3334800471233772,-0.27918534082553903,
0.01062611234817305,-0.021313373480907782,-0.3133131936326794,-0.1243008638490835,0.09630114027001503,-0.1917872491250613,-0.27901174864174094,-0.10253831138476817,-0.2525467288480944,-0.12373411821581017,-0.1470697369610737,-0.14958662797370817,
0.08303621387719848,0.17818167525088685,-0.016824847664730917,-0.0025463410909648335,0.03876872255939369,0.19406183330039006,0.2745354608293162,0.20711614981180837,0.27127885717823336,0.17081848296457966,0.1813767611843141,0.26978403063987305,
-0.2527840890296295,-0.28457341054944796,-0.14641368226935916,-0.15622681637869498,-0.17030840345518306,-0.1131980612585242,-0.03479738807160227,-0.21028790104497533,-0.11521542185077875,-0.0413443798606778,-0.2574959867288931,0.036840836312769076,
-0.38308381297674937,-0.09449099677376725,-0.12046282478413542,-0.12887588843274872,-0.1578281834644252,-0.12638275331607068,-0.06954958270995996,-0.010996029756643733,-0.29096382065599047,-0.15451966221950617,-0.11139763541797305,-0.024956417252015306,
0.02319728645219066,-0.012773047420509854,0.028077385778491615,0.010504489430383172,-0.19167274410934798,-0.12790299253625048,-0.0964279973217372,-0.2969223654779087,0.023374041007489806,-0.30411330109640705,-0.20795530441516524,-0.23342287410303084,
0.09011771762434599,-0.20671886489029861,0.23917411186620935,0.04291246134230966,-0.021178835815813313,-0.15309599569829685,-0.2254492459982562,-0.17102339399073158,-0.1987777112469839,-0.06541007281888946,-0.022204273243510802,-0.19307635951535934,
-0.04667283494849939,-0.12683638064761285,0.0285407618213789,-0.04220923054116295,-0.02445314235225865,-0.05773027229746598,-0.30188876830190386,-0.0466724461101734,0.07106763972437861,0.03815201195804937,-0.19786444994852634,-0.2739126765153522,
-0.15888741799991524,-0.0987917129339583,-0.06651525002963525,-0.2848397022404349,-0.2723212610533263,-0.2558985825815262,-0.27880376362946135,0.05376820894402444,-0.12896174137664135,-0.04176938166283694,0.002538918602444421,-0.0790643082383133,
-0.18648377170736083,-0.2316138090362525,-0.14718012795583876,-0.23215180798960403,0.03830090817400801,-0.22854256704545559,-0.08733431001726327,0.025867428468659942,-0.1317686980033348,0.09905288901712497,-0.11520952683169254,-0.06971093004100984,
0.8092945335020619,0.6587810493599888,0.7991366383011033,0.7470747577442418,0.8057727820594877,0.7754746851067406,0.8001209170661995,0.8372011838717213,0.840877425406642,0.8861159416820594,0.8224295266245253,0.8402806376871981,
-0.33716091466425857,0.027633933435092718,-0.2794174692101023,0.001144321555519016,-0.29366032708208717,-0.07323253615614114,-0.08668711371584416,-0.18671605741665695,-0.0229498437363463,-0.21231932512872198,-0.12077052315377107,-0.09203035547441543,
-0.03671018526373174,0.03370004365790757,-0.13221083869143008,-0.2158432184708082,-0.2984454261663844,-0.08069122515083631,-0.2019742625546295,-0.06332774226873611,-0.14514355236610035,-0.25109344255440774,-0.04756938658871425,-0.08179218131498038,
0.007739080099571935,-0.009217490870073708,-0.1925375127911193,-0.18161774811171885,-0.15642734131424396,-0.13790920277267998,-0.13596104072826026,-0.2497839763316528,-0.25083052733055183,-0.16212881932129117,-0.10218014839696271,-0.04956787805466929,
0.018508103383357923,-0.1243760701020678,-0.1399691425862431,0.010858548527282063,-0.12331215759117066,-0.09254239622501846,-0.04756674311489327,0.13762855251698228,-0.15364278054219835,-0.31353585214839325,-0.3640873525598743,-0.26958947207171363,
-0.3141771421912516,-0.07850736283792933,-0.012106613858283969,-0.17372462869889546,-0.041754173864267025,-0.20394429448010834,-0.07947151989810189,-0.1717610956384728,-0.001741527246330303,-0.21647188649766888,-0.13565673188128238,0.04335811920338357,
