# Pesos da Rede Treinada TxH=  0.8999999999999999 TxOut=0.060000000000000005
12,26,12
12,26
-0.5886239976279042,-0.6159074537542704,-0.34912073202908883,-0.43231245096458853,-0.686320563010161,0.07699163165775551,-0.7574673930487839,-0.6132963722578721,-0.6794321350780054,-0.5787972104492687,-0.7347467781000956,-0.6453345715941501,-0.2793276454262544,-0.24473914181771314,-0.3239397150025287,-0.582057933592864,-0.6070437582011696,-0.7972689294682103,-0.40371593320149507,-0.37423614911623204,-0.7027453845696218,-0.2861559131219094,2.617269637137152,-0.3451751934837116,-0.5902289482995686,-0.6351301579118032,
0.24811236023281788,0.39719326144825423,0.2832579945665755,0.6017944301327525,0.5610223442730266,0.19771397050205386,0.09207885904713535,0.7413229411174626,0.2743739661072696,0.4754568919339745,0.5376349865668189,-0.1235190593143257,0.4731374750097335,0.8175741941337596,0.6755511595825171,0.6741178746220156,0.47758940506368164,0.25988226545749693,0.4762740195031605,-1.4686450374063365,0.6117452090593942,0.36424829426045546,1.443959602653645,0.5511709641209908,0.5807849676262857,0.3528947821726805,
0.5681061577980003,0.5469469752316128,0.5506550189419197,0.743293337778122,0.7020732300210741,-0.1507236517063816,0.32067531481905015,0.560156770642511,0.789647248866849,0.6195465068372608,0.7078866080954098,0.4127296780856453,0.3548336235165918,0.6704739700668648,0.7796567474223759,0.49234483114652816,0.607364094158672,0.5797670790286982,0.655737883538029,-1.7500728086545994,0.7982057810663988,0.8238225076664033,1.4496669414387182,0.49457413716715276,0.7435752759586242,0.19520717569987817,
-0.031178530823492118,0.0552368459386004,-0.1652068681449695,0.32848483789513827,0.08698203207204618,0.027621474587096698,-0.25880429116805864,0.015559511616201057,0.09511846096566332,0.05379373449534975,0.07479152510129428,-0.10080507559025437,0.26299502084604065,0.019665488261760622,0.4354449378188923,0.3442837195438622,-0.06190611831783665,-0.25639011997613464,0.19841738072737716,-1.263794477846242,-0.16038014663476377,0.18696572563877964,2.2327754280775745,0.19870828143829244,0.38637502747452296,-0.4062491844254902,
-0.15927401925896445,-0.01758335066223091,-0.31383746596038997,-0.17701071450354317,-0.06497657069311975,0.3187883651691452,-0.5430796552629253,0.039837931482088,-0.23822869381835765,-0.13779283760427752,-0.23408140077373965,-0.13151608376839372,0.1320272073644671,0.022490923590853775,0.09219662950837121,-0.11767026632661753,-0.31356364312542434,-0.5877009539587899,-0.341415537190484,-0.6609999775141628,-0.2700826983248136,0.0904670149443516,2.8562365855581757,-0.008960854501255958,-0.11687201054746026,-0.38366522818446963,
-0.4534801412524616,-0.7331248876559207,-0.45326864865251376,-0.8198859152685645,-0.6275685211034835,-0.5113243657018604,-0.38518684823483323,-0.5701263836959511,-0.4080860546900401,-0.7342206707615928,-0.575584436917235,-0.6852743665342904,-0.8259161823529179,-0.4602494314659993,-0.7911761304372364,-0.44967068211830025,-0.32618956340554806,-0.5405121575600315,-0.7069160216304294,-0.7446006420323588,-0.5614597009401425,-0.79979846731133,2.13905704592719,-0.4640602894902874,-0.4345896405595578,-0.7346181039417848,
-0.7472676684934757,-0.9076182453630708,-1.0969506048866196,-1.148074699576637,-1.1497703826057697,-0.5124029870325754,-0.902507387291371,-1.1592529069315818,-1.0734206284654222,-0.8251634683452987,-0.9918003343210449,-0.7267164749252263,-0.7890772883655267,-1.0535510061641673,-1.142393090015988,-1.0012668987803723,-1.159090121054865,-0.7051683088648644,-0.8602441164986373,-0.22873953330460653,-0.7272070535866642,-0.8549993395452274,2.9340092920944465,-1.0091537253004805,-0.8065831937703042,-1.1042055786330556,
-0.17261368949370232,-0.1670769639621216,-0.3911481459872859,-0.21828028926985746,-0.18150099511141066,-0.5922248946931498,-0.32425890014928466,-0.43713962818599666,-0.20063425303954094,-0.4823318997719907,-0.3452367375888127,-0.4351108818871274,-0.3236953451912347,-0.2978095203427396,-0.4461142044936927,-0.45753581520259473,-0.16882771771269056,-0.19920111226478684,-0.3676158381588788,-1.287921859080318,-0.20964229982775237,-0.25331871368254777,1.814664470753245,-0.35236008532470037,-0.4780769215048867,0.040283457552497036,
-0.8566440119931201,-1.0111983092271724,-1.0581617470502218,-1.1037435464719534,-1.111870542061222,-1.2483191342522122,-0.46304348105571164,-0.696258101102238,-0.8974805393390035,-0.7449409762705492,-0.9730146355527131,-0.6007923920805867,-0.8824454219011543,-1.206063984814112,-0.9535044073979984,-0.9764722763566853,-0.825494763832794,-0.6526485885478809,-0.8396969470540957,-0.9593923425404114,-1.0907028396883494,-0.9826209347208801,2.1785144134183905,-0.7314597203145984,-1.1735570300575011,-0.7991909168553456,
-0.7166828339414537,-0.8808723124897244,-0.6770536137999058,-0.8365675689077612,-0.9714456638465286,-1.079927230861514,-0.7076646113443821,-0.8659942487895907,-0.6408440016051331,-0.7204214232804868,-0.7095214717572255,-0.9206328059164546,-1.2077981491134078,-1.2499024318025207,-1.353162526018233,-0.8554630953998019,-0.8510764598232957,-0.7651534758519855,-0.9768055935165212,-0.8965897265389121,-0.9491822136981385,-1.0749635524230887,2.6047114130160804,-1.0277417643181155,-0.8083283721564568,-0.5612332185260055,
-1.0491745952161853,-0.8526737428195619,-0.8054493887669626,-1.074699905882493,-0.7759162559198112,-0.8643074199557745,-0.4511172178092812,-0.9480058848729248,-0.9168767293326047,-1.0622897224944732,-1.039223801721215,-0.5677669313722049,-0.9888794903657556,-0.9716740233078197,-0.8494094478061939,-1.030271719891231,-0.856847069945488,-0.6136077989064964,-0.989705826611252,-0.5580931794120413,-0.8014826494748705,-1.1383873443626633,2.195276833720575,-1.108323215605872,-1.0340744264596848,-0.4858877782496648,
-0.8604782610922833,-0.6022276459072269,-0.426595623465989,-0.6404502202671801,-0.5880995854874702,-0.5686932054978534,-0.5490861136785119,-0.7600611737245728,-0.8961338840991597,-0.6290427086155476,-0.538611354419435,-0.45049516899927233,-0.7021970601743052,-0.62675364712768,-0.7696213865298198,-0.7094397738012411,-0.7281327403035953,-0.6170257487582216,-0.584232397345797,-0.8735479472212497,-0.6393715077149179,-0.8146313722284763,2.3440196617249134,-0.8885447947259678,-0.9664288971627746,-0.37368548414767183,
26,12
-0.12661438475189146,0.12940842447733436,-0.0015756390387272191,-0.053107947562678365,-0.17631098324599007,0.03600610825855992,0.05436479086173956,-0.21878633905321854,-0.0459340672805042,-0.20206388038654763,-0.028831759985804478,-0.2503209930711217,
-0.2412133372301073,-0.05257584808770309,0.017136236861684452,0.02765784857802936,-0.2827817610131805,0.07763431744379512,-0.19402451106335825,0.033876514223922086,-0.12430012912597593,0.004880535022290939,-0.23837780467182992,0.006155175143329579,
-0.010204298173264457,-0.05467582073810603,0.13369805197553383,-0.1510937049247451,-0.0771219026707199,-0.22864666413086604,0.010365266445358609,-0.38339793019060364,0.029814614854401934,8.795508123763199E-4,-0.07175609530708812,-0.1772794802845641,
0.059075849110448046,-0.24386703310860777,0.1186567422757642,-0.14677275767275794,-0.1588833735467912,-0.1935937847268567,-0.0328641760276835,-0.20996484679070965,-0.07936724928923587,-0.14002199711983448,-0.03698953485790735,-0.06186121154708439,
-0.05665559244520437,-0.06753201021896797,-0.2689074014333797,0.02903802793966312,-0.20458735504481035,0.07755148467214058,-0.051113145537622175,0.013131306931037411,-0.21038938503330754,-0.09056102673409616,-0.05123730853921632,-0.16081694507127592,
-0.13737944688585166,-0.07301210244958296,-0.197808549162701,-0.30040736166728593,-0.1499675632636952,0.006610002282412344,-0.07126222010860944,-0.030608839004409846,0.027022470303460715,-0.03742809409945484,-0.06888079509788196,-0.06919003942516887,
-0.13117800368357838,-0.20737222598058233,-0.030079448096282824,-0.23922879582573656,-0.011949025251149738,-0.11432843408820408,-0.06577052451746858,-0.060410466320233065,-0.0582730684790724,-0.03630269718278831,0.040946822438321165,0.018846842516463562,
0.03428114432098422,-0.1775926252297809,-0.2426073620246048,0.1709268640421166,-0.14384618379309574,-0.2144564215579679,0.11401393866646989,0.04401270503995817,-0.21882998947497115,-0.23980881501739823,0.04545862766986363,-0.15399476521985497,
-0.3501707263770689,0.10450937759756683,-0.22499757535513526,-0.1281937152700774,0.04078348199299282,-0.18080870498395962,0.0024909037811630804,-0.0039095742856127165,-0.2173679440938104,0.006065964018167591,0.014563462754444785,-0.0681361451751278,
0.08968563511710712,-0.19111881386155008,-0.10284311512358231,0.006444201633915705,0.02242619630517376,0.006868928885201703,-0.2943367251466122,0.016884352093986553,-0.21628235662869746,-0.18494430422455346,-0.004123556857976193,-0.11306520337309238,
-0.18286476722452344,-0.09723136242623687,-0.2836886442194779,-0.07154658743848247,0.0039029621570773865,0.06449539753072245,-0.20389030666100205,0.039993312023927995,-0.06823634335241976,-0.14758090183864617,-0.17937752010204025,0.06461939099058493,
-0.1482841465481419,-0.14606024199784604,0.05935317032966685,-0.2128847479078649,-0.22317911102203286,0.0181000714807191,-0.04164512292995781,-0.025713744362777256,0.03558998952463965,-0.09551643594830678,-0.08550964207582601,-0.10673435965524655,
-0.23606818899780113,0.02361919190245716,-0.27445302411200423,-0.012011285376122215,-0.08427678449892974,0.07206662792838278,-0.03381301288602833,-0.15122029663630518,-0.027198126965788796,-0.11135444019310144,-0.09504432362670175,-0.11499238003773914,
-0.07760272348502176,-0.1614216294257433,0.06736459128845086,-0.021938234888865444,0.17580992619487593,-0.04067064783719452,-0.20098921953026197,-0.2849956782515229,-0.1221439044669203,-0.20328416747963576,-0.21324283222594104,0.12923140354925955,
0.11211357220359049,-0.15351587815452325,-0.2368389286019385,0.06246884945835569,0.04035813048739116,-0.22107719801885695,0.019292601422731908,-0.17599394852303019,0.005035062037279242,-0.04355478239908141,-0.34325988755282844,-0.1497159308477087,
-0.04180671395083153,-0.04276253972893811,-0.007040573688125608,-0.1355696220908959,-0.002093414805857411,-0.30486658339712025,-0.2684724962050017,-0.048690960821001404,-0.24753921701627943,0.04364164373689511,-0.006470967215811004,0.016781195119412125,
0.12273884137321214,-0.15714225384138705,0.011817301426300716,-0.19254955908182972,-0.17130783569580976,0.09737290878868378,-0.14037461258079603,-0.11012095124768671,-0.23563883726354753,0.041931282467424016,-0.10923388252479982,-0.11312105625890082,
-0.027440376628509296,-0.11672630206641797,-0.25919939764151473,-0.03655047162942908,-0.0888473857962691,-0.15862925028806507,-0.2975403071645704,0.006294325362208132,0.0688649974026303,-0.07712230585062471,0.05314156443130657,-0.028375437437388597,
0.07116360340257125,-0.0874127622476211,-0.10186581260094214,-0.17108959739001933,-0.05463204151270673,-0.2550188395247075,-0.1181412815668867,0.06532198688220375,0.03497540621576405,-0.2413048020354136,-0.26513250857574777,0.08912377402917183,
0.32686989384035353,0.15132084371652055,0.09781303308013961,0.18048560234427527,0.2681385828805227,0.10700112506118982,0.2806923188006386,0.2916836867373854,0.3072367621642217,0.23917412384027545,0.2673077667690711,0.22539507384251245,
-0.21833443782359008,-0.012466007346338157,0.0756517968292596,0.059367144415388026,-0.1988687875729809,0.08854469232096417,-0.12634081321147184,0.05450010711668243,-0.2570475312453827,-0.09805885228911569,-0.19384028268137368,-0.06433966161147484,
-0.25859588307826525,-0.15869725387798994,0.043515288272959196,-0.12050491898415705,-0.05133459993212174,-0.14025999667327368,-0.07273506631173672,-0.08072768490458072,-0.22131076375087277,-0.04092088165479147,-0.001735576940175646,0.009352987923524453,
0.7512543475996833,0.6783885941992881,0.7555396816288081,0.7228973529142695,0.7738118350006139,0.7477658291216472,0.7760514538256649,0.7991612169731599,0.7936718628312174,0.8220781472329722,0.8026631465368033,0.795456326632696,
-0.18983714871850826,0.02952083988452281,-0.027939809315659973,0.08634662490770208,-0.11580551430033618,-0.15700309287804762,-0.1827897616810314,-0.2460347423511506,-0.002002323207931318,0.05239482359250097,-0.06258335171236593,-0.18398222037233192,
0.01785372152886978,0.16905302197160027,0.0016811726520666698,-0.19605778952551736,-0.09965052194310182,-0.09902402335805051,0.08378439389442753,-0.27215822905681014,0.009542438043126295,-0.18753149022396567,-0.11610807649228393,-0.32299835655590403,
-0.13713385077306203,0.00839840892819774,-0.15811384319035288,-0.11997417097905314,-0.0241223486058881,-0.08879232781549046,0.059177292737664915,-0.03395744676721329,0.05735602834754143,-0.09138745329413046,-0.07150800331018937,-0.2071022357216191,
