# Pesos da Rede Treinada TxH=  0.6 TxOut=0.03
12,10,12
12,10
1.7152908833870038,-1.2552831573451222,-1.1089787546241132,-1.2779000284686273,-1.1361176222941087,-0.20545822160283506,1.5080925370725728,-0.35211954726231776,-1.4452619928493433,-1.3381230957421812,
-2.826704062857172,1.9178460335775114,2.2095693934709177,2.0270625933813227,2.2735414760232877,-0.4947867016045385,-2.4642627923054237,-0.612526321614453,2.032071947637379,2.4126267607510554,
-2.790580802739526,2.2232598932244185,2.421447509796365,2.186131243046488,2.477703296120328,-0.7849541129127328,-2.9906353905084604,-0.6099925985491159,2.3607148680867978,2.4009247225826256,
0.15032471804559389,-0.17568801662746228,-0.22049964105133624,-0.2125878158444029,0.08767583430672163,-0.2478785382696186,-0.09160287922446089,-0.5261341666327072,-0.2432432661545703,-0.10555659723501734,
1.4230403995146617,-1.460638360337978,-1.2723757233252933,-1.1268401740544884,-1.3884014561984568,-0.30437071639558766,1.4958391268815854,-0.7747851862768366,-1.1080417177101778,-0.976897414093143,
0.07639197179501657,-0.39963950644600477,-0.6346672648941375,-0.43102509666784733,-0.5190434967588442,-0.5673894689315387,0.15403283039279794,-0.7180293529481738,-0.10751416413908842,-0.5610412495103986,
2.5159447710186007,-1.7317923019492392,-2.003515332448272,-1.998686967495612,-2.09277522171244,-0.28903866040141796,2.2397318830388304,-0.7063751062701675,-2.2089985730864345,-1.960143051463411,
-0.8247129264708486,0.7672590266803709,0.9634290499304009,0.8729680168118584,0.6401638379298155,-0.745648871172892,-0.8798752706544225,-0.9361217154982139,0.9098329781054725,0.856978046440898,
0.9355734213114715,-0.6922020086418882,-0.9851146492726726,-0.6742013736861,-1.0428932570439882,-1.0502134723059655,1.0315653798136117,-0.543952933027009,-0.8291558699346591,-0.9239739558648685,
1.1638351713570778,-0.9760604876381267,-0.7604146643854601,-1.038373744009115,-1.0106445426328472,-0.786939287142896,1.2109256194799498,-0.5658639052689909,-1.0701797051755837,-1.0661640216797723,
0.9677615696045241,-0.8192767786932333,-0.6783913697768351,-0.5804375010173766,-0.7344398949586544,-0.7898777482571381,0.9992844157607977,-0.9662702067815077,-0.7658685720128219,-0.8460140778662989,
0.810468266403102,-0.4786360471197204,-0.9030335704201908,-0.802446052030095,-0.7255149436446068,-1.0945208591403788,0.8518643181186573,-0.9428530183947142,-0.679701418659091,-0.993258060642757,
10,12
0.4601820014810294,0.4913979592019738,0.44094823060603816,0.3376795368123909,0.6676967730985767,0.4928550165591811,0.4496908355656536,0.4740573736001555,0.3480824120804142,0.4926551026089344,0.563620827859938,0.5315179064095229,
-0.17954477337192723,-0.446649070745903,-0.37318693509065043,-0.33191174439958576,-0.1938001278833787,-0.27993891256222125,-0.39660226331979986,-0.10416211498577121,-0.41491458026996664,-0.23788158005378116,-0.34073810598093646,-0.2806836574109112,
-0.16565874832411362,-0.42450409271934886,-0.1378415000153108,-0.27281920199459914,-0.1717225554842588,-0.3363130993901227,-0.3514832555252644,-0.39394414686544943,-0.15430742621723142,-0.41649857077323565,-0.3213055027414684,-0.31154523435726267,
-0.446309053542164,-0.1880330424125698,-0.2178192091117401,-0.2940893431170142,-0.26302495547194554,-0.19845423308276186,-0.2135280595196365,-0.357685630934066,-0.3452657158837002,-0.3044207545012437,-0.26610864142093443,-0.4275497352386,
-0.33695772995468337,-0.10884969327440648,-0.32350595601613924,-0.20123665617941683,-0.284330462245579,-0.4534589204914401,-0.3236325647623329,-0.5290100813399733,-0.34675603267491717,-0.1361444603889781,-0.3764666421689761,-0.2245196420387504,
0.5828231455511371,0.5935010085648341,0.5220538086418117,0.6960223259932404,0.6855709525311605,0.758227841738845,0.6448151447216108,0.8083097404345021,0.6820764133883663,0.8713433295679031,0.8052787585637489,0.8054930195758045,
0.4374512462066066,0.30250815998369995,0.43808766083577916,0.5283702699719228,0.23841900492857926,0.4178972834015622,0.45395506755590664,0.5058049422767907,0.5894129661973854,0.4966488621151112,0.40905322918494347,0.4260158990548218,
0.4495974522555354,0.1905072609798824,0.3786232284556998,0.20263495146627486,0.25108721323224986,0.39881401033188624,0.22752479789985147,0.452080622069885,0.33149148721782334,0.26457569199463665,0.4382912759565605,0.2356977613118597,
-0.26052836989514194,-0.19496916367429012,-0.1617181591584816,-0.3583811131617765,-0.2884371026962032,-0.25592015652480604,-0.2634301805967332,-0.43438867981351,-0.08734207018964475,-0.4026548485848587,-0.4704931904884243,-0.3746446742527144,
-0.38943653282961577,-0.1316200972282839,-0.44412992659445966,-0.19507503652974806,-0.5328195207902521,-0.30844431086924734,-0.14407688123119386,-0.1882199578775016,-0.4649513135706864,-0.4673401779826861,-0.21170688120654357,-0.21429881169147263,
