# Pesos da Rede Treinada TxH=  0.2 TxOut=0.04
12,12,12
12,12
0.13380906295319833,-0.3945350606123017,-0.08719971283672456,0.21463254790580927,-0.3185841670317685,-0.27107981035986417,-0.34441995382633844,0.020074479223060215,-0.39253031672585137,-0.36664508166610116,-0.34549253819841075,-0.3871791570717279,
-1.5285461469552242,0.7261845250427715,0.8186635752973698,-1.3631370301412113,0.4037157842079184,0.6807315065199668,0.13557938655132526,-1.334340870081103,0.8346856991122477,0.3697676395700372,0.6759353012574311,-0.24609541424136155,
-1.4428574982768152,0.6738101196413131,0.5856329956633719,-1.2145487621775544,0.7030670308914984,0.7574488453965822,-0.031285078670328474,-1.352340721735242,0.46741887426305556,0.5300562198181216,0.29681660982204133,-0.15905847283123564,
-1.0094943197556623,0.33990731108495437,0.3969716118019173,-0.9643838564229579,0.7175683956554556,0.23821045181519945,-0.045135063899896445,-1.2591578233896898,0.6064303965506082,0.027477799220951744,0.517011529453595,-0.07974969493351285,
-0.5562635533343967,0.19729640630991863,0.32366200310799575,-0.5484259142140466,0.15916231338091705,0.04775779875171274,-0.37573043301762504,-0.9344358258920206,0.5010670461301393,0.2792796092972792,0.35437822055477514,-0.12337036616952407,
0.4197490842751772,-0.2949718810941439,-0.5752324052740612,0.41588378600374826,-0.4004253322052188,-0.5447155431599007,-0.0912151313550739,0.44573582771434445,-0.5809509997425087,-0.29350136403437704,-0.2196119718702543,-0.5560326041748861,
0.648083318251069,-0.7312391753993936,-0.5390033433438074,0.6345854372026468,-0.31588997935534474,-0.40932828637845414,-0.287440961830407,0.8607541035951385,-0.6529685887669345,-0.6273838682656135,-0.6063079965232939,-0.09152978352430499,
0.2075828571483704,-0.5653206686835913,-0.529545082901425,0.13274372641716115,-0.16561528897317096,-0.42945964556260774,-0.1008456992841722,0.13985934162487718,-0.22974904636183144,-0.23978862592811856,-0.4971262541293198,-0.04397207488147994,
1.4030640029914239,-0.870791040606812,-0.8199544030985151,1.0312127908272948,-0.7752364751143953,-0.6473153189838291,-0.5418484435115642,1.2160552060968854,-0.6085010809090334,-0.46907587750070334,-0.7963604689274367,-0.3682984913621415,
1.0056977928798807,-0.5612914967230946,-1.0423073660672886,1.3480338812879014,-0.9502983163013438,-0.7012701891450126,-0.5657697176387917,0.9709275055869453,-1.0007918151142419,-0.4345523933805919,-0.7241242442420678,-0.508622623132524,
1.2985552999961498,-0.5731832566904623,-0.7470287011073011,0.9937681519280179,-0.710890109012824,-0.8484868871857695,-0.3088808925216295,1.1263534788702039,-0.7446491088540835,-0.7646928834007398,-0.8279768358074321,-0.13983133522571695,
0.766323171367827,-0.4102765900415104,-0.5159412977262149,0.6154699367685413,-0.5890219079884267,-0.32824644842208955,-0.3909775018024855,0.43158865239529076,-0.4794380639815647,-0.3507635378154575,-0.6333564040716055,-0.32966595823301587,
12,12
0.2768650708351055,0.4869210505761427,0.35218745019903147,0.3696621252352106,0.5362827742045309,0.3967156813564984,0.4641802680816117,0.4258175461808015,0.4750665181813197,0.41728715168965963,0.44479035613978385,0.2896993211429688,
0.05522117973237642,-0.23341983332213506,-0.1697642865214897,0.048782491174947956,-0.24351705808429003,-0.2685955218952263,-0.18543358012840058,-0.3786177761810224,0.017246795305550473,-0.28817267263750435,-0.287147700088559,-0.018319616719715385,
-0.07236773411461409,-0.2981948745925621,-0.24068452479994978,-0.33504074548737095,-0.11487232562511286,-0.27904138398012523,-0.18562572739005315,-0.014989110416720346,-0.3273830017941127,0.041787351348578784,-0.21686301694693363,-0.282434151549019,
0.45834261346371175,0.4144570309590116,0.517643358656584,0.4834092432941759,0.24650061346120797,0.37544302459598444,0.39845191133832364,0.33696433870411713,0.36540128407223044,0.48777849270403933,0.2090079216883676,0.4088246670922575,
-0.30394222940442617,-0.2446952398152136,0.05785801464678307,-0.11589735934286065,0.07086440210416137,-0.23088961477776926,-0.15784083083621697,-0.24488925383242188,-0.2620167783694561,-0.2004786402377305,-0.20362598286665462,-0.12859595708042318,
-0.266120739409681,0.14258333549564967,0.06131835159276901,-0.2957211044493633,-0.17551029402873128,-0.20064522118833153,0.0424028003706872,-0.36130147297885984,-0.1663104988164282,-0.27198442704407366,-0.27633171969542214,-0.046045799401732465,
-0.05925398211975215,-0.029521914897596518,-0.2510741721845852,-0.08541715423281256,-0.2683099027137266,-0.2521693316664672,-0.05980805600680142,-0.04112474802974646,0.08187260049444135,-0.011555232533539314,0.009298645919880598,0.03459473439459004,
0.4595445477039281,0.05702612737403264,0.2193056981327585,0.21501634666076067,0.3800281089215415,0.35386708891586716,0.3147425972302636,0.532565759257379,0.3811671166738821,0.3809553427015136,0.6469545146877224,0.5904018391624697,
-0.08195925777959162,-0.14010641584644581,-0.08316720214254175,-0.023785294721640867,-0.03482726040410067,0.08508197940791151,-0.18733771708613586,-0.4183943217652199,-0.24679586692111233,-0.2942914317323418,-0.17831089735965283,-0.31853734062821587,
-0.2855425522915372,0.11726727942410098,-0.15826799633667174,0.03014680797055986,-0.09288350143258964,0.13464401046218014,-0.26995063958393356,0.04876523504857673,-0.20230741643775135,-0.18645820226615517,-0.12772687538439398,-0.29190847236886713,
-0.05672480952698938,-0.14531373738749548,-0.303934066750026,-0.26228689541819505,-0.2582988522078952,-0.12379166140605341,-0.25235504184933805,0.00420631254985945,-0.13704926577083432,-0.13825584088250864,-0.09231899198047183,-0.36047631939677766,
-0.2075094851037553,-0.20236307305243523,-0.07476641546484702,-0.10711175625665925,-0.12247910172711804,-0.04809570414124616,0.0021269935314347337,0.04945295601967364,-0.05196929044800426,-0.01109125290236,0.005032347551643703,0.08020281586178932,
