# Pesos da Rede Treinada TxH=  0.5 TxOut=0.01
12,14,12
12,14
0.6037554112012431,-0.6538691092902634,-0.46026277379618713,0.507587764132511,0.3850669308321656,0.6585915631699492,-0.6102572321753794,0.5906895079857689,-0.32783059432711326,0.3238347674792729,-0.49536229753139255,0.7102814950462181,0.3849626292117652,0.6181087554294021,
0.21631359425805022,-0.36785158988720545,-0.5806544661866283,0.2595596973739247,0.4319970301371251,0.41194370937165176,-0.2801739676439613,0.28458504463947787,-0.6312921032238337,0.5982796118257434,-0.5936204881237107,0.2608180255937211,0.4438222050544353,0.03351066463401633,
0.4911575252329623,-0.527710707066279,-0.320851715639232,0.25538983559293477,0.03253180026604834,0.43753398707394064,-0.586592640213025,0.49256413549497363,-0.5074833183258503,0.1910979962683161,-0.48991238914079943,0.2682929861176337,0.3693496927401038,0.35916539712610407,
0.4639933858951099,-0.5332707379904784,-0.6408469698022453,0.1408069861753357,0.19132597014898728,0.5354430335014522,-0.3494385820221395,0.1611325053709739,-0.48275996038497465,0.5779173010378437,-0.4553949276099045,0.2352529371771444,0.49651816789731323,0.12985656486133113,
0.07308514763312653,-0.8467809388731624,-0.457743265621339,0.12983648953875837,0.1103858593787104,0.3226848654294904,-0.40201684023199946,0.47543610411601406,-0.5253190233991126,0.35390696860791676,-0.3252544282762506,0.4134697529954351,0.2777259871765315,0.23367688047284657,
0.07807555288878375,-0.08518579738759506,-0.1301435819501983,0.07261851883941997,0.3911268111601958,0.3532315769574688,-0.042561487194291425,0.1548698496518236,-0.03359784949111521,0.41420771614291646,-0.12359593522857143,0.10478874478830906,0.220015319490793,0.42999975240520444,
0.3914683146000274,-0.4445978604403138,-0.3737277615947281,0.3356460461945562,0.0017174996962775095,0.19224899787454366,-0.4770528559990007,0.350254054924363,-0.40695710656597306,0.2766600883146525,-0.18255262599800806,0.445111487025422,0.28068747598775057,0.20743842109934035,
0.2706999751868657,-0.33298384136986753,-0.17307263086163696,0.3694308220343533,0.25031328654417184,0.3810518159017696,-0.4102302341513947,0.26480871939432343,-0.37286056740688345,0.15337901913372834,-0.1770684782633775,0.26317870749141614,0.0952679791135917,0.43696099967740626,
0.07095845712482472,-0.018426182746571713,-0.12503209952546465,-0.007628340057456938,0.31945308977449416,0.19118320289801474,-0.1824371972150344,0.32653468249855494,-0.1381011189347342,0.3794999660229856,-0.08725414006946433,0.3289025497248343,0.4980226700704004,0.060643695201525,
0.2967596802867557,-0.2539305529572724,-0.3707591442191216,0.25803987907236475,0.40104107738402067,0.09224176882112664,-0.08244621465709384,0.13369794404164853,-0.1565408419448989,0.07133146893290782,-0.3356836892570441,0.3390970847949742,0.2242452818376315,0.3146383213221245,
0.11305738397529054,-0.09859715702012903,-0.018167037538367483,0.10673452514397419,0.3141853821410862,0.06523375098203188,-0.17802524556784566,0.05410805068389692,-0.11514228665485131,0.1439591868059256,-0.5517740520394497,0.12250887180756748,0.3925759035203768,0.2742282402717953,
0.3121941639706967,0.17635478008731273,-0.2243023440484247,0.23825859731460616,0.33631664123469485,-0.02153511427600282,-0.2912402577134364,0.25649003537118,-0.17683619526001695,0.10348488747419941,-0.07282813515424272,0.018041825242521913,-0.07961619812440232,0.09718380964294032,
14,12
-0.011143346735856532,0.03368694212638736,0.292901095492235,0.012223210299276107,-0.03906317381225943,0.15928988582525683,0.21881692195807345,-0.09622256992435266,0.0013639651837543793,0.05910802107676216,0.15518670912509527,0.20801102918373754,
-0.22220410598564871,-0.11732570998157095,-0.36344133561360176,-0.32013897165211613,-0.3127745068849587,-0.2101898927776834,-0.36745192928535647,-0.3288500871680059,-0.39111877129490247,-0.46693862177003953,-0.11079643082515779,-0.33272018286921917,
-0.15086394640416356,0.008604398950637278,-0.08483129790219662,-0.30365661924850534,-0.33642821818002816,-0.35838900791893064,-0.37471704744285844,-0.4259421336000204,-0.32552631854891645,-0.09104538486762413,-0.020384239963857468,-0.3091472702912998,
0.07794372806461511,0.0752579902540281,0.04251788011611699,0.19775578400243043,0.21690074460087302,-0.04548843390503734,0.0026003248085984553,0.06985956824392542,0.08241297122855133,-0.1569053529357317,-0.12100748080592659,0.061917727670607395,
-0.08345987732889926,0.06817557120872872,-0.07867901724821147,0.1052175521342991,-0.14506717705181738,0.21261623732106968,0.13096766064067436,0.3007206111439532,0.13188542637782583,0.0819085541791694,0.10456614597928211,-0.08217497177818077,
0.3598220498514006,0.3143300749412877,0.26732337243328547,0.07209633301205116,0.2990685169579542,-0.1884162429225714,0.07525639598913142,0.09288391926297608,-0.11708658399440419,0.1543417258284643,0.26992856225680684,-0.02137549465750912,
-0.33256768895842415,-0.4082153140630726,-0.013107056870790357,-0.13316095386997578,-0.1392103737732375,-0.20423248736153643,-0.4078441175350034,-0.22856254259052156,-0.40076917900617565,-0.13140061029671593,-0.26949899765401847,-0.33729217590199223,
0.1382551374788381,-0.10700768202455486,0.06217045833837953,0.12777526564094804,0.239414968326231,0.25533936620075376,0.33513684998858057,-0.1484990329015115,0.334867855679316,0.09264620266617346,-0.11007831258942856,0.3608353345523689,
-0.29012101253113254,-0.2511195245115583,-0.40942799966835314,-0.21835100054756149,-0.37613341984138254,-0.09190466290207654,-0.022623088169935024,-0.06463373039733758,0.03955670058575238,-0.4141463578551703,-0.2930963352664996,-0.10295758091297841,
0.3758796708974356,-0.010863655960475064,0.10526541990411245,0.05373231783270779,0.2851420415605004,-0.11490166064816078,0.02456918335276697,0.31715367005651807,0.23090755660797177,0.02770135748477949,0.05776584461365776,0.11414586951605676,
-0.3097120909512327,-0.1561952628846851,-0.34435892106603944,-0.2729371648354041,-0.1137305517262703,-0.27625802275265793,-0.04021704757049972,-0.3234327694866002,-0.2148725801126112,-0.2178941448258192,-0.4928673684269932,-0.15020205653404606,
-0.12331332857409036,0.09532029822870311,-0.0185893871916643,-0.03987880207210726,-0.022631957704034197,0.20754112113375314,0.22108910086438602,0.22531100622062195,0.13578104071372626,0.3359688979312794,0.19064670849096557,0.19588412227364368,
0.06790485627818098,0.1774955013100074,0.2850898850753373,0.19777937699500522,0.1037617143545455,0.2709696453841416,-0.1270071136199195,0.1818511392633055,0.26918821453694525,0.10593002880915127,0.173119070893581,-0.017790879570310263,
0.08776082229276826,0.1158799731728869,-0.0856219808014342,0.14896627895390777,-0.027917066605682075,0.11235663141099428,0.01740427212794942,0.012573062445215288,-0.1429814585814472,0.2540301365503397,0.19111494902137857,0.1150525168024009,
