# Pesos da Rede Treinada TxH=  0.6 TxOut=0.01
12,17,12
12,17
-0.8136452300024695,0.7835411653169528,0.8789539131480545,0.36898171291296433,0.7860847904880144,0.9819010003901557,-0.5937186401440373,1.0446268410724098,-0.7114521175059354,-0.8041134272460801,-0.7177428710473618,-0.23159732833588695,0.9696945433523783,-0.6089848456876811,0.4331865443688678,-0.7268706376181993,0.6632542753767207,
2.530777405575917,-1.4018613229741086,-1.2553220310862805,-1.4541017014451925,-1.1673858551758887,-1.575138904312966,2.7900606770360294,-1.5068953732288561,2.4552644471303364,2.424801334395522,1.6464565026470566,0.7732960493548658,-1.4066676501264623,2.338825963014776,-0.7862117454249207,2.5767377590111065,-1.1174811774926627,
2.8166709258029625,-1.259661783400066,-1.0344911243434303,-1.2003687243294812,-1.0946772897222243,-1.5241912097756638,2.66140257885503,-1.5801921263622338,2.764404067643015,2.6923333115433237,1.7138192476507732,0.6853343041120993,-1.2247702155739628,2.408212079654587,-0.646941780651984,2.6075817955249465,-0.7223906277179188,
1.3219409021186135,-0.4585738919188141,-0.4185151526207499,-0.5980783547068514,-0.18678035469904872,-0.4847671676799968,0.9894198516648699,-0.5572540684011316,1.0256449055712304,1.0384386248757616,0.8974022612437643,0.08954971609336945,-0.49708884178023843,0.801423035038328,-0.5510376261185439,0.949127356524761,-0.10233622708535002,
0.23701662306676494,-0.3015024875736748,0.0784684420483346,-0.3041297181636119,0.13927650366627137,0.16242327493002867,0.40523867481756753,-0.08080492747936988,0.12838509880603863,0.2737408793457626,0.1355381448661202,-0.12660517595844048,-0.22787526725238844,0.3432052868247131,-0.07436954503912088,0.25868512043434244,0.14032372908061624,
-0.9633559549912352,0.477071764188086,0.15467698742277378,0.506191467011755,0.4965410956977624,0.5028432414430324,-0.67378537873521,0.572248935303083,-0.6320067734382155,-0.7972691798560401,-0.5844313897197905,-0.33776748601569373,0.4133236366121451,-0.6176188339153965,0.057695210350817774,-0.7654915229108583,0.3488354660554345,
-1.671173728052189,1.0101995494617932,0.9122149236307519,0.7488598850672249,0.9586488428689696,1.0720705791801766,-1.9375725550504348,1.0400994191565711,-1.9936113326470433,-1.6727398933990745,-1.4439080945189247,-0.6526965392518671,1.1022092157662968,-2.1587658452078498,0.415736608121948,-1.7180646197335911,0.775845967423915,
0.17142235759396662,-0.4715905680580411,-0.49920767049047154,-0.06208828597492457,-0.3720568989049805,-0.45004343721640244,0.17428252964020427,-0.43838507015885825,0.25423436386727455,0.047469368739390734,0.1470112577541977,-0.1819056303589007,-0.10725903318985593,0.35895164053184264,-0.258589038373606,0.12993161458578925,-0.25022829390700824,
-1.9336305496245616,0.8111869702307909,0.7039507017196055,0.7140986133025264,0.5186935462342323,0.9139967559713883,-1.7791416333193235,0.9471672329441292,-1.7181771873354377,-1.7952799343885666,-1.0318815733633704,-0.6606693858172249,0.5679461789766824,-1.6955655832967624,0.21092588526781741,-1.707917041322512,0.38992550333813364,
-1.6738661757180957,0.6929595731938268,0.7632775819963222,0.7267322396379162,0.9440609316961787,0.8791397318861092,-1.5417383357208796,1.1362015899957367,-1.500982038924438,-1.564450469375669,-1.3071703015201972,-0.6870640349487029,0.6599089091103297,-1.4332566088950114,0.6552624424020411,-1.577353971526833,0.9430195927319253,
-1.5602645821736445,0.8872098730224435,0.417910470262812,0.7538011938202983,0.9054911285305872,1.0571868383357832,-1.4754127057801674,0.7538776060097219,-1.287282904179122,-1.6072336590546754,-1.1050693702232368,-0.5499818635868701,0.8114640095573716,-1.3470081702119694,0.2714085087147006,-1.5688013711325894,0.4896236557869284,
-1.0502684587225002,0.4107782279940675,0.5323250080311599,0.3683277850798633,0.2885532678064078,0.45548121047014456,-1.3962766753426987,0.6096237650704802,-0.9772566296669821,-1.2748759879954759,-1.0378950694332192,-0.5020227751348891,0.4236663802686889,-1.1774708502172444,0.2678195827260782,-1.065083000058218,0.5677863372613681,
17,12
-0.33995469233247866,-0.2368497579808347,-0.044246353585892184,0.06865223035592806,-0.33762037880849705,0.05208901616200968,-0.23256460273202642,0.0010563543271926916,-0.10955768535305369,-0.15795970220087602,-0.4614949209212091,-0.3908787792847241,
0.3346965632225674,-0.06003835539693454,0.2614680114962199,-0.058175313344123035,0.05584437593603328,-8.80610315946548E-4,0.17199760664567704,0.12503094198139256,0.2688391160116721,0.20361073011461875,0.027757459189676707,0.0597209904086195,
-0.031887742574638424,0.03388914486820538,-0.1307958655547796,0.3347844347157324,0.2299769684861543,0.20476090423247337,-0.026045746656731875,0.263435561571101,0.20508564246780192,0.16406986473081434,0.02263448720260611,0.15152920976028003,
0.09755223218247937,0.025525984361119334,0.004871693693006147,-0.11905530930154688,-0.003258009857737681,0.1345331146195472,0.3357817515985342,0.14779828608670253,0.12591087082043598,0.036402073928082486,0.12666394256668376,0.20430455559667593,
0.14701484832246497,0.08799343134524429,0.2881668295617207,0.1496894715178167,0.17447887496051373,0.15780324725968195,0.29199897137344555,0.15597468698238795,-0.05795153905123873,0.0035151692648353193,0.10391293503037027,0.20179240944733332,
0.15814092340499766,0.07767438044584052,0.06350868616247335,0.2840546399873341,0.2854145255002427,0.05518092456223876,-0.04972564369419233,0.1982618481288102,0.12024561587593968,0.18084212654652115,0.22813435358725961,0.21635559350249853,
-0.27891677025431505,-0.26565651685609415,0.16055180994425022,-0.24936965838972674,-0.20969793539042492,-0.17651635895410028,-0.03147214460781026,-0.38071567075458806,-0.3294048181907069,-0.2833227696997012,-0.22064551768074805,0.037204467235518374,
0.11688363139380333,0.23419626041064845,0.22060474233080174,0.3421747010418282,-0.08960872770443871,0.07940368886559784,0.10308956844430922,-0.02741631844843193,0.17943943066734994,0.1795728666272006,0.303521692799358,0.16250928169068607,
-0.19291649534987151,-0.036518867241248046,-0.22384898967490713,-0.09431522585155977,-0.0036876601134606165,-0.24841911338641384,-0.3439166199285258,-0.09489993114933999,-0.20677214239102124,-0.22693561392114747,-0.45416094766453285,-0.15590616641309768,
-0.22715940830380257,-0.014898722027982616,-0.2829588631232086,-0.23980291261431794,-0.15707167995087076,-0.3289816187085636,-0.21180481971802226,-0.23134113182326033,-0.22377428946815434,-0.1659008701642757,-0.2057538531401843,-0.12639629304141362,
-0.09798131970140529,-0.25416257545020904,-0.25588834249028725,-0.2949361648549191,-0.042909080038762086,0.11129605056025144,-0.2290504961412776,-0.06028504238703874,-0.2917887901270177,-0.2168735685374804,0.040258230066294066,-0.014790785860687716,
0.0495440562916815,-0.09546724686568216,-0.03764088276997433,-0.037886221496239894,-0.22671842204029757,-0.13446566078716965,9.948674988047225E-4,0.09524434744421685,-0.26362586166812213,0.015616241445458047,0.1286210646841908,-0.09153036189935054,
0.33503370713038905,0.046454510609367804,0.11407090977413312,-0.07634832877156009,0.1552125606830157,0.23594991036374335,0.16493826914938928,-0.05940232836553225,0.20159497384539296,0.2134909378754837,-0.03842235839303971,0.2072905574140515,
-0.03556568622975581,-0.19491213817840158,-0.1931499387013176,-0.2504738020810641,-0.0861623953641428,-0.3105850322785743,-0.40115050241535377,-0.3878162007351244,-0.05056551644893041,-0.28258325092175673,-0.012480844146359903,-0.18754908458741373,
-0.16568314403909176,0.17362686213945788,-0.1673939179641447,-0.03243298979456178,0.06288200904835141,0.05730848868658833,0.2334037803698283,0.030980250970764088,0.15810225876911654,0.15196705873354874,0.2722668473282254,-0.057530550129609295,
-0.13514388048878465,-0.05208853613463972,-0.2440441051004712,-0.0325534472210414,-0.234903286213055,-0.25440942637023367,-0.035848375902840526,-0.335697144729599,5.358926943326549E-4,-0.17537414519633868,-0.28887984689455004,-0.4133079226816931,
0.011767281021243662,0.3303387412767447,0.2534139250415567,0.09306015501203391,0.20524457492621298,0.1517555543051766,-0.004870832004500783,0.2893769986140052,0.03009324401665212,0.0834293672135424,0.15017271597671566,-0.028862868056971382,
