# Pesos da Rede Treinada TxH=  0.30000000000000004 TxOut=0.08
12,25,12
12,25
-0.7855108748400818,-0.5186466022964029,-0.576198754618996,-0.3836523032565703,-0.5432154547920568,-0.5628234663198185,-0.6712428919446326,-0.49575546584838687,-0.31598300511783434,-0.6125957439167578,-0.04770080309665633,-0.42536775807274296,-0.7029917395925469,-0.49278665791087145,-0.47744221059726294,-0.5382741379018119,-0.46826489590621095,-0.7069448909545986,-0.39918700758071535,-0.7251618990835956,-0.60230561269999,-0.3150073585328151,-0.33541974358996696,-0.6903437757283835,0.7960229576734285,
0.021878064210211694,-0.09896173519888034,-0.25418332391640347,-0.17022062709601576,-0.04289356132389004,-0.08255345059694573,-0.10991025659167102,0.0373886540245279,-0.2564289609703253,-0.0417536689730402,-1.1530615260036956,-0.20572179995609943,-0.07174359614750109,0.0032669993044747154,-0.24958818690419438,-0.09073128181768016,0.059245932584994436,-0.15782744917457028,-0.22422721397337067,-0.015823857532221274,-0.2653925487066499,-0.36104465359595894,-0.23954381584474588,-0.23624800397132628,-0.11730494782679737,
-0.03489722772461713,0.0010003628802869053,-0.15406562365298546,0.0708962241112928,0.02416636409396852,-0.10539942126894661,-0.22939926758162968,0.051810929023018884,-0.24301949324995287,0.11454172472808546,-1.319904188112344,-0.2831262482137522,0.03119736458430758,-0.04489097356531775,-0.18690252360330362,-0.22089650989000786,0.1233926928024493,-0.1446788681804421,0.0335772758531775,0.006255122292448168,-0.06846517746567794,-0.2772772379153148,-0.2249091983357728,-0.232487580560388,-0.5387858799906684,
-0.5007811026043018,-0.28365469858941406,-0.16628395214272812,-0.33608169712165537,-0.440725523705989,-0.20809720571704324,-0.20409341271825548,-0.35772617942405727,-0.5084414128990027,-0.30104713104483627,-0.8231183323777124,-0.3771794400209967,-0.2847688317691627,-0.32762871213701644,-0.4364907092601301,-0.4060027153358634,-0.5472886744988458,-0.18154312402227252,-0.10263620656974251,-0.09947126789291749,-0.3178380255329045,-0.21819289319937993,-0.4810862155900395,-0.2308538793090977,0.23363493635420363,
-0.3446204696541031,-0.22617155583763396,-0.36878175153579,-0.5375489670155588,-0.6616913912798158,-0.20245460702764936,-0.33792991224435637,-0.3004748286168792,-0.31824571205050994,-0.34121757255010066,-0.6037537993257797,-0.23182728914726972,-0.5066261362172464,-0.4593052745635859,-0.34429257625231113,-0.31539596372423984,-0.6387936125415541,-0.3941965705660403,-0.4772659595695315,-0.5442692649341926,-0.5216488865451866,-0.2554509798049268,-0.5077032219400588,-0.20199028170839495,0.5067502268661404,
-0.5798925894607031,-0.8481643428652439,-0.5261313731574252,-0.5171234584268769,-0.3939052749784982,-0.6586182850243582,-0.7497412556333322,-0.5600556808860059,-0.5165443663272942,-0.8150790294259054,-0.3294861913796973,-0.5451144601567269,-0.4773891384955524,-0.5376290535576496,-0.6977129509246524,-0.4451947127435966,-0.7982380611990544,-0.4135461713710173,-0.6771439943214401,-0.771142935369955,-0.7561804846552863,-0.564869946747642,-0.7987051506840612,-0.35634291341377117,1.0325582395106823,
-0.8871364739814364,-0.5265376058400852,-0.9006405980681278,-0.886127218424473,-0.573416773746446,-0.8039054725451767,-0.7786148071609725,-0.7897609487183088,-0.786692862996569,-0.7868133138325165,0.011968546581590599,-0.9842364439482781,-0.6418691243103867,-0.8022270957160844,-0.8910915682467647,-0.8501782726120714,-0.7425998123280239,-0.5484391502925131,-0.848346486536701,-0.6589369680340926,-0.6997869685220935,-0.5064027535954656,-0.7173302529249495,-0.7233093999612418,0.9554741708717904,
-0.40850995369752674,-0.39810927125598905,-0.2130723893276692,-0.2598343818451273,-0.4195993677647745,-0.5085271436076355,-0.17996809612566506,-0.6315212388725553,-0.2726997489117456,-0.283394084241636,-1.095113344264204,-0.3840494683284642,-0.7416884718599809,-0.6651050226241286,-0.5370523120226097,-0.510326723813948,-0.43134486768900704,-0.3193968320519127,-0.6443142741491227,-0.3969311725256148,-0.3240568698860224,-0.5137641078618705,-0.38813833269039155,-0.29324630629263104,0.1295161576238615,
-0.7401209971696079,-0.9393177934044341,-0.6575606764712005,-0.8744994467348712,-0.7771764141494112,-0.7588858861621518,-0.8447714846192805,-0.9176437526680347,-0.7265214447340845,-0.7228450930597567,-0.3528451435584485,-0.569020357224964,-0.9063647106088242,-0.8862810763262527,-0.5988730637421198,-0.3686807644916747,-0.6664824820064102,-0.823677210321438,-0.6395361073443893,-0.8978658160225016,-0.4833516973104351,-0.8773516821520065,-0.6137275115561004,-0.809487137040229,0.739247771575173,
-0.5189422575078486,-0.9416311164707354,-0.5893633468035085,-0.9049592300321722,-0.8160417456946577,-0.89512487633576,-0.8422509404030138,-0.55314411382239,-0.8934578263915999,-0.7621855720537336,-0.2106183036338384,-0.8544978760877796,-0.619547155673621,-0.530676794130923,-0.3682663842195119,-0.830284174845676,-0.7816768417454388,-0.9220667729809091,-0.540264912157824,-0.8079588005500208,-0.8527078212053361,-0.5139829063765678,-0.761542561770988,-0.840218267663682,0.8911291012397562,
-0.6438418047323579,-0.5219363160021865,-0.7440694078455911,-0.8542922192840945,-0.7385482639238989,-0.6879317448558934,-0.7624907947493758,-0.9071057708337826,-0.49643970281568317,-0.5710362368934823,-0.4718984388816057,-0.5020589138152106,-0.615194073187511,-0.6803877768240069,-0.5244716690520055,-0.7279417692090155,-0.6192611001566972,-0.6528159103473803,-0.7308456204861027,-0.6280446946928374,-0.44312359445118904,-0.7893522749609067,-0.599839115117411,-0.8865820236066158,0.7701987015360723,
-0.5916070703256249,-0.5977488358107077,-0.7641272906539087,-0.3926622455519741,-0.6197166611637744,-0.48171857988032996,-0.335586307546227,-0.5402672348307574,-0.6906631941598936,-0.8605740201741846,-0.4098089153882762,-0.6868900465810266,-0.49359963381836874,-0.5297107638599327,-0.7594005199481565,-0.6784931390972609,-0.5110685109670964,-0.7350287840663722,-0.7882228849723786,-0.4801018504434485,-0.6895291344415997,-0.7725896190410788,-0.4502429013614852,-0.4248726454721076,0.5953284968851303,
25,12
-0.16374563694775365,-0.25686718307714973,0.05658890545066008,-0.16077869461520714,-0.3636836305554616,-0.07798870863526253,-0.017036789428852873,0.03928335389422844,-0.05883545676697001,-0.2649374585059234,0.06814668329951071,-0.040277049693765436,
0.04411245559843019,0.03301306244124483,-0.24231277449353267,0.0883422810718755,-0.14241993641187942,-0.22662444526625689,-0.13328637264325635,-4.144534996123519E-4,-0.11454196098294334,-0.29124700245241353,-0.2107450818680063,0.11530560856040109,
-0.28488166922027613,0.14639020224247054,0.052685088316542956,-0.14639050216689586,0.009268817881643927,0.046518405300150514,-0.3216866858246428,-0.15680094895881114,-0.212036952430867,0.07249794895259602,-0.29203760391648786,0.09083521774826103,
-0.10196836607372416,-0.22866836627401949,-0.06356100639734254,-0.20115494207689402,0.15760116663582607,-0.14967469704897754,-0.27547927530410443,-0.1869958157680945,-0.2679159138072732,0.03221052604964446,0.21062406396641342,-0.24421193951909947,
-0.1535533824976432,-0.13113208723283026,-0.045089810555233104,0.01011505066518411,0.01812513846125926,-0.2229312260256371,0.06796739754733312,0.05861048673798998,-0.16739902788199046,0.06520730095830549,-0.3739409045984921,-0.2915686100522454,
0.04311309335160982,0.12127083931213455,-0.016558423077884767,-0.26015599603229406,-0.1504221191711943,0.08744603962132114,0.014112404486723976,-0.2943168745294508,-0.1170728261000655,-0.28755056726666217,-0.14553620928204788,-0.14635604059042728,
-0.19846271834821783,-0.25483217413726805,0.0049786028077054385,0.07551773749370105,-0.3093010220153203,-0.08541328707347245,-0.14396560382926726,-0.016278588810136052,0.012359012123032413,0.07367363743153561,-0.14231242675688915,-0.29485851996734924,
0.16405109940488719,-0.20559669364109145,-0.13410491250088694,-0.04592451019706008,-0.2622966352567339,-0.23115146486316923,-0.10016769539178087,-0.038218044003273575,-0.22966320922980094,0.008567724079038164,-0.13199677463677972,-0.06953480455369566,
-0.2350733187935615,0.007075050446074139,-0.06542583299139652,0.010384833658723384,-0.2424504100403005,-0.072907397073082,0.0320808428693699,-0.030564316471158717,-0.10082067129909968,-0.11992049862404523,-0.2614507602930321,-0.028049831125544603,
-0.1108411166393593,-0.18864761643773473,0.11772522729747549,-0.2169195991135997,-0.17537936367092216,0.021582818584739986,-0.13996817985084367,0.08587289019857071,-0.30850045407300836,-0.12355959307839282,0.07791025939552018,-0.2881234149017829,
0.03733494179320387,0.015447961903375529,0.01586492838075467,-0.01789120483118259,-0.016721255942717443,0.06976041259033651,0.06659273110131995,0.0647650478794285,0.09931112990484307,0.10937482297450062,0.11356135255630972,0.10996324615931982,
-0.05055244591676271,-0.0940615390044105,-0.1683275170508379,0.043946179941305855,0.009984615741100255,0.013597849599540841,-0.28709179966903065,-0.11645607730533229,0.08125559073135136,-0.2186078682537238,-0.16929319078877583,-0.1984714368526927,
-0.10893892052389126,-0.2054757511443948,-0.037886316610519236,0.13383065634027502,-0.16479472638833695,-0.16255828187745644,-0.1190734558317811,0.025880326145725215,-0.14695093125727454,-0.0696597826814926,-0.21724512781287628,-0.15672567997143858,
0.10844244166704502,-0.028501160580317007,-0.11498281297043536,0.03660543948819069,0.007371230982492246,-0.09285668556975937,0.017659544728694663,-0.3238522431602894,-0.2800037046700358,-0.19808175038826373,0.08557277814342104,-0.2965494283723895,
0.010676944392346083,-0.03710383784941573,0.06771213209723723,-0.26110995138611254,-0.06729432545712834,-0.15769998246509828,-0.17118538723220833,-0.29938013475855474,0.09991256588776538,0.07190542700450503,-0.2802690834601585,-0.12946291116223654,
0.10448944025011396,-0.29739061388450416,-0.22553812321644637,0.08928594118955567,-0.30127569942761745,-0.040761962896076115,-0.27755527763706206,-0.38055453613414575,0.004512623377769547,-0.08056288407182163,0.15074713366681408,0.047023655633152237,
0.11818520977728708,-0.1377544377744316,-0.19255952854103203,-0.1371978610755216,-0.1136659748374431,0.09395223279656498,0.1230007130099866,-0.05367123216803671,-0.1521989419189841,-0.17517161750307955,-0.3604910756920553,-0.20980952213344578,
-0.2629877913859731,0.07220888330583407,-0.13152424941629487,-0.301225047182825,0.12166075062343427,-0.21847948533721392,-0.15565798537088332,0.0848491494935772,0.10035755455550895,-0.17394779496096394,-0.08956800905241803,-0.2675023699273193,
-0.24649114493296828,-0.12616193585377136,-0.2748421573425435,0.07240680762427999,-0.18865945302899398,0.11795975157073102,-0.06506504888156056,-0.09057977699412126,-0.01948129130915983,-0.23246659236686512,0.03362615244388796,-0.25176223985025387,
-0.2540660737387213,0.04428073102975814,-0.2666514592553193,-0.3046425299910923,-0.1316543644843461,-0.210899240785256,0.02598906315270791,-0.030592454565238732,-0.1417295127354001,-0.026059922027084008,-0.08807743132092843,0.025155231108079212,
-0.2867960995793032,-0.07635308405145867,-0.08449642599437697,-0.18676062521751416,0.11535215187438415,-0.21403989557297282,-0.08769677076675869,0.043840910005209593,-0.049629973065112694,-0.1766934247428976,-0.18751295083808653,0.04924627161370057,
-0.21346126380823324,0.013948004121787259,-0.21208062504893463,0.08412532644351149,0.03896398249504652,-0.04144161135422911,-0.09949801714695096,-0.2485098131375989,0.0711392149992828,-0.10765461658239887,-0.29130953182450897,-0.03473054494182095,
-0.2125371482869101,-0.06657234688919746,-0.1795165723515636,-0.14601304768757772,0.14150874038672434,-0.14941696759882303,-0.07602373916249193,-0.18287511773611712,-0.2724958078188206,-0.18753516003021176,0.06546719510193895,0.046898314493564824,
0.04738629144555024,-0.05144690316295652,0.033443040862107136,-0.27321043161493763,-0.12791309314832885,-0.24617101244173453,-0.10545266970943404,-0.2255115901796763,-0.1568041093063864,-0.1345442812121329,0.07243386089409751,0.06736747850083183,
0.7297199779531292,0.6576670548299663,0.7301117155427098,0.7065462626959604,0.7508827463805593,0.7364154581327493,0.7529473762947558,0.7823601045382503,0.7766127383394894,0.8096854766029624,0.7868450646471541,0.8005919026915954,
