# Pesos da Rede Treinada TxH=  0.9999999999999999 TxOut=0.03
12,16,12
12,16
-0.9023987499989481,-0.4413419264340673,-0.3603760770408188,-0.47988107433935406,0.6763700953942812,-0.4931794410647034,0.15394695223232607,-0.5476796324960977,-0.49875270911374864,-0.7268446522760598,0.5730227170142664,0.6376903697024631,-0.8140550736873243,-0.5779756282065651,0.42389083518263193,-0.8244711464498587,
-0.27451327692417976,-0.17745156569145787,-0.5936388667563394,-0.04605710762742622,-0.3118350588104228,0.07246784426291042,-0.02815815127618538,0.14748881384093881,-0.13738257351213837,0.043979025268917026,-0.06306757703654914,-0.08787332883935492,-0.19953231922511755,0.09418524099404471,0.10141745353032412,-0.08014495359074206,
-0.0910588614693094,0.057811207991436145,-0.2960894981571218,0.045123939065421684,-0.16771722288918095,-0.10714609724583869,-0.1472813806859552,0.1494240151782297,0.18359941229037377,-0.22151991386502723,0.016089879351215565,-0.27883668833190123,0.04263454578989036,0.060590333361673826,0.011477833561358775,0.33410097928346394,
-0.33230501460632267,-0.6097130178614326,-0.445829554564993,-0.5641604545593746,0.3375428982088218,-0.2189398583936878,0.08874253990737586,-0.4039601400312788,-0.45923062137981885,-0.18811794339378812,0.2869262982461754,0.313990534415928,-0.6958569352594268,-0.2882573465725281,0.3348411250726461,-0.6763422268463701,
-0.8152964968911945,-0.5690010286844635,-0.34087017197536246,-0.5979527140325817,0.3217513182692772,-0.5885162057877281,0.1712005554893085,-0.5685309513305518,-0.48987120028554354,-0.3912519698677968,0.4033002866097572,0.3858247070082678,-0.6880035859365269,-0.6467271309840953,0.4315708505294817,-0.5463924800825769,
-0.5735105563533093,-0.4846456996277467,-0.5517415400418995,-0.559700878729911,0.41461727426762796,-0.6518438336989156,0.012252510471112768,-0.4382838289894056,-0.6501412494185678,-0.3399283251138598,0.1271361200493341,0.0967850114579814,-0.4664675066941921,-0.5410984461714554,0.13520108088415625,-0.2297005094507789,
-0.5357017587268394,-0.7417255792695941,-0.46608126403908107,-0.32977947030377375,0.561028788680833,-0.47042737527652256,0.30993166058219224,-0.6720827598781772,-0.876464298906632,-0.8339071362545057,0.774006605703136,0.9740392010006093,-0.7811802674134709,-0.906693129554662,0.752815493435235,-0.945926317322329,
-0.0686856116098792,-0.42614372640497394,-0.15162157955799435,-0.41073482578097537,0.10879348007213469,-0.5229081790683139,-0.125259708005005,-0.15806895843149776,-0.1444725455541341,-0.36391623305495796,0.2371734490457611,0.28387940507232284,-0.14228397071726917,-0.4223916956949418,0.057535486746649614,-0.32049868070662507,
-0.38257775363786634,-0.3753809466340255,-0.1246928236823642,-0.39794929717725336,0.5359055610512793,-0.45133973762809676,0.051899017731126804,-0.6408292915247573,-0.7362618033225313,-0.39265446123460307,0.5982890376936915,0.673461661957493,-0.35828846439652695,-0.37580786554829443,0.4467350243189392,-0.44627326213192986,
-0.40350737773736495,-0.47489738504001944,-0.4130762903832207,-0.4085114342206617,0.6040434660318632,-0.3473770682873528,0.4116027280594869,-0.7057614264925103,-0.417606910888795,-0.4848099167136178,0.41573315337829664,0.43399049361541886,-0.3004370783936714,-0.4779110955085215,0.5731294975829017,-0.4621005765768203,
-0.4803266956687442,-0.3521542252434088,-0.18638000668037935,-0.532688208857917,0.6752135808576706,-0.741050290014503,0.06907362318794381,-0.4274075055358939,-0.399242943422916,-0.6160349067633004,0.5517783019084238,0.6021564153050323,-0.28715949846557587,-0.5848494935467227,0.22012914574374373,-0.6529727717858628,
-0.3223617730207042,-0.3798587836702909,-0.2556890459159931,-0.5278441902756361,0.45617160804297635,-0.43242507856316686,0.19490547868320957,-0.5654618496466105,-0.43225354098505536,-0.4410819115423734,0.3014719277137629,0.16651245474299844,-0.3903426067085241,-0.27809328604866007,0.10651234548208025,-0.41708708866013,
16,12
-0.31484376585145785,-0.16761873650139675,-0.224773028324996,-0.03266954024371381,-0.32357915195028264,-0.37223774168871876,-0.14304457607126272,-0.3809394287479203,-0.18270359059172084,-0.2826583588077771,-0.30223208127817297,-0.25331314997784593,
-0.31290862291822813,-0.26491462683887296,-0.05257054807123113,-0.16972767075175169,-0.20565465689693885,-0.16773319611833348,-0.12810592115570002,-0.10345949799579092,-0.15273139058959417,-0.47908777934103364,-0.2160458055624321,-0.32235142913599724,
-0.04017984532736277,-0.27827689511649406,-0.23393826202803533,-0.21527894275032242,-0.11070823386796019,0.010343958763673751,-0.005732748308861867,0.005859628563069251,-0.022521305197652143,0.16026445520845367,-0.16564882428823305,0.07397915296984382,
-0.22227989679511342,-0.30693781007761883,-0.11343303387145082,-0.23599649935633288,-0.287595640052098,-0.020113501859057997,-0.04165546061175113,-0.17831010201908296,-0.13701927100980882,-0.20126882340153424,-0.2638253234053663,-0.26002189441335033,
0.05431865387719754,0.18902532088726243,0.3245293543555546,0.26356097391757977,0.2562735340559812,0.27912014810916774,0.28859420974565914,0.25069263572088263,0.19020069371558196,0.12079903351291035,0.3622369698052111,0.10645826695936726,
-0.3353869284813609,0.033975718607928244,-0.28910832757031657,-0.2176527819505796,-0.11409023484938628,-0.29058647371327756,-0.23176508190010647,-0.23811643321157075,-0.25245266539700173,-0.0378308941856255,-0.23041524017150367,-0.12738595227509697,
-0.04915800710543732,0.030767021234090475,-0.17630585806154764,-0.06226583201877992,-0.08130718998735938,0.18466147534224336,-0.012241894224738939,0.18781418345389542,0.05440886980675253,0.0194321703254683,0.08184781521941858,0.23065813472092014,
-0.15370271312725356,-0.1312575347680707,-0.1049114941794035,-0.11886044641196532,-0.007391981850108747,-0.2994464139354369,-0.3681485023926589,-0.40332441027798505,-0.1848782511368528,-0.1861803626239833,-0.027785066976077893,-0.406879129520231,
-0.28926239245413693,-0.21359334719421055,-0.22468802663370255,-0.33777965027413426,-0.04183631949769293,-0.1218541483293311,-0.14831103793432698,-0.3845608658815159,-0.3451518665542499,-0.36418663671504253,-0.1560244793763663,-0.16805483822616984,
-0.17902771623523275,-0.3166898537408698,-0.2844819428561011,-0.10698399422273928,-0.25881529852512597,-0.18974753625577448,-0.2850171563184001,-0.0959347390242828,-0.14140097195583096,-0.1428756984486555,-0.3224149054882041,-0.229127439389059,
0.21763804560778427,0.12848261537476036,0.24534425468444054,0.2666296956275919,0.239328819296127,0.12101660321825303,0.2545629130945097,0.2287701699303851,0.23278615910483527,0.2958446178180228,0.1159455578418204,0.281572857292156,
0.2830034462907194,0.21469378666364416,0.2171492693418184,0.2812318288633818,0.22617089700930879,0.11731479859295312,0.26627625333269284,0.17640035849696156,0.18956543084707467,0.3106573460180959,0.2125681449177861,0.13900864375174404,
0.029391427161169686,-0.12802960808103225,-0.11881061797930126,-0.3879688168369097,-0.43160868877275116,-0.2139511506913726,-0.250917146386048,-0.27450162605311246,-0.2892935699888094,-0.3318677564879389,-0.1305497579465317,-0.316103011366962,
-0.11363443720200699,-0.02448890619742473,-0.1736232812042275,-0.06615464416055725,-0.43234528248707615,-0.12177509692144528,-0.3093910769513071,-0.28456565030657477,-0.3432572897969065,-0.3464545824445817,-0.08961338879871299,-0.3996092334228632,
0.2939948499888311,0.17263993587502074,0.14459592880433014,0.019802554347835923,0.17736455214808095,0.18610504864445168,0.043732596456010804,0.09814192592734125,0.20906634840578942,0.14603206435044777,0.11424075386713868,0.19829817104035735,
-0.30277999937128647,-0.12282344016277451,-0.18271817166789733,-0.17627215472248028,-0.07569128695698438,-0.471598202684029,-0.3917198778853076,-0.16158795231846212,-0.34631805453654396,-0.41320114583184003,-0.42457005828404654,-0.14557063122461383,
