# Pesos da Rede Treinada TxH=  0.8999999999999999 TxOut=0.01
12,22,12
12,22
-0.4595697485320644,-0.5238878855195116,0.6264387819945773,-0.7596984209513054,0.5710826449098378,-0.4933107271836072,-0.7489513814855894,-0.4469644722863264,0.6581414164555999,-0.657449353886696,-0.3702652381382629,-0.5906553870221071,-0.32379293204139753,-0.7614600145966148,0.5236436192562304,-0.4919013485083479,-0.9476522578884646,-0.8360351202190258,-0.6541383549018477,-0.49578618524778256,-0.6603291536140672,-0.7219342715552663,
-0.6185723465540108,1.2238137828114284,-1.186654532227755,1.3673229139326195,-2.2717299630381085,1.3964944869316447,1.2486392677687943,-0.6446209370203492,-2.3083009607433986,1.2364036909829135,-0.29458472136970115,1.6624395861448664,-0.5975929282636175,1.150278324436789,-2.4533973234766067,-0.31309845871744957,0.8520882480833497,1.0757039036062779,1.1812122224720216,-0.4383330197356883,0.8971465772700337,1.4578900407787152,
-0.823468983513376,0.9736207959718789,-1.1765420057275315,1.230712880912938,-2.118791475067309,1.1522931035966688,1.3145479828281599,-0.6226425631061474,-2.2160433468262397,1.1748686565769237,-0.5693213967650352,1.6456833724141697,-0.9447325353867013,0.7990266042874998,-2.833864562843577,-0.7477589998642805,1.0660133665194245,1.2049164952773945,1.5007175300677202,-0.919152155828628,1.2705512346098726,1.2177393140688069,
-0.7508194395179774,0.15871506671304172,-0.546377062015127,0.6115062989423108,-1.1974085154286191,0.6060262102521162,0.5681648774910215,-0.23607954235903347,-1.2032284377526161,0.2995696988285842,-0.620151284085614,0.8066571188445554,-0.6860874421070133,0.5021531333895609,-1.061258811600418,-0.5776699954590769,0.19747606489892755,0.47766265406044883,0.49335021351263003,-0.540462201246151,0.23569139406375733,0.41696667394482223,
-0.5189594081715703,-0.07357864879222839,0.21036966345770575,-0.2772383087629146,-0.39502635980094525,-0.20814194339417494,0.1380262830922625,-0.5047305658619007,-0.5664965998732707,0.14581197300566212,-0.6131599226877739,0.07125229833213176,-0.6552492900673023,-0.1191850004542148,-0.6865219261894456,-0.4581760478134178,-0.44572947115814154,-0.18119209228680655,-0.3128980046095154,-0.8308014255338392,-0.4150291579924792,-0.1678172490516451,
-0.8899025725385395,-0.6085069900948025,0.21745772421855347,-0.5340646515317873,0.39274682862400634,-0.6007148222111628,-0.20082274342925208,-0.6889675289434649,0.507996491121436,-0.5707313019595475,-0.9419329529743207,-0.3341886238294842,-0.6179601653934345,-0.2686129705914078,0.9605041667540436,-0.725809990305712,-0.15901628173110133,-0.5495451900304094,-0.2939478810837142,-0.9143673361443625,-0.25157987178387325,-0.40986358105418336,
-0.5974077145995283,-1.2515923914645428,0.8980363977312618,-0.8833353494166507,1.5643704669079954,-1.112029959107176,-1.2360423374585736,-0.3514849879103134,1.6336172290845343,-1.3605023827675937,-0.5360991078633142,-1.260371176331221,-0.5196852360902873,-0.8773983383137774,2.125351661122265,-0.6775738565874363,-0.8919582094747808,-0.8362459599754523,-1.1424151056615441,-0.4567378329596757,-1.1012128099997232,-1.2265220390149627,
-1.0054010633406885,0.21786857200037352,-0.15978767840055133,-0.052841898460005095,0.3747535245631562,-0.10800799521106702,-0.21766790550795403,-0.8648778019373069,0.22463057740004572,0.24818786262189652,-1.031358771533663,0.04916982735640239,-0.7652715579764631,-0.17324033516996293,0.359238367295609,-0.68978486868929,0.03408184464679673,-0.11729286475156685,0.10778488744161197,-0.7507617496494537,0.07388914766706511,0.0028217404634451257,
-0.5052478683718911,-0.7437971708844393,1.1018017234433393,-1.02878361760168,1.7351226192467841,-0.9872079510996893,-0.7865166087920701,-0.8181791751478009,1.7523301026925764,-1.1490717686393663,-0.832635035411201,-1.2456301819749547,-0.5224966068592569,-0.814594285030849,2.4013429836541635,-0.898804136774668,-0.7209293260611535,-0.9340386938382773,-1.1001765959546788,-0.5948885970213482,-0.6454348286486968,-0.8860548092708107,
-0.49340676186747434,-0.683373187894996,0.910706950195608,-0.8863064925325536,1.794521662306411,-0.9218632706514254,-1.235325117175624,-0.7889436973513579,1.978563254705671,-1.1027234401625883,-0.751490530905944,-1.354009920421296,-0.9323408205316721,-0.9494949541217093,2.49595510513175,-1.0028088709715586,-0.9619230208797164,-0.9874502524954227,-1.1801796345324198,-0.7926102076942385,-0.777155188763723,-1.118716918736339,
-0.5500021286771413,-0.9488836013454581,0.9518824760367619,-1.0933939976574376,1.558433123387959,-0.7396111855899914,-0.9165324957001929,-0.8060901290588648,1.8393277347849162,-0.8473986536348826,-0.5513372898609351,-1.3163461867172417,-0.9323830847806354,-0.7070293666852598,2.1432867606232153,-0.8120352262520808,-0.6391161109107673,-1.015053499890373,-1.160983417380415,-0.5013846370883939,-0.8726020132562451,-1.0488329786630615,
-0.7127595839531534,-0.6186248600513984,0.644863743111582,-0.5761049025996783,1.1279986693523245,-0.7926912654934033,-0.8212679027499461,-0.9637832733096968,1.2256907605342686,-0.4736800108586699,-0.9287551817954376,-1.0565375154266814,-0.6621137776618344,-0.6629451579103978,1.6316116332588548,-0.9326068117147678,-0.563107384122645,-0.37600347066114065,-0.5378119142809534,-1.029717170356291,-0.744623434954888,-0.44882993468442994,
22,12
0.04599346114571928,0.09740391621759645,0.32840379785363344,0.1454678651884063,-0.008410361994961502,0.32153786081246394,-0.026527282581569833,0.2670538024179629,0.24497204082363055,0.2071255197274443,0.27668009139766614,0.3214430604163516,
-0.14610335322080606,-0.15723623061924558,0.049009129904879614,-0.05881606746889195,-0.3218186379712014,-0.017255702306624512,0.03811257170228612,-0.28960380854982365,-0.012876066953193363,-0.315264172178041,-0.1066192315491651,-0.33776539446523485,
8.332597478763429E-4,0.05235815285982156,0.28732170507336724,0.22741960400758202,0.2542721007363314,0.09072951889586958,0.23295328527829112,0.06523806914636632,-0.006266754648306755,0.1467354271495993,0.12586288333489587,0.18009331590420152,
-0.09026761243357598,-0.17993465703656364,-0.015167044597980496,-0.11100360666131566,-0.03634958988457045,-0.34564781939168543,-0.24434943114800606,-0.2258655005192184,-0.13513846088229017,-0.1714516380873459,-0.15791847673553672,-0.030722537893403262,
0.13402499057637832,0.28396534108526966,0.14551335270696095,0.1480197289576294,0.22625032674418993,0.2131134854934402,0.23749046710278582,0.15899534039820812,0.42071701897576935,0.2657752146827321,0.34828309768528326,0.060100145472813664,
-0.06100407069975275,-0.05698937519544652,-0.20207726084288072,0.034088778567310976,-0.3238816345053511,0.031115944731465187,-0.3423900457906812,-0.33855789040878514,-0.21551578588425294,-0.10419913314981864,-0.17524045253940265,0.02076438551043786,
0.07698466222227894,-0.20800185731398152,-0.04030812910865786,-0.2530045128099897,-0.019682441547940074,-0.12243724224134196,-0.2981923960263557,-0.3143498275199941,-0.23249178941045656,0.015370318803639762,-0.27042891790846835,-0.14188239129866287,
0.4638469756254118,-0.0857012015501265,0.30281946755177686,0.29192889158369045,0.12854325145524761,0.2408458888765327,0.4016171297531986,0.31673861353571037,0.047032090473395224,0.3834635823793821,0.37619589350860316,0.1414762298073075,
0.3977236707578977,0.23858966118465555,-0.025736763904354382,0.10704866102377031,0.24445557528178338,0.2924143792396999,0.21290576373018566,0.34661580348458526,0.39171848848089363,0.3314413932878733,0.09188392530100134,0.2064395621234029,
-0.34643787088252553,-0.05027723328870875,-0.252695101532121,-0.2242666068137149,-0.10616906971472573,0.05232304814233731,-0.07954213778861455,-3.1925953179233897E-4,-0.22952064162024619,-0.19653065554939622,-0.10244417014456543,-0.3711534224841487,
0.17479433373580008,-0.08157735101252539,0.15036686135615562,0.0322650644695872,0.0929320913768665,0.16713533233207994,0.1415945273846967,0.24975889770337578,0.21022352493483848,0.22765800321722432,0.1408932392503175,0.23939327364278706,
-0.36200372894940896,-0.1366533341497514,-0.27754448340142335,-0.05699966526875484,-0.07932151124144379,-0.01890534568041587,-0.35974788204922653,-0.022707102826816296,-0.15948613729539846,-0.11250971975400216,-0.16114218584580683,-0.23133952237077768,
0.3130586751818619,0.3263980432584543,-0.07245444828312439,0.007705519638959993,0.272887367319312,0.21870612727735755,0.258906859710104,0.1451478875001377,0.056366138071585595,0.19118241536321354,-0.02547527329408559,0.16382839037659894,
-0.05761224795836117,-0.09172146853755486,-0.2355235293681383,0.023835637393048975,-0.0862808558792524,-0.2261043349789217,-0.160884063170593,-0.2626012876976479,-0.07004465247613591,-0.31282023171483286,-0.1998142780930461,0.008272613147037141,
0.3710345141933978,0.19535835880390257,0.4600542394978512,0.3616952700897373,0.1932747472347564,0.32249830233959426,0.2589491982102972,0.3990192873403968,0.1465374389771972,0.2605690010922201,0.41600573338135816,0.5231584867339631,
0.27324200395314363,0.1673008177993842,0.1170598528523156,0.01633452009411992,0.11572755163472491,0.1464248304449276,0.1378132256804742,-0.08736186350451278,0.32735846703824034,-0.017540466640766594,0.22133924845612618,0.24530759834100474,
-0.2747842361083672,-0.1729152948039254,-0.06344614100765208,-0.2579523493478814,-0.1516021901379873,-0.3227386133699423,-0.11809261718920315,-0.09019015684319581,-0.04010267747435455,-0.006771987946296883,-0.21203494243978116,-0.15881058746751556,
-0.26721041061406514,-0.06957904433589118,-0.20804568336050178,0.015225707587138829,-0.1365288680417751,-0.3036882371377545,-0.1293263711467467,0.05555243286175963,-0.09045946180544635,-0.26419927898101725,-0.22775103726143217,-0.17545979901704675,
0.012957732290643521,0.027678316714576955,-0.09657088828788596,-0.3630145070140444,-0.09314891334977103,-0.23765226515664675,0.048125471785651554,-0.327199034754961,-0.2512625536259924,-0.1762572172715913,-0.05871499459935578,-0.33687957889008746,
-0.1610281096035433,0.15174521122717263,-0.1299838771546786,0.14289205638020736,0.06391460585021906,0.06678164551186681,-0.016240989663204794,0.19711589272216556,0.12753514754646667,0.0203663009653891,0.12817692286897533,0.06794184821947953,
-0.18130501252483874,-0.24821431212475914,-0.03350209649780816,-0.12513843481973125,-0.31832659702132327,-0.08192938597769518,-0.17925791419346873,-0.003230483612335778,-0.25295174685742045,-0.038201095953446694,-0.13592418172661394,-0.2027207982735277,
-0.23241038111812296,-0.047088368004561704,-0.27060555474809056,-0.1665053717795676,0.07420131034525644,-0.31753614821852844,0.0384770372250673,-0.17430114665671076,-0.16796171273500324,-0.2700499089215129,-0.18606618007329087,-0.07125571527702686,
