# Pesos da Rede Treinada TxH=  0.5 TxOut=0.09999999999999999
12,24,12
12,24
-0.7210762490130188,-0.6114758607895899,-0.3938844428699497,-0.35973544825209436,-0.34052380699725654,-0.4667784428985116,-0.5986768981916067,-0.5486249796615962,-0.08637095934794162,-0.6406105287647121,-0.43256190284336304,-0.28783802074572035,-0.33291897516221003,-0.2641849032258884,-0.2984430506270671,-0.512945406776397,-0.46793757913598694,-0.17710124255277396,-0.3464331243076238,-0.13961358249284214,-0.594907734213569,-0.2000667952811897,1.395008257358212,-0.3693906407362663,
-0.15020982318461495,-0.2764976083280568,-0.45540763981844967,-0.5221755179886498,-0.10358423134335581,-0.39798574210709675,-0.3190703032899418,-0.1475903577818862,-0.4934392965181735,-0.023619849004959673,-0.06437671425005528,-0.3797152944083658,-0.21900007256318008,-0.2810068558097924,-0.10045061808064756,-0.19343406576756741,0.013827357081462238,-0.4343953472927978,-0.18361108276573307,-0.3924116680741989,-0.22118333658578154,-0.3558450737989514,0.6618283292953326,-0.08238872210378452,
-0.16631885588689635,-0.22693298487710628,-0.14969897566423943,-0.21351592371659858,-0.08171466265448739,-0.09078058110180448,-0.32790127319427975,-0.048367235522760954,-0.28586054124405913,-0.062463902178191574,-0.45209750727256137,-0.3302783858104491,-0.2658325311246811,-0.1702682999201634,-0.3970353652155027,-0.1190785080213851,-0.13669815490177084,-0.1448202696623032,-0.2761563891928378,-0.10969308516312555,-0.232908841490736,-0.2750284627693915,1.1203836442557833,-0.20795666086643189,
-0.45760969909634025,-0.4137646333269767,-0.06918741562243469,-0.3109748952209275,-0.2892783544645328,-0.10084072941827357,-0.1442687997074984,-0.40200052082116,-0.5699189213181005,-0.3226552151595265,-0.09598324143385849,-0.20299604183102204,-0.4283210724045162,-0.09074228383957224,-0.29729422082082274,-0.37189313820128933,-0.09679677190601613,-0.3885855741099118,-0.07860210740879434,-0.14132379753317204,-0.1215211311276193,-0.29428530221255167,1.1967327101698533,-0.21852292372220583,
-0.39973917268814746,-0.19099454519275672,-0.556192001436582,-0.26294798858198964,-0.20890176298839852,-0.11899243068231065,-0.42504430227104495,-0.49167804755971206,-0.5383675218808572,-0.3821836760291549,-0.5116146196363631,-0.5364400042845612,-0.22060264783539313,-0.5753976438512286,-0.3675530419307319,-0.21184101777840397,-0.4137656756194202,-0.3954129520185947,-0.14224321282011174,-0.5029749613449425,-0.388259068235836,-0.4347019325579049,1.3362757654441337,-0.258617971437507,
-0.3413269137700203,-0.31431451194055793,-0.2711230064017064,-0.6673127342382117,-0.4520462544822712,-0.16716776862010027,-0.2601219775289349,-0.45694517164298387,-0.5859211916259466,-0.663461206505787,-0.519289854411745,-0.4311989498716241,-0.7132409612786165,-0.6465619967003928,-0.5544081112411243,-0.2348339455281444,-0.46232885209964186,-0.4491588394673913,-0.6095391851322873,-0.4014044228267279,-0.32583550853353554,-0.40755066735854834,1.4223204283427402,-0.7029273890986986,
-0.35457215895646005,-0.40075009295538244,-0.565218557165049,-0.4226203778778123,-0.5524708687108324,-0.4041804629511894,-0.28566323132634824,-0.48284099469557534,-0.1538055167287053,-0.395125182154495,-0.2875927203858948,-0.3958468081857965,-0.5051638379019725,-0.2958029480824566,-0.24873732283781277,-0.596259350799615,-0.5092340993703851,-0.42306011952907907,-0.578145557155723,-0.5880604747771278,-0.25050507809108136,-0.5067995914729355,1.3234599830803546,-0.38782248017302007,
-0.4114702521589034,-0.2925244444021033,-0.5717983328133128,-0.45265494116235194,-0.575535821871637,-0.5984208734919744,-0.34818842665262567,-0.3503148802125884,-0.6319818839686907,-0.4093849039396902,-0.2892326249407377,-0.3857557515529234,-0.3203974513722344,-0.22310192254997763,-0.5077885799435271,-0.27315534639296046,-0.5955583506529463,-0.24911778605490933,-0.5575663588236348,-0.5428028252489961,-0.6103374506690991,-0.33646789518290526,1.292102728250255,-0.40464572421903916,
-0.3691438812853126,-0.4007148796434463,-0.4005950577999473,-0.3639542857574735,-0.4928400599205454,-0.3317585282002393,-0.36566272526361765,-0.3614119795817038,-0.4913972533118603,-0.32565725215815716,-0.555084732308685,-0.4225833408860438,-0.3222587823511109,-0.27588064087508984,-0.19859971204954743,-0.569932254409588,-0.5580743223767878,-0.5727577353782625,-0.35971696576263373,-0.4039854576321892,-0.6334564200928594,-0.4848862828240913,1.4964248777009805,-0.38749543784053975,
-0.41750460789594906,-0.4948230465339887,-0.2182243302604699,-0.5382186541239223,-0.2657441939067487,-0.6503943544406942,-0.5543344289209406,-0.29052384558526223,-0.5682353148431667,-0.5651021715927106,-0.5759753163032579,-0.45649572145127554,-0.6411223901533659,-0.36614352722954824,-0.624115701940065,-0.6126027124577573,-0.4946324611790753,-0.4202876770187735,-0.5463111176389056,-0.5591099221608965,-0.6294498196990421,-0.6348580329152963,1.4748500232451183,-0.6281466157721128,
-0.3657915217471013,-0.5216160131613212,-0.42309830192496795,-0.7373313053488619,-0.6021055060532632,-0.5681406892880743,-0.4916682556385896,-0.5747854473489263,-0.23910301573456838,-0.3599504468489752,-0.4626020405332905,-0.5303178965433873,-0.3862986411674334,-0.7360475230245794,-0.6227459324441134,-0.6726871045711804,-0.2826814630371082,-0.5690556467047416,-0.4454613990961519,-0.38222874018746356,-0.3624739182556583,-0.39858896426813833,1.129435980259617,-0.4517863097076687,
-0.5570710701574874,-0.5206955207326763,-0.6175765255474527,-0.5738396736241094,-0.5960389229679124,-0.6700559483787859,-0.5482821391949407,-0.5142173971215072,-0.6106946977935758,-0.4588164148274529,-0.35578709159004496,-0.5317621122755825,-0.3141712496612682,-0.71376875765509,-0.4161223399892952,-0.22106290620303498,-0.5823342155698873,-0.5554707553835315,-0.5476617827252367,-0.48324095180438603,-0.26058717838609147,-0.35205829253481363,1.3465816172934342,-0.4785043257029691,
24,12
-0.0541351685565986,-0.15232805240572914,0.037916896014521355,0.12876090724056624,-0.21492938379679316,-0.1622368464681198,-0.1502572663356293,-0.17338081699712934,0.037568515000631075,-0.054505585814789835,-0.07662846302832864,-0.2767608627417496,
-0.22709144361394704,-0.08992275777172197,-0.067034006964106,-8.263986264922009E-5,-0.3625063947605259,-0.12853966389098198,-0.05792302680005771,0.09225753026397222,-0.2259349518593104,-0.017835518042164863,-0.17660981381306964,0.0021489657358771063,
0.06892125099176619,-0.16019399525847736,0.029132167201185756,-0.06333288112729828,-0.3539702165832273,0.06114332346491597,-0.3310387241358369,0.1295141943776028,0.075572047653133,-0.28098713017234483,-0.328607844064484,-0.09325670889968221,
-0.17460683381669648,0.020860952700675058,0.045357372677326105,-0.0958738774822754,0.09573357732765915,-0.006365120484626799,-0.015256523934401304,-0.004237320064693854,-0.09015004634435214,-0.06997423798165232,0.03605907576722544,-0.08691562169924602,
-0.40680002913802404,-0.183039896260114,-0.2756541759548236,-0.22042985932803077,0.039071368124388564,-0.30935957554097576,0.003955821857277048,-0.07338909725388078,-0.18984166574123706,-0.15188392667527664,0.1259427052407687,0.05547225669098198,
-0.019318167000245516,-0.06971428458603526,-0.21377530855664836,-0.04686375933793011,0.07354184624727778,-0.042948548855618156,-0.29465782216073827,-0.12605647735948353,-0.283795219596429,0.01569938625917866,-0.1259301376190451,-0.18390351966363333,
-0.04282063647405405,-0.10204040170226121,-0.14780868688201607,-0.26449086334481586,0.07583939217288672,-0.11400350896626446,0.08222534611240728,-0.038500923821342035,-0.0842115134182815,-0.16764773330614546,-0.3429293753665304,0.04511698416301882,
0.088521614013139,-0.2065881793325758,-0.2607312008876003,-0.04894432869526529,0.048630819146863076,0.09887643545806177,-0.038102654109954094,-0.359735525842566,-0.11941882974763028,-0.04111005966055773,-0.2084125505633182,-0.2352759248970888,
-0.0130319173565865,-0.2113144193850096,-0.2767485876303631,-0.27900544148260426,-0.11524847002213841,-0.02661648117917718,0.05557619476675003,0.038692207637384346,0.14821253623179095,0.08101815626957967,0.05535892410681394,0.037177668230135776,
-0.11802771171700233,-0.21772579405491646,0.2058797454283023,-0.29136015215888666,-0.0787415472246666,0.146632755172623,-0.14762325363006126,-0.1760817981885089,-0.2799934122461183,0.020397625844140562,-0.18320153184616075,-0.2406556908926922,
-0.0828024057140164,0.09710904212831394,-0.2576350668424495,0.06110195179500272,-0.04995330527491494,-0.24309635923898407,-0.33336799060770145,-0.06541165391567928,-0.0856312036106363,-0.2747178039865847,-0.1660183892653146,0.14541125469242133,
0.01689779963518696,0.21195185241838205,-0.043490497542579235,-0.1945789900901397,-0.23088508897849655,-0.08021092400952064,-0.13502625455146214,0.06970204059591248,-0.206104764716368,-0.05352383318603293,-0.059548083055624354,-0.06476759673119793,
-0.12285874468061092,-0.2649299394795727,-0.18370337931087502,0.0654403185424835,0.0609313606647503,-0.1516669020434421,0.06584187838948125,-0.1690430987490714,0.13354782930847842,-0.35202992684056983,-0.2412671286118921,-0.13599861808420938,
-0.28995596059672574,0.02720620728748018,0.1608672081569908,-0.2323786346056017,0.014185257966945686,-0.1539275750745888,-0.06170547937335587,-0.2912254741984885,-0.21318706940188809,-0.09031009660086427,-0.002055005478255364,-0.07049586328950515,
-0.2979606799151626,-0.07086276602932248,0.05857701393333325,-0.12940952506776657,-0.12814612037179696,-0.03259405950565131,-0.3933673184244169,-0.11005499949635386,0.00932471054702752,-0.16846620996918146,0.034329194402354046,-0.1961182641755534,
-0.3363487031893748,0.14076672291986336,-0.315226127231095,0.020471354998430922,0.05117929889910073,-0.1017804929101113,-0.09401412157723944,-0.09117281642111758,0.07224963642664278,-0.1737719215176518,-0.21818607684327548,-0.13374039147238675,
-0.3129081603344968,-0.031637971243759305,0.09868416194552851,0.09922517888172476,-0.41209480198164095,0.04282227880884337,-0.08066968686292986,-0.26179956981634916,-0.17062105602682753,-0.210729564553645,0.05531100050436583,-0.2461697470014536,
0.011627835651299028,-0.2507093702259015,0.002720727015919345,0.03165555716031653,-0.19787350564317097,-0.13447446206915575,0.03819788475276091,-0.17379909881105512,-0.11432230037450324,-0.09012772953885152,0.02787768664690414,-0.15656788036111807,
-0.14765639652618723,-0.21997300772002704,0.104821780847781,-0.1821603256104227,-0.22559267542534536,-0.23153800244867673,0.043820929947162315,-0.21654227806982693,-0.2002992548955414,-0.17100883618398313,-0.2600815341437908,-0.13283324995608808,
0.026356878132646165,-0.12320895314096544,-0.236017021878829,-0.18866946505072138,0.060683275542582675,-0.22383363953340082,-0.3148833217986236,-0.12721617008379224,-0.13657997463905105,0.1044501960583121,-0.21122984890159321,-0.19882236478338733,
0.021944228232317776,-0.18524371430194472,-0.18673727585876,-0.24827722908472058,-0.2526793197447993,-0.011718019623466256,0.01589355319040801,-0.06665114763255608,-0.2527414198349247,-0.03969816517653206,-0.18349427968415072,-0.25833639767343325,
0.06674670193905362,0.134568764932809,-0.31112950855508614,0.0703488868826476,-0.3025250493849208,-0.23480319512064837,-0.3063259878254477,-0.11248993119650463,-0.05836966272571284,-0.052962635444427406,-0.18340278158803358,0.02177546008477837,
0.7933015033822424,0.6967923967444895,0.7575380604216512,0.7397263157413082,0.7996756422834389,0.783739678993282,0.8055525107701487,0.8328042538492226,0.8241868365332627,0.8573703608413761,0.83223602027783,0.8348355939011693,
-0.07470447925995884,-0.15813130300748135,-0.1833171784124771,-0.18141047930198592,0.031488859849304204,-0.2746438458870027,0.03523368484048843,-0.18458101227975332,-0.22286958500311718,-0.32260043897900875,0.16653618965367817,-0.06122344472103274,
