# Pesos da Rede Treinada TxH=  0.9999999999999999 TxOut=0.01
12,21,12
12,21
-1.0422060871465457,-1.0945451612218418,-0.9709413747728046,-0.9764286789213183,-0.9050065815095504,-0.9944155343609936,-0.20355529033786618,0.9198767879723393,-0.08311440245830744,-0.8342895777527256,-1.0032942039829957,1.2209583465097176,-0.818012368482097,0.8914975922680771,-0.41177887060908025,-0.6480700869848092,-0.014150746863309678,-0.36448111760036533,1.148289140150179,-0.9979351605057425,-1.2786655421125392,
1.5766505451160353,1.412120902000158,1.5436870424834228,1.6963906070345218,1.6477544506604214,-0.854465962830765,-0.6186430468443105,-2.283222266448069,-0.6904676685168547,1.4051411785025172,1.4583456000473027,-2.6017316238211277,1.4456204194754751,-2.3226667545776585,-0.6989910304126059,1.5588309239360092,-0.580853997826884,-0.407530233352519,-1.7159863446030563,1.8633908772667576,1.5911786292126338,
1.5603854014540819,1.4769817462898835,1.595423508602141,1.7208140809039996,1.8271351294310472,-0.8242694330216197,-0.822705947581632,-2.7613580098039012,-0.472218956004794,1.8187129056069669,1.7658659152923348,-2.8378994175582277,1.4270850747761767,-2.718026127557803,-0.7738147416386654,1.5249764623556135,-0.7218755064654361,-0.6402359159147819,-1.914722785804633,1.6616735726858989,1.3305475370799982,
0.016155366335497964,0.03157932498512235,0.10278662919450587,0.2122591203381991,0.26191319039705613,-0.7188854988947554,-0.2592077076143763,-0.9344543030150503,-0.26545791002330243,0.5841738395841686,0.2877618805937133,-0.815757287645764,0.0844844845875407,-0.9243612803711134,-0.6357909008722301,0.2402790770700329,-0.24265364484597243,-0.6696135837237849,-0.38927589835896376,0.16576830874430235,0.284562104593553,
-0.4882134293503331,-0.6023786646806024,-0.3107889738348531,-0.1425683801357695,-0.5801689419065821,-0.9018109302546814,-0.43636078048435467,-0.12601377944334938,-0.2622356539960788,-0.3053111610704723,-0.6203104180019238,0.1788539977829886,-0.6955656623532396,-0.34714176425083276,-0.4714000743196705,-0.2928488951260007,-0.4456745092511037,-0.2856492572982686,0.17468580279018522,-0.40062479268786894,-0.5097786435576667,
-0.4355518797939844,-0.028622672771129155,-0.4037345790680333,-0.37462757737954955,-0.23762389136497955,-1.1616598985654787,-1.02552336173203,0.08833556971751526,-0.755622587104921,-0.40545991395139125,-0.46262368679803945,0.318609438555813,-0.4861660249057188,0.18964341072005805,-0.7028799682402962,-0.5411480487796595,-1.0312819719562665,-0.62774706035225,0.37587074759629574,-0.1943458499502431,-0.14821590518996933,
-1.3648719371148121,-1.411222517497272,-1.5797170761036987,-1.2570443887672533,-1.6971255662074634,-1.2066046624695652,-0.41015839754996464,2.2021856686980774,-0.7927900427488886,-1.6172882532185262,-1.7009722388112731,2.3695355719270643,-1.176391953563567,2.2659587674038364,-0.7052950382513831,-1.4973865205902426,-0.7833958795577306,-0.330749318023608,1.1916293820641055,-1.6199567575209468,-1.6621226785090493,
0.44754418259594664,0.2186488680717098,0.17610473415376393,0.05385390869864732,0.10899239853239158,-1.1281057367113112,-0.9442722481162391,-0.29702889687671,-0.8147165382727986,0.019867859648327085,0.48615699378590804,-0.13334675984719774,0.17405788953521772,-0.016151909473081302,-1.0151777746348667,0.046827344470062204,-0.656660381634589,-0.9648598531415503,-0.21377839328149487,0.4074644107465403,0.1180686495572382,
-1.0370868341038826,-0.9773148408152078,-0.9044844667629901,-1.167770482923997,-0.9820626295218118,-1.2528062204300299,-0.6967726721901661,1.9428575940210002,-0.7918072432211541,-1.1705646735102258,-1.0988583224097817,1.869364125502167,-0.9841167531842959,2.0138451318624586,-0.6922363166129353,-1.0667691719034313,-0.7138273031651976,-0.8097720345573985,1.1581491207639034,-0.8932897497471148,-0.990519480249263,
-1.0191916082053816,-0.873195498161837,-0.9063564851684857,-1.1547742266292105,-0.9117619425617545,-1.064765590650275,-0.6857702054377481,1.9568125789748165,-0.6535229921369334,-1.082312963370696,-0.8257290739980166,2.1868329266751783,-1.0715988514847976,1.9495138346908307,-0.6749851020541927,-0.8926221660471373,-0.4912194198732578,-0.6004284180099332,1.3200795382310802,-0.966115918808973,-1.0163019745339164,
-0.9178601809113933,-0.738932906095437,-0.7248845861582227,-0.9332184154516,-0.8658533558424891,-1.1250728167960298,-0.7389878351229202,1.6317506272983533,-0.8925033901034344,-0.8582891256868375,-0.9208375582369788,1.57895959073101,-0.7656069221220029,1.382300577508953,-0.6625057198996038,-0.9398613085992245,-0.8252424841527333,-0.7480795564679988,1.0234608224881827,-1.0871572104198655,-0.7091224776722986,
-0.5969268887300416,-0.4211706638320178,-0.8407776633599484,-0.7391876288220482,-0.9807743389282777,-1.1818939546589078,-0.8819314636381849,1.19232240460545,-0.9376681127666109,-0.9049270774719116,-0.5348415978924065,0.9712723704559434,-0.45944979465943175,1.2711302446574977,-0.9419280933474681,-0.9261598450104057,-1.0817388940168031,-1.019262808532774,0.6658286474495752,-0.7447859465651331,-0.3889709625177674,
21,12
-0.13704767730952103,-0.11866796017813512,-0.2488685725887527,-0.13202998452240905,-0.35368123736581136,-0.2199506015907136,-0.34623349335657455,0.015694339561283452,-0.03223936077575999,-0.39606708770284177,-0.0934141251713022,0.03172267231515323,
-0.10706479935176884,-0.20922389107230763,-0.21084363118398813,0.10990438938815628,-0.10536888041268226,-0.13548934909955831,-0.00614617574339405,-0.36889104158219155,-0.2445213392790444,-0.27014039040040827,-0.23575002503035294,-0.09242943929545731,
-0.33448479548146925,-0.1303807029601307,-0.1434097837710783,-0.25822203744780825,0.07210764178924654,-0.04185042033313786,-0.15516026072020606,-0.27347951613778965,-0.10609869702343673,-0.2594158819654815,-0.20686949449847633,-0.14040258301701358,
-0.14816528178993404,-0.301265777171406,0.07430668331693406,-0.17258919694016678,0.07103654882246242,-0.1711437088011442,-0.020758903250262434,0.07720045267220443,-0.21741357198756087,-0.42563586017705235,-0.38896365673067956,-0.22270560517798793,
-0.1446637869419024,-0.06856775916893604,-0.19141756284428527,-0.15532418560945896,-0.2525424137413494,-0.3628189367665261,-0.1467508719873494,-0.04325295485446219,-0.08593135944032683,-0.33895109942118967,-0.01222571058358094,-0.27923287850501405,
0.13445536042695067,-0.049946095917322395,0.06280539457129446,0.12190266493639247,0.12094799716492617,0.18996953201403774,0.10290139035698621,0.0727820066858849,0.04708128644729807,0.21329513451955123,0.1801134357019666,-0.06251769506196721,
0.313900079245523,0.30090860520910684,0.15085038593341077,-0.03553419607127947,0.25753594484001907,0.11887859640847499,0.25163314062265063,0.077249731141815,0.33732986130651443,0.3174933103937013,0.11114262314332035,-0.004367707425350435,
0.373017995161713,0.09767411548866953,0.09255386703243144,0.2553812457334262,0.23058997246317053,0.34342653094980147,0.23459711111653875,0.2239070634316851,0.324187198334036,0.2284311715767257,0.18540870020963407,0.1616387104476159,
0.17438166727909238,0.11505640238260002,0.3205421656093994,0.12106835674403163,0.19569326935409131,0.20826645846614855,0.36715699645312316,0.14190757411361113,0.33705296532820955,0.24288012310139528,0.25200787611114495,0.17875902767373197,
-0.38754967601357965,-0.027937631352722828,-0.10781405086507893,-0.06338070061359741,-0.19977156682734565,-0.2552386019157814,-0.21056636453077088,-0.12700289199176,-0.11315986674672433,-0.09569630023958263,-0.09562600949615507,-0.3608399209601291,
0.15829294136228472,-0.24307060838906192,-0.12973040006423478,-0.25848508255155034,-0.12789962867813462,-0.08417164740616728,-0.2353738432126733,-0.3528195758262423,-0.23472473739535699,-0.03278147877090289,-0.32272832177517685,-0.17624249692004035,
0.16030476487935622,0.388895638159553,0.3132111075381899,0.3428528120189259,0.3884407453397031,0.05394979221534623,0.28537160194405464,0.26803508372092316,0.3399390498103733,0.16488541197969864,0.2269408814939433,0.3108179046635331,
-0.17422305460969664,-0.050569866376503965,-0.31103090515562204,-0.19096206535047658,-0.2708715997769078,-0.23277339849444004,-0.049999795731470176,-0.11483021215631288,-0.2856408460954643,0.04445575747661901,-0.20683927416137093,-0.23330936833914784,
0.049444389107916466,0.14041028925782637,0.20703873677559909,0.1586119758451491,0.2025029102014591,0.27613339946538695,0.28610599274967147,0.1520302864075345,0.19888796791070193,0.47068533834738646,0.40606156926710374,0.17940413395808155,
-0.011890152680248399,0.1869350438079218,0.11483021283500287,0.11669349661497375,0.11083534789253624,0.24876702851220028,0.141760264527793,0.028983148519899894,0.04028062061914058,0.2829848859008635,0.1316281613145907,0.24414794183655825,
-0.1847312433907277,0.060034592590647404,-0.27482310140696165,-0.2867683767920569,-0.008156612182186992,-0.2791254875674528,-0.36428846784923336,-0.1411288571400163,-0.01250620825344246,-0.2945616679019656,-0.2175381164913581,0.00405996968658145,
0.1759767299011343,0.16973037026888513,0.08279783693848905,0.28898510236175123,0.10415081136536088,0.1822130139597884,0.12089264890006482,0.3329240582512923,0.1864318868210592,0.1248343868046208,0.24548692135184344,0.3481242533074695,
0.3262304704460536,0.14411792838036436,0.11369991869859525,0.27351768919641906,0.05184092713295525,0.23448416313582726,0.2762321371568074,0.32566864557712416,0.19912160252577848,0.1495422931041304,0.3047502558819737,0.35863944071944803,
0.30024081968061794,0.15887515879506947,0.22742531733809673,0.04526799747092807,0.02789392211844277,0.21010447384787367,0.11137158039063517,0.30128724171525717,0.06750258904606175,0.10415304449049997,0.12026288323342245,0.29408286589733296,
-0.12658627056253602,-0.19306218169914158,0.09792032639628133,0.06284092524116827,-0.2814944177603565,-0.0248266181760664,-0.35090169906327323,-0.44445774929924187,-0.26534784796821925,-0.0360188255289658,-0.15213070250489005,-0.19903335238681572,
-0.2724130545662094,-0.332854301050214,-0.20535020980238658,-0.29664282734516784,-0.2137618290401088,-0.009502119742318155,-0.10408272326237608,-0.08925490879410634,-0.36489274758429313,0.04900635654046491,-0.042387841197569096,-0.2604203702910761,
