# Pesos da Rede Treinada TxH=  0.7 TxOut=0.05
12,11,12
12,11
-0.7587788249096838,-0.6231310624065151,-0.30771368080406564,0.7812572441731791,-0.6489650836204812,-0.7137389334991067,-0.4465607196773495,-0.7719971061921542,0.6274518310223585,0.4510771180737402,-0.7671116919422883,
0.12077436098078484,0.06247512937198611,0.0576046945519963,-0.1118755428958541,0.09110016504474172,-0.17647035354502927,0.16374084588729443,-0.23525178411846956,-0.23190120699245353,-0.18176067958016762,-0.20303905517256954,
0.05584748022589406,-0.1298803183777655,-0.07012181665345998,-0.3099647017812193,0.15286234860901013,0.2913668628239595,0.009907439862120459,-0.1565502384945199,-0.5375744065430145,-0.15144948851478862,0.1624473876378113,
-0.5998995744219486,-0.2659174566865325,-0.2067348384384148,0.0976159151583053,-0.5992818394878185,-0.27718429658015803,-0.574802381363879,-0.29685976641589273,0.42859672896896267,0.23751330545870153,-0.2982455410313436,
-0.70688548541208,-0.41605176893189305,-0.6634480192912015,0.7735131932184723,-0.5293713803909604,-0.3246567593665419,-0.63605539156649,-0.549694716685685,0.6992159709786436,0.31863691994702487,-0.7207879082865281,
-0.21631883947725156,-0.6340058581651868,-0.6318372876022211,0.16804695104569534,-0.44115609224412267,-0.6164552450391072,-0.36834568704978066,-0.2842549930385254,0.38108992809017217,0.2856205331700698,-0.4919465846712996,
-0.7727509328393094,-0.6279579934883056,-0.7435489651991535,0.787174863152134,-0.8395667457901742,-0.6252659569106065,-0.687658799756677,-0.6043577926123177,0.7985096969758348,0.6314941142072557,-0.6418447176426799,
-0.22934951820711724,-0.4216256186884026,-0.4248784152992866,-0.11885930688604153,-0.33505050732888164,-0.31244032467394195,-0.46673028995319055,-0.3459613150227455,-0.08353296231226746,-0.14456070311027616,-0.4014304243925084,
-0.6460626771392842,-0.3193590431798815,-0.42261397071505175,0.7491523593306988,-0.7497821895870925,-0.4692909398010527,-0.4619171016792687,-0.46524563703727,0.7157073589824369,0.09036504466671338,-0.36414801858586343,
-0.32069093574880436,-0.4434957953062421,-0.5656307444399713,0.683974874829566,-0.30555323286028485,-0.5001944874012632,-0.6718672437097344,-0.42841545279938936,0.38374761572915245,0.42883485253862186,-0.5658141037809483,
-0.39679480461886923,-0.6578807875562853,-0.5223397441250561,0.4587440395488664,-0.4437183387145004,-0.7679440247314843,-0.5325160012283838,-0.5294332160279176,0.634178259301066,0.2777765492058122,-0.36269919525087924,
-0.6743508291793827,-0.6891064910057132,-0.5508079787259382,0.4057380670037797,-0.48476099490777164,-0.47424041590872684,-0.3343788309684724,-0.35495900929210705,0.49880140951556173,-0.036830250803131216,-0.4956295321240992,
11,12
-0.4969609695657475,-0.12856606476997676,-0.2877653147504814,-0.2957000532528,-0.21372811646806542,-0.4250896621240179,-0.36755000184332237,-0.29970772754074015,-0.43870972422884724,-0.4249690463606981,-0.4322824390368298,-0.13541987786890403,
-0.5070065761386459,-0.4635923489490004,-0.3140217090437552,-0.22282086647440735,-0.44456110841266966,-0.14499796035246082,-0.21631686680458204,-0.3566744304256642,-0.17524038958431698,-0.3316682686705474,-0.3901559934762061,-0.417612785101095,
-0.1684888190317944,-0.31413831121141955,-0.4531031366808352,-0.2644617070869513,-0.0981582746866743,-0.46652751078081817,-0.46589273971126755,-0.38068121590676296,-0.10097341592745807,-0.4159428787948015,-0.14353795779457523,-0.37567665988489907,
0.37818024163925273,0.5530106008231561,0.2495056773253131,0.464837826781468,0.37439949866350575,0.330528645686563,0.3385707600682463,0.3174427571378428,0.34336252623090935,0.40064334607483254,0.40385460054800726,0.255049992716347,
-0.2702764702279399,-0.2978288968479657,-0.11054515649516951,-0.3154484669333426,-0.4521465864690517,-0.08307654080537578,-0.5005593947853931,-0.4375214994888845,-0.48202813449203197,-0.08290542607051164,-0.4035674477351302,-0.37870938548616323,
-0.3020259388419537,-0.19717502881727395,-0.2779166978465703,-0.0884001740459257,-0.37217232946563744,-0.1992716458399429,-0.3100494017445741,-0.11783919381252915,-0.32253247632557003,-0.3241872604100013,-0.34746512066260005,-0.33252279917573785,
-0.23991706121436976,-0.07907270976571047,-0.17823691628506028,-0.3895303856150733,-0.3607910883370343,-0.4075135932864717,-0.23373332378956463,-0.3869959081521961,-0.3455240792851353,-0.3186587222487788,-0.23686716742970684,-0.23820842825754845,
-0.2340438576800049,-0.19809200697531162,-0.4343038782196183,-0.29836996603861143,-0.3115473095051312,-0.27563941351202714,-0.18976103803099903,-0.20247298911067727,-0.32774709585080297,-0.2633841910536192,-0.3271869717942324,-0.13007011103185825,
0.19072769693387842,0.1705386150709522,0.45926166981168487,0.24990920892912738,0.4948501044809051,0.36524039390139296,0.299151051390067,0.36627841199872524,0.31522747332235657,0.3441809154103208,0.38170398029629077,0.5794211467815549,
0.2759878828101572,-0.017582613384564776,0.11953687339945214,0.06855042131886975,-0.050129373824869414,0.12783538970273844,0.22406158464006365,0.20577012483642457,0.20524653804780876,0.15246010711424135,0.06886706391447936,0.03967705848222076,
-0.25810141345071086,-0.3973020397286452,-0.2684611255834322,-0.38815298992351915,-0.12283552849268503,-0.3293198472635729,-0.19813500020687566,-0.3794063250261213,-0.3181612208135107,-0.45218010749341603,-0.2370162777066644,-0.468484835620654,
