# Pesos da Rede Treinada TxH=  0.2 TxOut=0.02
12,11,12
12,11
0.27160841745229125,-0.37801988142717297,0.3028737728090653,0.41689539809528986,0.041444702291874996,0.1497871960713838,0.07431075524285585,-0.1413425001248713,-0.39964463085237645,-0.07588354661818601,0.15830067473703954,
0.009067691692943568,0.07333357215099966,0.15302911288116336,0.11135152453294656,0.2962703341828726,0.2058262679325996,-0.23302263786514818,-0.33525494763634667,-0.25937369424160683,-0.05659743923423727,0.17143606848157758,
0.20750145790447735,-0.15914196640480485,-0.07139322774317589,0.244635927572095,-0.02958043316964643,-0.02085122380261907,-0.0987232872825637,-0.33439151594827854,0.03533209453098021,-0.3302479574472137,-0.008503240490546517,
0.025390728986649236,-0.33116380155806313,0.29171636154402264,-0.11411493272235487,0.3163198520330019,-0.0714103149098491,0.16952673349688574,0.041028316867075816,-0.15558678295118356,-0.017831635285156335,0.2813798751934947,
0.04138825901435489,-0.10623879778136504,0.27259458252726027,0.21234771183066722,0.026173753254558584,0.27616743212005546,0.21928099149870334,-0.34329953616772674,-0.3838333639516773,-0.21495352092552714,0.10063363965210877,
-0.012465248114813952,-0.25708075574196904,0.2811595784362152,0.2763514963485582,0.20403509169332396,0.23175890218504028,-0.17934169163066632,-0.07447703372393238,-0.1804094242441427,-0.17426191230732824,0.2635793818441972,
0.35103175085372496,-0.046255981479113424,0.3192001246480601,0.11627235318570896,0.36097744778313146,0.318940978654321,0.26549916194499773,-0.5252103174643458,-0.09992556207758019,-0.4212638799109011,0.16078040398438487,
0.2734407426356491,-0.35814869651320974,0.044853149489171205,0.2722209680884401,0.18718535882087467,0.28551085357238454,-0.09223379632711509,-0.09976049249524385,-0.27770022030942554,-0.4187511937891234,0.00442492755591659,
0.39378530693548025,-0.45148814932035414,0.13347999853732148,0.19926352932743635,0.3638123466994573,0.007590881241093147,0.2270213012701509,-0.484525981606972,-0.19487071396003572,-0.32979535436855534,0.4527822946367249,
0.21076265397231764,-0.45227823674065465,0.43451133157587557,0.3764731896539503,0.3873172977017927,0.3852879932925101,-0.021322154551335355,-0.30979693564549404,-0.24500749794100637,-0.18969823906616579,0.1943707970444653,
0.34015452239006055,-0.15722110320483387,0.07253730217387139,0.16117893952990336,0.2672236003989902,0.41518397513117133,0.2687825403387576,-0.21598728664799757,-0.49372783156852706,-0.5195286634743314,0.3109881800656692,
0.18275242480949097,-0.29262534877981033,0.2222850244333484,0.09045744796424171,0.12585006977528182,0.11917371850949858,0.1623916651038713,-0.10706639798880291,-0.27684294295225126,-0.20983468105778594,0.35444386499295544,
11,12
0.21787257025359832,-0.041830461813515296,0.21994305453387916,0.022534292483983177,0.18780557632515468,0.19733260348574405,0.08679962371689878,0.18841600006543957,0.1948516365478383,-0.06128398513161612,0.27720009392979056,0.25888702012059583,
-0.38285803538789775,-0.3854218385915889,-0.2878961948528523,-0.517320126185744,-0.25318037862841863,-0.1235079492750554,-0.5060183603057531,-0.31545196645620627,-0.3737185236833906,-0.2311433766396929,-0.3503409695702888,-0.2882682540757003,
0.18515023600248226,0.2837397322216368,-0.07356007596513521,0.270043660886823,0.13172087575735017,0.04450941871849225,-0.10549473030438301,0.32382737500018416,0.23687445997392537,0.1860591486732954,0.22779373619467527,0.33077187813114006,
0.211662085865906,-0.10515235420248828,0.291930145924751,-0.05534274561858662,0.1591205398891028,0.15522382710630644,0.2864479859809882,0.02540027803412925,0.28231162207429455,0.03655322186847028,0.2289682389542105,0.2996428750204463,
0.15885412734592094,0.15552244531669193,-0.032597814190090176,0.3565408219709238,0.2618038812280342,0.28033840520560316,0.30689197649717265,0.3832590796526824,0.29343555252275755,0.309598990591183,-0.12469425917640259,0.02013993972708392,
0.037408713479924686,0.25129498786498583,0.3843366887081652,0.18274492798892059,0.08189106236691693,0.003174367394664917,0.002036723450315049,0.17144366475846243,0.20766984116270634,0.22304439099381976,0.321770261162795,-0.11083523087728847,
0.02839707711695423,0.2655851792561243,-0.11742099155869054,0.01041764489677685,-0.018513041594075012,0.021243532817374844,0.26865802736592725,0.11747394498229864,-0.18389017632582266,0.08364948863195548,-0.045647929111618496,0.10923115522558142,
-0.18554608603443953,-0.24863362099076225,-0.14371341913108854,-0.41160482714423885,-0.38377040909611054,-0.3446089704692011,-0.17673709271011911,-0.2333705098939231,-0.30197418382580204,-0.24188280651636754,-0.1542165710198467,-0.1839497776235107,
-0.40814748092939607,-0.3203025381199431,-0.26806114137498804,-0.10387384214229214,-0.10430404309962775,-0.23804914809909092,-0.13323760192983602,-0.3863054146398953,-0.16159208462826996,-0.375941771088838,-0.49754114658089654,-0.4404070405905172,
-0.24909354718726542,-0.19615359401526802,-0.45105225631593454,-0.12115110555166958,-0.47724747512252413,-0.4646353464836588,-0.5031369461758528,-0.37583488655739,-0.35741584469606924,-0.4906328758209389,-0.2577621890988122,-0.36672287544119575,
0.16867122365829387,0.16014781935068131,0.29122825726118606,0.17760129415545303,0.2153043181512815,0.29306563614987197,0.2575427602996808,-0.11492590906500769,-0.043583495264915964,0.33244349725271316,0.1668587920326528,0.18674581495882336,
