# Pesos da Rede Treinada TxH=  0.2 TxOut=0.02
12,17,12
12,17
0.01990144026844763,-0.30518449247012164,-0.08499583326454387,0.2382184988719023,-0.07113875279779579,0.02291904126139615,0.24616664007129785,-0.29656133174317023,-0.08059265185776954,0.11209084023404908,-0.4298550619955226,0.022517055156054726,-0.34197885444284526,-0.2708687417305875,-0.27016788156465305,0.044463678106377344,-0.36296258925198677,
0.0789144235073118,0.10555230075268912,0.3196107624028434,-0.4291412680189603,-0.60425166636679,-0.8002923063749726,-0.6847197701477572,0.5877065297818953,0.2641727620570958,-0.6272127540799085,-0.2332041471437318,0.45950740064477597,0.8277586282523848,0.08551001378090355,0.2622889550546305,-0.9220584802431254,-0.23904421660129788,
0.25130095787679013,0.22149604148062782,0.28760465500747445,-0.450956450401201,-0.8420949177503683,-0.8645362884325716,-0.6061305546390606,0.14686917937575028,0.398737354727131,-0.7119119988315172,-0.23751024241675336,-0.01971872460758805,0.7008732534259495,0.14402211409298216,0.36122507263806003,-0.6654241849528872,-0.07586037944635267,
0.18481695731613174,0.3915585919444909,0.22076293374171152,-0.7646356788346873,-0.8396086077381811,-0.8660868772249473,-0.7717327225761927,0.377985126811619,0.3023644533937259,-0.5330511673843032,-0.4351192367724994,0.3001530530030569,0.5514581002596037,-0.09808380705881344,0.6556112633721232,-0.7533138905271741,-0.033448758248486234,
-0.09725055582470667,-0.039441259943254654,-0.02522896258912329,-0.5612875007737684,-0.7511585575827426,-0.41486683836062627,-0.36620945790249015,0.11427405424085876,0.08596047881964174,-0.3961672547286404,-0.46671413812032436,0.0638347367668778,0.4175320547680498,0.15332367016657794,0.3963861611475335,-0.6260506198614914,-0.41751730748189814,
-0.3636503299753159,-0.2749755236147877,-0.4933841361425115,0.029787760701115006,0.22106213500144478,-0.0528205344291242,0.11231684722150513,-0.20946944408362986,-0.33303453101771535,0.3237330091935455,-0.021638455469740348,-0.1824073622966863,-0.15723654931338124,-0.017470466901316827,-0.28065354904913703,0.03743396773205354,0.00996751267557125,
-0.12358672947716244,-0.24327817709489757,-0.15284702767891345,0.42353075262125967,0.5615309859175722,0.3954117761505665,0.25487354014033925,-0.45657256524073264,-0.3471872004590355,0.06073848050241363,-0.23035770634501032,-0.5036725168566744,-0.5784471926436496,-0.40472251716436525,-0.3543801669937211,0.5084565436720968,-0.2335959464928031,
-0.36483570501066936,-0.18369785791741142,-0.09400335242990168,0.39023879477413037,0.23955879146551273,0.3621994878788478,0.326661632402067,-0.27661627617797513,-0.38830269171429116,0.022603176644678962,-0.1214711002150592,-0.40603862044717476,-0.20093205683449938,-0.3458479426659223,-0.23349575256435237,0.5731559823504251,-0.39310528877676365,
-0.35234870819562464,-0.28924734662899604,-0.5041756042010181,0.3621586862486616,0.9416563719872221,0.57568060040609,0.7863254808211543,-0.5306701909058763,-0.48737535692989387,0.6755017746347283,0.0352308951601955,-0.449096484362749,-0.7357963712216546,-0.3985993552296502,-0.6179638908826027,0.9637515304075864,-0.0066393023217516094,
-0.5478720435904086,-0.5113683102734446,-0.6335645989983743,0.7181424155819368,0.8451748597050246,1.0451857055303548,0.6193263935169235,-0.37710648866770474,-0.3749003865004259,0.7724310943322786,-0.07297260469618314,-0.2709889288577926,-0.7730793755750356,-0.1930016793723094,-0.38759232653823794,0.6223826446340593,-0.3536925198893197,
-0.30730579600591396,-0.5333150850929559,-0.5126864316565851,0.2632340969242185,0.8779545494719678,0.6514107065851664,0.7686185173824098,-0.4242612053729514,-0.5757651699258391,0.4752682515369259,-0.168250324654459,-0.46346761300827394,-0.804245192652116,-0.2355497600229348,-0.46146104150861084,0.6550368935670146,-0.0581767624194895,
-0.20555725681906975,-0.18144737139031716,-0.32137104674709993,0.19180580080181114,0.5012377938900381,0.4150944522461653,0.2975710887981103,-0.3825849632955206,-0.2312678297128346,0.36767661467126916,-0.33902695811705263,-0.32487062540942874,-0.40822562929705336,-0.08661312292006174,-0.542417603715171,0.5597533475418938,-0.22069139119860554,
17,12
-0.010159254403306655,-0.019367836057804733,-0.3301327324256119,-0.25884600772190874,0.04413972333365245,0.043271721445529154,-0.2823086899330183,-0.08182342073152289,-0.1896223402071607,0.03133161269886095,-0.27092663330738215,-0.29254168187146395,
-0.28802057501410483,-0.33065333120276064,0.08408861033741258,-0.3480439040539957,0.007328835241305618,-0.1377374903107111,-0.04140208627783679,0.05607847028136808,-0.2040708085616035,-0.20605075267493514,-0.22645297578363793,-0.10619706091667766,
-0.03542824164389563,-0.3280368119286233,-0.28168036135523666,0.08496956277283982,-0.360081669779593,-0.37589226830748074,-0.2957471749668279,-0.18874016866565102,-0.19221719175815496,-0.15103928008430614,-0.05537251232386578,0.01497663247489977,
0.153350368537481,0.3285168812024866,0.06215643317693301,0.00829030413033825,0.029558738153412967,0.2554809576441975,0.3621315539667393,0.06915831003236264,0.21687787247930734,0.2756337018184074,0.32125427547806557,0.061918242722757796,
0.26248006748691644,0.3063516311105225,0.3489343859834618,0.32711790536974034,0.3955406795579589,0.12988807113589784,0.41696842736465717,0.3144549482620047,0.18863525422407953,0.12310095555575888,0.49726306021095085,0.2962806144756982,
0.35881212735861184,0.19918088403633707,0.09273951963856532,0.09074796989624448,0.35230223708823394,0.3160855277770398,0.15490581414690638,0.45809750371814323,0.14592219358642394,0.3645794238318491,0.25975851250936605,0.4173876481709421,
0.23107457651635546,0.3374989474972891,0.19180420543800353,0.26742718403815313,0.3605924549214925,0.2686057834025392,0.19789969742528202,0.08496314127537079,0.29202837434565904,0.35497887925893684,0.2341198893908658,0.33370167742722434,
-0.2298537808653946,-0.3078788696903425,-0.1749790198231789,0.04337013219095892,-0.3188164530247514,-0.1742224496172191,-0.07211212993145386,-0.07913532941946327,-0.08663875086948634,-0.45985236041990163,-0.20578126794159443,-0.1905111732858479,
-0.2758857314215956,0.0998949398136368,-0.07303939756571656,-0.3269088578559401,-0.2898119148799944,-0.040198305494398075,-0.05827270114763037,-0.2525154678410095,-0.2609138141545609,-0.13154231483564943,-0.20555597154570696,-0.19274973590843644,
0.10809878562664386,0.09203269402704899,0.2695414814356709,0.3697957442022941,-0.02256356778600905,0.11844410397196004,0.35964426130735866,0.29489782003477966,0.4257894812830678,0.19931616954945933,0.07684237922178395,0.3689209724741958,
-0.022570797434279595,-0.04277053906089758,-0.18295607586219234,-0.15233695622354582,0.10169740050008619,0.13388539062247243,-0.11467443070100296,-0.11737819555927813,0.18783832488770458,-0.10982590529353006,0.0780587371151879,-0.010801800038185606,
-0.17619556543152465,-0.09793722908989955,-0.026599866655882747,-0.34308165229915955,-0.17159002733365353,-0.02804598566345036,0.0162718722275031,-0.15659906775893268,-0.26614427000139274,-0.19186454686805654,-0.1271213871876188,-0.3193667425542035,
-0.06231845900213121,-0.07186673064749613,-0.4006092884063466,-0.17121258052907248,-0.3866147239603458,-0.1400887921143217,-0.10951991130878942,0.019926895679982057,-0.45018175158462176,-0.5587388428995962,-0.2332988182416763,-0.2310214636617792,
-0.1768412311247466,0.14615931399003274,-0.19397280025200858,0.10176374024631814,0.09360393410548651,-0.2675257004810067,-0.19770022040752652,-0.2189060626823972,-0.23912634015631656,0.08111927916245125,-0.15222814657338612,0.13131009351455974,
-0.36025772158492836,-0.14017811396915256,0.10048277879185663,0.08085934031571493,-0.159094592323735,-0.32299939417991175,-0.45272336999848767,-0.3410040722420738,0.026114262198135424,-0.12636808118721105,-0.17775246285580826,-0.28820003752658274,
0.40684023760627175,0.034664519050845666,0.4410672405187534,0.29886267786708703,0.36754598969309665,0.41846302811056857,0.08226604124794192,0.34768915557706687,0.352268169917144,0.345699619839452,0.21525958841416432,0.12308989415903841,
0.09579899995528779,-0.2192145404734266,0.06577807553481659,-0.08646966060571253,-0.04784644113614002,-0.17993787263632663,0.02334040502072736,-0.22236822627122044,0.05513225169932595,0.1502387379934416,-0.03345049510191012,-0.09472774310192592,
