# Pesos da Rede Treinada TxH=  0.9999999999999999 TxOut=0.05
12,26,12
12,26
-0.7091336776759637,-0.5404837292142857,-0.3645028731981595,-0.46154059776588136,1.237863679510398,-0.6231447865208226,0.1626683023280686,-0.5133157608390773,-0.46695397825945484,-0.6953268785302985,-0.41033910207993823,-0.8103512755186149,0.7689620905586477,-0.6848894402727947,-0.18106666399134108,-0.9051236619872677,-0.4105200999686234,-0.3532873007589621,-0.41202240036942805,-0.5395296608520326,-0.7413801250191153,-0.6441834589618622,-0.35409665549632374,-0.5526606731108582,-0.505736836738615,-0.49145237529566843,
0.7342458086694469,0.29304573369366793,0.3606863820465562,0.5179105209924036,-0.49320536915278157,0.5488511746785827,-0.6703565082658902,0.10212846423167653,0.29578046677289993,0.24432200702040152,0.22025414974290164,0.7013804415924952,-1.7803959552574813,0.5341127958681673,0.41862504652805926,0.25495753350904615,0.36334656909817115,0.45344941425820356,0.2213687248776832,0.2196834804609261,0.30129232824843655,0.2981180079978755,0.2343128988950657,0.4590725974572295,0.2536491917632705,0.5056813488706374,
0.9844115420525053,0.7828496247219257,0.796426587690771,0.44954211492318796,-1.0555074411194088,0.5877548606783626,-0.8695584197684529,0.5819459651024889,0.7494945476196624,0.6398174771280082,0.6804055920308727,0.8378080970644086,-2.245625595650932,0.7556812743697535,0.23841878993328225,0.835370838565661,0.521266453180893,0.4564582218080562,0.4803278175719214,0.6659216787043736,0.5254712674315695,0.8404716275955836,0.8054424498803321,0.4978081421171936,0.4249964085009713,0.5307755221251246,
-0.19976716265963246,-0.14793524767017252,0.129668929943451,-0.35213609574281546,0.9443288949543674,0.0979660916841717,-0.3638316844197572,-0.0059844092046556635,-0.3564336581968869,-0.23076564046142006,0.14583164690547787,-0.16363522995170046,-0.27642530012286554,-0.31442864077707217,0.10771045498920445,-0.0649781926477973,-0.1896173294969157,0.13423543644081923,-0.24488093684673654,-0.18552546825970523,-0.33829548750323657,-0.046278200663830586,-0.25026053839317886,-0.47988158193425695,0.14811704950405208,-0.009042465612359947,
-0.47565019056457986,-0.5602074473196367,-0.3577133638356935,-0.6326366997060234,1.412421311251455,-0.20379040005108515,0.09241328310058317,-0.15878532759923492,-0.4674764173247428,-0.48267417078352665,-0.4820965974722241,-0.6570551832317552,0.07581052895339555,-0.22142453365414952,-0.33913457228508814,-0.3652002505313983,-0.46032603144519757,-0.0901565749759102,-0.21405949792691026,-0.21666075866485152,-0.5018911498513448,-0.491236465486267,-0.513713406943313,-0.45790205530441086,-0.2546886979151942,-0.6106519054027703,
-0.4849904219691928,-0.4344952234946232,-0.7588614260115294,-0.4620952434876086,1.610977904770711,-0.86514164027083,-0.5603043314734534,-0.386122507971729,-0.6006533522739055,-0.4988327338281212,-0.8559392956391603,-0.4105659851860732,0.24343168053638328,-0.6190632117936323,-0.6135918943589931,-0.6690146091010465,-0.5243128473387454,-0.625359540716691,-0.8016079433301553,-0.41141946899279486,-0.46616901674872674,-0.5648820878943099,-0.6467298766340512,-0.6424878034885428,-0.8049263971584868,-0.43657594721198867,
-1.412501040074534,-1.1870357969124485,-1.2463969984439855,-1.3628626315612322,2.320437469027476,-1.2152032586729882,0.029375915595413853,-1.0596708510569517,-1.139132301247905,-1.089843528881702,-1.2719306732938696,-1.2030184152861758,1.183847024255962,-1.3648537296774703,-1.2103215554088482,-1.3125149184619194,-1.0193584669207005,-1.0477472090382054,-1.2459299614642392,-1.1009712001009082,-1.3405833485675784,-1.147684888669976,-1.1558786851023817,-1.1816263352966039,-0.9404934334578856,-1.3336315300866948,
-0.10558663927219586,-0.40006660223602486,-0.3805334085650906,-0.08441509282092899,0.491219195400554,-0.4956751520036113,-0.8001343092162224,-0.6376464464614181,-0.1390793730347218,-0.36919674961134546,-0.3304113828112058,-0.42491004351764733,-0.3634284678290812,-0.30019675964502057,-0.6689633747372624,-0.14659606933215563,-0.31961525740076385,-0.3473990195920103,-0.17512383787753,-0.40531919579823433,-0.2665974554871071,-0.30302802537361734,-0.47000199457216585,-0.2759149560149983,-0.2890223092174694,-0.39510968392460305,
-1.220168917609417,-0.6662369900539302,-1.1477920949909592,-0.8948799970280746,1.5539852350426773,-0.8869223922146955,-0.8139656239063608,-0.8602198289203971,-1.122307455089008,-0.8588308728516969,-0.856159900571798,-1.009244844373962,0.8543603193675761,-1.1250858608001637,-0.7986257101703019,-1.1379660384023755,-0.906711783616242,-1.1544539749337557,-0.9650460689008179,-1.088479069197237,-1.0110858525611497,-1.1366350594558308,-0.8699839217176355,-0.7857303349915119,-1.0630122946376748,-1.1491573632985352,
-1.108247398181682,-1.0837883945375568,-1.0968716949338007,-0.7896731412649142,1.4465419129875485,-1.0551588683581976,-0.8806665579171138,-0.9545163566540944,-0.9662081759495996,-1.0505810612382278,-0.9038145468001981,-0.9755488196894497,0.9992551444000731,-1.0586176701616927,-1.0625287644563663,-0.8674821714518582,-1.0737895689027561,-1.1841733517912947,-1.0747723531816262,-0.8596915033789968,-0.8463410990557575,-0.7449477231190017,-1.0327456713337229,-0.8732089922861677,-1.1673186280320873,-0.7114969981713292,
-0.8582909019968393,-1.0348937633394737,-1.0290043577533445,-0.7637230563120155,1.6668906291845649,-0.8289373682493479,-0.46912070139906664,-0.9526995902819585,-1.074211179464026,-0.9012135377196479,-1.0582771585818955,-0.8002458960363852,0.7878101799530007,-0.6703083003400147,-0.6506206374348127,-0.7190738343327148,-0.8541441326647643,-0.9318092057710601,-0.6970200920306765,-1.0768494601522962,-0.6714841048674318,-0.9501864824029314,-0.9904871186821766,-0.8501814776379072,-0.8083573111092908,-0.7175294597416658,
-0.9641113599889585,-0.8723090022205559,-0.5855479474368612,-0.958714210797594,1.4677759291131105,-0.6809075074309816,-0.4385660731259448,-0.949923527098705,-0.598903863717393,-0.6167501069274536,-0.5380884547338275,-0.8611602110907318,0.350962873231896,-0.7968944872530372,-0.9512300886750275,-0.8544598710117376,-0.8558758805029679,-0.9746591875063855,-0.6425400192885182,-0.6471971822951021,-0.5613571225887425,-0.9139937589847528,-0.5508960728675952,-0.7198865447894532,-0.6557719183322553,-0.9244681591795942,
26,12
-0.09336156907225666,-0.19450964175138766,-0.15079189103256702,-0.15591347458950602,-0.028925657415497318,-0.2878316194620674,-0.2556893164334484,-0.12238997203817228,-0.34153863729162703,-0.09816510212523746,-0.26868407528499477,-0.06339339409932668,
-0.04105699477375987,-0.027294684357577936,-0.25943005493005505,-0.33311138576342353,-0.1642588955574412,-0.33578256294429604,-0.07400630808176362,-0.08161607679578203,-0.06994186744003522,-0.3137722372477412,-0.17351823963814542,-0.2072577790689146,
-0.1836612116126339,-0.23673043692886786,-0.028570123390484807,-0.08963502999892291,0.0074199359345125645,-0.18532302554248095,-0.32697690559861153,-0.21302774809974537,-0.18922115459795794,-0.2127422943205045,-0.19040587627730765,0.01863518129142507,
-0.07765724552422064,-0.04663791317393239,-0.26892073062603405,-0.26451287919335165,-0.050394075793121024,-0.17728427959496637,-0.18888727121877633,-0.1516540796234642,-0.13771935662342868,-0.28815134122981295,-0.07604852899995716,-0.21596658655666306,
0.7028396032170238,0.6357614345326318,0.7169974023777317,0.717269065872873,0.7490963321152542,0.6832999031895521,0.7005965721068349,0.7499127707050496,0.706705822339549,0.734764900906626,0.7151713210619386,0.7496240704991812,
-0.16420570190403497,-0.134275195412439,-0.10849584743979991,-0.05989791900070127,-0.16547086712010906,-0.18465477936946129,-0.026989859959239908,-0.24790703688511986,0.006867278990738542,-0.22917409470005004,-0.25908807066970163,-0.2579932971451361,
-0.1874767412738822,-0.3240748410332932,-0.1921013175025517,-0.08532389847935448,-0.15737572580872178,-0.10217070450359951,-0.09906998778084589,-0.03028648024730988,0.01488657555565026,-0.0548698782541801,-0.10639014692124149,-0.19464497794285376,
-0.1442968128451525,-0.048407666554263686,-0.1056652738968371,-0.28751301990004313,-0.3719554053450065,-0.04805422644924524,-0.24140786699058228,-0.17463608948944284,-0.2672504814003736,-0.2029342353116872,-0.06341884394887835,-0.06776328956375398,
-0.09279457821790718,-0.12166674793742896,-0.034844787100235426,-0.18720275361804412,-0.199326270841911,-0.23126981135380023,-0.3297976677325094,0.032023338303340476,-0.1605849735324756,-0.19819270116786622,-0.2230586517438064,-0.25427389577995535,
-0.23797689729655228,-0.10294857962631271,0.015096596375328631,-0.19446704251217622,-0.21235426498961835,-0.16816176836891822,-0.017035024366413295,0.018357536424840244,-0.4741610005454631,-0.3439732959549446,-0.11035362471836818,-0.16896790383050056,
-0.0930664555424728,-0.15525240291389833,0.05243835235590115,-0.15418064714370147,-0.10017015054024031,-0.0654591348374092,-0.1979758977071909,-0.31196575292931605,-0.1604315563058452,-0.2930716316892012,-0.07313961667143865,-0.22212537569070823,
-0.008572204860598542,-0.1828785507491521,-0.23733304271975963,-0.1428501105721814,-0.2169802903885771,0.04125750421874631,-0.2863000307941371,-0.2514381340858163,-0.2590259881620048,-0.1398390665926493,-0.27564435324900965,-0.0615431459122611,
0.04543263175659758,0.0031310644300711777,-0.0036390495096468647,-0.049276482109145786,-0.016471412469372386,0.09052499022375027,0.07658919620796735,0.06803992186787419,0.14376247851560567,0.16003974098119253,0.15368228725248217,0.07099521376282443,
-0.22097132934645,-0.2194298955681035,-0.04198255148564951,-0.09302612233172261,-0.19340498096452363,-0.1775819329410023,-0.1958114866009103,-0.048245533727969137,-0.24196585741377336,-0.16465229086799518,-0.294567844138409,-0.13961806724604092,
-0.19960954427327632,-0.326119150338484,-0.22323590502675916,-0.11576688636283156,-0.24099717287632727,-0.20042717152560935,-0.1321187576371338,-0.1317116193204552,-0.1199263171661524,-0.09393271633357292,-0.09694147953537414,-0.1354842546769312,
-0.306563305889547,-0.04365115500688753,-0.2570547079725013,-0.21832490276144836,-0.16962152533566943,-0.2876798801047731,-0.17881845484106856,-0.19225161996204623,-0.25139949388583105,-0.07960130031332296,-0.013495818360216348,-0.18645862789153525,
-0.21840003384787307,-0.05465783734096686,-0.22651852677522594,0.03226160837630139,-0.1008340023644061,0.020946683795103817,-0.16967706820971168,-0.047240313855449204,-0.195478251112682,-0.3393450750225098,-0.2947575124505709,-0.1906253142220892,
-0.038588854850646184,-0.1370379725210992,-0.11607446630710608,-0.14699304923290477,-0.23464297998714181,-0.2593002222586025,-0.10985078170611229,-0.21023583393384826,-0.06677899714123078,-0.2120490984617579,-0.32347754909868287,-0.05889424341790085,
-0.11578870755197955,-0.006961889307139708,-0.21117516098049802,-0.20562127556078924,-0.17711792747877142,-0.08182983136133155,0.004228631006506478,-0.1937122827004471,-0.28139172171351534,-0.03594971818932849,-0.2312310654194574,-0.38506487777381854,
-0.18784835710974218,-0.07947023283855173,-0.21509197226302995,0.09090378691751999,-0.07114387396281706,-0.2255000745502369,-0.26723622872410846,-0.2859619689250914,-0.19553894621664475,-0.21487206338326462,0.029182956408325907,-0.10667007992046258,
-0.139574031981537,-0.048971736710938935,-0.13184256154623405,-0.25029561101950254,-0.2746218556343053,-0.21262714230982827,0.010253066032784626,-0.295622695908586,-0.19249621536197234,-0.09767432145786753,-0.28059334823395593,-0.1387485981937404,
-0.29503703229625594,-0.1934326857946067,-0.11591422796865135,-0.16208627919799995,-0.3051018487436189,-0.08086201369615278,-0.1229387917176902,-0.28382808823878963,-0.1003356838262354,-0.17520611159434069,-0.08275913678492733,-0.14483769769724464,
-0.1218318785967883,-0.234638266496878,-0.2583520155707069,-0.2390766612672836,0.005832963203721965,-0.07778240034868272,-0.035653968626466435,-0.2527800343583359,-0.14625047581811948,-0.35582059858395393,-0.14827631723822035,-0.1037276375294179,
-0.20205141233428003,-0.09836297564776604,-0.13686198443984782,-0.1630460486210202,-0.1363439696976802,-0.041468648966996785,-0.0958694902332794,-0.27378518636442306,-0.2765438099391508,-0.1422734468668784,-0.19625066462540178,-0.2133632474315213,
-0.23001926679161752,-0.013377215173961659,-0.26517752484037377,-0.03478752146048171,-0.016598062826104352,-0.09460219166773254,-0.22148072910926334,-0.22188654557565798,-0.14318496840511397,-0.03086992715089772,-0.26749669071974486,-0.26428802537621576,
-0.18058391497397538,-0.12246340048302573,-0.06998981349233624,-0.008250468410442099,-0.13286012912437176,-0.3119548993547869,-0.30087084388917174,-0.1259925192013482,-0.010213548644589301,-0.09666681337324434,-0.2591808049936245,-0.24707337806934712,
