# Pesos da Rede Treinada TxH=  0.6 TxOut=0.01
12,26,12
12,26
-0.40298165248445605,0.14876805821590042,0.2217608381215462,-0.126286831359554,-0.19491083586098193,-0.45435153848484255,0.15420743591311145,-0.2565546297302805,0.5000690700643774,0.21549603066256287,0.30186757601063313,-0.21917609510411865,-0.09351339537095708,0.31700802989317334,0.1345878860867033,-0.46493009436783783,-0.1655200022589625,0.2995130391614255,-0.1665847954848063,-0.5289216524335864,-0.3511658565338597,0.17476655419042647,-0.1647948235690831,0.3996501379508185,-0.5140190490467846,0.3169407126744455,
1.7551572285969914,-0.8156885446404728,-1.554164198135149,1.2541814774435835,0.03392909995921716,1.5077266099268867,-0.8584625713119689,1.220542187613334,-0.8294498702702183,-1.1445272445280525,-0.7677234464541243,1.3793728865656671,1.4624451268936245,-1.4536829698124585,-1.101524479974323,1.3091673298040993,-0.436553337880332,-0.8108876317177143,1.4180837202049843,1.433911935655539,1.5263281790320857,-0.612454945524615,1.2932890034260538,-0.6153730198006386,0.9448690913040827,-0.6739703259923656,
1.5700215966599271,-0.7044098232864109,-1.4081023639962915,1.2424534138168106,-0.06775630170579294,1.3171601272890958,-0.7313800597784009,1.4517301261472657,-0.9954648476651464,-1.2429348258291184,-0.8456787828189668,1.6727638745645386,1.5382461556253642,-1.196582769229822,-1.387266927000086,1.3088534740464206,-0.3716053260987858,-1.0989694705870634,1.135968067206054,1.3504556896063302,1.3581237607553267,-0.5559757408478495,1.2554316454665637,-0.9451889527595307,1.1633789238427634,-0.8882992089796311,
0.8583221009803973,-0.8925238181326773,-1.178234863418779,0.9010456716086135,-0.032290425522187666,0.8297270497432285,-0.7937289055735002,1.0689437936164,-0.48363139101070607,-1.0140426440561605,-0.7361958320982919,1.2198154680427904,0.9338754217084193,-0.8499657572758353,-0.600674157346915,0.5836697939671256,-0.24311750351111883,-0.78850294475523,0.6977864478098282,1.0496827572877898,1.1139940876977423,-0.3931903184328775,0.6167718922238298,-0.383428798745221,0.49244974185319035,-0.4786421028474454,
0.7472603079493323,-0.37377834165336504,-0.6039055138164525,0.20694425485742363,-0.28599706556051774,0.45655166930867,-0.4575718709512238,0.7940839780355947,-0.49621776049165983,-0.20279509868980808,-0.16602624570702545,0.5496599210155486,0.3418062213575999,-0.4682575203747047,-0.4759751451726367,0.364975207073773,-0.21623724982202974,-0.44443606355099546,0.30704116674177656,0.6340572923749236,0.42733430108144577,-0.22909594417515414,0.36662674275306556,-0.31602941685755814,0.22226770217275774,-0.5342877625977372,
-0.43587227034534287,0.05744654556605655,0.23773449426228474,-0.6747069789993875,-0.5679513140078771,-0.4070394545692525,0.02549240363436271,-0.5416171412075206,0.4962736550548881,0.4899687552876469,0.07300293318405399,-0.653369579353852,-0.8273384357468878,0.2949139048364325,0.2758463351981153,-0.5369148629322142,0.2115028351029602,0.2847177628934134,-0.5676568414263902,-0.7523397275004716,-0.6395974940905358,0.27591387234292314,-0.4438417610374606,0.058233312614513755,-0.396271083211475,0.34762503576197046,
-1.0098161661676237,0.7312063103568132,0.6237160526585138,-1.0053037078721532,-0.27779196451356963,-1.2104043676989824,0.37768239981846563,-1.1365596114681444,0.5303758723480659,0.5515604592697269,0.3841339176719141,-0.9855313267380266,-1.395007549886973,0.8327029143972337,0.8790486572925655,-1.0286351448040483,-0.005051288620973298,0.5828917475734364,-1.283827742951209,-0.9779755559284079,-1.084770989481511,0.5503614873422927,-1.3572064717368648,0.3192714477946712,-0.8892068180047352,0.5787588910233558,
-0.1300769654379764,0.09212561136179234,0.2360901044774577,-0.1065978614670064,-0.17668665300205824,-0.24587679078820043,0.0792551982796509,-0.3577171281875997,-0.20046226537811745,0.1970787597460201,0.21208700708576747,-0.19368068877316527,-0.008544106979346332,0.12684756707893105,0.26192410848882086,-0.11450077069891126,-0.17122135831427585,0.2108659966457099,-0.2734380433446728,-0.41083200394975,-0.11165723639295404,0.21178699804379506,-0.3235734576698636,0.06376866359147759,-0.4293942739883655,-0.08589112353619051,
-1.5659427891659683,0.5330534555334313,1.05694401899309,-1.0379461257718452,-0.1614628194616332,-0.9476161738942522,0.7584416209984426,-1.0331431540518616,0.7565797590829099,0.7332006330002224,0.7423486075125088,-1.4127447941502962,-1.5426142958045714,0.6130912635940016,0.8454449167676316,-1.0067928133439024,0.27649246941952377,0.6251726477057887,-1.22637903144384,-1.2782630182580714,-1.5881017298062707,0.27894226156465834,-1.2530270714254108,0.7488258365164177,-0.8366228791671964,0.5132592807204994,
-1.3798641994079708,0.9939303167461453,0.8022549245448827,-1.1526746480476995,-0.3047970895940813,-1.1557163563797648,0.7313539601140695,-1.1731290054618035,0.8175482058181037,0.8186552350420561,0.6374721888729379,-1.329487745910026,-1.4107415417629925,0.9729275501844268,0.7930730841677968,-1.089047227038345,0.13725400862370274,0.44602572842387733,-1.019515094868629,-1.2766776268495965,-1.1246407743748394,0.6015779759288948,-1.2868782481093333,0.5177206345074441,-1.1684781278322756,0.8760549055828829,
-1.4499197207151415,0.5724245658708407,0.8347148518221572,-0.9852112081274688,-0.2551249155901793,-1.1210241071442208,0.6388261040468204,-1.254587799019266,0.4951621624828148,0.9329054920196892,0.6051861176155532,-1.365715343889485,-1.257080296031825,0.8849400979273871,0.9634011970647786,-1.225331188506126,0.508705426184324,0.7733891490353271,-1.0991221713636956,-1.3696785891198922,-1.4810464794577036,0.2252048502746638,-1.2034604075511552,0.5064354411420259,-0.7209349724627855,0.3934256545644139,
-0.8792228408911533,0.3237272558973496,0.6018634691420837,-0.5102767781263547,-0.5459613865560377,-1.0140253079412136,0.2671096754250675,-0.7432886400846053,0.4135617888199241,0.5674161012666102,0.26706543023584317,-1.1298646657060454,-0.8687200402746219,0.4901198567443143,0.5639212296959737,-0.8185548556024441,0.36208247803346666,0.3327135308935685,-0.7314283429164434,-0.783992896067058,-1.0120868861640482,0.35680380089621566,-0.8124202996446847,0.4218177355529434,-0.6631037111683094,0.3498285346891401,
26,12
-0.23571018290399312,0.08081148275786552,0.0012148743078242944,-0.11448520800612685,0.024760617843886275,-0.007059226645731756,-0.3472130682794932,-0.01730256330288269,-0.17699298834754953,-0.16503569777737725,-0.3145913820488015,-0.21083271934865366,
0.025845841596566235,-0.047462363283762285,0.24942216196194178,-0.07688884316896973,0.24147352657929586,-0.09571078110336681,-0.049893909364185134,0.17229460833849136,0.04920711588023013,0.2785109409034563,0.2265229110024451,0.1544920085059511,
0.019834976062121496,-0.04875322270624049,-0.11380826365934615,-0.13907628670810793,0.1607872104426846,0.13604977709122268,0.016016001480470204,0.24742717412494844,0.21896955738160148,0.28947471327653124,0.25966475476079587,0.07672283973510528,
-0.23716506676318505,0.06834121696740679,-0.10202980546040884,0.18052864856679496,-0.1413854320066582,-0.19216564867112274,0.03127857651572433,0.07028337601798663,-0.14655473427814772,-0.2858188348313551,-0.19766765746990383,-0.036690174677138206,
0.024352003823471115,0.02809536616648496,0.13627970379752943,-0.19508393466416263,-0.200308416991818,-0.1671844208065441,-0.02365051254049622,0.1869963283579445,-5.400942877524711E-4,-0.05045973929804064,0.12000817610281779,-0.10458155309908572,
0.06793737614438097,-0.17760602881016652,-0.12414797276665387,-0.2074521730268891,-0.1261831264969733,-0.06233619528466923,-0.19506300696463977,0.03717862317300423,-0.20341714597269853,-0.2516976627614395,-0.100908750883896,-0.07293106298794143,
0.16210211126484914,0.18936664803528247,-0.01743618563841117,0.14373340694541759,-0.09288584935889711,-0.07186653507238873,-0.11302627397756076,0.10167362150607075,0.2349946369439795,0.13885596136981013,0.14496528436119707,0.18787410624376327,
-0.1752058268662439,-0.04251471154171836,0.1512408856042632,-0.1665947830689833,0.1446798799658606,-0.08837357723009129,-0.23660002649187964,-0.1310115106895535,-0.1408274502899854,-0.21208093787371055,-0.22191567067917112,-0.08305006955304269,
0.18327494271059017,0.17871781027179048,0.2823653369815433,0.25048796262109785,-0.11090158229606058,0.2503417968621909,0.12347886386893503,-0.09625966159258073,-0.011797962345295235,0.05248590432411091,0.24898115943879204,0.11470633317464461,
0.33975817309742257,-0.13655145614487482,0.16229623580154998,0.24686179217025114,-0.0035061861460680384,0.2933615811225169,0.19657343600786847,0.132661867854464,0.04251391240259687,0.35128170654929375,-0.12012296343341164,-0.10295305426450004,
0.32008358166792494,-0.11862783541584992,-0.045057617944217164,0.26704168862979444,0.21011566558864986,-0.1453447202440164,0.2413814937996209,-0.13224437939265246,0.2829316492052511,-0.025091273477112538,0.21012523205797765,0.05862886453090618,
-0.22358283488710956,0.021945593430835506,-0.06998500828749936,0.03994952564691149,-0.051395273219968424,-0.1836274550464618,-0.3121305754167925,-0.12429697659310107,0.004037344884930869,-0.13647819874783718,-0.3096790978192779,-0.1277549745577998,
-0.009955132239267597,-0.24657591298400441,-0.21870510357128536,-0.06772035204176664,-0.21324064824745406,0.016789672306790224,-0.21016803465529957,-0.2828032261145737,-0.1838193263423569,-0.19599716626125316,0.07483150632666259,-0.26368853973535405,
0.0032913758139772303,0.1569433870733749,0.27018510139883395,0.07307440160541732,-0.08929590852151567,0.2018002300948369,0.1937831055261521,0.3298255525543763,-0.02286892474299515,0.10979188716117122,0.008186788018266238,0.2380132841085027,
-0.013943759801361163,0.01458005340171589,0.19403717071612678,0.2293073542223622,0.1672980835985492,0.1872712252220208,-0.021802443762683223,0.21362194836596854,0.205340228875643,0.11332552387565724,0.25450430079504477,0.018440728221700516,
-0.18393203221766538,0.04123607676084575,-0.19036762458423379,-0.21997317461180046,-0.17370915432838369,-0.179315120861475,0.05275727340783867,-0.14115017480520634,-0.13929265418629275,0.15386538553975262,-0.2499733264097876,-0.17058008806340383,
-0.08388242467107575,0.04299247883679816,0.1161156835293292,0.09961746772428634,0.012949391118471121,-0.010573303971575963,0.080910349908851,0.13776775731047883,0.18532661332522107,0.1455478272683072,-0.1278090989073788,0.1764746380046656,
0.06417334061866749,0.026024673520772576,-0.11508672928681539,-0.127465068327298,0.3306152463911958,0.29352532124174746,0.10879359496978305,0.3070595827662639,0.1398990880190425,0.03548299855344914,-0.13934425731205335,0.14315585892841243,
0.09463432924297209,-0.1777049459161457,-0.2946006898352372,-0.07786880205537233,-0.1704020994759633,-0.11458410861271726,-0.008068238960951865,-0.24596332286990394,-0.1196867887991542,-0.11978621671645014,-0.11156964316341281,-0.1449555304860582,
-0.2849533940591611,-0.2009401593541409,-0.01727340716640014,0.03643594101920235,-0.15296196109548488,-0.253133458966732,-0.06576786732470609,-0.2887752436025547,-0.19864411933848145,-0.04145128679382872,-0.2734233965510525,0.13577058268913667,
-0.11569801720719065,-0.32785072838198487,-0.11356953950356528,-0.1538855605361187,-0.055771376545888034,0.043993462255832214,-0.0189112685286575,-0.35166162264767015,-0.2174723191410548,-0.19395558868757964,0.004338843507771814,-0.18134538702730027,
0.11456491410304043,0.17271246948834917,-0.06302526488290804,0.11820880789334288,0.23797195097482204,0.24384370560645882,0.02157514644710646,-0.019143403203145913,-0.11307422912551449,0.13542187222560492,-0.03724506617186162,0.26535911645142835,
0.033973690607527154,-0.3254069548542555,-0.18196700948865582,-0.19922853457421266,-0.2012833565589274,0.008551084249788019,-0.06317397142703446,-0.321330711907765,-0.10603011698587374,-0.08095434429471211,-0.09756023485098274,-0.20184358731253751,
0.032137550425316734,0.31726819150480057,0.05494620836898098,0.06899662462145197,0.1883174173519897,0.01765837054613902,0.29807605548003,0.0733361424456072,0.1784543390900587,-0.07349675520694463,0.1890825694993771,-0.10294890190457419,
-0.20801619036577715,-0.00460524018939346,-0.29932008727436904,-0.14811867454365207,-0.1493754863788197,-0.20521022697720373,-0.09847288945611124,-0.011026347145550156,-0.008217784087336151,-0.11533746519566566,0.11930989099313714,-0.134217141459777,
0.11734756007410305,0.3361612959055572,0.17637407586463713,-0.01403817010899264,0.03643865577760802,-0.043911711464420286,0.23235038404778877,-0.08471234680144953,0.05628614611295446,-0.04704672358995118,0.27423633746344905,0.20658671047214194,
