# Pesos da Rede Treinada TxH=  0.8999999999999999 TxOut=0.09
12,28,12
12,28
0.8345945883992417,-0.6024525048802793,-0.18238645476281343,-0.6432673650865298,-0.6502006817985401,-0.3758705766742508,-0.6968981184727829,-0.688260480593297,-0.7233907672940183,-0.7535168386881798,-0.6780308332563825,-0.38440601648025235,-0.6105767196872244,-0.6135488026978798,-0.4457662318966094,-0.6826691001726295,-0.7515546635555601,-0.31400474495652647,-0.30161332657160095,-0.47270760652196325,-0.47803877084498564,-0.4298802047593966,-0.7191253997410052,-0.4948078157153082,0.7322252887939917,-0.4227403188684424,-0.538082839394568,-0.7453798770732527,
0.24399873703542607,-0.29290260492358156,-0.22385109683145088,-0.19059337144253705,-0.49263532145095473,-0.38490262721926755,-0.145063055763936,-0.42968408176684897,-0.41709596964031576,-0.48888796362491177,-0.32333822171732196,-0.18941097814592725,-0.4246029820063767,-0.23476697702354973,-0.43520055080479386,-0.22657773004468434,-0.6187689442726658,-0.2991488194339209,-0.21331950477655523,-0.6131576415159866,-0.14618760943927914,-0.19604136510652806,-0.45963208643941866,-0.38176055484171945,0.44097668232860787,-0.49681663603084386,-0.16942091279744675,-0.38138958906333437,
0.15043799153697981,-0.3607129147452492,-0.5743248192706859,-0.21041520571997052,-0.5580409766020762,-0.2983631969888272,-0.1358931866719978,-0.6351615078536689,-0.2369543071326828,-0.5476250051032027,-0.29907175119719276,-0.18387030490309167,-0.42775694834614897,-0.14409742721434943,-0.646530643514366,-0.31934312113042446,-0.34362048780830207,-0.8140675151535166,-0.03769468273700349,-0.5280867637754244,-0.31492511200514645,-0.4992109189409656,-0.5455087227586953,-0.44245040865467467,0.38601262890396926,-0.5022348376329462,-0.37358428806180244,-0.31286744372687236,
0.934566458267551,-0.7403372723195714,-0.3178907204737504,-0.3833717244348486,-0.7709347440809879,-0.2033210146933159,-0.34485657114718427,-0.5883544594181501,-0.6840556726891562,-0.7221332475577279,-0.8510839525752664,-0.6089059547151717,-0.5937700934236965,-0.5580991121480392,-0.6474411790934418,-0.48054744239642605,-0.5867964557725001,-0.17456438463888807,-0.6411437391247923,-0.5967763751000729,-0.5617485520349725,-0.5226829584991887,-0.598856826113435,-0.4857867210640859,0.5905040857829507,-0.6144598230544608,-0.5203779768268013,-0.8491824814528502,
0.9805169737219667,-0.7732738009627065,-0.6088043811393652,-0.7535221867481438,-0.5028355571426579,-0.2742150003206772,-0.3486464842675278,-0.46127142377679414,-0.4134206670236119,-0.49225667348986224,-0.4992456055857941,-0.5119000160110594,-0.64346767498168,-0.3340587557418573,-0.8732782588709719,-0.5720465501521387,-0.5701916827577278,-0.09131717121022516,-0.7059252694984959,-0.47188732941443784,-0.49829344172416795,-0.7636047988182,-0.6454517727657875,-0.7813226108546287,1.096874812534625,-0.4919552254399798,-0.6235303166298897,-0.5030197508718567,
0.25046730797620487,-0.5120251393356811,-0.4690067479715516,-0.572205270193684,-0.5762495530707283,-0.5907044690267091,-0.3589265040519967,-0.28277255609865803,-0.4992581728642515,-0.4125972112028539,-0.5607601234512017,-0.33611387671179593,-0.3911539989570708,-0.3500459169413473,-0.3049205197824521,-0.5498127275087431,-0.6729677091487511,-0.624840392782853,-0.5624395056007879,-0.26796964697814174,-0.6574874218575799,-0.5449922139992384,-0.31182696631165907,-0.5581404997896977,0.37689586126490393,-0.3453365628681782,-0.46786365699741733,-0.3105977108414665,
0.47325012758777363,-0.6646361749284442,-0.4536627573992306,-0.5859447059747646,-0.6217779924894968,-0.3656601794723844,-0.7838941732124047,-0.6260531072106938,-0.5785928959948178,-0.7156840816216762,-0.4522776382783439,-0.6480136162637318,-0.5709802976126204,-0.42912880826224026,-0.5142093698167605,-0.4964361700457224,-0.3410564797736111,-0.4869454348204993,-0.2920672445871959,-0.6645369788281772,-0.4056625163851877,-0.6367726488185377,-0.2955788017578383,-0.5863749956375712,0.7385515989493874,-0.7087162820232781,-0.3541352132711697,-0.5083539348496511,
-0.10467622983965984,-0.14537052564711778,-0.7484768746915742,-0.2806776347666531,-0.2427169191120259,-0.6346773812126824,-0.749142339537166,-0.480220332533078,-0.2764371350993602,-0.13712574089467017,-0.5953589164783677,-0.29125179110723387,-0.3656463223884795,-0.34692263134020124,-0.1005460271799724,-0.1547297763675567,-0.36771786426553354,-0.8638114849052768,-0.48114062549861847,-0.5404609405400956,-0.17592030147958562,-0.16694981683984914,-0.39119822767493245,-0.4651243520096459,0.038821612137932976,-0.5684817082414806,-0.442005746514844,-0.46697647834681555,
0.11846963417900917,-0.27479689356424153,-0.639067956151234,-0.2806865095799144,-0.4345004937702648,-0.7549353184047498,-0.7549461121519923,-0.15199914053981223,-0.41549480454121196,-0.10230436288071874,-0.17669975593306736,-0.3527517873613082,-0.32543275088317153,-0.3631608791032194,-0.4436282666490952,-0.2405338141935836,-0.16264757844866312,-0.557715144638772,-0.3663165402868163,-0.20591777207791329,-0.4754729362321347,-0.4337949632059513,-0.19218817175930739,-0.20161784049917253,-0.19201919963265934,-0.4368813162580499,-0.4352038888115522,-0.280733091918029,
0.016884803296693195,-0.2971392634587951,-0.7021463508425326,-0.4626255464012669,-0.23855059345321958,-0.4665903371137494,-0.8118895967920327,-0.5719507325757947,-0.3038413539157024,-0.537301181479679,-0.2508581111987976,-0.4979336055670434,-0.1300997239143995,-0.32470978908787534,-0.4258556298869038,-0.26298810965762676,-0.35931345885048466,-0.494456576998067,-0.5537910860039003,-0.4231681169619768,-0.6460310190892896,-0.26747037542691676,-0.3191217872134836,-0.41544266384244466,-0.20526212335251043,-0.5209667385552003,-0.5404922749966857,-0.25093828107738286,
0.3150858938537586,-0.17830796625513534,-0.39215780118965665,-0.43745116391636174,-0.39426491927824525,-0.7453534635183091,-0.8513579225089295,-0.4195297462439752,-0.29782660954524726,-0.41484594002626074,-0.3093638861598262,-0.25528594917370406,-0.3863011767066598,-0.5870570997015797,-0.5497916991260965,-0.6195121857151291,-0.5467218354169746,-0.31402235085227465,-0.29412862985591914,-0.5618587382999948,-0.46114241306031317,-0.3353029525403874,-0.55256870298608,-0.18785818864237563,0.10652296918201157,-0.3401373269808717,-0.1505280773329354,-0.40839601385924723,
0.2961970428262981,-0.22350259639092251,-0.5108106632417999,-0.3353917451741251,-0.1729305805113773,-0.5429680742107131,-0.5052973626645892,-0.21182112863458719,-0.38690855625133247,-0.4167367782223928,-0.550435220554013,-0.5372943370872385,-0.4050803276034089,-0.5944488301790378,-0.23866028191738514,-0.39052355860840765,-0.23102118268868593,-0.4134867607970006,-0.3433963307813844,-0.2543322561485188,-0.38142808640059395,-0.27002086964688876,-0.5532430720886358,-0.3398456455680632,0.29115823947338165,-0.29874363150337685,-0.2537385505417707,-0.6145690184210679,
28,12
0.38707058041922454,0.29045050085259116,0.43323219760829906,0.41650531543706437,0.4504917194003334,0.41619295247306126,0.5757850036087233,0.41228760144131504,0.3960857207206243,0.48028749562698353,0.41017456670540847,0.5103070867947802,
-0.11439137925533338,0.10314147526112613,-0.18123680082366098,0.0425553191956006,-0.14632954369972054,0.12453906479384017,0.05463298424494845,-0.2951838296730878,-0.25449263979654263,-0.281340036260958,-0.0782639274886282,-0.23570233943312152,
-0.04960912336718548,-0.09183400499812183,-0.07325381887874102,-0.07673644655760348,-0.11354357091542394,-0.1246274721476033,0.07475565720029301,-0.15127877825757308,0.03576883507206292,0.2535420437832225,-0.17714935438039187,-0.188055010385196,
0.07121072805217336,0.019395781260114694,-0.2643677168127291,0.102888516037483,-0.08553060898484982,-0.33365699685119804,-0.2884480223988897,-0.176400881358423,-0.2843073117376933,-0.27575509169765183,-0.11144219829487279,0.09057362089282532,
-0.25322523599336644,-0.1756867456808964,-0.23230781143979592,-0.11507617277761478,-0.24689213518435071,0.039292149649223944,-0.20154149487367148,-0.41254882697858924,0.023998846639500544,-0.3663303157594963,-0.1449101416890184,-0.39123553871021516,
-0.1620561018861632,0.0902528242523073,-0.10006192545426258,-0.17010308744899755,0.020680448661744864,-0.06522515331143905,0.03906322151115883,-0.1416526275389912,-0.06441574843038671,-0.14073853575655487,0.15251603782744297,0.13648243849763694,
0.03156036003257847,-0.15172935196216852,-0.12334112529917107,-0.12212298044248526,-0.0799111196248861,0.004877216190361635,0.10631936138037294,0.10331017540412411,-0.018411438792519507,-0.07442687769060913,0.033137217256121745,0.01756130989467142,
0.03369932270004284,-0.28555610497916323,-0.1289876694983951,-0.17840199703950152,-0.15851341540626626,-0.22285667563768635,-0.19192602799508662,-0.2459469655158058,-0.25357789350207083,0.038488189840118175,-0.3736367704976429,-0.36107155673678887,
-0.28577767260996545,-0.06264973501406612,0.20729261579638975,0.03002202771311359,-0.1545954206630378,-0.2861417075582712,-0.2091001691508942,-0.038330371528444374,-0.13414281639226733,-0.22698485023861853,-0.06881915603976878,-0.2566874697803461,
-0.29216113907621494,-0.3311673380186015,-0.3505034938150581,-0.4166578451649853,0.015894293188243182,-0.11339222927329018,-0.3604478080104655,-0.08551440821271843,-0.13383636650671366,-0.0952335911903204,-0.4750114185793813,-0.036399427334258244,
0.002144509376690468,-0.2192879728543548,-0.19603378373837593,-0.2913238120947274,-0.17679465037452716,-0.2398992271360496,-0.2933986971018244,-0.23611842456710913,-0.15622152709122672,-0.2522441981704177,-0.1221170560068084,-0.1188857555971591,
0.13404582921682098,0.08904824245041752,0.20306887420229514,-0.06979789113223359,-0.16245537464485982,0.0719979749705716,-0.27693062351877257,-0.06257385353199564,-0.14203140011460424,-0.032198732670156896,-0.1294318124614318,-0.007460700361930225,
-0.0075455164857619874,-0.3014641946783865,-0.10260102506328767,0.16523048787827257,-0.24364011892619958,-0.1003104785797775,0.026735865613211243,-0.12353729316301489,-0.38391125508918494,-0.1549431311479938,-0.2625156490870573,-0.17808433421285225,
0.143963610729368,0.11066222476410373,-0.2338905136949444,0.02746801526331832,0.12891285775192202,-0.24419752489041285,-0.3309725829898136,7.924027582523744E-4,-0.10181163387683674,-0.27046816806488505,0.06256185576203202,-0.262318555768612,
-0.3069459343739788,-0.28792667380588804,-0.1449281942265664,-0.23894096670664797,-0.005953736731491701,-0.23020517367614532,-0.053516177433024455,-0.09160089575524387,-0.3270480884972142,-0.21763541447275406,-0.36234393391035186,-0.22965236494299887,
-0.18672309730094516,0.08170195151191884,-0.020940677240535045,-0.186401291923868,-0.005741542606694547,-0.005775646405296323,0.011417765925922023,-0.03999351996072135,-0.385426247089268,-0.04886150005328194,-0.12473386519555116,-0.17591794723252363,
-0.3086655314614337,-0.051274807026501265,0.0734888406872746,-0.2222395001724677,-0.17678676768596682,-0.28533302348985795,-0.33947978224588915,-0.020651067543348448,-0.317281813968758,-0.014055757645349954,-0.3843524281825679,-0.11490487221046441,
-0.037443335688263434,-0.18470169265420663,-0.13041285387382653,-0.2151154565487416,-0.28424222141252875,-0.10860516639573621,-0.2334199084347812,-0.12918366805068734,-0.08879690992596692,-0.24828117386565857,-0.021658581250223123,-0.19725591639963694,
0.13511643625818304,-0.030053084980603197,-0.157900103015032,6.971435916639348E-5,0.03855645632767543,0.14805016345995736,0.01624824662003425,-0.2986709939675214,0.035705347046663345,-0.17962681067126757,-0.2778637313095326,-0.14510415101539845,
-0.39644814989615496,0.04431507101729631,-0.19224745389480455,-0.18499319438567596,-0.22142960685550045,-0.3623922059255279,-0.018798809513012212,-0.3213830372764588,-0.021571400128395545,-0.2799744873285936,-0.10136940665935452,-0.23867371912363158,
-0.18271367726381965,-0.14243726607133816,-0.002669585983108609,0.09600158592255188,-0.18532481594859626,0.06697232375940514,-0.33933615534412526,-0.06260077772539314,-0.04841124588030982,-0.07040765026632105,1.1371951044256541E-5,-0.3416197952652794,
-0.05143593207194655,0.16152416683330292,-0.10669134809460501,0.17544750173205617,-0.21585077470785435,-0.28963467085580463,-0.22837967794221836,0.09971295706731882,-0.19057859045294262,-0.21624709464398065,-0.1463916419235433,-0.1864097341965217,
-0.35812046001834147,-0.0010568915056990856,-0.21082313902172875,-0.2992336795169442,-0.13154400268492406,-0.018582865933433567,-0.2764259534654248,-0.3013328733644439,-0.18027075479492816,-0.36957628304033524,-0.1705723204314717,-0.043535564973798915,
-0.1197789363840802,-0.2623389479726295,0.07162571965070079,-0.06881649848023741,-0.15529830020704655,-0.12575203220309808,-0.05583730346827119,-0.32987064053833687,-0.12545070986911785,-0.2259301103494372,-0.29191818466212754,-0.15157466084314375,
0.4226574874687661,0.41506224304230555,0.3522582802288851,0.3280358508683764,0.3767714634024484,0.41281627998313175,0.28962551613839377,0.4675686485812553,0.4873221212478211,0.45109314227715686,0.4847810934866671,0.3818000878615232,
-0.3975732280504763,-0.2260060245998604,-0.3017617920939684,-0.25365490629042664,-0.3426445236382231,-0.23383648727758502,-0.02320326866143831,-0.15248369333112483,-0.16210750282942973,-0.025770634620785823,-0.06947237248221234,-0.15524636034109235,
0.03706090317714191,-0.22959524195447736,0.0654078481410925,-0.03435468855583011,0.21233994328688155,-0.21288128536485593,-0.005574062851243794,-0.29512937177150084,-0.0968488091454845,-0.15937153924615133,-0.17303037097782226,-0.018646631233517324,
-0.37421336611742667,-0.1929837847722869,-0.22077915715103089,-0.16029417607180446,-0.1745480471510695,-0.278393182047686,-0.21831439916628156,-0.0507363388967325,-0.2858307930894032,-0.27236720471886294,-0.2279033841751488,-0.0160903730824473,
