# Pesos da Rede Treinada TxH=  0.1 TxOut=0.01
12,20,12
12,20
0.2864644032854224,0.05585031755708459,0.21075434006891094,-0.1366365723775795,0.3574286881627578,0.26199434575369285,-0.20755779182906708,-0.07719642479050652,0.2543497909562292,0.16671300433406497,0.3198749774813495,-0.02164541310765983,0.23044003349429462,-0.41507593619400907,0.0663935847079202,-0.46886302419780446,0.4632778412151691,0.2321007877594657,0.20799041076977143,-0.17313395588007316,
0.280379440501724,-0.11882365531804176,0.005571176184067217,-0.4083349836882041,-0.03460490931462452,0.3681470366166607,-0.264091593609596,-0.30355669016148257,0.42924963942866323,0.06563179773124805,0.06774046779484948,-0.016311694512055323,0.25811521479640753,-0.278577318505653,-0.3280049493496933,-0.0171952829382793,0.28315086200444994,0.2726721131172143,-0.04621481457235511,-0.37857249011262356,
0.37542813286295995,0.07330920474048545,0.3368157798544279,0.032577210088384816,0.2364393388419903,0.39451858533262607,-0.07846969413573249,0.012881575216280573,0.4594175985346284,0.3847873571379828,0.17145289767401442,-0.1240942047546259,0.28182067804622796,-0.20008812768583661,-0.07706941342844817,-0.3628862296317772,0.06651453877836189,0.19015647652632128,0.41701462519043786,-0.33237816467255954,
-0.004920600855009614,-0.25459754122019695,0.36618145174150285,-0.030227835255979205,0.290078880234495,0.3993031963895327,-0.27032489432458745,-0.24387721093496337,0.17297355324200914,-0.050223111564467904,0.01933451361308852,0.012785048529365777,0.315404097474252,-0.12736672807205357,-0.22591770683043672,-0.43762654096502934,0.08403674963717862,-0.017234428718587273,0.18615066377120149,-0.1560694578421212,
0.1330928371572076,-0.09724812488536802,0.036406390571707914,-0.25069173319366767,0.341729807264378,0.20464677959942218,-0.07865677019012111,-0.04289685121293146,0.12683427009204298,0.11131991949053774,0.060557518704698,-0.08264920940818805,-0.008815363050747843,-0.26971579384303757,-0.19715741485160576,-0.03539752580056396,0.15603071546658837,-0.09424626033663717,0.4310774729188257,-0.36544903969809434,
0.19125400203764656,0.013274421873700202,0.2596790371177781,0.028748791669778687,0.31949452281921453,0.05515489657208468,-0.09772260057941122,-0.215724531798089,0.27223475927631097,0.41897853973469057,-0.006461190839067171,-0.24217294260163932,0.06497250115841607,-0.13007738404440156,-0.17745030548244883,-0.3942823151390936,0.11196309386979496,0.06291923345110317,0.10040425983827858,-0.1550431428014516,
0.006366608662193852,-0.4117664002201427,0.3242278078383947,0.034751028187066275,0.025729399347891396,0.15235389528690652,-0.3341357886018006,-0.17506952136014492,0.36812444297905716,0.15121826056716922,0.39076070783379907,-0.3490186074964222,-0.08815597878765372,-0.30477646812926673,-0.30904123806817,-0.4394066880724057,0.18749048575106014,0.08552677929569134,0.1969191270161136,-0.23054130560220723,
0.09155765160822818,-0.35316391113917484,0.28383752516115074,-0.41471886017581905,0.21471758323630932,0.39968450866776584,0.061901750125769,-0.34517936488852285,0.25378023587333104,0.25610405683507026,0.3162177765319174,0.08589343433762173,0.11348035168398962,-0.02093847298896898,0.07733280479183473,-0.021353649106015792,0.2015440016979086,-0.06156249938669947,0.07134289123668189,-0.1779650685138339,
0.23140633374635558,-0.045737541375172885,0.21871620157426847,-0.34968133946349855,0.0485406423864344,0.5396423807800548,-0.3210038721378222,-0.2123305408793675,0.20941594243476055,-0.0067608596690621895,0.3449367636925084,-0.03135881496972848,0.3437821696705305,-0.2877788449271748,0.02136211600171144,-0.034168078770190576,0.2689747535533818,0.32906292384597113,0.20172473502535487,-0.08836538028690255,
0.06802998210453548,-0.211470988451446,0.4901745998284408,-0.2234669552239958,0.3704224990460068,0.14118700360052933,0.07384997618264516,-0.07504538266410136,0.22705835102312358,0.0889051757164423,0.44575499934546076,-0.12068234090809751,0.29307165538090996,-0.46203311357250854,-0.3637511163165297,-0.38350132219336985,0.19290965213429817,0.3218526936644681,0.3843265658022008,-0.15027510799402263,
0.1449993170222116,-0.329821541182841,0.12251875252988678,-0.42660330977066957,0.16888185401080874,0.15064994777370314,-0.011451199669216008,-0.28518968100096975,0.14656162110314108,0.31678323060848124,0.04384584471765095,-0.17158591928991032,0.30892344047909776,-0.07896195665876216,-0.2329077428113666,-0.3181432775139346,0.14440718608862604,0.11699742673484781,0.22667093181804682,0.028419242732504,
0.07644194317247786,0.0389331485999103,0.38077476286094875,-0.038721709385146165,0.219404880633585,0.24626058740571324,-0.294226907086757,-0.31951782323391076,0.308308411832749,0.007156815979953385,0.08027282640415853,-0.2701338295206771,0.09455403168181258,-0.34666147486441656,-0.10936192829355638,0.005116075115573071,0.038976815054103844,0.0832430902849783,0.35727824932610863,-0.25845146301763605,
20,12
0.1353041232094372,0.17044067552886777,-0.10336792754960872,0.12198675113465011,0.16457185662363805,0.25344172459265335,-0.09361283112124434,-0.023759078247998805,-0.12299784978351092,-0.016121202570325135,0.2950632226936079,0.005013749393100344,
0.010326435825603617,0.11593299225016354,-0.19065817457573017,-0.1853736820212892,0.022800295482804288,-0.10446284250224983,0.07717899863470015,0.057383403016872225,-0.23268553551840987,-0.06092849268374498,-0.12797001712922773,-0.08682013901285048,
0.2814657239664802,0.09607916630555074,-0.039796937212652,0.24343083242998614,0.1863987108897396,-0.13314300849275557,0.01029834883812311,0.22834805416378745,0.29619833926582523,0.20554464852164414,0.22990468963054014,-0.10284914292980527,
-0.056464846950852035,0.11302623574372211,-0.12616333318237924,-0.1995122302464046,-0.02989560583733072,0.01776518108969481,-0.19596682806055502,0.03868884906923885,0.1503067172260454,-0.22734006994992587,-0.1979405435513981,-0.2286779446732129,
-0.033416394564510024,-0.030468325331848074,0.11001126867217621,-0.08352789273588077,0.025315636322531115,0.215593141969685,0.34136452647038223,0.14117338416643516,-0.10155062827768613,0.21478455163829163,0.2533806273045693,-0.025248780423471975,
0.0888435653234626,0.27510819475562265,0.16304295247532857,0.04661428732755977,0.1829395127511376,0.10950696328179105,0.11805429659462138,0.19647299369027948,0.21229292538338934,0.11276383142313735,0.06809719094705063,0.23705885027984766,
0.035179029362886194,-0.01545181182654373,0.08190154137543572,-0.1091347040458615,-0.12799058858310045,0.03734415761492188,0.12508948353231067,-0.005030632041793216,-0.1983676594196653,-0.21513665226983233,-0.19176717665482962,-0.19075351119702963,
-0.113312517134781,-0.039261345148990115,-0.10319255492631477,-0.05811442208256285,-0.011337964258839171,-0.1694062331912451,-0.1267690907679733,0.09656796857870348,-0.17798735677940752,-0.2678062247673518,-0.13209112757603161,0.08484973667705582,
0.28789115873617493,-0.1476231759214998,0.2911414428482279,0.25772098592492093,0.15391402762707646,-0.090088915651838,0.1803001362083637,-0.011613979196435732,0.31651472580324935,0.15628565723614526,0.08899969145951164,0.11405388485957878,
0.014303245421124041,0.03659136411539133,0.07737534026661819,0.12148401895271183,-0.09488644114211424,0.095830923391848,0.1866497179153501,0.10145562503088534,-0.018622462967534406,-0.007961060921384268,0.035015815255918945,0.08735718555714467,
0.024597147557089753,-0.11461269735299746,-0.019319456405683413,0.22575674061919088,0.19907583318041883,0.26798044806674554,-0.17909854466985906,0.2488079684917861,0.26446439952652967,-0.17436386212125923,-0.12207356747536689,0.11971081777022696,
-0.21417237675173129,-0.2565563261466099,-0.03554289821313177,-0.022901679003544863,-0.19317382758788318,-0.002613702361536441,0.21277853166076183,-0.13084703559955252,0.0944091091325898,-0.07614030494502565,0.24518416915183433,-0.09405191997538025,
0.07686500052493633,0.20115693239888813,0.2538555521278638,-0.010326298350008627,0.1554828141918091,0.027110265119117734,-0.03691593791478261,0.10372187736447895,-0.10670242914812156,0.19395560942276754,0.08892675858196927,-0.05711291980031944,
-0.02662330321436265,-0.21042618944432195,-0.08408014317247954,-0.11269647244702999,-0.0862023610398681,-0.04861803760617898,-0.16142648238259344,0.09794648709993718,-0.25077026880486214,-0.2663495234168259,-0.21435990241568062,-0.08874232886521101,
0.023240991975079003,0.015569730624778969,0.03086820205968837,0.03376091687324814,-0.12577666235115387,-0.22128922689795408,-0.19235113148229507,-0.2561673014595867,0.17120817195710983,0.02197536461292921,-0.23989937215717713,0.08778533449156332,
0.03217329544856034,-0.2065259636115656,-0.01576311489222645,-0.15810981466009874,-0.24505087103185805,-0.04835050952072625,-0.10668589020283745,-0.17890143975454492,-0.16781315486221832,0.17209705453680418,-0.06724705318854313,-0.22010027715936942,
0.24667881650386328,0.12901942237566832,0.10393936466684993,0.17828924816840233,0.04540704427398318,-0.02297924907131285,0.16332144059101,-0.19409618785810046,-0.07962833800819215,0.19621157199655506,-0.10776492239942567,0.2358224436203019,
-0.15712176162282682,0.2583234393538694,0.17868860136806877,-0.048386543500770846,0.2288495063301727,0.04390470960031774,0.004871703178939265,-0.10814411628327955,-0.05848034110259091,0.26030415486362624,-0.031422391009806344,0.10807368965126778,
-0.06388416774570811,0.029934021939427614,-0.05169397667736732,-0.11711258927917043,-0.15991649296181965,0.2668731726016731,0.1433209737188511,0.21023953936126405,0.2690665969037196,0.04073996916682916,0.2599877271157977,0.3017569466908208,
-0.20603657229806854,-0.16350900891615297,-0.2313913119202829,0.16973460120967632,-0.13022642541702806,-0.2327015040975582,-0.0639719859126759,-0.02022491173131219,0.020991009726581664,-0.20811275060180737,-0.03884601909652148,0.08807895175495442,
