# Pesos da Rede Treinada TxH=  0.6 TxOut=0.02
12,15,12
12,15
-0.8574956132638067,0.5491822202266442,-0.8429361092076119,-0.4652243855956081,-0.733911939810044,-0.5819214139322915,-0.889579710584288,-0.8124054087632856,-0.5613416338659494,0.4766167083519066,0.9915284101586048,-0.2286802516565997,0.638429385988889,-0.4984510375836021,-0.7055204899619334,
1.1151941683457558,-1.768389751634672,1.157654733170857,-0.34994706816265747,1.0049429539507686,1.3111051643437746,1.059961219074951,1.368102653808659,1.4519351875909934,-1.7386629609669209,-1.7236788258572793,-0.5441896865058761,-1.4479334175403955,-0.4355408000926452,1.1955338384954202,
1.2806042677193017,-1.8746114317287903,1.3033281376575825,-0.8075086263869405,1.33355135417313,1.1814314172216718,1.4824687290130703,1.0630362101840014,1.1137317350748783,-1.7252445740233033,-1.5666740992981938,-0.5592353296878494,-1.6890289482348284,-0.3565573806668289,1.3286646005873084,
0.49192575581792314,-0.6327710597414743,0.3678878315170186,-0.6549935783257247,-0.028035807700841055,0.295262333715436,0.11886206067673416,0.04586548808713826,0.5688502226682672,-0.6248149333547734,-0.5923834284411842,-0.4291997188867411,-0.9603499630153123,-0.7422426116200129,0.26818710683988223,
-0.0740132381768893,-0.13526937531978314,-0.28690405029288046,-0.39717838842889264,-0.32643526556311875,-0.5406127794478008,-0.029024683265068595,-0.1092959365422866,-0.16666516212665808,-0.21366784434749136,-0.13311226664758458,-0.6970361025692511,-0.2986321890243919,-0.6128091165457736,0.027851085659057476,
-0.6178538265361194,0.4148557323757004,-0.4128082900366361,-0.7927695185725768,-0.321310038121674,-0.43691987335032556,-0.44032091294794257,-0.5440669439485344,-0.6442235581970333,0.21579354614632182,0.4534504126830579,-0.5708559409510195,0.47977256563203474,-0.605393000862193,-0.6472264766170872,
-1.31956598283002,1.1998285679670728,-1.231445217904525,-0.6427564464775327,-1.0706349168921576,-1.2744892336460718,-1.1127239932938369,-1.2816438045749177,-1.193889998915465,1.2059090591683341,1.2721313972525692,-0.6609536711447181,1.1587517406947785,-0.2956491672430946,-1.2437234479223807,
-0.00841728135941654,-0.19449499628314268,-0.034125998319391435,-0.7403348203088719,0.1456804459100927,-0.11734092594029884,0.11803701925975782,0.02331900725861731,0.01626250782523033,-0.07566713633675275,-0.06005493871900952,-0.7820993256919545,0.26152455615961645,-0.6519493378135438,-0.10119307081153069,
-0.9184062808260679,1.5080775944950398,-1.0750133060675726,-0.617775582874289,-1.0906246314510035,-0.7683736439193292,-0.9500599193551572,-0.5989466665382117,-1.2449009592499303,1.119696831046228,1.15676636256737,-0.7797647043889103,1.3428407457483844,-0.8927425789664166,-0.9227772925923682,
-0.6960040269617629,1.3570451736504505,-0.990970070033544,-0.7699435104912258,-0.7184008388244665,-0.6735557950304724,-1.2094744292439568,-0.8107222241166854,-1.1545509978075477,1.0584867780349465,1.3458601206389156,-0.505666937808156,1.25542576381914,-0.5876227422170239,-0.6848155843450001,
-1.0246068389762808,1.343787509559474,-0.665691917911807,-0.8386682770574752,-1.114356675536987,-0.91391775642513,-0.860213586666891,-0.9841182925698027,-1.1306068544548362,1.266808034195782,1.133652936827598,-0.8690930693722843,1.3456188117705752,-0.7412395384442071,-0.6826363269825912,
-0.7405882821264796,0.6803398585652995,-0.537579579319272,-0.6849525022172709,-0.7783747282363198,-0.6024215547653916,-1.0526243760748335,-0.7346737575331136,-0.8119342493899434,0.7491823952009115,0.9091893272622089,-0.6644285163623707,0.5292811979632309,-0.6563588500027732,-0.7344723390205099,
15,12
-0.3608818854863616,-0.07379802209931341,-0.1425659851378021,-0.3447172171669277,-0.07897814191199652,-0.16724181988642173,-0.22138640780087368,-0.08975569908922121,-0.3201842135971245,-0.45323458546749557,-0.1775369808357596,-0.1500336965957539,
0.20622395720137232,0.22788847606311952,0.19076108184366047,0.1890267562562634,0.24219775599417367,0.31681642209218536,0.2131080217453808,0.20882194293874695,0.31195934532355735,0.27250472241664925,0.25307923525955583,0.23394503508617198,
-0.20090330402616136,-0.0281629639402975,0.0634659710693724,-0.3350529004255533,-0.1655879900878304,-0.35932001873591457,-0.09099303662361233,-0.28368095252370107,-0.07310605935254022,-0.3220060426449747,-0.2914279539167681,-0.3756732298455432,
0.3258380536570947,0.19570509079818954,0.2662426705813325,0.12241750968581672,0.1574523042195307,0.10875166507331814,0.2729057555373683,0.29536703694474303,0.1356451720758393,0.3857370336424609,0.26430907962292455,0.14450225698893493,
-0.15873109768276897,-0.43720907582877555,-0.40881736720731726,-0.11105415557629832,-0.22749675979844092,0.10508011854202975,-0.2760530409248437,-0.1860854446503298,-0.2790452220082882,-0.3412799244802177,-0.1886001352473523,-0.1667307642306926,
-0.16926228386374095,-0.2701708987337962,0.058852967858575134,-0.3253408730266463,-0.1528920497325583,-0.1801998366159205,-0.16228964703385632,-0.30051219435433535,-0.22942021035759613,-0.17884594826616917,-0.33781642906590764,-0.2665179923115391,
-0.06845253526381533,-0.3645532014504062,-0.3939410307854687,-0.36963235784027737,-0.1188432520525922,-0.29629432834371183,-0.32234187283903426,-0.03988058211699727,-0.30692931466062945,-0.11513713191722336,-0.3255293954648566,-0.056306125261209136,
-0.04836247569484923,-0.13003850306626238,-0.40985972091100076,0.040565994160635624,-0.2022143581420098,-0.2500096548119343,-0.18876350611450585,-0.4595586484462603,-0.06821913873656578,-0.34304449116515323,-0.03788481995196492,-0.3821647193044367,
-0.4508052046026156,-0.015277611837799621,-0.3843138005064423,-0.09427748078751531,-0.43166291511249777,-0.19457387505856205,-0.0958835306603028,-0.15707306222867204,-0.2541924503249955,-0.0712890360351413,-0.3549720142701488,-0.23214776931062686,
0.04730130102631047,0.08335032145501076,0.30294378930151317,-0.004810144666946028,0.25979961502231114,0.050180288182819985,0.4220072177914255,0.32351908380294087,0.135752592198273,0.24376754101700468,0.3525911449838795,0.22167742178559224,
0.3629230795093151,0.36923203732169146,0.18603957552360784,0.3035218234196413,0.23971367089697745,0.3740234714072799,0.2262650286223358,0.14260663635246862,0.231040697528291,0.30388068520107037,0.2823928947408363,0.19081650846993156,
0.27966417025559126,0.28592728235194276,0.25862524095550277,0.3183267196076856,0.29582095696138844,0.3848465349824996,0.31662080902518314,0.19487263878482755,0.36285067739459015,0.26237787798118156,0.30097819099845285,0.36449501936944834,
0.28689957385380954,0.10773550441589928,0.1972678652480699,0.35304364412414296,0.18749224855394875,0.1686408926124452,0.10045413768036594,0.30696956098343864,0.27760562828895347,0.2060341400139176,0.11227789939038009,0.35115258927788934,
0.33788275223722036,0.2225870527913227,0.20199316360321892,0.2407333572089585,0.2730682721827541,0.40045068320614985,0.21930160061958198,0.2247719069452834,0.4352850683957277,0.4520376019471621,0.46647319431387696,0.4423186763541298,
-0.31217368333035783,-0.14441922650928687,0.022763589351610682,0.021766091136833327,-0.265572963911519,-0.3599635401416388,-0.36058556107765777,-0.16153413101904326,-0.2913714760251263,-0.16763898481544456,-0.21141852683769105,-0.20389138314981642,
