# Pesos da Rede Treinada TxH=  0.4 TxOut=0.07
12,17,12
12,17
-0.6781207035546916,-0.5018464646075416,-0.4328222077946419,-0.26054458228241206,-0.36419722498193025,-0.6551611960215333,-0.3015940733815495,-0.28970656580458126,2.4332314564691058,-0.39622657309821085,0.15197636820437635,-0.5905176800215163,-0.23764390838333121,-0.3813364645990801,-0.5123478963266589,-0.16159991184756725,-0.6570023506406936,
1.17082565385485,1.2449523463213845,1.2644499236500293,0.9773479185852765,1.2283587907741798,1.1997947610821098,1.420222124246154,1.2918142010097897,0.2054576402161781,1.0343861158631955,-1.9642505972319244,1.0042993676754552,1.5309630318155723,1.2507703214342645,0.9918446971004536,0.19747169361072273,1.330249191643261,
1.1887236438973303,1.5469247902300245,1.0325424986733351,1.0614121657359152,1.180701038338857,0.8548139175973741,1.530965822599297,1.2272782111006821,0.3519637925453943,1.4621458290411686,-2.3853396817413923,1.1895454422304723,1.472336243302831,1.4290269246530118,1.2800310923863356,0.5884718882619089,1.2878538396434556,
0.12246867409435681,0.7544702285723501,0.49220014343830426,0.6415130298992551,0.3262537029950171,0.14599957086248955,0.18996361955508323,0.4813876333428159,1.4623631561157757,0.4056400773289451,-1.1659254646014914,0.44805733315365237,0.6983023333482362,0.38424872366013657,0.5821663351483896,0.39259100510113876,0.34288905493177374,
0.04438224388002977,0.3954761014098003,-0.03061227042375134,-0.139493891807383,-0.1451026831269222,0.02907318240611117,-0.22541901942371487,0.149201087933543,2.3108626814313737,-0.07097710556265892,-0.44438067939869264,0.022797526803363527,0.10979242395314795,0.15935685483126924,0.20502488858285067,-0.006983663833970393,-0.1613539960719663,
-0.5177098802780387,-0.49608589204425346,-0.6242336224666076,-0.5536409782821174,-0.4409665090840529,-0.44052550388271355,-0.61345433228721,-0.47035807218240977,2.3753570156367387,-0.49559515649682073,-0.34470801057903494,-0.42739660094859777,-0.6988178042654666,-0.4443991287521442,-0.6810139557298324,-0.2685099185258904,-0.33761431251369134,
-1.1299415440982028,-0.8867847239231056,-0.8934393233444827,-1.0710322081216075,-1.005974426079413,-0.9113515616175741,-1.1866413822347546,-1.0658681111025865,3.1390812538861677,-0.9297742477091437,0.24409870336680137,-1.4061038316360601,-1.3828936688927664,-1.0163378424956737,-0.9994589917675418,-0.6918916791439397,-0.9186925810844144,
0.07090821026341605,-0.27591245832668404,-0.14366917000311247,0.15303385419112325,0.03226076841075964,0.057831449573728766,0.10434010663319718,-0.2815060133974319,1.9206843946047354,-0.05660034617204629,-1.1465873427427342,0.25480119530248985,0.27885245642430095,-0.06926355720777631,-0.15636943790215196,-0.18870494346359526,0.03863572793202922,
-1.0387214133941356,-1.1742686914052982,-0.7941353903162391,-0.9021192579973375,-1.001931103151888,-0.9076232131161834,-0.9463896109532716,-0.8468679536965009,2.7672402704666643,-1.0229408341114035,-0.2188130819167106,-0.7590427265466005,-1.1453595817047173,-1.0483125034905856,-0.8955747418743228,-0.8877777653021361,-1.0412826438615093,
-0.7448889710084127,-1.2018863692677968,-0.8799904142631724,-0.9309794350936889,-0.6840461099883154,-0.6672807514734961,-0.9979629554285306,-0.9625968637383137,2.791487292518546,-0.698104610789991,-0.24717807042338086,-0.7141821858747331,-0.919125940681393,-1.071875304299597,-0.8170918071609605,-0.7996747683290745,-1.0093372500912519,
-0.842928656699966,-0.7530483732400483,-0.7529727387487035,-0.9444088617445252,-1.054793127781891,-0.7514680652362788,-0.7674342863474114,-1.1892244996498311,2.743905610435271,-1.0108300060200728,-0.11428392499436424,-0.9514052123717341,-1.0207547451042482,-0.898331077276476,-1.0516673003710357,-0.8203060990830935,-0.7744332075607951,
-0.3859605540401668,-0.9308931739500791,-0.8898116622632106,-0.5371288178783187,-0.7204698294529048,-0.6477577548440082,-0.7135354514437167,-0.5776001119586932,2.842979351791839,-0.718586738463572,-0.36233717076144173,-0.7576557310676035,-0.9144410105225113,-0.7303766566340842,-0.5984632922429066,-0.5928760563229527,-0.5513940190670534,
17,12
-0.13967469216373807,-0.298874459072427,-0.07587881183000778,-0.28956199547731837,-0.1624304499413991,-0.16295146650673095,-0.1143658355220243,-0.15739977077177958,-0.24459513334371424,-0.23136915744354394,-0.1271670374488465,-0.04736636805970216,
-0.19207352649053033,-0.029770010755503295,-0.11525395200129862,-0.02497539898753934,-0.0807449638110713,-0.036789384385198624,-0.27127524101121203,-0.23674846157739693,-0.15581918671730421,-0.14305252140064387,-0.35422571504752154,-0.2039858916365826,
-0.06680494913066018,-0.0796606692828215,-0.3430401787437502,-0.13684355608140894,-0.17948892202128341,0.0028460570220025733,-0.23138389620650143,-0.36650898140140975,-0.28081671353905147,-0.1436050385902867,-0.06268352961647365,-0.06983527996406874,
-0.1323898598426918,-0.20621520655264836,0.05364690831665384,-0.06221872594687376,-0.03141926578457511,-0.061242065190842965,-0.018008192913880165,-0.250158733254623,-0.18530626992767465,-0.22986338427175182,-0.2884341878457365,-0.30200841496899944,
-0.3057484424605316,-0.15086661510211286,-0.23459414152607094,-0.19123126441871086,-0.14419215153368292,-0.31118909940195716,-0.044384727016856355,-0.11848672465914396,-0.09832525299754027,-0.0110284962493352,-0.27830728738795385,-0.2201224374952926,
-0.12595974025317322,-0.25834280541785226,-0.13186985891155104,-0.17768112831912355,-0.06361085728504387,-0.31866509261243364,-0.2865791122002014,-0.06222735742786544,-0.15849941589582903,-0.021208357665711983,-0.06813070709561447,-0.29457233868803545,
-0.20685752044193598,-0.3176523835339755,-0.12263724362897734,-0.027737222630207902,-0.30971672987328996,-0.07794386937875024,-0.03008579934132705,-0.053169858591691106,-0.24733330833228792,-0.37760275501038937,-0.1228696863278989,-0.19925121606586418,
-0.17207671858921253,-0.05666732292586797,-0.34001164271630846,0.05127189182173106,-0.2556995105138296,-0.20376049712554323,-0.20286303004209402,-0.0375040363250491,-0.12535179188125853,-0.04059350898915621,-0.27368033001491515,-0.32424294547133314,
0.9886230724320145,0.8313270770609813,0.9082675684007089,0.8919390338478808,0.9669736128725221,0.9816219074472379,1.020700277568385,1.0455958482632235,1.0411567451087949,1.096374993678442,1.0602792843677895,1.0515475495907534,
-0.371672965555827,0.009930499173151133,-0.07768351692828733,-0.16967878969389436,-0.12245129358435174,-0.34653299974614493,-0.15235550568971104,-0.07811957664060602,-0.35408007762342614,-0.12526603864874325,-0.08390964481419094,-0.03751089258351253,
0.4921369259934068,0.3526993864951458,0.3064064584678206,0.3119328896052952,0.3587293394558155,0.5869666115912219,0.5940095540953674,0.6025883055458539,0.7260710298789045,0.7528837643235085,0.7130474490320119,0.6506837288266699,
0.0366654432009456,-0.024923458320410277,-0.2580994856112747,-0.24905781023991352,-0.2297388265025999,-0.25407295846143096,-0.022179358826539358,-0.2295429512606154,-0.22664880460177594,-0.2712040001612224,-0.19827923657155572,-0.06599292599023265,
-0.2671796506463045,0.02595255757412087,-0.1594233295031773,0.053194259733571295,-0.19310005679158285,-0.22521129117589941,-0.2367608388910061,-0.33163277748791714,-0.05205161075913191,-0.2821384464071511,-0.2666147435655311,-0.07778100351432642,
-0.09053246389627766,-0.2760549206035349,0.10731816055826132,-0.24761889616832206,0.15325565533381402,-0.19828671215230595,-0.30485299067562405,-0.11741545567186194,-0.21400392750986152,-0.24422008128641517,-0.18439091360525503,-0.2388983988649324,
-0.07696075276372885,-0.05678938479425851,-0.22298981338434726,-0.1251654224861661,-0.06950642646701652,-0.10210155662727427,-0.24805651846291907,-0.2788756016279286,-0.17874487766980912,-0.30338402695713373,-0.1451520848857163,-0.0420063051755923,
-0.13668182505520943,-0.3265958162335377,-0.3486981109942893,-0.2974527371544047,-0.2883720624576078,-0.06336189421235365,-0.04133458605002781,-0.07018571576149574,0.012066829291083207,-0.0497810347318963,-0.21538916122253987,-0.12807304522730423,
-0.18949240859997618,0.044510711065384026,0.1253672800585686,-0.2157022572452917,-0.32101975716907943,-0.05769813814926508,-0.32204227121918444,-0.18351452149807296,-0.11717300871198454,-0.28848723513617675,-0.006842080500653534,-0.3332617105795758,
