# Pesos da Rede Treinada TxH=  0.1 TxOut=0.05
12,23,12
12,23
-0.2154266768213485,-0.1585597173765545,-0.21377282815416662,-0.3251726474779031,-0.17798358792928407,-0.41509335421515775,-0.32818772638892857,-0.41956908123898834,-0.2613509423132567,-0.44965740239230156,-0.33320941991403985,-0.2885148964823233,-0.5923092378019107,-0.0833247200266886,-0.8190796203212842,-0.10217121101905484,0.20183598182716955,-0.15365571240695955,0.2515761747657829,-0.3391224023911825,0.23173702210071517,-0.3856563777449609,-0.380435968195572,
-0.05212126886978727,-0.3155518065056401,-0.10774625846046454,0.34554414664631866,0.2949541586824488,0.1667557068528482,0.3129970812511637,0.15945737614161679,0.21736492654222536,-0.05598784784786884,0.06739101304557565,0.11445044731702612,-0.3370973233774026,0.19533205757038022,-0.9161558512944046,-0.5625021382223289,-0.6782325899179708,0.2908233021135535,-0.8564790046887242,-0.20546218403955543,-0.5469078044619368,-0.00590286367878589,-0.003966696369603784,
0.3219242401845685,-0.12450841717293977,0.05310133449146623,0.08401144959222362,0.21102452458804674,0.29904512970058933,0.18450875170587663,-0.14572652792557572,0.20734444266094681,-0.13949641671166943,-0.07968621074590704,0.02832273431028192,-0.3143591275427358,0.45711517847483774,-0.5524846370067462,-0.4842123987522236,-0.7348200681961412,0.24424550545179183,-0.8474622051213905,-0.13983278087409565,-0.7463411861713619,0.1504933223770863,-0.4267405837394205,
-0.10717492352844364,-0.36430845913111,0.0033620240592184755,0.08190327243530134,-0.01923306817131155,-0.07708674441749963,-0.017310931200125942,-0.17507349717199275,0.23524532065060536,-0.1114821438211327,0.2293780726410817,-0.08093554754338785,-0.33874991858248865,0.2268897485331801,-0.5912895366097912,-0.4585193858415418,-0.8428397326278959,-0.022531418283117013,-0.8435394748735018,0.1593767022529114,-0.5235266949226013,0.06180241593755394,-0.3892370141234421,
0.060902240823922,-0.011211909058417142,-0.10243882039968207,0.3254954606600157,-0.0501636585967351,-0.19303811684148817,0.040687922177118106,0.03853212253726285,-0.06364518152896867,-0.042806305106189824,-0.13254874114547713,-0.19676937382203485,-0.42807312469821,0.0038301829707900093,-0.6869454996004001,-0.33990696362869405,-0.37901599005087544,-0.24940207678278936,-0.7896543525806394,0.11231525476791927,-0.3398289491383464,-0.0017621861679503223,-0.19318130863448835,
-0.5234941959508039,-0.4344250286236375,-0.2944518248137579,-0.35147141905891616,-0.43686545874052035,-0.12524956031560466,-0.13079706566383373,-0.2339266229791313,-0.457284818429132,-0.38320875065483123,-0.5215508667689172,-0.16786736711510428,-0.1747333666006949,-0.25065565079618507,-0.44850313886466653,-0.13040197819036028,0.2637273909977824,-0.385981670110582,0.21567002822117154,-0.24501332572055623,0.11949719780246043,-0.4635589452151688,-0.22644850480752116,
-0.13552422811315598,-0.3655833638783284,-0.4872116282184378,-0.24591108790667912,-0.19707145966056502,-0.21360580398999396,-0.5302861687068279,-0.44689036771888835,-0.43798217717458193,-0.2994613060798821,-0.18531149519651363,-0.35060791504547134,-0.44654774814098214,-0.48223416091576987,-0.46524449539759205,0.4881645506641726,0.3762837961003916,-0.3540425575344422,0.6468819169438118,-0.176070988893845,0.37333561048837216,-0.30620816743261947,-0.49380588170757217,
-0.17812707586147383,-0.15763420929702318,-0.11695765084870322,-0.42146516315370086,-0.38492877569716916,-0.08603373159305422,-0.2950790046568287,-0.11225206793379067,-0.110838837155669,-0.2338474499729204,-0.290931498473277,-0.17560139001397088,-0.5533651081264357,-0.18904860988475275,-0.6366421904374314,0.14246768193182202,-0.09233439391369033,-0.24593279735192372,0.20068708387610612,-0.10301874474341584,0.19307046076312462,-0.01669258855089776,-0.38799297113337644,
-0.2613846978376187,-0.6545714599394411,-0.24792617598825484,-0.3887788785029906,-0.5595698563709877,-0.552853588380085,-0.4000259253102802,-0.36728399441446985,-0.5117877481693268,-0.1376753979346028,-0.42317578792833976,-0.4947421676183131,-0.2673454503525454,-0.5849472154986909,-0.7843955554516242,0.2519393932670946,0.6190634802880176,-0.6412919039109587,0.8989595059656493,-0.6727711496143562,0.4543398383340596,-0.38362387560572914,-0.4671530071795864,
-0.619980514413624,-0.40589188101762036,-0.6564729746447638,-0.5324068642673646,-0.5247128780800348,-0.5786530704583358,-0.30393261943320343,-0.42088967067895955,-0.5976368369444037,-0.6370905151508196,-0.28920744033350326,-0.6419579452701406,-0.3323337826928294,-0.6991594929276858,-0.38156880544798527,0.4967945025053758,0.758836894468546,-0.6438888120185883,0.6868528886171094,-0.4444995462242286,0.307463858235432,-0.6412460706986128,-0.35211361557206816,
-0.5350341470071202,-0.18154200009976448,-0.18051612398383235,-0.5036140742941053,-0.4522139010249153,-0.3723535204551608,-0.5707613450073903,-0.5059221741646994,-0.32197144768317004,-0.3571355292153171,-0.4196411758362894,-0.23942677173830051,-0.482855490412135,-0.5362295686082635,-0.48584824068229493,0.6063058729157003,0.5092130089000771,-0.3202491122927836,0.8260017937613543,-0.55785479309515,0.651766117158817,-0.4501111451056603,-0.15378911734581693,
-0.3482066994256139,-0.3084616391655759,-0.4690327748193117,-0.4026556732728412,-0.4029894199503308,-0.5317663108557158,-0.4981455102957231,-0.17648860970249391,-0.45638260219822774,-0.1718917537704335,-0.4618591982030924,-0.3940552919930067,-0.5364527106602909,-0.5738577770241247,-0.5824240155508338,0.34848582606137307,0.380635965535716,-0.3965725898506425,0.31030673782912377,-0.2408820490537676,0.22752645468382912,-0.3829216295825387,-0.5844307333116237,
23,12
-0.0760138978970576,-0.0975405982666742,0.08839615106310285,-0.031151215062048012,-0.0044660938721237465,-0.027041282346973537,-0.21170993554974052,-0.3424528137628802,-0.2001182630985752,-0.208351511643041,-0.2816795230948335,0.051161415623130785,
0.17611362623935245,-0.3126225475884981,-0.04114053906654148,0.1108416316913292,0.20257618111981884,-0.014814282770109424,-0.18928320912303417,-0.15498336512018193,0.09509239711328972,-0.13858358026335882,-0.01640749918122635,0.06124868838489153,
-0.3308631526229194,0.03368878250609915,-0.3073192846553817,-0.2592717985344501,-0.11239043180772548,-0.022147469015797262,0.012437003919928547,0.049779013423169434,-0.07104656877617961,-0.2597009151460294,-0.07258604981752305,-0.08567319332662292,
-0.2381237656027512,-0.032105965425240815,-0.11282103656005729,0.15431369476100545,-0.27724196291506886,-0.18465900377307756,-0.2369745300158047,-0.045461550303975286,-0.3500528912310939,-0.3371867366573561,-0.011730437584629768,-0.20264974771418026,
-0.12843453647726424,-0.06656736071398381,-0.20152239668725647,-0.03244523285594156,-0.1842397200539043,-0.19950609812451833,-0.2146369280408697,-0.05427009628456317,-0.08372752999553326,0.08322285741541599,-0.30578643221228796,-0.28902963893124206,
-0.23395192953087418,-0.11647224727710807,0.14336047476042124,-0.14177489108121963,0.05138171241790171,-0.28361753095458286,-0.021686181205285194,-0.008880502735280286,-0.32873091720786823,-0.14329302254247006,-0.3147085825625948,-0.09666725474587497,
-0.11945521027772389,-0.15278173260232888,0.027309893150161406,-0.2381346466351056,0.04848826877101112,-0.077139271380613,-0.2541950978155748,-0.26546738437191403,-0.00773097894643861,-0.33774823676662213,-0.03312138247386895,-0.3598347253289678,
-0.18211978521109712,0.037762236257302545,-0.2433690003710776,0.07170143525267698,-0.15306125653707434,0.04692969227448229,0.04211940938996366,0.0033561754092498466,-0.20689089857158294,-0.2616205451097163,-0.23695534617759112,0.08026297702749534,
-0.14999290863808978,-0.03605864419409175,-0.16229798261210907,-0.2628185927043174,-0.20624665229998765,-0.291615252495929,0.0981094802579024,-0.17732903334815203,-0.10342344450695921,-0.43287066651299855,0.09008851519221692,-0.2786800413840293,
-0.11755970131642621,-0.1827149217162517,0.04506698172108557,0.08411311280731576,-0.27248533040848455,-0.10860211706997408,-0.12142251103661102,0.12828001179731197,-0.244639122451145,0.0038587951680282696,-0.1298641133670254,0.05700953590668214,
0.04284480123672848,-0.021287897911174115,-0.055006867218340236,-0.21320350465644616,-0.15075376995028852,-0.10843089258568812,-0.17878498694273648,-0.031196806144294053,-0.08785156619073972,-0.05090523611958076,-0.2403462682653799,-0.14583578514621046,
-0.061764183939707964,-0.01608741674342555,0.05313306119572007,-0.3709972477682023,0.0354711541452327,-0.07188748124400475,-0.1071980310355609,-0.2756473364530049,-0.008754935779129565,0.030000378107124137,-0.36884865110280024,-0.0768078993028457,
0.209959595208633,0.03410772196801548,0.10594364554078338,0.07716816592321389,-0.06498670439192249,0.2630126763123802,-0.06077919236276995,-0.16308865035101408,0.06095761842786256,0.161098838430129,0.23435969887610775,0.13510233447526068,
-0.2781681867187709,-0.11082971199317428,-0.1099942680611645,-0.10708799820344869,-0.3254512099716178,-0.2666713393540568,-0.21116074623812456,-0.14225541438599798,-0.16473364695874,-0.05697217509904032,-0.1406181322180345,-0.37096468889708795,
0.23947819799644288,0.4382000908480396,0.25042474072262055,0.30809837633431253,0.2841463421120631,0.29764340491070657,0.41207224542385656,0.5402964795232896,0.678312134051687,0.38961033477226814,0.6463499335428045,0.5321443754997836,
0.4988900840622411,0.21458872746503152,0.27370377066158996,0.4272747738281746,0.0992437597594555,0.13890087896758288,0.11883939313384062,0.4047668378070284,0.13306667771710456,0.4398798606964311,0.4443726210750834,0.3234108882964571,
0.3384214653139054,0.31373906746434965,0.31236332332959854,0.22591682999950535,0.31086587333064586,0.362371276433498,0.5767898984505183,0.3255129122868793,0.32728341106804426,0.3895429536379998,0.6099739308783355,0.5146582673463804,
-0.2820560095783053,-0.11009637604144087,-0.3540568192329025,-0.2290180494752911,-0.16838736420517833,-0.04225309959012054,0.03759048591561127,-0.3277296766328813,-0.057687294025724416,0.06822506170845305,-0.2459320490198465,-0.03530340212588538,
0.41149331529955074,0.590222518049118,0.5180816448896873,0.47887619744125837,0.44015758330414323,0.5238024716189155,0.6027024074876988,0.5554186082850249,0.5007575266395167,0.5100783498654218,0.4557467852057098,0.41429760464574245,
-0.1391296627971265,-0.16193343204111071,-0.0967848609924138,0.14572275504833437,0.03057595008934977,0.1548493226102558,-0.2408889704954575,0.018436367344614603,-0.15816199226812785,-0.19202166369833204,-0.07143206229512568,-0.33295208107637164,
0.3031560974839423,0.15268253943993523,0.26999188609818525,0.22938405813543322,0.5964320096441887,0.43905699518087254,0.19204472093471137,0.2806616403235826,0.6695806896833006,0.33827943084400963,0.13641446095143592,0.39803602085201384,
0.012117337653543158,-0.2765685543299532,-0.14437284521833227,-0.066137855822341,0.07374455345027835,-0.2665880354324156,-0.15963176459219822,-0.3840478378871163,-0.25008549721077333,-0.026105456739971614,0.04707878991629006,-0.05076148065614666,
0.16393261146720536,-0.0030769106357007776,-0.22751317893890405,-0.31874451577154905,-0.2346690572575714,-0.15790368949444564,0.21691098332458877,0.21468321593282882,0.11830254130042572,0.1637550825552313,0.0495932676013302,-0.026321093536612158,
