# Pesos da Rede Treinada TxH=  0.30000000000000004 TxOut=0.05
12,19,12
12,19
-0.5497823348507274,-0.2419373284523855,-0.11844728654862001,-0.32222650917658824,0.15152193328937844,-0.20087960371569044,-0.5785305007061937,-0.23049526693420488,-0.19644571889592383,0.1260682073857013,-0.6046805205457707,-0.6336382594085328,-0.10989087046172545,-0.5200040765553903,-0.40834601291017786,0.04383627330041301,-0.250294909448185,-0.24872258223711718,-0.3341701493610445,
0.5687248421445041,0.6201917379860704,0.37861576697771054,0.4752554737533906,-1.3213905941597006,0.5563305846751241,0.3258781401096317,0.7516845558901392,0.6495099739918873,-1.5382210799768852,0.5884316301984083,0.49043560512847345,0.2392192126540218,0.5157946019751232,0.3925825887346983,-1.5851934282415712,0.8130200489437214,0.4655175663485795,0.6192815845206119,
0.3556227943034333,0.49555245587615077,0.4638550671070857,0.7533107041902838,-1.6684411128242482,0.6661306680672937,0.7445891803594982,0.421027577600609,0.4983825401406907,-1.6153694948884734,0.8405716438717218,0.8092708087791912,0.7006359394979719,0.4305706665637471,0.6288553983073679,-1.6417231966653112,0.761396755120694,0.3752539155668377,0.7663117892822007,
0.23241992647244958,0.11962834820139695,0.27223434256827655,0.08225346376002751,-0.8333579603248545,0.45417253249867984,0.19602233293807003,0.5322268746912826,0.19841872091936186,-1.5740703064953723,0.09136866797564804,0.4348854562045439,0.2883837095186943,0.49965283005998895,0.11571692445740728,-0.8636116915198178,0.6004692333499154,0.464526296999347,0.09668385484931842,
0.037128855251721056,0.009413852392301173,0.2816634287391573,-0.08051575744516101,-0.40170592419967527,-0.04875937576347972,-0.1648337404864715,0.18711895155412311,0.1337805777238329,-0.812006118110775,-0.1444604697749204,-0.13944200160899567,-0.1329198939371947,0.3411454573434778,0.03264121998921025,-0.6751454248912541,-0.13118366181310784,-0.09013320588211057,0.0908234164556635,
-0.3722556441566664,-0.33937028893312043,-0.4426763918154593,-0.4272340815045814,0.643803388834912,-0.5577123580334656,-0.49429791674500073,-0.4578683538239755,-0.7476588741098977,-0.3463645137697688,-0.6388322609086144,-0.4780087954277344,-0.6384201109539288,-0.5676170019107463,-0.3305068344738228,0.8103250909638646,-0.8326839880266083,-0.6381606919310109,-0.5100443286803815,
-0.7199453928441396,-0.6035697667336352,-1.0176778943393154,-0.9153323733012166,0.9787342553471305,-0.7981834042114425,-0.5644080587698326,-0.5924515411348649,-0.6167073045227512,0.22023710323398238,-0.8450424880675081,-0.8667418690271673,-0.6808304103311629,-0.6173612657226272,-0.5933272694722062,1.4455824385258627,-0.8427292886454588,-0.5238006868033261,-0.8640102869469659,
-0.4164708541570731,-0.39957066433975036,-0.30263979511285943,-0.07381834618280424,0.21278754458906957,-0.1725389294731829,-0.5824045056395991,-0.3985939483693108,-0.5543115785796078,-0.6761527315296203,-0.27822668779748577,-0.1856278520488331,-0.3493509276194839,-0.4438988158096101,-0.3833111121666534,0.23133725938490146,-0.15161069888292475,-0.3558321548904973,-0.2328364322069893,
-0.6497948228679669,-0.8313484760563955,-0.6585184147824527,-0.6804887722641619,1.3880152828670707,-0.77773435577791,-0.7095069343325866,-1.1810338987105653,-0.7649149220325658,0.17056359589300354,-0.9249123912258714,-0.8643088869218023,-0.8760267176885662,-1.0042344623875439,-1.0787416124544278,1.5913823059014622,-1.0675626995102396,-0.709616305805439,-0.7510136021139673,
-0.5669324048521263,-0.9853178231250945,-0.9958872841367485,-1.037848587193105,1.237957796933273,-1.0770358982636594,-0.9199240382734266,-0.8442748432937277,-0.8500567524107076,0.12559182053906404,-0.7047120313477009,-0.7741334966506027,-0.7140329717062308,-0.9636093657707304,-0.959132327763711,1.2809396763620904,-0.8580855909388548,-0.9456960792319644,-0.7603800139358298,
-1.0113439274828044,-0.8936607758293168,-0.827197642905878,-0.8413492869293757,1.489871536371118,-1.126158532278361,-0.6482472528005874,-0.940879335120958,-0.9619304247051409,0.4373817200800799,-0.7196707669582841,-0.8388702863347277,-0.818095321614043,-0.8139778971034091,-0.6726881929105536,1.3286475524836405,-1.1128732254238969,-0.787364772738153,-1.04420413635607,
-0.7007710513411439,-0.7185266866949008,-0.8210617391446797,-0.7307039161909832,0.6414129678694958,-0.6048185912823973,-0.5112777997720749,-0.8763069542049743,-0.5390010326242214,-0.08401501513997639,-0.4859301675513157,-0.6837118940553548,-0.7790640357977271,-0.5794398674714792,-0.5421205786272845,1.0978706432328826,-0.5300228128405914,-0.8024680317940099,-0.8139408008849399,
19,12
-0.29193288869514805,0.0040104750218521645,-0.11899444085258802,-0.17165768891127056,-0.035265224715235514,-0.18476139710584613,0.11747068614167734,-0.004048468711039223,-0.10467377350386699,0.04895980675772368,-0.18211564108621509,-0.06514081894649992,
-0.1842386582583162,-0.02696957365231981,-0.1901331995240822,0.09066682809920489,-0.01286923902093331,-0.06372634090028016,-0.2175231448970735,0.14201072609405635,-0.19206383356357618,-0.2561983196303902,0.007609060989614683,-0.11194394938796551,
0.08348284068431207,-0.22192823680668172,-0.23243843459502916,-0.16845724821962474,0.09384316564726426,-0.22760153565679916,0.11999891110964193,-0.21212164036035835,-0.08895108367341167,-0.2299461532750587,-0.03700150805735667,0.0671932477268257,
-0.10266858884246675,0.05499553962009665,0.05468094689521753,0.12693520145305343,0.08718107624100067,-0.3391586039556381,-0.11803845058734067,-0.19995173496956212,-0.2264820461727932,0.015012775407282587,-0.07485315282744345,-0.1286058917204989,
0.39496571487359705,0.3204314792128978,0.3539964337209788,0.31295955476773624,0.24867444032196728,0.22526164110607005,0.40491040081547136,0.39121363860962405,0.38533499678191163,0.3321688339080975,0.3590057959795676,0.4380074795136337,
0.01815501897623524,-0.10589941591929083,-0.10024273271395316,-0.2175044241754415,-0.0694329279602017,0.040443745790906524,0.0600378271604788,-0.23746453372406548,-0.2768125951739886,-0.1693476740836538,-0.044651992975525766,-0.030255039541159125,
0.10198641063451075,-0.3223274937814705,0.04296177803232087,-0.021067765759335118,-0.33701973803176993,0.05636040875397672,-0.2330579641271682,0.06728285861236477,-0.10161203618412196,-0.11458811081417293,-0.049745467087702194,-0.19605097780747974,
-0.17925656601032333,-0.008279644643040335,-0.30790665882128493,-0.030592999806192418,0.03264281462220781,-0.0020946227584330594,-0.0918453035649932,-0.028961016252430097,-0.2421915730170307,-0.03497894805213432,0.03302262541065553,-0.2985671265602106,
-0.047185578719888314,-0.24663592002564813,0.046274866308051076,-0.18196981600246337,0.057314613124704046,-0.28610133505478696,-0.15454647236638372,0.0078049125945951385,0.03181924277241186,-0.1042568021105177,-0.08671802421260892,-0.1365308538248462,
-0.013293386696022523,-0.001302253909000463,-0.10666186363941345,-0.10307170422997851,0.06740815427432631,0.10896992379359559,0.19848761110006688,0.12358994520351926,0.2353210784590934,0.2760993685436939,0.13229312438544155,0.2474553828695869,
0.017308948451126942,0.1186207801089771,0.16395821526112317,-0.17585192504126743,-0.148050825291905,0.03397630255075434,-0.28644720464950607,-0.103752594341062,0.007694118727744076,-0.29406913577040283,-0.1773589219078035,-0.12446901952477722,
-0.06235588990820479,0.010934571102382164,-0.1755517469630025,-0.2082609469294045,-0.1905871970661543,-0.27430825654784685,-0.10543048635054698,-0.2657647235937731,0.020679737910082003,0.09729604058271617,-0.11002703439646887,0.08803151326858974,
0.13531130461224433,0.03218578990381889,-0.12088138210996088,0.07162190281025181,-0.04768052994781845,0.005817206668367278,-0.2956937860539052,-0.08106760671396249,-0.07574029998608477,-0.03616611048345651,-0.23200573645008732,-0.2666528969174776,
0.09011771204185938,-0.02367438020802881,0.03966460318628667,-0.08141320144416941,-0.32519723277233,0.03346606717236252,-0.15005194095640148,0.038276901809654214,-0.2717645458341646,-0.0028692451562641634,-0.1880415543896981,-0.2981253650058051,
-0.25765308899700523,0.1714365837739159,0.07423609387414112,0.12494033843998396,-0.036455528115419474,-0.1958513264359973,0.06699173078330227,-0.2699319570634472,-0.07564015695371193,-0.24370628187726287,-0.14727354995087696,0.05319304145397978,
0.4502904286048026,0.4320659109758546,0.4750912844990649,0.495585229642486,0.6183919406011052,0.6132127638542308,0.4725900216578533,0.5148334613978862,0.5131530146489591,0.602458556853805,0.5409168188853892,0.4831699736282961,
-0.24179389433789572,5.916054414658269E-4,0.011753843657319787,0.020973381143320775,-0.1659358420605886,0.0023653508734122132,-0.18730642758892457,-0.09726994974444324,-0.1278059282578604,-0.07320983278948917,-0.16751223163915907,-0.19968312375452327,
-0.061607475971559994,-0.32351398837902035,-0.19625822263654621,-0.16726982187484105,-0.15584211270435316,-0.058396962046638974,-0.0733837604899276,-0.131985507486358,0.05150212662704205,0.03744380222458436,-0.028677787554775694,-0.08225437596544607,
-0.3214651029944939,-0.2729752186275277,-0.15795031533139509,-0.1578575340458926,-0.13941653015448285,0.09437196680075095,0.01730154856901835,-0.12144998337313775,0.08282644166558946,-0.333304757001341,-0.018000257413219648,0.12647706771763118,
