# Pesos da Rede Treinada TxH=  0.7 TxOut=0.04
12,13,12
12,13
-0.2501858843661121,-0.1733637146968971,0.31675236362027714,0.4403628001138254,0.1488002596718998,0.3336407308401376,0.1344676788291322,-0.5128296259535209,-0.2773453787816211,-0.3371384339512825,-0.518320641061325,-0.26357474950305304,0.28468733648833083,
-0.47599888138578794,-0.22052823357133186,0.24294620063108868,0.4112119228962994,0.47042627715199264,0.31244546001603485,0.5055367828323668,-0.11804872725545179,-0.2870415130235512,-0.46021604870799976,-0.544425095740671,-0.38207260734333004,0.39927917373731636,
-0.3320501090475639,-0.6192441805084817,0.17118062582952642,0.5360234952965077,0.12304858483570608,0.3590729670123177,0.5156275736626822,-0.18418089524076403,-0.2857861909089226,-0.3375788567716341,-0.4333905616486949,-0.4259508876222725,0.42035784312069663,
-0.5104545755905127,-0.5432984260876798,0.538121907683455,0.19813736997306114,0.4671932006346508,0.5321024232824646,0.5670372466468399,-0.3309728139526342,-0.4759201519288259,-0.2715278959321331,-0.6104431995662992,-0.25209380051099617,0.17499189953341868,
-0.44456696070174173,-0.41141070086909315,0.40615884475722996,0.20193047505681744,0.47235109400363856,0.5058489421581532,0.5138567538596074,-0.5780389595598877,-0.4890421541374687,-0.21702705900193187,-0.1562710760124803,-0.19001564934274923,0.4492789423503414,
-0.1813044584212125,-0.23752245045935866,0.018782158073760016,0.0347018928146834,0.35569498666543264,0.04488432931447953,0.43623091000237313,-0.12732857030126105,-0.5787134038557143,-0.20523036555966184,-0.23237244975980928,-0.2705080910394976,0.022565080839421315,
-0.35194694592955633,-0.5365402644058836,0.32477569064373074,0.23464331659470006,0.1240597761766781,0.07755311422041211,0.3550011690085256,-0.5281324495549828,-0.27962530547351,-0.19714048799758313,-0.2130492160375323,-0.2669781387971172,0.5372059009504176,
-0.26914088337176345,-0.2721092497178576,0.444496498367598,0.25463652684546834,0.48304887764440607,0.22374190028769445,0.10650808791215356,-0.22539299837498206,-0.4034820087114395,-0.1805741586748788,-0.20904936236718927,-0.4086227059014401,0.08408581657255615,
-0.3732586341334134,-0.14473909196807538,0.19916872358097484,0.4621552292610906,-0.03305308422292309,0.11526270298596017,0.4676538673221537,-0.5332876777745874,-0.4479878635662738,-0.31471133620815167,-0.15787401642915652,-0.21558324376782476,0.27165451976679306,
-0.5115485915556873,-0.19617971123258338,0.49504679440908667,0.46668402799853687,0.4617094835326854,0.3479182283247641,0.2363622586530904,-0.20406872023489736,-0.204335279810836,-0.33281556175763094,-0.4834446787843056,-0.44165713622673786,0.20389754810537727,
-0.368278958097453,-0.44038469553744103,0.3296747579582559,0.27727375055555525,0.4403123111854203,0.35426475884295433,0.32632917774725895,-0.48209267391668287,-0.26175937127869536,-0.5451986695452928,-0.46573964064872186,-0.47668007796368794,0.48568181610623373,
-0.28451418786387267,-0.5902184007681797,0.34843953726400667,0.4764571392789945,0.06575586540388062,0.3557643827309541,0.061233898805342704,-0.5229769491319151,-0.5430103186493616,-0.4974514112187172,-0.23658859328029683,-0.22600122319629007,0.29403096663512696,
13,12
-0.062019637837839564,0.0417215578304972,-0.26156575117024816,-0.11957131756101197,-0.12387237273335547,-0.4142911379198033,-0.21356084450680402,-0.10108356344477237,-0.35731263436589267,-0.1336759442340853,-0.27489486691663106,0.07267207801782642,
-0.0583130523727399,-0.13769155526430546,-0.10608614473123996,-0.21401967079120493,-0.2765913381408028,-0.20716483079436177,-0.2342457884697191,-0.17815656547801112,-0.29904495370283396,-0.048270846993793796,-0.3371492790629771,-0.23904372103347862,
-0.028790602695425455,0.003579641338589055,-0.0629626760161881,0.02007108083620701,0.23549941583068798,0.20311819007770623,0.20722285158834047,0.10560926079962737,0.3148782480273591,0.3160506843432832,0.2994337650376253,0.12850033214491796,
0.4345611278462046,0.17579773637628743,0.3080702978336313,-0.10524059369312602,0.22386659998394826,-0.004196709509713964,0.15651625222576376,0.22881806191249668,0.278853351899294,-0.00360873530808234,0.1551845871351738,0.10355727707338261,
-0.007712464761307506,0.05459205757537655,0.12267023018190894,0.17625702361952242,0.24153269672687414,0.025868929811919326,0.11065978949866397,0.15120875522172686,-0.14712147468214462,0.3621485072604992,0.11948370369518761,0.10074405540614204,
0.06809976854051662,-0.030946962580001094,0.23911957684252297,0.2770489768163338,-0.164095770426307,0.059180577804828,0.1722332374601917,0.07466747753821555,0.24142922636161418,0.17730364567560541,0.04792351698254468,0.205823459784865,
0.1802370692799662,0.2605213870331256,0.14019067163821725,0.19171633372866445,0.2351615643482338,0.21317162272937587,0.004177488137105178,0.33293920292113716,-0.0350385440937494,0.03540965077526543,0.24664844773665842,0.2503112785684182,
-0.15027837359050913,-0.08090791150033019,-0.3048301294241565,-0.06862645257490982,-0.15418843617235226,-0.07500475317871291,0.010367678113757807,-0.24995583586520334,0.010489413297262095,-0.42429154517065515,-0.16748542631687788,-0.09537163216238682,
-0.39633842856480017,-0.29867263522628024,-0.271538475508125,-0.27284768936276094,-0.15559675302713338,-0.2671789867957056,-0.25051050550286996,-0.29517403081927907,0.01622476923034904,-0.10908893289715413,-0.1469923882126832,-0.227191506537883,
-0.1571869675932073,0.053215207825051215,0.051667598966916695,-0.20049852997868536,0.045703198344503745,-0.12743760101980056,-0.040364634186851635,-0.15538337458361443,-0.12608881344858533,-0.11906670815654273,-0.16331792742825066,-0.1572212740474225,
-0.029061344915790783,-0.19580103317365488,-0.09512494596495691,-0.13116771428857527,-0.3202467010744441,-0.0758104032985967,-0.18283572668915526,-0.2793355857115056,-0.19548830985052879,-0.03796931698687613,-0.16100187631161142,-0.2083392108636276,
-0.2650884963718721,-0.2637991543888033,0.010126470657747043,0.042750727340543304,-0.031545080471698655,0.09989602260485332,-0.20174233431854868,0.11251911822521832,-0.23486127485991354,-0.3379056343273355,0.03991627719337706,-0.25496331043801,
0.16544666848708842,0.23682338136612882,0.021161310680625888,0.19899302243018754,0.039292170401305455,0.3170968419989852,0.19480037087547378,-0.05338850939712112,0.2115232132751633,0.033730539153733446,-0.0024640472566713712,0.0854477497345383,
