# Pesos da Rede Treinada TxH=  0.6 TxOut=0.07
12,22,12
12,22
-0.6056212015093487,-0.2169389458817516,0.1569071266348411,-0.4913455264846099,-0.05735240585768109,-0.5454462974989127,-0.28059668426780193,-0.3890367104653517,-0.5375894033191462,-0.672196310897433,-0.44295420780100836,-0.6930826797106663,-0.5883097712971102,-0.123371340700784,-0.31727145038476867,-0.3727806174000748,-0.564360325043884,-0.6900740439931004,-0.3315431737195877,-0.44089576970654315,-0.7171120758253815,2.026235262159821,
0.05524927237435541,-0.15739559791608113,-0.9326584920197535,0.03407232820401688,-1.0078683771082178,-0.14722055582320184,0.15503133556107163,0.06341284388407673,-0.13615101196049695,0.2472072600061437,-0.10630493135474811,0.02202355527611651,0.09080111768392031,-0.027125185662044936,-0.10579081385947046,0.3130360023033371,0.19092068885653696,-0.1917800418727653,0.03114647386322189,0.36538727509407426,0.29929810616650365,0.8100740467792669,
0.19661876639726703,0.2399509777380363,-0.9817948147296186,0.0881918572709558,-1.5494957866058894,0.32268788659517955,0.15197892873934263,0.1775384337980071,0.18537702592161917,0.30492951259518664,0.23869853748359146,0.04411971940763058,0.22977304065902662,0.37702888877946034,0.2657887185351229,0.21648290309274398,0.2727462754434644,-0.0587776251888511,0.3861895716719148,0.013204320307315392,0.2674117289626189,0.9235406250632836,
-0.1598293971374359,-0.048994752918071316,-0.3213872089758117,-0.16580676708665934,-0.8341268381132496,-0.09516704538427424,-0.08310294629171111,-0.13329045544205434,-0.44984481583360003,-0.09217814159207473,-0.07188897386866334,-0.4910735431270076,-0.2257639555624105,0.09349746497941624,-0.42564181831660275,-0.2953840783781172,0.11037335765284492,-0.4273818817317814,-0.14683283287691856,-0.017892731132265915,0.09878182888211792,1.6625485528776327,
-0.4032659069672984,-0.49957070094560496,-0.3125865902928531,-0.05574086322857642,-0.38735928283318855,-0.09239573420122754,-0.564052106251061,-0.23835741469076724,-0.524379776892874,-0.21388702309697288,-0.4465074155532095,-0.3342892139411931,-0.11551667440158811,-0.3468485942721044,-0.3350815831498186,-0.2859765561135457,-0.2722414127489557,-0.6160209946817612,-0.10154653759149403,-0.029654028272179903,-0.14817280847092212,1.7277129256580945,
-0.4655375430254749,-0.3499859221079397,-0.5977816162341211,-0.4423444675766207,-0.34950682543340417,-0.36175533920329217,-0.2245048859002519,-0.589320053000818,-0.2515248469403595,-0.5969695231356608,-0.2651776037462157,-0.4401980541974039,-0.584965814250845,-0.5388129614626878,-0.38747467828415183,-0.3927138381000618,-0.4124692975837771,-0.47806607509436844,-0.6376919618682403,-0.6854826593866972,-0.49630166433690504,1.6463525835011106,
-0.6550224205141826,-0.7797895661226469,-0.44527650104201366,-0.5324242511190465,-0.13372095656315305,-0.37677051731275596,-0.5732588641804762,-0.5113893293025168,-0.5738324534834789,-0.7277647700842004,-0.736181465672344,-0.85455229368342,-0.5329763331049948,-0.5977371447517249,-0.6373617033922385,-0.8385289211828986,-0.7038858308578471,-0.8798311286255439,-0.6491084810952857,-0.5541290841996814,-0.5376604508154856,2.3408145326958394,
-0.12505434965553622,-0.30297817959897994,-0.9482864926815248,-0.30461551972218054,-1.0440837774045115,-0.375772579430914,-0.4787994334526145,-0.26171676958023893,-0.30575058603496347,-0.19972845780852294,-0.33794770258444456,-0.4339233037417323,-0.19493500288924176,-0.3990767290031791,-0.08814129196884653,-0.4685707850359295,-0.46417270887536805,-0.36600295473670297,-0.2463916651712435,-0.3540819389633687,-0.04269019597268718,1.3953743620449484,
-0.5136921328443438,-0.4835022051734012,-0.44436231732604475,-0.46748797364290884,-0.9318206923034505,-0.3688775558408047,-0.734439357635832,-0.27950975076368567,-0.38193110824596926,-0.3077934017472209,-0.5071226033625885,-0.2099817143998926,-0.2621412579043441,-0.6909287450429891,-0.6114333023481402,-0.6380941645159193,-0.4470407054221025,-0.5852956058793407,-0.7125853281348283,-0.6061370045920909,-0.7569120451373891,1.5552238624532757,
-0.3839278681211668,-0.45474219653824,-0.47131157770590737,-0.42027840260603444,-0.5531893879741855,-0.6553430399598552,-0.5855417586539816,-0.5268720452764346,-0.5271478571933713,-0.4962237132230482,-0.46279585972838055,-0.29236260450666335,-0.3616694849631088,-0.5474656664636747,-0.5232384946927578,-0.31752989531903064,-0.7391578394679775,-0.41794185023462527,-0.6082411766792687,-0.5603473815722546,-0.6133638368967785,1.5218440318216067,
-0.4352965418347989,-0.6563987188432784,-0.31202458388501814,-0.6812081500511108,-0.685505760179606,-0.6219156829758322,-0.5528057638777367,-0.7754043381159698,-0.2817894606382241,-0.8156509196107912,-0.617932374564899,-0.290748876614863,-0.7201511162339033,-0.3633302727249144,-0.34658737795650957,-0.3487628490247456,-0.3973088988548428,-0.44432061551044366,-0.518707131362942,-0.7240014539659894,-0.7061915489162184,1.6615664598999023,
-0.5349379724343719,-0.2575323323040725,-0.5315523375470008,-0.47034763916708355,-1.0320716058411188,-0.5990222677500047,-0.23045090823441086,-0.4687832263008441,-0.25773620323125,-0.5676487869569836,-0.2563403739750755,-0.4570294233124996,-0.6378964478907118,-0.6711188053318087,-0.5648843844500744,-0.43123637055343633,-0.4034641214167293,-0.517520963659704,-0.39176901690176125,-0.28936382360014756,-0.5231474707083231,1.8483329133046187,
22,12
-0.22260503860047876,-0.21312885848331056,-0.18421784583251594,-0.15408456393774062,-0.0358518409948888,-0.16505325864489062,-0.08188805612905499,-0.04648884433760441,-0.1670849255938391,-0.14560271980538025,-0.24623958687045847,0.0887619315114789,
-0.2952494201703072,-0.19528772768683542,-0.2008273151229643,-0.3672757487136057,-0.31374670268014787,-0.011861528095794261,-0.1422714469545487,-0.00991807027495367,-0.03584281854425181,0.040499884695418806,-0.19458966718393778,0.10003449623674596,
0.07569867711899897,0.1341698805993905,0.09462881739010359,-0.21965844009183527,-0.24888846159876818,0.07659651467351865,0.005411034615777831,0.04192015943328084,0.05336261429676047,0.09887975048202817,0.0617464508758491,-0.17549588811505168,
-0.24243244868766906,-0.27729004794971346,-0.028379763015467133,0.047964288813809715,-0.0656084517380778,-0.1656889574473565,-0.17389503505436998,-0.09667154429197022,-0.034886223625198866,-0.05237583128492432,-0.31057148276212876,-0.09971054017180192,
0.11670470841115121,-0.0946968732745714,0.022678110668716594,0.12077255022654963,0.1500225122185357,0.1236796281789515,0.16913528664906133,0.17932283158668466,0.22315128974926352,0.08649485068265665,0.08985529616291886,0.17790439127332344,
-0.2550207251443399,-0.17665034718092615,-0.09335877708787102,-0.039527637737593393,-0.23799047744612234,-0.24148205396379116,0.04398648797430728,-0.1166616500588385,-0.23776122910212633,0.02594213131711262,0.05133267960589122,-0.23797150186562296,
-0.15361545889962525,0.05975645708287899,-0.11199275688306455,-0.17778748192456598,0.006240700241762003,-0.10763168373706283,0.033745313369024206,-0.3265256087618384,-0.352526970773215,-0.02550128955538413,-0.1772407466153742,0.027166676988996916,
0.05409386961659317,-0.15622752881773447,-0.010277314283889878,-0.08228493987561127,-0.10299210859856525,0.007770076516996282,-0.2190501827243997,-0.13389738683774427,-0.12814730404455343,-0.1538920388308196,-0.21720174544689785,-0.3355705212153866,
-0.13810108898301893,-0.1447682395379379,-0.25924024124499023,-0.011777567244198367,-0.2389704060176987,-0.3038899076474712,0.02313924216518775,-0.10378581938535629,0.08135500899283579,-0.2547403791955328,0.07702620143521516,-0.1059342207030883,
0.05851639921410745,-0.14205528251796906,-0.14786363720068596,-0.19109878061667995,-0.23701908606842753,0.08206090812715204,-0.04508464024162933,-0.371956966389851,0.016779750197893413,-0.2844809216851157,-0.3073850916028219,-0.11983674546049801,
-0.17841515092282687,-0.2777131116594084,-0.03540814638769525,-0.034382667865907456,-0.2340557979378498,-0.1261176551504287,-0.2818135467553038,0.05515945861519124,-0.3033733292284508,-0.039679153080587864,0.026283952943947763,-0.09019904917192721,
0.13606080390016512,-0.03499847059249728,-0.3139383729329677,-0.051679272388332254,-0.285991062971474,-0.04250539898621078,-0.18215690420777012,-0.4322020365906708,0.029226722789631888,-0.010018361437951505,0.06068771559140793,-0.2072486438316842,
-0.25856023300440345,-0.15198613509818382,0.006201061855614706,-0.19365150652975263,-0.02639240660782854,-0.17419560688553165,0.013962096419775838,-0.0486921983714422,0.03859307666550241,-0.3465176677783883,-0.1253249475844015,-0.2599419969182944,
-0.1045196308117446,-0.18126899658078474,-0.07508562673740173,-0.17037505844997541,-0.08617049852236228,0.0014726057471498672,-0.17405784475937774,-0.054297519522765625,-0.21263107206226317,-0.09528347791164046,-0.003459762992440572,-0.3679655129699131,
0.06885041912331742,0.009487597351066208,-0.30333436580260764,-0.1638059456950061,-0.35921268778787646,0.0431850763244577,-0.16487723131790508,-0.15417461647092512,-0.1577684638447696,-0.1327887419761477,-0.10108125593546213,0.02699224863555108,
-0.18590306032137524,-0.07798480721597922,0.02567051790437112,-0.22250809733511193,0.1497111800991201,-0.08930166121608255,-0.33516507808271556,0.016743239426234076,-0.0014706813730248872,-0.30028511258436724,-0.150591811619285,-0.2840034378389635,
0.007604672749257707,-0.16252635652056818,-0.0018340748061105383,-0.11461879882082346,0.12152013234556396,-0.2127551593246239,-0.18178047502096764,-0.004614473720746779,-0.30041517867395207,-0.30644446391695174,-0.2591203150265797,-0.037778113887482354,
-0.256935237729733,-0.027187709563253434,-0.26422901479888783,-0.34202476835966605,0.06705044497814193,-0.3262260161627836,-0.18855605466267975,0.01483971754022976,-0.09778439450264145,0.09095911061983222,0.12898462386458606,-0.11322008253146065,
-0.21282111645809138,-0.22533725776391786,8.218968920757782E-4,0.1954506081527176,-0.04609581956521934,0.09793055201840328,0.006032451438930579,-0.146926359580951,-0.2072991976616043,-0.3430170066846621,-0.3179313037316229,-0.25153941883000647,
-0.28467630334661825,0.18330724636555054,-0.10513447091018246,0.19781651896742064,-0.11330012183395317,-0.3417572756638364,-0.1470141997235216,-0.19602531207766052,-0.33366022263124734,-0.04002437051941408,-0.16838878747764405,0.09360166974016992,
0.025570362537617672,0.10683445919605938,-0.06455566088154148,-0.04148204060979326,0.022686013875985258,-0.2284857433920462,-0.18758092860272702,-0.2880846917396309,-0.12003170863136989,-0.27557677683431114,-0.32256071191404834,-0.08233467314338358,
0.8417455367321983,0.7551352097824601,0.7760683957765677,0.7445295255650286,0.8160710641669716,0.8103142468067005,0.8441026173763879,0.8738327645855555,0.8835556491815857,0.9434727006688306,0.9238652098471416,0.8667161373534605,
