# Pesos da Rede Treinada TxH=  0.4 TxOut=0.04
12,13,12
12,13
1.1856820139731872,-0.3887476205891141,1.1440860497522174,-0.7561807102743774,-0.609979588181526,-0.7240718285713317,-0.374141059137255,-0.5670615777151935,-0.6076487425258329,0.08953325451991485,0.8933048833075213,-0.3643220268686672,-0.8246775803414756,
-2.0725151418736,1.0258282322447334,-2.3194525466904308,1.9746987936843357,1.7883317526756588,2.0253090711575488,1.929261067380842,1.8735363407462176,1.7623815110057155,-0.5674619794755152,-2.5253127726918136,1.685616403940802,2.1514427831286653,
-1.8757562435665984,0.8678639428292695,-3.010227561711456,2.111158305801867,1.6689582606341689,2.2950784774514763,1.9108870704331113,1.8832931723841742,2.242310902240766,-0.6077545501205998,-2.704894649545242,2.172613569666477,2.3876335070117367,
-0.824165888102268,0.007212655004950034,-0.6933640110606325,0.49421594729321866,0.5068307911486047,0.4624019002071117,0.3679098944248314,0.4328352294995722,0.7945940722991955,-0.6983678794374827,-0.8246547143236647,0.7117989747210116,0.7372806209032998,
0.04565344179877008,-0.057411330097047214,0.20578629562490025,0.015942475845053573,-0.014598673490203874,-0.2923069760340188,0.07756558923574008,0.04263713538673422,0.11915005393264605,-0.5462931955325026,0.2126560770778584,0.22725888642799774,-0.33893627629525336,
0.6649418597651103,-0.7521463201960441,0.6381346940126841,-0.39006115293849447,-0.8138123514028461,-0.6662705034565257,-0.6295664566568855,-0.6446487418584693,-0.4735876659593822,-0.15385666056070596,0.8684301226138524,-0.7963213859337593,-0.6537752391775573,
1.4215877183436432,-0.8518758838399737,1.7585879533078992,-1.4214305056312868,-1.6683454705774765,-1.509318245527431,-1.7100524525770646,-1.5154452503999527,-1.740520139795437,-0.0514833630261091,2.095096483791907,-1.6346631973562231,-1.8984069576038063,
-0.34561688814154184,0.11465134911797657,-0.3995969343791406,0.06615297198657455,0.5063874535333943,0.5700723259016687,0.39691459096142884,0.17746203736613012,0.058385799344716244,-0.5746332940477282,-0.7559563194922547,0.15370157879046317,0.09556380777549359,
1.0301018080596112,-0.4659780267731808,1.1432521625453809,-1.1235114299442648,-1.191316260075455,-1.114118012417652,-1.1138315623850554,-0.927325440063891,-1.401120260677356,-0.01492192227573988,1.494329584998401,-1.18321866470549,-1.0182650063561176,
0.7449990064947991,-0.5975482294333878,1.474144973134973,-1.3029894981716634,-0.9351609563393033,-1.2622721738345992,-1.2207310198745744,-1.1013700606734151,-1.1817706702412605,-0.2648897921104927,1.2115794222189284,-1.2485174564858046,-1.0541242097003294,
1.0566777319175304,-0.9075469561423537,1.3485444940951832,-1.15129418576126,-0.7431772797750051,-1.2513588076367774,-1.0708151425143233,-1.2068391200486965,-0.9917761562395,-0.1588004770662667,1.542012325731818,-1.0935551409981419,-0.9983366702584094,
0.4230132880308429,-0.88548201322985,0.9920211457978031,-0.7557680993860854,-1.0275347185286186,-0.8390488933979441,-0.8926044211916571,-0.728099708512738,-0.6687413577517948,-0.3844326930555987,0.9707261693176847,-0.8614370843441793,-1.0329361166076831,
13,12
0.4252920955492863,0.2842505967937621,0.0048847364167761385,0.32048985358607596,0.21550623195142707,0.2522200165904253,0.12098879997135334,0.21146843744545776,0.364300051501611,0.444170444249604,0.3965348766314268,0.08312850500620292,
0.006834957525187395,-0.2500093499080023,-0.11410074849991456,-0.06356057710176391,-0.293427314048955,-0.12824894314027951,-0.25152534739341986,-0.13305728237015818,0.09842145088577957,0.027412693805842915,-0.08453341367157244,-0.07021592950578923,
0.3577017162371305,0.286013953039947,0.5265094305210527,0.1422514403035382,0.22235676121648593,0.3799525574207346,0.5126080590362582,0.4034547247970274,0.3451850645149176,0.44901405016910123,0.15411150117410818,0.4975771357623648,
-0.03730536053545315,0.18385617380034086,-0.109362546820476,-0.27148221084575425,-0.21420013643521046,0.07552563602237915,-0.06894567703587241,-0.2772334434307124,-0.24212782446135958,-0.1711027295944142,-0.3307454855484247,-0.03221858895593487,
-0.2736920231669129,-0.15368327010576757,-0.3145107368480695,-0.0358015550578056,-0.16956504398418729,-0.27182117567806696,-0.010389967045331636,-0.08513976451990085,-0.008918944057860062,-0.026184938217175317,-0.19473019092996882,-0.19095070265191746,
-0.3549073523729116,-0.04243038684584129,-0.21916811853912863,-0.04235938235209569,-0.1763839117169422,-0.2379614984162929,-0.30136426593875165,-0.16598093436188563,-0.04739063541866746,-0.1587517343715169,-0.05882496998085354,-0.0467959097587305,
-0.22469610427486011,-0.04447497214495967,-0.07761948553615074,-0.18873172331243315,-0.10967778480742701,-0.23001009316749924,-0.28206715207667127,0.025515700077335404,-0.209783271267645,-0.2240619077068455,-0.03350236625313474,-0.05955240495867566,
-0.03489830396368897,-0.27984869058745526,0.06249523761276988,0.035411486563452985,-0.11358716323591397,-0.1751811582898104,-0.006444871769007376,-0.32940011986805257,-0.14151617649394518,-0.2712708118574429,-0.05787574689625865,-0.16233127262388247,
0.04173683424422279,-0.11395598717670485,0.05787096140346725,0.1022732628991666,-0.024790319762580403,0.04574163543588606,-0.2731329937112642,-0.3146420364767293,-0.1845565050272871,-0.20456381573124316,-0.2702222905558836,-0.19210595227492083,
-0.1029041775354301,-0.04431683718469196,-0.15122301868845406,-0.36011477118516394,-0.17385763174254715,-0.06861256116223328,0.1739230103501414,0.008935696408689993,0.14069806235445928,0.045735885228266465,0.1271845121233779,0.07911438515196859,
0.21522261191724693,0.29771610342627136,0.3675718450558089,0.4392239820045902,0.5193086935807714,0.3196524074002661,0.37526224921340984,0.4222439120422311,0.35716733156838426,0.2192917016613285,0.5283592903634602,0.44671331761317407,
-0.24821667623499313,-0.13034726109476674,0.04119742960420037,-0.0346730621407253,0.18396914969892197,0.01310046025349846,-0.20613095407783685,0.11928050219177348,-0.2801294268427704,-0.12261585977688295,-0.33573669634584663,-0.37376359281070864,
8.615358477512087E-4,-0.17593142624724986,-0.28526316224842757,-0.2531707059730483,-0.08344927493860888,-0.1660712912330773,0.005484352582784616,-0.10149961205928341,-0.3980810939636648,-0.2286811958672929,-0.0511627482755322,-0.1724176301782945,
