# Pesos da Rede Treinada TxH=  0.6 TxOut=0.05
12,27,12
12,27
0.0088909866717689,-0.25214913893347335,-0.22060374613811226,-0.4514502053700287,-0.03259661756966178,-0.30223317511509845,-0.4659107934577065,-0.07592997023001571,-0.3513190050250351,-0.07575191128564694,-0.09360765742025737,-0.1677850084981914,0.0030716816472804993,-0.44252193033847614,-0.3967356274194833,-0.04304282965211855,-0.15473593597806928,0.0049912400207720725,-0.24151892422718624,-0.2516019162050083,-0.2673327065322085,-0.10745880681971197,2.3727089324672668,-0.35115387003828824,-0.31435824319949385,-0.6047477493559471,-0.07742292661797737,
0.6213861448741518,0.6767162998606248,0.7727660969677803,-1.1031650981072425,0.5048833320960707,0.6071381687568627,-0.8162439710221289,0.49984476270487876,0.8535914479037263,0.4903516030174254,1.0600799588091478,0.46360893724678975,0.7400074864827938,0.8055914336146762,0.9587083481677523,0.4778468694763718,0.6508934827331865,0.3630212968604977,0.3658057339856157,0.5709838802398227,0.525346173295721,0.8017356094811776,1.7209706907204747,0.9696881983369402,0.8376247445766193,-0.9007925470988106,0.2685912739518447,
0.29193851721786024,0.4461543736695116,0.6099733774248165,-0.979779342687412,0.8458003928159425,0.7999015384540993,-0.8288828580897661,0.7846093675885332,0.6757876600369005,0.5261162960195964,0.8747384181019995,0.32584494049979706,0.693463602342406,0.7479049039741338,0.6434327951567077,0.8396932765785806,0.6772795133028447,0.3943833263303883,0.6095595597018441,0.48437297583867045,0.8227692975854203,0.5827693488548249,1.9281196142671493,0.8074082985402404,0.4644323922153533,-0.6488751894478034,0.4959947309565697,
0.4366939392799953,0.6657719747454771,0.29873388077655705,-0.6817762941007122,0.34036093734269757,0.3602361285322473,-0.7456346143504365,0.7596310452052776,0.7097697224221148,0.28300006111358234,0.5695309389210709,0.12778981173813775,0.6764967030720902,0.3189659368746743,0.6095236749901808,0.724258991728311,0.4480360062571162,0.4420306334952363,0.32413518043748113,0.5859946362130934,0.2694850978928837,0.36132480988346927,1.7856632183135546,0.7788479943924259,0.6286867829300116,-0.5590489449818377,0.12196668510727947,
0.06817683104202223,0.27744610635809624,0.5296870050019119,-0.6789706262029743,0.3333474889085045,0.533216035891605,-0.6840886651680738,0.36183133689053715,0.3906191170239355,0.060315107894777974,0.256430340785716,0.2705202703424192,0.12496801617155719,0.16173700803905133,0.20736735819456695,0.24934813206221845,0.22039846934669108,0.21983930875431654,0.07216966237205179,0.24826906141626942,0.38608670226842473,0.30180093541659037,2.3263510163872274,0.5644572440268089,0.38599267903241324,-0.7686130520940694,0.10976951707456568,
-0.24356425186947747,-0.20820837654972507,-0.30695073766663805,-0.37544619688675485,-0.6054388152841808,-0.3884689978360037,-0.3644302620076642,-0.20986533048785452,-0.6195628848116247,-0.4927238622082645,-0.24864507827811028,-0.17764902387973688,-0.4992920871569359,-0.3284224373130532,-0.4787904269631871,-0.5343557912117798,-0.4102989593201266,-0.4407102758861863,-0.5548899051097855,-0.5247957863283754,-0.42774278786049513,-0.5308963223438171,2.153370282865121,-0.28603718116037435,-0.5412518421360377,-0.6067788721586626,-0.2744352109313027,
-0.4913145350694779,-0.6111034875752042,-0.49208469953163614,-0.6582892084207069,-0.6195632417219883,-0.5294625748616943,-0.519390190887823,-0.8283114339745741,-0.5274558124062158,-0.7755218737009304,-0.40244769622655846,-0.6854090315191478,-0.7868259405053334,-0.5162164097372791,-0.4387104949890256,-0.5842468006504901,-0.6890683151669259,-0.7331897871538586,-0.40453883278746416,-0.7424985976225784,-0.7123415254070219,-0.5648867000489033,2.398151727656853,-0.9097887509414804,-0.4272391845926629,-0.5212494276837233,-0.4144348558601004,
-0.11027458170256574,-0.12811004894548997,-0.5112676698104358,-0.8507648375415818,-0.5316830383577017,-0.20923255668634805,-0.6831189825127215,-0.30901368974091936,-0.4424017635588738,-0.45488269554899646,-0.5236738298825985,-0.24493374639263585,-0.49815014117046985,-0.39383914603727355,-0.43603872326741505,-0.41533009829696427,-0.31614620279111705,-0.23966540400514208,-0.24570315204826593,-0.037129993462188385,-0.4799252167794533,-0.6022013757013768,2.442543983043532,-0.45386410547531425,-0.4870370705784721,-0.9733689263069415,-0.3710319205059005,
-0.8821604823423513,-0.8951207048972708,-0.7505176164689349,-0.5744195541627968,-0.686907306313541,-0.7348864948717482,-0.6094278885710359,-0.8786880587524045,-1.091521175083328,-0.5069401278097212,-1.1425510400994747,-0.5560749557862505,-0.6483785678257907,-0.8508195346999294,-1.1113854426333958,-0.7013547911138902,-0.770749789736391,-0.7996746911939202,-0.4857692389227791,-0.8445224093935854,-0.8548573381347367,-0.704502206848554,2.6243910022144488,-0.7817205029403401,-0.7874252066954862,-0.5171747668433284,-0.5167067590422642,
-0.8004509937195295,-0.7122434659546976,-0.8861071894635003,-0.6665623425733177,-0.5993256247799453,-1.029870048595238,-0.8871444839094411,-0.9556461910597939,-0.7793718580981548,-0.5927288359341113,-1.135315441335086,-0.5253979142434873,-0.6043680078123593,-0.7811490700345569,-0.6169711259544073,-0.7261156852512008,-0.5737546140721899,-0.8559924404815114,-0.9460047802339476,-0.6079427634942276,-0.9476027674115415,-0.8319616573615264,2.798942225343299,-0.804989823491544,-0.9347589688628645,-0.7828710851286559,-0.6813847301993534,
-0.8090092117869534,-0.8846651090855318,-0.8286582901828469,-0.6851291969740857,-0.6758309746194935,-1.1227362965891923,-0.606137023954786,-0.7196706344405827,-0.7500724579607281,-0.46757207701832293,-0.9618884402054363,-0.764279302615292,-0.848458846086324,-0.8943985585900688,-1.0028970740930832,-0.8662182060255931,-0.7748635371264081,-0.588920415413697,-0.5061557125898575,-0.814653101566645,-0.5527564511083115,-0.8210947686448852,2.684728619786599,-0.9272928603442163,-0.6198706048375903,-0.691527373397978,-0.7792155804937081,
-0.651624487519482,-0.7642858875842523,-0.5955015496330962,-0.3683907504943287,-0.7542236983107407,-0.4497393256827845,-0.8607768014623575,-0.7652061046484452,-0.4550091206699611,-0.5756473223373374,-0.4144433643350496,-0.6954582344310833,-0.7703284501158425,-0.41251525498036273,-0.42920048086851126,-0.8558772207524888,-0.7655348469143551,-0.386468306561383,-0.601564272969239,-0.5584351572650974,-0.29251872665644835,-0.3688396133732922,2.5580573333403023,-0.8542641007274935,-0.5212155743513623,-0.6859268498695187,-0.5770245930608497,
27,12
-0.18106776251284368,-0.03125592838078353,-0.21275320516755766,-0.026083248253911406,-0.026087568101262417,-0.13457461196551998,0.017213685123147613,-0.24313144546618026,0.028230823645470294,-0.23153731670514713,-0.16861310424826834,-0.05489896518655191,
-0.2710235665972038,-0.26815706907407216,-0.004054124837226168,0.14476462792846745,-0.06420540238952757,-0.20075596323447134,-0.2432987030217985,0.01286831925053764,-0.10041942113033368,-0.14338396691740202,-0.04065931306347898,-0.18986611858771277,
-0.1463484446655853,0.07032543026846871,-0.16419497561654617,0.17701165024135984,-0.035716797104819106,-0.058505264956212624,-0.2455648066178601,-0.14607301615394755,-0.21057280821046342,-0.045275357526390544,-0.28212928133169585,-0.1355381327915935,
0.49776710596717566,0.3418866768365358,0.15868744879925029,0.22310484402855646,0.30502789651252465,0.34864254673854367,0.28350448095600966,0.3117678840750841,0.42209813160770554,0.4915217930290238,0.3697085131384087,0.5369332583620332,
-0.18054377677217234,-0.1913107254576501,0.037726904308835275,-0.2280359431470697,0.0866042498597411,-0.22146245102655632,0.1396762670464085,-0.1439757246557945,-0.15599394099352396,-0.09424931492034323,-0.28791241815302326,-0.16141063163759495,
-0.22334262223150944,-0.24936196001288655,-0.18297234977038226,-0.0016438320129299674,0.0039033657087201943,-0.03614974129624445,-0.27133960208605695,-0.16849105702778974,-0.0050002290917099635,-0.08974811579356674,-0.2073204557089702,-0.13101042414615555,
0.3653017982110098,0.1657024723998017,0.3613816808885348,0.2856285346855329,0.3483046660025143,0.34241871974966537,0.4848624056939642,0.4672165707633823,0.43555996653353274,0.3425522755126571,0.5796901191320291,0.25798820545870127,
-0.05712253690498354,-0.05860213181396832,0.0569345065137117,-0.18809804626583618,-0.20450337193715806,-0.2111114361473064,-0.33684533021938273,-0.14685567120480705,-0.15066415519562867,-0.07155071408442323,0.06614830585178938,-0.20495234830584824,
-0.22972297695070396,-0.04090514039684241,-0.10757325645693648,-0.24041869685389183,0.03264698416160079,-0.2596004614824619,-0.13362173362309404,0.05999691847879178,-0.14475031448285197,-0.22480073332604505,-0.048446086296019125,-0.22089080451756923,
-0.048982603220829445,-0.20001559265061766,0.0818500333563217,-0.25428688408938144,-0.24917234733423588,-0.06847892902134683,0.05995269811718569,0.05019813857067058,-0.16684968567955252,-0.15494975844822362,-0.0915111052986318,-0.28607936201088396,
-0.15291062630061233,-0.06606280588432369,0.02145827144060002,0.07244087218030008,-0.1048619245951204,-0.07942462630451456,-0.15260119422052762,-0.2733714021780237,-0.11314922037228013,-0.2474730013301307,-0.26397150286427634,-0.05044697816265224,
-0.12475441015590914,-0.11392039525724594,-0.30095762748456395,0.08222890119478615,0.05449749925002659,-0.14363589603515242,0.0360497177524535,-0.24940670841910562,-0.09836737383026581,-0.11122281524141979,-0.11063735305731863,-0.09832551512210079,
-0.34704138500430914,-0.06874679896006419,-7.852325081288389E-4,-0.06532831909572369,-0.25304334011087004,-0.25837091502026366,-2.610127872813763E-4,-0.15032913959253166,-0.13194555280367068,-0.040032727792995514,0.017677369597239034,-0.22054873894972524,
0.024087501944719703,-0.12801219798405478,-0.3010307069013456,-0.24259643828936564,-0.33135424527260904,-0.026411167528568483,-0.28643376406594717,-0.08403912312830115,0.08169662998907161,-0.06097426903447696,-0.18652790463872287,-0.1971235876432662,
-0.03586361636858708,-0.2502306390678083,-0.26352088222250714,-0.28187426779296826,-0.1729645467735265,0.07943829586580856,-0.3026252103490981,-0.28274128972091767,-0.10256152010163189,0.022806610395941434,-0.21998499596257173,0.02558684832797947,
-0.16287597952539085,0.001617992166828467,-0.310395433633509,-0.05723329422330515,0.05915511502660023,-0.1767786176045018,0.019237881305182114,-0.22688029768875895,-0.21918623436069215,0.08216690232898308,-0.21811759272780884,-0.23384950138038663,
0.12626771983940427,0.013274222391586456,-0.1840586198661136,-0.13792045045133935,-0.10411433925545484,-0.26005482184971207,-0.09572405168116867,0.02458483345644665,-0.029884852817054282,-0.23031097877622717,-0.2506433188097139,-0.203969180671838,
-0.205947591542481,-0.06449660678741181,0.06551814550962284,-0.3176554382896307,-0.2365007869338626,0.14149453937332668,-0.12496004822342888,-0.1686346363731888,-0.33212088325029204,0.09288732071166172,-0.18927020730374408,-0.043937917683507396,
0.06795534097647575,0.07678957954732703,0.1283493372931019,-0.20460425803204113,-0.25790512766425505,-0.21862606197794357,-0.31898972511008045,0.10342718679399288,-0.005977140240403596,-0.05067444881190054,-0.2996092043469448,-0.267540212802384,
-0.28342347648568456,0.13889260640567808,-0.0944842803987486,-0.033174318224258474,-0.2718956150521629,-0.18470917521010466,-0.14164481601639325,-0.07590004310278219,-0.24832638157324746,-0.2932462047092124,0.16982666364785587,0.029761292054812306,
0.06928482984241871,-0.2595570581535563,-0.23035332403050357,-0.29592162112525566,-0.2867023214502276,0.04235049684398697,-0.07363356844595456,-0.010269009009030999,-0.17466839348026267,-0.30126494535575915,-0.010356754085878236,-0.09289343255017975,
0.004188849385384842,-0.248215840551084,-0.20796453933656125,-0.22432444607293434,-0.03808309183446981,0.11965522102642755,-0.11847855085007414,-0.2044635932636837,-0.09399197506934813,-0.14628020995743363,-0.17127676864468866,-0.1829916305379236,
1.0706666092422665,0.8947360890479339,1.001341731488391,0.970263122968068,1.036014389349791,1.0441775557677893,1.0932771728578112,1.1177441067950047,1.1092148238214092,1.1709798576372592,1.1507520311436958,1.117527927889647,
-0.11251252681584782,-0.09857108299490071,-0.19529554224415765,-0.12964159547111442,-0.2479807424638028,-0.04246807210637475,0.07463776366080223,-0.314942686515981,-0.24963131418226098,-0.1384613858374348,-0.2141398629698422,-0.032374296129705084,
-0.12892025356803205,-0.04813169935408471,-0.0862757915574356,0.06901864745056792,0.19849967326482096,-0.25313398732357334,-0.19207811945469982,-0.29531209820460935,-0.16177383654603728,-0.2998389886705386,0.0017050388869971089,0.03683981525878268,
0.16294713722462573,0.13864627194017404,0.3037208801451014,0.28530920416132577,0.15374489498680993,0.22753948966758858,0.41216325526341946,0.27546899966977273,0.27549201679379454,0.44996565164745556,0.4689025737937159,0.32914155605952783,
-0.18447323596645393,-0.11990543329981619,-0.03494035722091953,-0.04259144653482948,-0.12831322425075406,-0.18065641538291155,-0.17360259064601852,0.08490789571795784,-0.089484143100916,-0.2990031628849532,-0.07947996169309272,0.05371564753950356,
