# Pesos da Rede Treinada TxH=  0.30000000000000004 TxOut=0.04
12,18,12
12,18
-0.29850791864482057,-0.5622887325959639,0.8966238831282107,-0.3579976025850704,-0.2411891716321506,-0.5553408013000941,0.9703849717120177,-0.37597285090826316,-0.34777817809454536,-0.5126668303802504,-0.41328349643807677,-0.11570824876151728,0.8037286971320384,-0.4450691494406692,-0.4737794506575505,0.6534887161215136,-0.5372064289154609,-0.5717847896075754,
1.1430172714068527,0.9523136247465376,-1.6399571940947344,1.2833905138533017,1.295157904922563,0.7821731621455478,-1.8986200222604188,1.2297316128050202,1.286684013755783,0.3757800386637596,1.0062429334961325,-0.9021803694982587,-1.710855816303849,0.8205918449998137,1.125076581951274,-1.7309095936251135,1.232159425369312,0.9009568499773739,
1.0308481829786764,1.3234272170219006,-1.5284817899049836,1.2016079403742326,1.2208554826245175,0.8808825438209509,-2.112516983723768,1.3327847448429182,1.3673654793914816,0.30216801446166397,1.0545472216818312,-0.8903748648075742,-1.5005782709190945,0.8074459815681064,1.3985335861681292,-1.726746080750494,1.5089284271941936,0.8926698141621315,
0.5536384153185377,0.27602901139206953,-0.6975060416092279,0.3502213030086829,0.5560139013879359,0.5352998342759382,-0.506767680400085,0.4957010980490135,0.5696965517690027,-0.26809473089543984,0.5745750545159863,-0.6318223248017316,-0.8850273365668461,0.32558406118195776,0.570671429320539,-0.9310389731718943,0.6174971975938587,0.6453405297275313,
0.029131980061948767,0.15402375246749703,-0.22538782811839372,0.012530150590504193,0.11517340183459239,0.06149838573658132,-0.059587145356772564,0.07181384745468697,-0.11775282950507493,-0.14043712972093203,0.1755286175378661,-0.4849606186143069,-0.14391287223856702,0.24483564770828573,0.3442029268551101,-0.12483468030781551,0.019515557742309873,0.13340463999992433,
-0.6563350922342436,-0.35220343018938827,0.842256176934927,-0.3957411948098444,-0.5510749981305458,-0.43904571395969216,0.8319978006241974,-0.428763856908007,-0.7805319181262096,-0.4559990541569716,-0.6946848513328778,-0.3529046847791063,0.6886493074770806,-0.4242213021593626,-0.6583949899658988,0.7654330034722843,-0.6540476294927292,-0.5902918706862835,
-1.0518916779106517,-1.1542875120495482,1.0885315609429256,-0.9964475250778108,-1.1749900744872215,-0.7518497211663411,1.5787447354371031,-1.1590087481926679,-1.0523976899579714,-0.6438875343310705,-1.0024531616327899,-0.21267419508236646,1.3693339221415428,-0.9105904589386337,-1.179076621976717,1.0016994818692873,-1.0983486906677415,-0.8587055247630124,
0.12601043949357293,0.18252721962045226,-0.336451365959722,0.2639370984036305,-0.06150831998967365,0.008735901670941536,-0.5691293689111243,-0.13441619190331533,0.11784670145287761,-0.07430222622486947,-0.1572949660492471,-0.5903250666214265,-0.6247488031921133,-0.13077242582052598,-0.057961861957766564,-0.30443480282579055,0.20621110749168028,-0.09509923470293909,
-0.76378544616092,-1.0479660166294962,0.9382744431303979,-0.7037518184552063,-0.8852110388041072,-0.7341492101843451,0.7586404308856094,-0.9686033164385229,-0.6699801071632869,-0.32740941918629757,-0.6532915201262023,-0.178245502654529,0.7273024071852077,-0.8618316367540972,-0.893726718033536,0.45376919671832916,-1.099648392444855,-0.7981983908966134,
-0.9667710152018001,-0.9888739717563768,0.7717437885131387,-0.9596700738529249,-0.8600469875723045,-0.6041361760820753,0.8516463496773488,-1.0697880542580482,-0.8115926737538175,-0.5491245756545312,-0.6245573631248633,-0.14460212205941156,1.0138535767896892,-0.8921368486594774,-0.6453686289432762,0.8668571043889518,-0.7763641479650959,-0.7796275241940002,
-1.0065322319124106,-0.9142583026961064,0.9336491184414365,-1.034424160264309,-0.9223357369264759,-0.9251647543027147,1.2018809811286006,-0.6585867828000207,-0.9082151813094957,-0.3611901974930109,-0.8242141150006885,-0.3154147418414621,0.841304266857555,-0.7054261547122522,-1.0416696404175152,1.0020889386116831,-0.8760550107255985,-0.8195838788391674,
-0.8834446429441575,-0.6256147117408654,0.5325692698688884,-0.7744126931908969,-0.7232540177167306,-0.6741862302394817,0.806246398911086,-0.6351803056030547,-0.9165070669007915,-0.3977586275628227,-0.7324021401817168,-0.6144961004721355,0.5581552123751181,-0.47691256781864855,-0.5812225491994096,0.709665087436041,-0.8437308081143787,-0.32739255377582027,
18,12
0.060578716456343724,0.12597177048179076,-0.2893208087250918,-0.05752077292852217,-0.06098228586652412,-0.1418973306187782,-0.3341563715580758,-0.13790945310822422,-0.21965847154572807,0.06952969995973228,-0.2289912628937312,-0.09224708372714759,
-0.03501967069174925,-0.1140692046352585,-0.2890215728911247,-0.16544683074057417,-0.3139616780682833,-0.04351191367734338,0.08156868892141449,-0.04618820700707039,-0.2417831526223362,-0.3241241833291038,-0.08335924894297092,0.05940340395550007,
0.21330630697808964,0.47828807163439563,0.24850471407629585,0.36756620304983967,0.28003874448298405,0.29283373133700175,0.4197945525698158,0.1535661131630028,0.2794088102726766,0.16553356402227767,0.338365010364287,0.44483634290590734,
-0.15352883803649514,-0.08486830454718036,0.10265028330070154,-0.03187793047685864,-0.23706926437317702,-0.31112131478316357,-0.09295520111963375,-0.20325191547120525,-0.4084911221102595,0.0537039320001403,0.00801258210912306,0.063993715439668,
-0.06887567765723353,-0.05544205965700668,-0.06211579459618032,0.10136021017197121,0.0970885090419649,-0.24989351618474173,-0.29053976710832974,-0.33675590462044364,0.04071227802251298,-0.03672196990810433,-0.22331158495760106,-0.10173001369208351,
-0.23988521071292468,-0.2432344789592722,-0.3032303273127841,-0.05536036729224482,0.14514311332288765,0.07841339458787967,-0.30130226336804056,0.01391786884042414,0.08493908869753275,0.032378671341615844,-0.10264591631342586,-0.33203724385197186,
0.321607113593959,0.2549528827025592,0.6085473458104275,0.4332253198753273,0.4586740419657067,0.4476601402491478,0.18235802666273884,0.3314321581343275,0.42214201944473984,0.2571127681244543,0.20324840957823304,0.5303369105204545,
0.023820289216062183,-0.06713617502497271,0.0465723817934601,-0.10894722456488894,-0.2922220338320001,0.013016378188714733,0.06781761998979988,-0.03401531332997525,-0.33058564494557285,-0.3170425864016494,-0.03958735124184903,-0.18004726938932775,
4.895746463163281E-4,0.06676106509841336,-0.12078301845731462,0.03317817145471862,0.18652644333419272,-0.08545359563839187,-0.15304151950837172,-0.23792303711498913,-0.20390400723783855,-0.262310209355119,-0.13156386441079376,-0.17839641116738866,
-0.21720619001868544,-0.25332653359841156,-0.06277950766831548,-0.37085979282359627,-0.4264224873478955,0.1292211993674916,0.00431962872664441,-0.1818436171477529,0.11592086887304869,-0.08568608756443558,0.1045377905699069,0.11904676280067178,
-0.21409436336429669,-0.20361090562332831,-0.3536583533995882,0.09646119203656874,0.10938481797512752,-0.319274565119758,-0.19394713623998852,-0.0018518555270319523,-0.11411824914820821,-0.02505563839703912,-0.046539643220876656,0.0010274768997006508,
-0.12314300097075387,-0.1735357539173733,0.039114573302756014,-0.020456362475320265,0.03671341395864252,-0.0634619875382026,0.16201590055984924,0.16130975123374172,0.2912224445026693,0.21875472048310818,0.21891952625067945,0.09119940465352493,
0.2889060950577825,0.060882275033945575,0.08268279217159234,0.19291165038429228,0.35209044606422,0.06763633013973155,0.24415917007960034,0.3778194788101026,0.4464067208866324,0.4806022760893198,0.38517530750656126,0.048283193166523,
0.018032157261958295,0.14778750578297387,-0.06036302234863812,-0.2035101337698033,-0.10003353401282357,0.08787826481452903,-0.1283290259291105,-0.06285305876518632,-0.14767607245491846,-0.2150228136344517,0.0067383725064224355,-0.3058107660351901,
-0.15884651284728019,-0.1341227362555496,0.17504129142767072,-0.13651116962886348,0.1667540320725688,-0.06361501828956284,-0.04450995330283512,-0.32780650951477086,0.02500418660659199,-2.2229629456614884E-4,-0.3195605882962431,-0.3385639799730728,
0.2950355149150562,0.1423781239066194,0.07065338656677526,-0.014035356241599083,-0.03711010044886876,0.3131827676787893,0.36035684090073694,0.40197539363421625,0.046570946633633536,0.39028785802442945,0.3614125179933484,0.14360250411811248,
0.07826628909462334,-0.18675053783234172,0.03938887681317686,-0.12057382826192015,-0.18743650606929507,-0.011302060080772978,-0.0835116363776401,0.08269614744615429,-0.18005853880814457,-0.36936078522833465,-0.32824456648166483,-0.11372889284060819,
-0.27035225234377247,0.08480537629476446,0.005521925722933852,-0.0747462219044836,-0.30848186599056493,-0.259669481095335,-0.0014501773230889455,-0.04695124463808629,0.025851745077271955,-0.1301229232031133,-0.205302733855122,0.05374821170625172,
