# Pesos da Rede Treinada TxH=  0.5 TxOut=0.02
12,17,12
12,17
-0.44754532774460265,-0.31296310050089005,-0.5028958494872626,-0.5274597501040542,0.48593215320531635,0.7221368342752665,-0.6304574937042563,0.6607163326051134,0.41603684598580115,-0.6920131720059169,-0.3975987983149831,0.7152889929673031,-0.7120105184491476,-0.5921063032244421,-0.7495682796040609,0.6530746011903074,0.3604027063358094,
0.9631989115652461,1.8781364895727404,1.356356036308114,0.9767850503391603,-1.4333781376580534,-1.1681874997177746,1.236669757792205,-1.6137503299733498,-1.5476103039017197,1.2642866730445,1.610432271626918,-1.6909245459973685,1.4805470335220445,1.5010342108701131,1.3642266614458645,-1.7313155243204361,-1.6983791292720767,
1.164189355170293,1.8887489157890995,1.1756312568753573,1.2537765718389642,-1.5759542940906228,-1.2642753809196983,1.1720401937022047,-1.6645436701904934,-1.410016136327735,1.1312002287672625,1.7422025483526749,-1.7772447186291755,1.503742575061963,1.4715633821664122,1.5565189391519145,-1.614741606016635,-1.5225846945002384,
0.3695919366489668,0.9793417743289254,0.37123090563931554,0.766738454491722,-0.8753291718573836,-0.55675315224038,0.7097739291086448,-0.8954205519482993,-0.918993734801856,0.5427515909165422,0.6224048133546928,-1.2523055565212087,0.7642890554649017,0.5001725335612528,0.3452545121705733,-0.9440892748426265,-0.8581328122583323,
0.004624930061918197,0.26361771491291225,-0.2288399513699099,-0.01530428746850271,-0.40914952163575496,-0.4289956776631996,-0.041720059813779894,-0.45362115805513936,-0.35088789976451296,-0.23896699176539862,0.3235063265745786,-0.4385430544195493,0.2375878841758075,-0.1027848532341817,-0.1986788492012299,-0.3244410512062547,-0.4434549897360801,
-0.37878093774635435,-0.41662791636246355,-0.49339264605029665,-0.5678947606810304,0.5048426263626125,0.28091600161657093,-0.36174572212054346,0.4846998012981892,0.29870125543925025,-0.8189819587563549,-0.9338104052221701,0.41046057450010226,-0.35608397487710053,-0.5818567583967961,-0.8104811675640937,0.5071869406978422,0.37441890552890383,
-1.1936882725424487,-0.9995256373563022,-1.0070154747410918,-0.9676123117078129,0.7166798780189857,1.0788584779592505,-1.1502574708200028,1.1106290946260058,1.1926293257663498,-1.0738355111568987,-1.1804217169475608,1.2218899502333394,-0.9976853039028958,-1.4131978180131892,-1.0036382123742735,0.9597640634146563,1.0214107709925624,
0.07924803661378568,-0.1709847378703782,0.011994586416391824,-0.13607255163591464,-0.26322810115972556,-0.22217700149570455,0.18603305567573858,-0.32039496196576567,-0.17192936248048343,0.13856878485886379,0.04880583532045166,-0.1476002666133263,-0.19868067797032993,-0.03826149983556465,-0.12367834803658209,0.1278034008715151,0.04750097049303685,
-0.6640511490447238,-1.2746542223327824,-0.7135603176909241,-0.997737727014909,0.9791620023386305,0.6874266853309507,-1.0221912413120902,1.0653579918355636,0.7918279671439787,-0.865422175489835,-1.4725702626994108,1.4218805294204244,-1.1646999592654594,-1.186861105201344,-0.8048385466359993,0.9801629044876099,0.8756325426737102,
-0.8790014585611116,-1.451712916772061,-0.8945564739923852,-0.8940256328721216,1.1291959974849766,0.9121282055557276,-0.8285595185756273,1.2402706939256838,0.9134920026665817,-1.1406895178073435,-1.438999109317485,1.439630131013391,-1.0514441960716745,-1.1490716502034337,-0.9776833468384749,1.3179532272871206,0.9079342233251073,
-1.0951949029190753,-1.0852623072855037,-0.7910159964787585,-0.7839619582968428,0.8321682697093604,0.7928693477023926,-0.8194275855587337,1.0229571432662632,1.104492037686771,-0.8206096815613864,-1.3117171340527225,0.9587927720459215,-1.192297599530639,-1.0962141274375348,-0.8150958992341673,0.8254058156343304,1.0850040523796909,
-0.5349304275526521,-1.0442890079850584,-0.8545076673944427,-0.8543920713447762,0.4456905944478126,0.241603529973463,-0.9068253641932086,0.4418281783801765,0.4187495154083391,-0.6119396134265558,-0.7218432832201187,0.47186331411724436,-0.9988743457865797,-0.9331649502124474,-0.7035407722608573,0.727968794069773,0.3824163276827781,
17,12
-0.21372286992351994,-0.01120472795980931,-0.38748779667262634,0.07268701501138818,0.011419885276526619,-0.24542779691210004,-0.09867323722919401,0.013638475172917542,-0.25259351363394295,-0.13037460874915907,-0.0680131856546489,-0.06955063479044242,
0.06008769341456358,0.11539948358996069,0.05477444958041976,-0.09058290010581367,-0.08529972642049906,-0.26634682351905975,-0.02002057735165214,-0.27595316202663533,-0.24765818998761893,-0.3498898559398561,-0.10886583760225595,-0.21214126827686647,
-0.18766050381354743,-0.19739779380019778,-0.03853649857092397,-0.036927825970126546,-0.17526273230193126,-0.002804928520982288,-0.16674615179545474,-0.23737774204363105,0.01023698473560437,-0.20499836070661562,-0.3517745539087003,0.12171150715654816,
-0.3929675047341425,-0.11488782035453671,-0.21262032965529412,0.05383069646923483,0.0013676916428055866,-0.004778821487396899,-0.2923721801011337,-0.08504587510798883,-0.2600311747398302,-0.12375896544038549,0.1868683154948815,-0.050636777488426585,
0.2608448587110528,0.18285017086970154,-0.08732065716865474,0.10340095624962088,0.11775500026378102,0.08307272772596176,0.27829072404290656,0.27674774420319753,0.10956109609900677,0.2830546686119743,0.11264581134670196,0.03271160312938941,
-0.006060771307771104,0.2835938232629978,0.20671976264570993,-0.014883025566304277,0.33412202675942865,0.3864841195060034,-0.019629131255965254,0.12052030482154989,0.021465690398250217,0.2525451892001265,0.17390331818655788,0.15579192548073853,
-0.10428073318491252,-0.04480772248958845,-0.08006871708298485,-0.19556298991719784,0.046253750922035805,-0.1907710007307239,-0.21889028671518576,0.13148768846637574,-0.2625534425983791,-0.158674420017087,-0.05975394447229941,-0.28516312226762913,
0.2858703566828897,0.23528734375024937,0.322879291312193,0.05442210026152081,-0.057164854545825976,0.15864887090948218,0.42347485939412527,0.1213359175434676,0.0729959677335885,0.010217254132502155,0.15104059279108467,0.3403951608654306,
0.09621860594771343,0.10296083907988896,0.101870996220797,0.26817642698009375,0.1487798439208315,0.09790390840137275,0.17019538763287223,0.1382116013701051,0.33467549317103085,0.08736085676972594,0.35902375433506206,-0.019130440339128602,
-0.24612661355363727,0.10411176622366863,-0.2902204227007852,-0.15920617493824454,-0.39574030541865696,0.004160558605182521,-3.515347604253166E-4,-0.2737777239417485,0.03622026339603141,-0.19756050932017324,-0.16160457701315506,-0.09504078469562525,
-0.18914644621875162,-0.33364306054154863,0.050381410774507925,-0.2962625633316935,-0.014006471837653833,-0.19163396249134526,-0.057929555993699464,-0.15737086603015804,-0.15348693144210135,0.017870740248097393,-0.22376405782703782,-0.32176611849215175,
0.21671695902334048,0.11547573227477348,0.206640844473806,0.08078577148816991,0.3394608840900811,0.3245161067088507,0.08131854860491364,0.06506347898377346,0.18243435267853153,0.2278976829999336,0.16747043517986845,0.225553307670134,
-0.18414829770656496,-0.1984362048972104,-0.1612324968149024,0.07366131527873827,-0.23110374136942521,0.015931749091681546,-0.23874279710962776,-0.17681827978595974,-0.123705043070921,-0.18707315710833547,-0.1843370283231331,-0.023156624069584544,
-0.011097314844089906,-0.2117823932441084,-0.1484396231578445,-0.322961285708844,-0.3306780523323809,-0.3048905140119576,7.864939559290552E-4,-0.25606423343502627,-0.0353491122972006,-0.10195596002846216,-0.13167775165088721,-0.13188149973875465,
0.14555063491843387,-0.25862933065446614,0.01603637212580278,-0.34082157012796743,-0.09523053582254894,-0.07309280737690484,-0.25535965262974875,-0.11506352529768629,-0.10507869799758231,-0.0314389964580637,-0.2816653714797907,-0.24675088731833905,
0.08643493403163241,-0.013618399137336328,0.2570218956861717,0.32726176809479623,0.2313696830012452,0.03560295621668368,0.15401229489640694,0.17530348148642055,0.24935197459455263,0.2080304117138637,0.13145413339441922,0.2849615987307103,
0.2019168051616319,0.0838674344332646,0.03998455014782335,0.24121729661450417,-0.029241004670664473,0.032516387472828846,0.10269270553910308,0.3459310732904594,0.2673891271293812,0.2288258276232555,0.10855980453898173,0.14256695770011513,
