# Pesos da Rede Treinada TxH=  0.8999999999999999 TxOut=0.09999999999999999
12,19,12
12,19
-0.3592245827423274,0.6170817896299855,-0.6074154051251898,-0.6991531271195491,-0.6115596924694987,-0.677575666881879,-0.7221306410382321,-0.31381681078670226,-0.6274510722781184,-0.6304885619030148,-0.6394548737997694,-0.18192552649718108,-0.7532902828131836,-0.6171350634478716,0.45794674066032526,-0.26631584323794544,-0.733594249886315,-0.5043655510713665,-0.660150932181881,
-0.32929453121934177,0.11810133318274747,-0.2261648355001083,-0.4150505308888635,-0.38161334044603556,-0.35797433943081813,-0.19380858128892298,-0.20995699453989622,-0.3433943200101627,-0.3644427575678139,-0.23487011995070273,-0.42744857653249757,-0.5671658172001817,-0.15926347385220604,0.5371268465628823,-0.5278161314522725,-0.33712347392966463,-0.6829166809167709,-0.48163882814422493,
-0.6594471162850224,0.04952912149769391,-0.4656762891040568,-0.5652177445558009,-0.52147727169757,-0.6298727882339936,-0.5569846324460169,-0.32702337456405456,-0.3105644782082776,-0.327698774106256,-0.3627678304378131,-0.13240040195939082,-0.3089228623123016,-0.2566990352088594,0.5911512714180296,-0.5350492275200992,-0.21075657917184568,-0.2649951610497608,-0.39043248659728863,
-0.7612339182064742,0.47797417315825724,-0.31255536095249414,-0.46273563667725176,-0.2357198547899834,-0.4456383885418014,-0.2882324728264846,-0.5335362550306257,-0.23586844868082724,-0.5631303807617154,-0.7426799233852418,-0.08528946557206406,-0.42514717785773715,-0.4164994065112944,0.6916551511626445,-0.3794837769989136,-0.4024425930876358,-0.3719966260978798,-0.5594862088037049,
-0.5377355968526574,0.4242652197409494,-0.5517389358514215,-0.4546559225817695,-0.31660978370623455,-0.7424188725921248,-0.32759820675781653,-0.68783745413459,-0.7013842593720453,-0.5902606150026423,-0.6065543227401675,-0.5145954994226625,-0.6602742416854106,-0.39369862453067683,0.4963313242504916,-0.5407320482450898,-0.6973712885785497,-0.44581539024331723,-0.5978680373048458,
-0.341770191007329,0.10362682517507464,-0.616399351010339,-0.2946112326879873,-0.17553684827383315,-0.402826340873703,-0.6372004701701042,-0.3819035568397042,-0.5202159448501175,-0.31759052937440024,-0.41349163675009104,-0.3474489152672357,-0.2506184493717091,-0.5995157493657398,0.2644593047052378,-0.41502504057635425,-0.2885997487311181,-0.48031512068437454,-0.32483067669846705,
-0.4118451801990766,0.1918159115597952,-0.6430005425810399,-0.3425676014390717,-0.555950969079656,-0.3388506490869533,-0.632366073942143,-0.6774868711103085,-0.59542529992829,-0.4019389518347161,-0.32440999392789077,-0.4867291472419374,-0.26307290046388765,-0.4229824492517437,0.5773905876922991,-0.505224606339999,-0.6405769277280148,-0.28932073875301323,-0.5455896239402168,
-0.3520679953976388,0.362700981189789,-0.5279560528921294,-0.41920326492236853,-0.15099708281951005,-0.2524175056309662,-0.4128718453197265,-0.3325836234895585,-0.32705796934575776,-0.29841042935522183,-0.6049537517099289,-0.09625193928973286,-0.29815328579308636,-0.44048325460134535,0.3270763276350504,-0.45129540481567043,-0.3901660097118055,-0.5482996745713999,-0.5070514129195975,
-0.3834833799946946,0.20973673057069264,-0.29810860627847324,-0.19939667457973292,-0.3812728822449273,-0.23985373616778888,-0.33136547117835535,-0.2716560255289764,-0.5300251240951595,-0.6165113722578771,-0.38425265906746914,-0.39002912210434376,-0.3527972211379566,-0.47478159793030333,0.43653964542098855,-0.4797938299709205,-0.5527191007177188,-0.5503437303960871,-0.17140615134688944,
-0.24593270711579693,0.40735111752635084,-0.223711245311708,-0.45205343824813315,-0.5921385004299197,-0.583508275777076,-0.507440683069101,-0.5477306057073271,-0.3616427628287647,-0.5770645813851837,-0.44348591860237163,-0.6141816836747281,-0.6835724801992047,-0.3166982425122586,0.5719951457218607,-0.3311943753807439,-0.3474932704147158,-0.3084368472317258,-0.39464507076876965,
-0.6463838007925973,-0.010218997761313818,-0.5234403690821243,-0.4192559510571946,-0.5763706506782161,-0.5589125315453591,-0.6318337102113029,-0.44300161075010036,-0.4400814996231073,-0.38841326993792846,-0.16854131455665652,-0.3562938037338583,-0.2884095415416109,-0.46825094866267203,0.29283402149197046,-0.5507804845269325,-0.32406133998141884,-0.6306431271818291,-0.40934997549948265,
-0.2721571363085153,0.28948690827030504,-0.2754985570987199,-0.5124735331748851,-0.4997235993293104,-0.33126050239630145,-0.17845361807338847,-0.49603089900110053,-0.18516045582817237,-0.2519344794995753,-0.444548614927275,-0.5175560581831903,-0.24080139383654084,-0.5520325222242873,0.4538966244600823,-0.3061658676494234,-0.18523988738435881,-0.49891937386186225,-0.4131497255586101,
19,12
-0.3145699122435381,-0.1845813018833972,-0.12398739587782433,-0.2165801968491736,-0.03179750430441102,-0.28376716676472674,0.04412562073712325,-0.07146648178406231,-0.31738682536648016,0.04052721193633132,-0.18693346449804074,-0.1926543358124209,
0.23298351616549048,0.09214510092468875,0.11259229092657815,0.019539412724233592,0.051781878325009335,0.21640652221295087,0.16376657440805162,0.24370824180231943,0.361450494342156,0.3812975759513888,0.3863048835422905,0.25158887983803874,
-0.04164486564251518,-0.15751466715484264,-0.17377194556717246,-0.039376830200086095,-0.03796474109609992,0.004068314212312985,-0.2020933082624045,-0.2944848019989039,-0.3121902039715963,-0.41896687572072033,-0.3371704404994914,-0.1474963060718462,
0.025193586687440084,-0.283243350758985,-0.25856499479355666,-0.02796289373344268,-0.003517008879537671,-0.18722145702634035,-0.3226540925332255,-0.09529204879768498,-0.09783515908934176,-0.24723266317465628,-0.18548028930138952,-0.329682603087821,
-0.10780764545593091,0.08310519159121829,-0.25355907842782677,-0.1414445508054168,-0.15933709125108567,-0.06464771348401376,-0.39894952018150165,0.055771265368415715,-0.06675583349088232,-0.2211500588015321,-0.3000070616824951,0.06778816663761073,
-0.32151338101285015,-0.023690576429443475,-0.371592249152711,-0.394212713310446,-0.27673631102200347,-0.39506533292758883,-0.16614322294152262,-0.26921783483414624,-0.015298545957400088,-0.17559348611453704,0.07517809426451813,-0.3987758157371278,
-0.3406500390633543,-0.18158127321023157,-0.2173833567991596,-0.005566210025126012,-0.040467349886225405,0.018707264650842086,-0.40216274578204986,-0.28110441478868575,-0.1460938722377391,-0.425285067346798,-0.19450545749723222,-0.2801493176836022,
-0.012576666440517262,-0.2165694404605003,-0.1001502631991539,-0.0934907563896719,-0.4112450943868019,-0.287138760219354,-0.2770179066940262,-0.1533206832915178,-0.09302446378772948,-0.16973960370837507,-0.04900662667225345,-0.2625820435317939,
-0.36220228635847046,-0.03995866694016075,-0.008395730757188209,-0.3594822791314567,0.06442525799014492,-0.02030488876226351,-0.11870905776510568,-0.2318895423755913,-0.09445672295455795,-0.1188211872504568,-0.3120325206022754,-0.06091921734026021,
-0.11805629447306727,-0.18753251464610887,-0.19768735523571213,-0.1314974590150107,-0.10613821353193692,-0.022735100289060742,-0.24715719376027578,-0.21412163483818317,-0.2550799916849027,-0.3267160826957187,-0.1746802619881919,-0.24969544559638795,
-0.22287973377586204,-0.16954732064957972,0.08326758509731728,-0.36488744366499487,-0.32627679136403354,-0.1553435261827243,-0.24243521126682155,-0.3523511809800953,-0.27967052344072585,-0.12365586081643518,-0.2995349331711163,0.036373461978916465,
0.09696772397173772,0.10713525594546514,0.08091165374668358,0.07646899041005126,-0.09256971864917202,-0.13430172247746236,-0.16490594238576706,-0.07163484125872933,-0.06958501471559086,0.017472316906390707,-0.23501932261253342,-0.021204292513455344,
-0.1603883301911016,-0.20585337144287677,-0.10260239611565233,0.0867106341916031,-0.3479071680927905,-0.04768700008828672,-0.1734726918288587,-0.07410662280527656,-0.2814701789860987,-0.019808099089935714,-0.10417576928812704,-0.130201531496342,
-0.07910754477137075,-0.18020477258637801,-0.14604105069375137,0.05236802418945213,-0.05811001449547933,-0.40631744741288367,-0.03270380528588364,-0.14076967150589403,-0.34231760973028535,-0.35225196693458566,-0.07596279160072347,-0.05383387587264927,
0.5743678004936437,0.5972091431120554,0.6450871217535287,0.7032273311330647,0.7506949105943445,0.6055208746294997,0.6738535668818671,0.6175846476358344,0.5180676501859546,0.5357590601773827,0.5158310274171756,0.6176011369298977,
-0.2748952091251962,0.01366463233565472,0.09537918836020991,-0.16418677807352544,-0.281125212194118,-0.44302613457840345,-0.16258273838310844,-0.131818385543002,-0.29343667529369016,-0.004457492190432539,-0.1157820751757083,-0.3758492004553249,
0.033155329330394334,-0.05784467152053346,-0.007095341547186329,-0.004306525854415408,-0.2769195306043821,-0.3925864612273396,-0.05416733843957748,-0.2647345952384312,-0.1764836761692349,-0.2391646137398229,-0.07256502654290951,-0.3188529650473106,
-0.23483041864892454,-0.23538884141781113,-0.3099362864954589,-0.4771569308431509,0.006616532251117885,0.003629132391223208,-0.253681868091217,-0.3200111718237416,-0.22111061961875478,-0.15391663762502064,-0.3623806654467701,-0.18849308320827599,
-0.25539526967782494,-0.24817219504897092,-0.3123046544937365,-0.09427236931090219,-0.346348347572461,-0.06277161143826082,-0.033972993453743945,-0.1383228739296702,-0.06553884242979154,-0.3035595616956041,-0.2290259034665949,-0.15644676898577392,
