# Pesos da Rede Treinada TxH=  0.30000000000000004 TxOut=0.09999999999999999
12,25,12
12,25
-0.5323365820614427,-0.7119296655197651,0.32290953081505436,-0.6091640877900901,-0.6247711591928261,-0.5459547818426318,-0.6573077967750632,-0.7272199926565018,-0.7216358783666806,-0.4716944769750866,-0.32594388826699316,-0.44166433711461006,-0.3460603698208039,-0.8288369633754468,-0.4722003520217214,-0.3538915467135933,-0.6882029757822276,-0.4351308985899631,-0.6917609560305891,-0.4734489844297802,-0.4297396090425929,-0.5814576733390658,-0.4448084264624715,-0.5290438785526335,-0.6929211636497871,
-0.23795801617282955,-0.06897819032972709,-2.4018117401922283,-0.007691099742547185,0.17580716842506927,0.2196866956301832,-0.02287037596629434,0.09809278156901596,-0.6233999048894119,-1.30182094417694,0.30538413478228865,0.2444528242190721,-0.17631989374422513,-0.6139518336779642,-0.4658212101309266,0.5461895433014928,-0.6250713218139524,0.36651978455867323,0.13691311503423562,0.1476374051447502,-0.046532874010943505,-0.6574280597714,-0.13478956032350814,0.06378998686150573,0.10630618180575332,
0.09703525183977069,0.30291400898021803,-2.5585085765733675,0.030264691622768066,0.519219882508337,0.0335402181417086,0.1302622963596281,0.310411630070867,-0.5023956850537806,-1.2790006961220375,0.063029646963432,0.2290049545949115,0.19926811149955867,-0.8558888603818299,-0.3020325877984015,0.5858901942574594,-0.8656601227261346,-0.03958951794999423,0.4059742057085956,0.10744850667268363,0.08664003539562412,-0.5363958880097639,0.03144129293750774,0.00853433157049973,0.2644590368748579,
-0.03089243099886324,0.13093895139440978,-0.989626104413714,-0.10147986442182139,-0.09497455818723792,-0.2679256227100172,-0.05696537504973387,-0.12137932608814186,-0.7417020117421328,-0.593908810883503,0.11199114642709246,-7.754900261036804E-4,-0.47988976470393424,-0.6927438298810242,-0.41619379568418163,0.13379374565485333,-0.8756268529182029,0.037505858602076184,0.060239503061189484,-0.2116708271499322,-0.2206259116737026,-0.566685227583254,-0.03943259709009423,-0.4531728406128635,-0.014482816285572062,
-0.24065873040084812,-0.3195354706749771,-0.7054855407397104,-0.5329104406565447,-0.39214689384423385,-0.32718670884072015,-0.4158793598761632,-0.5087035488026862,-0.8968745040524121,-0.5509529785126136,-0.28069269716679196,-0.2605384542293231,-0.49969506960202215,-0.6826654387574818,-0.7472952083230441,-0.34276855323973077,-0.8286417143170104,-0.3125940273131787,-0.07842904467086619,-0.551203150801016,-0.34248377126531004,-0.6851516718111103,-0.30262048303022704,-0.21038605601092714,-0.26481453267860366,
-0.7221924528889109,-0.5884390261343129,0.9217783989542757,-0.49303225343482227,-0.6352087660031799,-0.5216669819663202,-0.7359401017756467,-0.3749595942521597,-0.5463201414459777,-0.27582150699872987,-0.7551338468963381,-0.3701474751184623,-0.5820327467014206,-0.7721642256029002,-0.4324754887414892,-0.7407185715722197,-0.7353799041182253,-0.6311252649268664,-0.48443642631289285,-0.7430553947835259,-0.46875474638846143,-0.6886025450760811,-0.6570262117736771,-0.37816604765395884,-0.7060530119599358,
-0.5478018085214128,-0.9352458934960176,1.7940252679029556,-0.7044640879223583,-0.8010778294915999,-0.5334342280656944,-0.7001302398739804,-0.7282813449403548,-0.8169457226146967,-0.3159518535520989,-0.8146875046337947,-0.9380919120022394,-0.5331225834066827,-0.7528462260452105,-0.8903010570771915,-0.608591030976341,-0.694754067099432,-0.4940143046899481,-0.8319727441333494,-0.5655096118011989,-0.9344606691326717,-0.973786549450814,-0.6330425785894688,-0.39670384176533785,-0.7559100076985975,
-0.3659277267106163,-0.29442703475490795,-0.2588179023597405,-0.3435561028994486,-0.13738220617357866,-0.3017600225955586,-0.25839728845319065,-0.20050589220095685,-0.6786422824201925,-0.9010665458536933,-0.3481381499020895,-0.35902028778584827,-0.32055818876540776,-0.597198639705177,-0.3605357722418435,-0.416229190710669,-0.5999892775346664,-0.19683336970761642,-0.1715363698623818,-0.3032879763189601,-0.15949449146880557,-0.6206778679081797,-0.5148698549756859,-0.5227541892758945,-0.28431187413622944,
-0.5592217443853615,-0.6548573428296605,1.7243626915510366,-0.5916373933964941,-0.4850780222830503,-0.48234991651497044,-0.38975691796282347,-0.6030319627116086,-1.0735307369627933,-1.0220997104119154,-0.6916868103096779,-0.5808666527268278,-0.5824551907582441,-0.7546107895264742,-0.7884087762845425,-0.6930001551666554,-0.7877195657036453,-0.7695407524289654,-0.7129097139553073,-0.6090807557728646,-0.6282497491230683,-0.7694928633105029,-0.5175124914729309,-0.5240530541744186,-0.845014902026627,
-0.5401306639547528,-0.4241868957314083,1.5754933380050733,-0.2993204806554856,-0.4782874006288113,-0.6360942845177127,-0.7458237403136999,-0.476694255206804,-0.9754662028509061,-0.8100918060718504,-0.6916915290139609,-0.8302783309625028,-0.5269536866131863,-0.7376341672477338,-0.5199951807128529,-0.8877910700836492,-1.1528334300986265,-0.40583810598472164,-0.5465393808169391,-0.3651396566975156,-0.4334203772604114,-0.7748848304749721,-0.7277723751765697,-0.6789722622428613,-0.4946214080613488,
-0.6171688009026438,-0.7193998630234116,1.5485861766573337,-0.7244968609889181,-0.8227745798132907,-0.7120545287853847,-0.499568800087883,-0.8443441731684139,-0.9555528926584903,-0.6543489462177252,-0.5449292201588174,-0.4482978469473108,-0.34543290550149347,-0.9803528584034419,-0.6188678409476677,-0.8416324714032265,-0.875523326014451,-0.8681630560961886,-0.7917907032682515,-0.4958475839113256,-0.6051021785682572,-0.6712599734700619,-0.45131986584052197,-0.7261562397831176,-0.4623058133830977,
-0.4659913539484222,-0.35607289468928416,0.9404375444258589,-0.4083504847687942,-0.737806344175817,-0.552480085033093,-0.4215739870981012,-0.4549554042502453,-0.7644264801518478,-0.852563381362837,-0.5846206271554674,-0.738145927390992,-0.6733784274946922,-1.1092570241781667,-0.8503346879840762,-0.7321107406855343,-0.6340290674662149,-0.801922371821012,-0.7956906267388626,-0.5989205005460282,-0.5382463667003721,-0.7700535682134593,-0.5121624579513768,-0.6870081647874945,-0.4071258559979655,
25,12
-0.26148017743886004,-0.12581145612639244,-0.24927592209827315,-0.16100722432309125,-0.19886456787600915,-0.23069570482705323,-0.0624097420492938,-0.09679377924391037,-0.0462289272700487,0.001004318521889834,-0.3077252254579497,-0.012571063683365023,
0.07837775673617343,0.047500111288288266,-0.22514321241029953,-0.16465657097615347,-0.1666907578222181,-0.09928575116493182,-0.326173370367928,-0.3450712267657893,-0.15656524713959352,-0.13159569419384412,-0.0021331208843050333,-0.24710114908885739,
0.9141203655765004,0.7951169318639358,0.8876726412358101,0.8484218131878541,0.911990672170503,0.9117886388967765,0.9431745592938572,0.9747519941260928,0.9742295592952845,1.012607391096072,0.9953471124999814,0.9650193405269079,
-0.2307518231316339,-0.1427512297232613,-0.13996558586261423,-0.12416882426209373,-0.15695010621875566,-0.2064764020592835,-0.08255341543908233,-0.22750464489456712,-0.024413914489248678,0.14391966010639254,-0.20397618022527245,-0.0414030319381659,
-0.30308573437322944,-0.21714419595890852,-0.014686885755330439,-0.1136236232347769,-0.2045428566580065,-0.06784421455489371,-0.06559499045575527,-0.30703995085537805,-0.32283648026925255,-0.05089970886994775,-0.13742332683389089,-0.21349508678524287,
-0.17318768864717993,-0.2293743831512904,-0.2722458800418686,0.004911678897836595,-0.1719606468660883,-0.1689056679509031,-0.10189300119310861,-0.11489310385492055,-0.12050622280489173,-0.24464378482132193,-0.029424626892630187,-0.16518888520208727,
-0.11886453696713899,-0.21252818754630243,-0.04393353894612926,-0.11085834923331166,-0.08024117893180797,-0.13008664062719924,0.12701176576121745,-0.25772822107592386,-0.1979734056599392,0.06298973688973444,-0.30478906030966885,-0.1390446901191444,
0.04877962828856562,-0.04106312215119893,-0.016639863871920606,-0.1095968280558068,-0.21976530008128037,-4.6875815180989603E-4,-0.1291037203002227,-0.34268519303754513,-0.21403061667868686,-0.07043048549971258,-0.2909010213998791,-0.2452388905066852,
0.7464019335335703,0.5182979521956222,0.540057624592165,0.2998290450849861,0.5166668181890715,0.5748160695717819,0.7446179204923646,0.6047914427239469,0.6113733075633545,0.45813523172069814,0.49061881003413393,0.5988004083140507,
0.6197860602925483,0.42616580467099957,0.41934031977901187,0.46649984178848425,0.5253754333098598,0.7470051626210071,0.7324224322309332,0.8198374828322937,0.8891928340132971,1.0078406279226044,0.9665393552532086,0.8461239705598523,
0.10542371942129405,-0.05921297454020921,-0.005734117104824634,-0.18844365187333853,-0.14381131202682454,-0.1248395338948212,-0.17214229146754384,-0.13756137272826002,-0.2626751830375215,-0.48127777155238755,-0.21739346273242272,-0.06664101026854273,
-0.40601931369973776,-0.31536412464904057,-0.09948386557193085,0.01447503617391223,0.13002136998306868,-0.3741808175854698,0.005712016201658284,-0.293030571867637,-0.08969562979264215,-0.2630369837627167,-0.014978113697246836,-0.1381997789227578,
-0.0530053548234763,-0.1907507055146046,-0.19377030817500043,-0.19315276258549777,-0.03899047194476849,-0.14384056356002678,-0.24720003079513142,-0.040444500788140374,-0.3416517931144238,-0.09135628716615866,0.04608142650716492,0.0808396323873278,
0.5344623995521707,0.1594207916251645,0.6568892292481197,0.4755102530896677,0.4964722684547127,0.396970370926699,0.3913399420091516,0.4740856414827772,0.4658421067065482,0.6724831453915051,0.5783766338608395,0.33195678123420375,
-0.07770806550215364,0.23238985905340512,0.15442487066773078,0.14318240806237162,-0.04834814921347131,0.10439389890278514,-0.13827420581687083,-0.10602642731169044,0.14895042782417928,0.21251916177148258,0.1757862471506994,-0.023144082336226963,
-0.15937864929580062,-0.22691279833156677,-0.18761047330642677,-0.16405226345424978,-0.1766969014769239,0.021145314953673704,-0.14296990888765773,-0.04947340561232932,-0.2776129226825538,-0.40967542117401684,-0.1343246874382615,-0.2504438717444236,
0.48194850548654333,0.5179510090564473,0.18625802772616706,0.5014486020622084,0.32940280957314844,0.2759407516518613,0.587996529065184,0.4713838221876058,0.5518551115527749,0.40653637324093383,0.5024261610938556,0.5115629945203448,
-0.1702840383279496,0.041929221063856444,-0.05308212970947958,-0.18645548785655125,-0.04595581516887351,-0.33369191510468277,-0.3108374740939599,-0.3624395894343328,-0.17717263131150726,-0.012717980563665977,-0.1564665075813388,-0.05675842490664644,
-0.10922685104269651,0.026918718607430024,-0.21906876620636379,-0.22709650960464614,-0.2924385466087136,-0.06781861699285247,-0.25906740087314545,0.005294114036702497,-0.10545856461682909,-0.18355219693647132,-0.35537183006941486,-0.22527564773408956,
-0.23187953925931684,0.03771770186671172,-0.17821104105385657,-0.13410049409019673,-0.07265257067656476,-0.042554351335972886,-0.1873268953802968,0.06797275066616347,-0.0173922737223579,-0.27726542063971854,-0.13965524860787884,-0.2570819436165481,
-0.15903041954412536,-0.13509473447787826,0.011588987977941816,-0.060940941613652454,0.027559667918416984,-0.3151557891079372,-0.1454655844491242,-0.029686021544671697,-0.14406854754095746,-0.18153988744527122,-0.120027658283446,-0.12509694235052046,
0.037033934028717706,0.13814553586079958,0.037377952648348034,0.07506414327240635,0.1937387085253491,0.383088583363961,0.22583250746912262,0.3090378050667806,0.1848694780785113,0.12893559234248514,0.2739908373978584,0.07280777191646814,
0.13897065832805583,0.05891178301430692,-0.1144411441817621,-0.1804459029681934,-0.19081501819926425,-0.16557979393072303,-0.24881243904598485,-0.04876285193502383,-0.02437422554524001,-0.14451954803924252,-0.1964455049212226,0.04245053862605905,
-0.11711071900924896,-0.2809807830913813,2.183814387032899E-4,-0.026028998036560003,-0.026613948940897497,-0.06271849430337145,0.16011488634538606,0.050273653670465136,-0.11018864681166898,-0.17615459214998275,-0.20300392469997985,-0.028156860817306135,
-0.23716918313619584,-0.134936636368911,-0.19884614500130407,-0.03854510401867342,-0.18636054105643018,-0.019749056655103098,-0.2210600351437674,0.023031294374396293,-0.11371455706976023,-0.2942370836970776,-0.04681539824654206,-0.3361980393725703,
