# Pesos da Rede Treinada TxH=  0.2 TxOut=0.05
12,23,12
12,23
-0.37700576648817297,-0.1061590852956116,-0.2219891041136954,-0.25391488608175383,0.26982222071931206,-0.28920227751827604,-0.21301350047963583,-0.3866602489880481,0.23411764057695142,-0.08707643955524498,-0.11503211328301363,-0.47403921958772655,-0.2706717062584385,0.3071770755990477,-0.5778609030741048,-0.3062267376731739,-0.31456777810772085,-0.3658453316350619,-0.36746453875319646,-0.28165947504406963,-0.3793579049179432,-0.5341350346714901,-0.372294298530925,
0.22447723627230856,0.3455777796189609,0.1938544036568659,0.5046154681810825,-1.356259150626934,-1.064076189781752,0.2599619084264681,0.38989143206406573,-1.523527924521705,0.5172574986359757,0.36382882226001145,0.5614480608087178,0.4123235142626119,-1.5673268462654715,0.48636974746398615,0.4511350046862185,0.1572023973829704,0.3228924996473666,0.40463236260077834,0.40380097079428223,0.23981982525231096,0.402477638918657,0.4531115770921201,
0.6049375569581383,0.24566623388156208,0.5247002132994466,0.36385901244269603,-1.2186453083427191,-0.9342377004045223,0.3502618765503574,0.2545328476370539,-1.295472944470426,0.20526659114390775,0.3757158880435392,0.46033849964835794,0.5023124712476433,-1.316380616864888,0.3666649366255976,0.2783673423206404,0.1559020421260604,0.4097756873247695,0.18319999984280946,0.4770240907849131,0.351449572279083,0.718286636527364,0.24883255914400126,
0.0868794029540962,-0.06534410244472866,0.06110366472644275,0.37257621535182495,-0.881805585318645,-1.0162873326007067,0.1255912019687478,0.18808744742844005,-0.8395135145239163,0.35852214546894523,0.23025895095020646,0.2571508605436327,0.36887765581577386,-0.8911726456957758,0.1390400588581492,-0.13347877660308125,0.16143596221390405,-0.0067766578291878,0.12180363504089288,0.10365189925516419,-0.0035952892000874264,0.45487618164944443,0.46060670892712113,
-0.02660055425776494,0.21970840195635083,0.18044255088015912,-0.03832266695751546,-0.3547177221076562,-0.8345826437005174,-0.11999227755444608,-0.02016783982833525,-0.6458880994242611,-0.22869845857736906,0.05589268182694468,0.21226122903137792,0.08426472020684704,-0.303024512230539,0.16269258272403747,0.14951691956535898,0.07873757785735681,-0.05086610693762539,0.17914050317703603,0.1333961179432319,0.08240091095112183,0.1332674414426372,-0.19019254555179577,
-0.5018281977698825,-0.2000556001676957,-0.3511581061149867,-0.3683542828981798,0.38025525321188064,-0.3409274902837603,-0.45697929323919445,-0.32416540072347416,0.30821957704183595,-0.3430357226110417,-0.5299341043853798,-0.42671900319641815,-0.6541117568144392,0.5821963146296973,-0.2885058930438112,-0.5263970640542881,-0.17787621934224832,-0.5137094054802446,-0.2645440210766909,-0.39933239588297575,-0.2398359386836765,-0.30010645161334604,-0.22318481100489812,
-0.6504938979153893,-0.6660033077339963,-0.38420170542746174,-0.4976710799376012,0.8372069683404246,-0.4737816192425108,-0.48317939747770694,-0.6687759271779599,1.0044119376304759,-0.594513448490073,-0.6167653423463244,-0.7922580841251862,-0.3719232652351686,1.00415894924826,-0.474795220005778,-0.6423092892447314,-0.45238989963373993,-0.4665444843783951,-0.5516289429942874,-0.5048690563775108,-0.5301483809455289,-0.9081985579402281,-0.5554198383765988,
0.0377283144755727,-0.36763409777081707,-0.2905816658714482,-0.039417168569606365,0.10934817425903409,-0.8261860969469916,-0.15203504769589432,-0.005180387956481302,0.09235220931635209,-0.3980313337600189,-0.4468779157804099,-0.029743334392023847,-0.3351891465733276,0.14213695054593564,-0.20707005667729578,-0.49324638723851716,-0.4044143902788744,-0.2206562365609775,-0.3578617905391108,-0.27058510645955136,-0.4366326619857223,-0.22347077249844716,-0.01992703246441109,
-0.47908130043036323,-0.8088959736249894,-0.7245407384838211,-0.765999027933318,0.9309000927016379,-0.3374746894962777,-0.6996825653017833,-0.7920253523778555,0.8869189257875228,-0.6592199515651294,-0.7571563389539814,-0.5829657775832088,-0.8166838881732988,1.1872320238583354,-0.6353058209742928,-0.45051755526909587,-0.6973604939817087,-0.49404729413322707,-0.48092306807811297,-0.6406438925348323,-0.7026513187912331,-0.528476052751038,-0.7653634647699389,
-0.5460330687087066,-0.7814672108931492,-0.6598974584928292,-0.711288971458263,0.6914842036665931,-0.4858813537711739,-0.45188023262575067,-0.45325658439656524,1.1916613391112632,-0.7114960093205781,-0.3845294346990092,-0.8608613084836108,-0.5477548180490039,0.9824859746469112,-0.5800806634443869,-0.6957460941169242,-0.4937407024558133,-0.5061671192768359,-0.5314905024418002,-0.7792848810200259,-0.49543375128212663,-0.7558627494697789,-0.7376732753815243,
-0.8051011739804862,-0.38243378548516643,-0.5758130269944854,-0.4706793444347604,0.9846511178840711,-0.22932860913691938,-0.5199340184175171,-0.6179021542430214,1.0582247864371996,-0.49414262790947605,-0.7056728863604198,-0.7750762096499504,-0.578476452032902,0.8302560995706685,-0.7506260744917257,-0.483879845830781,-0.5086529895440772,-0.5407301135798126,-0.6794102584415518,-0.3958373073527525,-0.42019373510163466,-0.5862533511313961,-0.4888434673703499,
-0.4144384934591972,-0.5999397655641813,-0.5871821388706153,-0.6545577801366885,0.5520465467371107,-0.7837647760027452,-0.6067511396125277,-0.6111035475356063,0.7254316164189424,-0.35246497738565563,-0.6690463744195115,-0.29271693978740976,-0.5157430555194706,0.5203155761536428,-0.4542259534599004,-0.3449584236011363,-0.4069968930091814,-0.5063720056377949,-0.2788904283942234,-0.6673119046543866,-0.672957997183146,-0.47733898082668147,-0.6985345089080803,
23,12
-0.06537254444459903,0.01710371168215869,0.036493839363897836,0.0652713950892541,-0.030303896774728445,-0.1146148457891221,-0.09839334333318583,-0.018043895739413732,-0.17610157682309885,-0.24727606726539045,-0.016446085892637782,-0.19862262322181212,
0.02554396940595796,-0.2895006491089824,-0.16332461691978162,-0.24423931364493576,0.06947359684511725,-0.10537593625818371,-0.15168641733235472,0.10564626428672816,-0.29527883885667927,0.07361841555257569,0.07359229836023776,-0.19044615894043754,
0.1623527087200454,-0.19657963073691043,-0.01634230447079828,-0.0982581428685435,-0.20175283763960852,-0.22413745222778092,-0.19625433567045947,-0.01796560555520603,0.12373478892866138,0.014538334629839127,-0.20425696623416473,-0.141599952003542,
-0.11104495059730735,-0.09800288432322352,0.15265984786034278,0.057563989807461344,-0.08477850248635228,0.05844657956297971,-0.1241802627027042,-0.3006410849971417,-0.27825322013178105,0.01467101729684602,-0.013529135036788185,-0.15873497000771147,
0.1639706917511312,0.06364742388152289,0.29095256507608275,0.3900462720206101,0.2786053474860556,0.30451384846676616,0.42585444809059436,0.427887770771461,0.4187789321906388,0.4386396200851471,0.19726184329225452,0.4863058400404317,
0.5171391304078318,0.31029231840617033,0.3225120012253977,0.1664803791106493,0.30181374606423234,0.5478137891324496,0.5589763690578559,0.4467410968079183,0.739796221618712,0.814290803537546,0.5268202117174666,0.523595576345425,
0.1460180722712362,-0.10826324648924714,-0.06106069515110807,-0.17104797892962453,-0.01362787651817173,-0.033026696171195684,-0.20088760670723083,0.06685285242664935,-0.08172393602288772,-0.1712559313436115,-0.13640944948766667,-0.1255358964345108,
-0.24341194873907288,0.09141857223360582,-0.3248193849372315,0.007462076751785022,-0.06559923290403256,-0.028144857560646885,3.259387748412783E-4,0.042393646116482775,-0.20709690858737664,-0.09178810524796335,-0.12715257522740225,-0.05927248589041522,
0.38263557019888045,0.2833167907289129,0.48917862006144347,0.2186708330358792,0.3808117718437485,0.2766489946108817,0.4198039618467218,0.36587116325373525,0.6155838167854002,0.25701073052351653,0.5481224185415383,0.4359889656974995,
-0.10562447386047702,0.14329776571483863,0.05594693120052655,0.06488498437262943,-0.1947015008309974,-0.07116313090398066,-0.2982496370409256,-0.35031415944259303,0.11235651358234532,-0.21079110228462059,-0.010148840651988381,0.08412852234371625,
-0.19356333326270084,-0.0786116034339491,-0.2911284575317034,-0.04807768195114912,-0.19714997778121268,0.04477233244003205,0.1122415194961119,0.011936136803646292,-0.2574943273827727,-0.10006217034428933,0.011015609922853867,-0.1371763464792483,
0.07407882904209706,0.0076183720803205375,-0.22293674197849478,-0.02961477352541666,0.025758367951554346,0.08580805813751395,-0.2397437187983924,-0.3255686594597433,-0.05883145232561448,-0.2644191354840653,-0.32104036581183865,0.2029496633621784,
-0.14649429359683389,0.09997673773011903,-0.07762221634834815,-0.0075668347921633156,0.0018505181289751613,-0.17058626605496818,-0.25196027289830447,-0.20857523145534734,0.06551529614513721,-0.1548752479410928,-0.053036649630736565,-0.07550420102312239,
0.5755246259963913,0.571931734307574,0.276126574187181,0.41213714540782903,0.4510303419897539,0.5532102079659378,0.34991095429529706,0.4177389807788547,0.21288686527963696,0.5769735050248674,0.47263563710391376,0.2983106961952505,
0.10677819842103153,0.01306074065248129,-0.15861724026247737,-0.25832582815318433,-0.12105134062922326,-0.16689838623798847,-0.1343243016254375,-0.1041103242319391,-0.23507220162304893,0.20708335426678595,-0.3144336423523494,0.08939839456319208,
0.09355311327830507,-0.2513285821825107,-0.023773272868631977,0.07984892242706142,-0.16392493047391518,-0.09577238893210775,-0.08380592723319594,-0.20329307753472373,-0.008909897601369754,-0.18013650846702287,0.11036115907453192,-0.11621949304724989,
-0.1417366187294007,0.13383826354005998,0.14224595806158236,-0.18773511342091143,0.015171956055147238,-0.12486390507337602,0.11642417394795518,0.12447525040519364,-0.19808717720221056,-0.24224346965399154,-0.122706965179924,-0.08102864871963801,
-0.2930011797293543,0.13769668223817805,-0.23574405272506485,-0.11216868536991241,-0.4013979700521964,0.020219381116048697,0.1039253158873705,-0.005337541214934232,0.04544689938920762,0.07141125777607354,-0.1422270989717951,-0.181143454054256,
0.011041844234442398,-0.052466693957781335,0.20134386157410986,-0.2699090413512889,0.07041292512610943,-0.20011592020337146,-0.05105369193882832,-0.022105090936100906,-0.11894634564500721,-0.024130325121678342,-0.08898368032688797,-0.23809815410595175,
-0.27361715580150436,-0.2506781532916742,-0.19912786756075437,-0.07996217205842894,0.04619139804784322,-0.10480066795942898,-0.08253596843602835,0.031416873745611376,0.11523074663677504,-0.12105322371436188,-0.1855661774801144,-0.10101974401264686,
-0.2548688541565407,-0.24290664408234586,-0.1346338047833879,-0.1379711017481355,0.06592704962829879,0.06425218250925661,0.00984810142130112,-0.17281575376840005,0.12932595787438209,-0.3143746388426961,0.15318811238451033,-0.08301230336323731,
-0.1743935353897073,-0.006755188415890152,-0.04967192726250682,0.14824972774193665,-0.16183860530611469,-0.16836875796802525,-0.14087305311748344,-0.1627264945698779,-0.14577733734430692,-0.08997245074577394,-0.27228849366035773,0.0731566642000925,
-0.170503352208324,-0.25174189143762793,0.019023593401893833,-0.034532236505012845,-0.07455653505934853,-0.19778453236569266,0.09630995026711563,-0.05066602919973076,-0.29792611030239935,-0.03378884129951676,0.0538537277963748,-0.18394715433235914,
