# Pesos da Rede Treinada TxH=  0.2 TxOut=0.05
12,17,12
12,17
-0.20252818674712633,0.424113693542064,-0.3125400620449614,-0.4486578115233039,-0.40947073091938263,0.4384886177382363,-0.49853007706587227,-0.2011723170875569,-0.4727855350874065,-0.1867346201861839,-0.2368474806111265,0.5520780944140852,-0.20636830765221906,-0.22820489726325133,-0.28395643602798143,-0.12798736089614474,-0.44564696766151896,
0.45510703078815073,-1.205928755414177,0.3852983725589004,0.4416913526160818,0.44770601933451,-1.8870943214533058,0.8178954880475796,0.8589884086532475,0.7616148038330183,0.31226642985128167,-1.1009158730729405,-1.3709288571907379,0.835961536646425,0.4678258052991571,0.5689177725172365,0.6086985350042714,0.9393548839995985,
0.8654690338510846,-1.4429390188645261,0.6524990750803372,0.9152377388443945,0.5978583680306729,-1.819199864491917,0.6214012380266514,0.8310051287217102,0.7509754752826158,0.07312003153610498,-1.1569511370924153,-1.2699081905555878,0.5858420984558805,0.7000009892322496,0.9243372549888855,0.7849228638013356,0.6566580021536739,
0.43003818000398336,-0.9550117172604887,0.5128551399560376,0.5356866925793112,0.4060487558887161,-0.8542568142901739,0.6731419026121932,0.36060675150008337,0.09748003206624277,0.20180643369206774,-1.1589078408972933,-0.8740898060161425,0.33139285672585767,0.5747742217897837,0.5445898952809884,0.46742776908818445,0.3979145596506747,
0.15263302918309185,-0.3202451235887124,-0.0098203993893933,0.1489610391829213,0.26514045432993977,-0.6193186824876707,0.14000245928171015,0.2723010455993687,0.24266770701263032,0.07170334325740961,-0.7654933629171845,-0.6311729191949472,0.30499696871816784,0.3247198802873229,0.0299922179877555,-0.016109390280333764,0.36789442699196273,
-0.7260663598349212,0.7338848652468479,-0.48028349643967594,-0.49025088045213394,-0.4849511283876204,0.8585757178475937,-0.7292572092551927,-0.5538239265720414,-0.29612749780191766,-0.2690746871156557,-0.3093437869008187,0.5120526551201207,-0.5173283632338486,-0.45605660754443555,-0.5266539755069922,-0.3465737923941516,-0.3951750802648306,
-0.9590497331037484,0.919442685935062,-0.7886856787100989,-0.5835767933807462,-0.9266138598331651,1.3774655159637268,-0.646401333275296,-0.6830234048122533,-0.5592182383938837,-0.718753157929073,0.025182063362393904,0.8932296755896676,-0.7570430758465063,-0.7048463983530467,-0.7329093038637492,-0.7999228308528078,-0.6961356435571526,
-0.42584271614528924,-0.3189289853160249,-0.11243374004520151,-0.3110875222685858,-0.17080962648598594,0.16718745290357698,0.024174665820990857,-0.20777706492207532,-0.4100154389740948,-0.09062389879240257,-0.7078026659684644,-0.1040716619537975,-0.42960668303497984,-0.08279834879798981,-0.045339067007111766,-0.3465578835103095,-0.1281162257944023,
-0.6279926785988985,0.9275053520914949,-0.4813618443649992,-0.7555455561308749,-0.8918669664359684,1.2338385732202872,-0.8345791790163332,-1.057640694954021,-0.6624186533735045,-0.5633544163173912,-0.17947434039839727,0.6980502887683477,-0.9407593879265228,-0.9086640825174127,-1.0045052320220416,-1.0327177393556493,-1.0878709028494817,
-0.8731506480851912,0.6160255684659617,-0.6760448704105382,-0.7075864839858397,-0.801485171976327,1.3621176775627757,-0.737643851183762,-1.0304911955320537,-0.7937211962903123,-0.6298393438053529,-0.11012906302812353,0.5560172114766591,-0.770664082961158,-0.9173703049652578,-0.9881036145666339,-0.9708114091088127,-0.6712252818704391,
-0.8174464813216684,0.9001306726152094,-0.9186007345475514,-0.7638873128495607,-0.6011548057114494,1.3421630098485005,-0.8881997210461202,-0.8721236210390297,-1.016168350462798,-0.6133544910963211,-0.1691609547935151,0.9782276168157444,-0.9673161521953128,-0.9449962791111227,-0.8152556027690002,-0.5917347577089994,-1.068163118370562,
-0.5130476617011331,0.48996836890506595,-0.7728057998317752,-0.8594739793420361,-0.4218283759915842,0.6834138288896444,-0.8401297773356258,-0.5083549463656418,-0.5606730892904329,-0.76548161538872,-0.6393554860547987,0.5445663851690152,-0.4789467723227985,-0.8194587131266291,-0.6093040979942188,-0.4666516759477227,-0.7604524948641356,
17,12
0.08794134092702587,-0.23426405802305905,-0.1952912657865466,-0.28464545829435106,-0.1301555108032508,0.09829951277843801,-0.17863270593554575,0.0027999686840214735,-0.19051949072500476,-0.0776979053523628,-0.16235142125906846,-0.1841345195693023,
0.19042971871037515,0.3427857932865419,0.32047687627083704,0.47387747821181625,0.1243126734046158,0.10939206690091252,0.2692341536185575,0.4903367857735751,0.2829959234079511,0.48721476593644497,0.47424994518729696,0.4443811880476921,
-0.3370876275419632,0.043205618805744986,-0.37475863760504213,-0.22337334984024648,-0.0024424619087352905,-0.03796741884752331,-0.08711444150037152,0.0373822775041405,-0.0054944094236874,0.0837472068040578,-0.08266446405821866,-0.3004303388734401,
-0.16269154937866626,-0.26836678798656216,-0.1026577155647857,0.04496466015531001,-0.03513851997651113,-0.1965115978341483,-0.0637087247385032,0.0668030586751981,-0.19372966107503517,-0.2499229695364607,-0.04060899623309147,-0.05847021567785608,
0.12829573299950564,0.1742600164544832,-0.17748061591832912,-0.17116345265343702,-0.041031446045027536,-0.3206155104464617,0.06557034579934991,-0.16512531281054305,-0.20750782583080019,-0.02019661187181852,-0.10606074541868897,-0.27939004338001344,
0.47862009901102,0.3793308303459142,0.44242048356407704,0.29243775132890715,0.5661643653371308,0.5382087731573824,0.5228775129706963,0.2651163319390045,0.5055026489035221,0.4922799980771167,0.4143829908875874,0.5116209936313976,
0.019432345936014082,0.1309836836277537,0.07530087478815502,-0.16509948305355818,-0.31752944608325673,-0.08398640626521654,-0.26731253299492114,-0.2784444629212943,-0.20927225058315105,-0.13073527299526475,-0.057067856715744845,-0.039099201469373346,
-0.18442563662726708,0.1014084892805635,-0.11198168292497296,-0.16271003228011954,-0.023151804411987678,-0.009720216150847685,-0.010767710271346128,-0.10041818986993804,-0.2260319567007475,-0.38530454391476543,-0.03153739877687408,-0.13358230105912705,
-0.33452958982435993,-0.014310177332313613,0.03295264201428203,-0.2390747056987131,-0.09617646547143019,0.13233966519786433,-0.10908917549173942,-0.05774876937423967,-0.17990440659080975,-0.3087685353016257,0.07349828217058565,-0.09713130453203654,
-0.12087820645365979,-0.1682803247131739,-0.12762654822721028,0.03225967614546747,-0.05790641658249374,-0.16702260006517206,-0.19725678680174102,-0.11926817192110968,-0.10506224534901545,0.1867818051682053,-0.10815140102186431,0.04015962009834092,
0.02562219004512774,0.10763086679522388,1.3748381548259216E-4,-0.07292255357935178,-0.08989782903076345,0.12120894734096065,0.35160122011786465,0.3190616913019757,0.4352937439900863,0.2959058510683212,0.29721062007078186,0.25316594093600625,
0.4057901093254667,0.24357154207348647,0.2768850512148566,0.297058355965991,0.3392711083609611,0.40647371161934015,0.3343528788945522,0.5237504288689968,0.398149585720259,0.23792482570156065,0.30699532172466404,0.19895623324143877,
0.061004057408905125,-0.18251816345190805,-0.05041586442041673,0.060891209212670605,-0.2699351655350522,-0.05621308735054231,-0.19575955699101832,-0.2669969408529554,0.027801985072680013,-0.09053434250193146,-0.1906170981961782,-0.18583735714296987,
-0.00788395311990009,-0.24602798914674842,-0.1701314032922278,0.16652205457225844,-0.08634261122306942,-0.20169543928459088,0.03967663357279175,-0.3464480342380844,0.04437529358768929,-0.32968417735226646,-0.20496694871291118,0.06204045607589067,
0.0639984246640208,-0.22143031246262707,-0.10939399639954471,0.017435265417776565,0.005196037997980463,-0.3489263275391532,-0.2740417971399461,-0.2019987921252284,0.05116582471488089,-0.15133308012771757,-0.3424835871207714,0.1306534864249799,
-0.2529332342759784,-0.18714752758117284,0.06738238675315142,-0.07274019241603029,0.05447520540871022,-0.0668003505702966,-0.12152194562422454,-0.013796147021167455,-0.22665188933789518,-0.14129929727420157,-0.11871844561172593,-0.14330682891799468,
-0.2144149993153178,-0.09534595324476497,0.07265671462075517,-0.1438541073227543,-0.11679559346205974,3.402338669738736E-4,-0.11987897469909355,-0.19335792047724923,-0.20693076559908066,0.043288392416318426,-0.1785749920364738,-0.25875895771967433,
