# Pesos da Rede Treinada TxH=  0.6 TxOut=0.02
12,14,12
12,14
-0.9882810019992095,-1.0808136447379701,0.7240422504177841,-0.8523198136107137,-0.5372872798086521,-0.9576081701812282,-0.3880373688350867,0.8468268265990279,-0.516687616965085,0.9698239068316272,1.0955316392206575,-0.9251820185751356,-0.7098076667309224,-0.2192208026183267,
2.0780531815347363,1.6467306877489245,-1.9191463139165332,1.883999658973523,1.9163903659898567,1.8871056955448209,-0.5788183768898383,-2.4096820314450684,-0.45582289699018846,-1.4984504084201224,-1.8087925695962364,2.3396976175920767,2.276582192905007,-0.409578376401859,
2.3599848955571483,1.8282830525553389,-1.7037314593619541,2.2192421620943823,1.9731801437792758,1.9466394906943731,-0.5568232102929198,-2.303073060484963,-0.7154623987144845,-1.866241536661548,-1.7083895509093836,2.389433602345457,2.3937402375843204,-0.7592416932914985,
0.21667038643158437,0.05030957162380668,-0.29354364871555616,0.12401578110296839,0.27050389375016565,0.22020726549578865,-0.6894099804019974,-0.4495920635903531,-0.5866019599348853,-0.2218502243571499,-0.35687672461008074,0.48297480227601863,0.1987183755005846,-0.27524047316971045,
-0.4850395719319292,-0.6313006441315234,0.2592646142361333,-0.48397529814723683,-0.5787828488797716,-0.5339489159193308,-0.36079861638276867,0.45895618931718046,-0.6441926129417015,0.24240338787270554,-0.05034639470063217,-0.29990689813732957,-0.36768863938458024,-0.6266310458303779,
-0.2784010879825123,-0.4739633305693746,0.4647597209269817,-0.7817296139443395,-0.6348027816451974,-0.2960745197068338,-0.8499117251518388,0.49507831548504666,-0.8706350730457492,0.2689083944549972,0.3803007605313112,-0.472736926199949,-0.7069975734736573,-0.653173297329623,
-1.831952226221136,-1.6417051036185197,1.4543037444630373,-1.9751930896479888,-1.6599553360642796,-1.8100002347840178,-0.5719778652118029,2.084169441547678,-0.9344462488376358,1.5669004236503765,1.2924526529821685,-1.7753345770894242,-2.0072232654921627,-0.7894200872407727,
0.40491190028393276,0.17333782635546127,-0.36098960164650506,0.4086987305165564,0.47910026982468124,0.5523165525798492,-0.7607061492874396,-0.28926339851840194,-0.7402596800638438,-0.31498955487904656,-0.23829460008939524,0.29294519186608836,0.31902244980373273,-0.5683439132531717,
-0.993082801746,-1.0639570806539662,1.1203101253700731,-0.993441421972834,-1.0230764594062551,-1.331492841606577,-0.6931925218831304,1.3528760990916384,-0.9491037365167793,0.8047680082890678,0.8330574844998313,-1.3165183388987085,-1.1199560113303788,-0.6036171611400163,
-1.2677703998296592,-1.0924857767382987,1.027680350250965,-1.027135376171032,-1.3407902734043202,-0.9961220672385929,-0.8082770123072296,1.4015542849167955,-0.5963698210315472,0.8472273150921763,0.9492197274331404,-1.18862598616201,-1.4077924369324906,-0.7333919835456322,
-1.1023493883773832,-0.8380365017946138,0.8248368553460228,-1.2027715706517896,-1.0432411787985851,-0.866441696850745,-0.44914705654966064,1.1248943191847462,-0.682318871047809,1.0432480074886061,0.8383057439350007,-1.2702635075028272,-1.3994920010991194,-0.9001308246667393,
-1.0789366659614925,-0.7265851670661769,0.5662660329071393,-1.014939802010193,-1.073056545347298,-0.7572953772776139,-0.9907883791177996,0.9741130278449577,-0.6775635698037784,0.4879436948751414,0.4616832012635553,-1.0948944722643332,-0.9848066659751586,-0.7317835595099216,
14,12
-0.2777767137138862,-0.25747078070295043,-0.07446113157187984,-0.16093257961124052,-0.2573152498017745,-0.3063122228159297,-0.3274165161516966,-0.3302145613002491,-0.23037538795635368,-0.3424097637396795,-0.032439859623987384,-0.12307478639777696,
-0.3080741253274565,-0.23623912480711937,-0.4504868823849782,-0.3850059132077481,-0.381095494664468,-0.15361597037281058,-0.17523265069593055,-0.11980506299906352,-0.0660343158899271,-0.060465786759406254,-0.25777741541573057,-0.4120993845539922,
0.21390059628307614,0.31334997504099177,0.23053908660235478,0.15254519851964915,0.2798198212209836,0.31793989488412,0.2682969853383983,0.12140032739194737,0.14040731000400974,0.325455916218092,0.19413104006874696,0.1533420212318548,
-0.3914082613939946,-0.19862870217489195,-0.06653904386224786,-0.3160072141519741,-0.29341557983483907,-0.16738472553986933,-0.1049156705547596,-0.22375403516579992,-0.22298726965367416,-0.40292075658357757,-0.35759117087812814,-0.12103406270527867,
-0.27465809308509603,-0.2164637953104309,-0.16706599635772273,-0.04157177734289706,-0.018645662320536473,-0.06766318060368985,-0.02184582682710747,-0.31148267779176675,-0.3929689518450239,-0.285185145597013,-0.4321298750712071,-0.36278850060143836,
-0.1124404799699137,-0.21919836190313663,-0.2583088694899376,-0.14845143437556457,-0.2053250467475112,-0.00530734482593889,-0.302760327324501,-0.3272007274503504,-0.4068766531800836,-0.32349967887366265,-0.257036508593185,-0.030120887875880655,
0.28359168064887025,0.25543812076431294,-0.00920574988977886,0.3445347217614349,0.2414099835459298,0.318834266311881,0.05818585310816595,0.21963882933785106,0.35007493840061255,0.13681147660679685,0.413025263825017,0.2664858890546238,
0.3164393679946071,0.3598799128451253,0.23415012249277475,0.22793283626675875,0.34035632404055455,0.30601806198517434,0.20799661567757088,0.3438593566302835,0.2986233590244082,0.1802165342757653,0.28863726611128077,0.3721631284320402,
0.24724444191140105,0.2581745621263732,-0.005420278014109757,-0.05686942758754902,0.12373925751921758,0.09998803586375739,0.04138865799920694,0.26210679549167865,0.28311298595518986,0.4005500692450294,-0.04460620313856773,0.13083814819620407,
0.27788790375204997,0.13881771588467548,0.13369429863684845,0.2882635061056126,0.1807245048015414,0.13061753757887024,0.16754271162425646,0.14253042253537246,0.38194277571668583,0.3123557936480978,0.31942118779659134,0.11782274713437767,
0.10323345772603729,-0.018457061004009057,0.27301349251015217,0.21179201516532392,0.12029840522984442,0.1356631545645167,0.29044431102330304,0.38831787102849336,0.17528442080863904,0.20441141990402587,0.18158552178169354,0.3444121806624009,
-0.06736748810335931,-0.13109673376192382,-0.22539953838320365,-0.23199458149008387,-0.18728883983768285,-0.3659806911786939,-0.3649646596763459,-0.1688768223718805,-0.35146057172353845,-0.02577161351945825,-0.21922931044968963,-0.382068264985377,
-0.32637780652149423,-0.14187504322055758,-0.03619961927436482,-0.25975826920978484,-0.2866743640758133,-0.38597624220765603,-0.09581264791583201,-0.2263216980261903,-0.12444128626350964,-0.34419672073279267,-0.28051408190049687,-0.3492300697702728,
0.36482161044286626,0.10447147618699633,0.24708539786704828,0.33205983727750155,0.3250033042392794,0.10483927685364187,0.2205940465281556,0.23443321777850787,0.254512580732024,0.25679084246271217,0.507746354819087,0.4403539542112991,
