# Pesos da Rede Treinada TxH=  0.6 TxOut=0.03
12,13,12
12,13
0.8372625855510644,-0.666615598505596,-0.7829060754500464,-0.4631675362264501,-0.8251859536428262,-0.6686023699260365,-0.4462709613242437,-0.5475088265242808,-0.7903071675186724,-0.8890683792106646,-0.9785500181955004,-0.5580626895124275,-0.5028236299830261,
-2.146345208442662,1.3115588529058855,-0.8916062776859479,0.9304828180894373,0.9910223908853992,0.785311195513785,-0.5385480372547109,1.0984275917827855,0.9090511780865655,0.9473958461654807,-0.9051983909666852,-0.636352278369632,-0.7367835095628831,
-2.033829962924267,0.8405508430484656,-0.8444504391827568,0.9343740633718282,1.0168709211779823,1.031992582979514,-1.0107618610486209,1.1821557728425311,0.9579772304187126,0.8909770643592214,-0.9181328398276211,-0.8568866160155938,-0.6920648324523598,
-0.02299851922389297,0.30113293648012535,-1.0016477029104371,0.10181824322725862,0.1529551986991952,-0.05455350297889535,-0.9283296888163538,0.4458096740971238,0.11978506261247768,0.3829248726105837,-0.66843593013889,-0.45160547713529475,-0.8177925407438243,
0.2564685864467929,-0.3744519837070109,-1.0332100483073208,-0.07059410461720295,-0.3945237899978516,-0.06728798044994254,-0.6242933862163743,-0.4542135200674659,0.10365765429041514,-0.05123959887728254,-0.7942528993215419,-0.7669515505527794,-0.9975265148024851,
0.2519429846489512,-0.2173772041430622,-0.8778834231261914,-0.4015315138770798,-0.2703013053089902,-0.16815744186352993,-0.609633465558415,-0.5599764683583567,-0.1581745153556578,-0.5247957200069192,-1.2443226870874173,-0.7499182542902313,-0.773051053783358,
2.123084241713428,-1.0908837635912505,-0.8705009177982147,-1.0475707103602105,-0.8150271074795953,-0.8408883229378296,-0.8844409299014899,-1.0932832670925412,-1.137094469856253,-1.1638371386023971,-1.1589419752028323,-0.7804573593322336,-0.7249170611957435,
0.0700941208846499,0.16141060806296284,-1.1804425156784137,-0.15741011694685728,-4.116793179791405E-4,-0.16005776664326515,-0.861788663287365,-0.02422967598523598,-0.09891553751665955,-0.1164442229776133,-1.1795483561633358,-0.9475541572077927,-0.7082559442417488,
1.702916994291345,-0.8460410684992083,-1.0473863253824622,-0.9856978696988437,-0.7066004256895903,-0.9305434168555183,-1.0254441416218558,-1.021563731166205,-0.8336317336404424,-0.8814180781178247,-0.8911059675365223,-0.7655707697481955,-1.017943696721072,
1.478079494957828,-1.1505436229294947,-1.0278507060086202,-1.075063964619918,-0.9743331545685344,-0.9065238961832831,-0.7815119356229927,-1.0612899918103862,-1.065198987053353,-0.7463672332033566,-1.0831229393989248,-0.879445897890152,-1.030278313069564,
1.1943719925528877,-0.7960779974975517,-0.882159216947546,-0.8948791993948291,-1.0468494829802149,-0.6347940401023913,-0.7261257623659669,-0.892197747244907,-0.8930031623512981,-0.6768422259261935,-1.0272594596248077,-0.5801460789884819,-0.7761624625597118,
1.058654918599986,-0.8477033066317711,-1.3153474582788593,-0.6245532519161935,-0.5425476138165755,-0.8767398526317737,-0.8385602792979008,-0.5194649543867128,-0.7045775075723612,-0.8414381171795439,-1.014211722868924,-1.1294564449884616,-0.7976345273798107,
13,12
0.8621888613277305,0.7596402650138319,0.8122248063259753,0.8405735121846108,0.8990678418405551,0.8691686543888163,0.8913840667766911,0.9213196363419878,0.927100468379092,0.9326305223789976,0.9414386997762076,0.9471656961313059,
-0.3727214717185953,-0.45245321557665313,-0.1521538293584861,-0.10642046012843284,-0.47975852099320926,-0.13891101384608262,-0.5320986061777577,-0.42973758969978904,-0.2764586770527851,-0.36068413791365916,-0.357107641631602,-0.19414909311023865,
0.1192944466526251,0.38993219252115496,0.2430633375550752,0.37194834928164966,0.3353033549593449,0.3166202184810385,0.21314431910589787,0.36616585670042767,0.31352123588575265,0.46352762412392146,0.2491948159513098,0.6266181748196865,
-0.2700209996562624,-0.3124817354874809,-0.3238547096532959,-0.5352702933538461,-0.32432065963419593,-0.5910861890801007,-0.24756583330652962,-0.417157369656331,-0.13313853153690408,-0.24050949403086208,-0.264002973738598,-0.3503645529208772,
-0.4075691535575717,-0.10597881594453393,-0.36034088930845304,-0.2566534201357148,-0.11313802428378049,-0.4463601084311326,-0.18019174507546915,-0.3724856530737054,-0.4297368965589858,-0.27900350031537596,-0.13532813056088328,-0.44441924243352077,
-0.4237292760072493,0.02326721596683322,-0.40232313641399026,-0.35661902774205806,-0.2378420563602968,-0.38455864628722725,-0.3047902234519448,-0.22217575670852924,-0.26133991520958566,-0.4321997677404566,-0.4369955698851781,-0.19260905727707323,
0.5401380949252937,0.5379220166845804,0.4110271005861844,0.38435388022956607,0.5124543903211775,0.5578320858645291,0.5423792244037957,0.48445420602632827,0.5208223915585525,0.5958083681136292,0.45385903770607916,0.5996976775769092,
-0.339053355579216,-0.3798935414131453,-0.16550404328154172,-0.07495250270611382,-0.5659163617533973,-0.2101408930991814,-0.38529732812073775,-0.20783426045778866,-0.4240040588271892,-0.47263816096863986,-0.3404846716473524,-0.28383536004287396,
-0.12199909526626002,-0.4333640887860252,-0.29038689631573184,-0.2583958242351635,-0.32822020397675267,-0.25205399117398214,-0.13823822743351655,-0.44713527670844644,-0.5589754674476434,-0.3740423898984929,-0.324868011343955,-0.2911038193327586,
-0.2467719127368444,-0.3391078052711681,-0.4179693096763853,-0.49035769726776,-0.18470532383053961,-0.1546396282904641,-0.4472667642027419,-0.1550996885950253,-0.19462720096768993,-0.27440573318747197,-0.4068241121681081,-0.5976756809455774,
0.31258601382482526,0.05762099562928017,0.2811924815134058,0.05299238024407634,0.18936774297400663,0.2742336113664269,0.171307755811961,0.20357601905118974,0.3212976590034268,0.01614784823784412,0.17641500369747634,0.11479520944360785,
0.6268580836375214,0.6533925857473125,0.6929837531334965,0.6341924680076992,0.6408376438126777,0.636296650131863,0.6827077679028554,0.5790020366764158,0.5806340547069789,0.7510057009952,0.6707687648691673,0.6561291338544769,
0.4780626481477179,0.28697530675104116,0.30551533518577306,0.5760740177375208,0.5255648052820207,0.4345426535441462,0.5232244820452034,0.5250463390201056,0.5603333809133665,0.4784720932641668,0.6510854430678722,0.474166504270493,
