# Pesos da Rede Treinada TxH=  0.4 TxOut=0.09
12,20,12
12,20
-0.7329427036158086,-0.8262181936680909,-0.6442887129877918,-0.5014974974496169,0.11522563753836611,1.2099747090215618,-0.48345543245416933,-0.4491113852853247,-0.8865255554218053,-0.7618911320233485,-0.7015254782007062,-0.6327263653248654,-0.8048558131609829,-0.8055709157036534,-0.5013398628668254,-0.712471012703721,-0.6605962927745596,-0.5740576809784217,-0.6976668349781437,-0.5220470549050771,
-0.004685992405219575,-0.32751188317631963,-0.1778067439973671,-0.22768193627140704,-0.6364429751295652,0.44101777483063276,-0.10433843927918642,-0.3442190404525137,-0.26962489832567454,-0.12821620122967176,-0.41041834620721557,-0.11064772119660045,-0.24327119796483127,-0.09064537834434375,-0.12818876418508998,-0.10112410075723682,-0.4905045276674677,-0.2600622512612953,-0.2690612990926272,-0.21197892284935996,
-0.4655464338548083,-0.19413293399398324,-0.38447146640035496,-0.3455911777304589,-0.6790046481017611,0.6000230690354599,-0.10656120575556735,-0.13912894888543714,-0.27138258870842397,-0.17237453371501257,-0.00799862180578694,-0.029072109689102933,-0.024012213685555475,-0.4333553555136563,-0.17332729797800525,-0.18062967832273324,-0.13460761333413754,-0.33490286570923994,-0.06034644077968951,-0.09885701472633693,
-0.25522917550624913,-0.5003101785424089,-0.4501737109129226,-0.5726057170946354,-0.39766666391340555,0.8536048725098325,-0.30537501362634595,-0.6498748087378275,-0.3086122716160449,-0.5040555534492327,-0.6082962219663158,-0.315361513379387,-0.24629162936418497,-0.737761362424488,-0.7347854758260429,-0.4618758183639121,-0.329971087047173,-0.30074137659185174,-0.2921114597505874,-0.3911863319713407,
-0.6482024213782935,-0.7356682723795182,-0.580167568735496,-0.6743142431969509,-0.42972540735048315,1.091863364502311,-0.5808320425561029,-0.43513595627330975,-0.7475055368531336,-0.5743849093002994,-0.7460094173442923,-0.656832286027332,-0.33675076888652467,-0.45892668975465173,-0.748132978567802,-0.43158660093501694,-0.3483519358551741,-0.45883285122735323,-0.6613402413265191,-0.3115061889648715,
-0.7568565186070599,-0.45373576106423974,-0.6243898878245963,-0.8040384232590708,-0.36159938220021504,1.1303327269378618,-0.6518545266181835,-0.913449485922306,-0.692957860943138,-0.6672715273583181,-0.7475233586570187,-0.7165652897848764,-0.8616631188580608,-0.4745152854278346,-0.6577953151174484,-0.6244109122628871,-0.46744421839447287,-0.5538360245150886,-0.822367058468253,-0.7528897322390181,
-0.8566760805841279,-0.8105494060694329,-0.4938107364840472,-1.0011435631267067,-0.19298843033992924,1.7059554943315374,-0.8771162717619826,-0.7132479557403042,-0.6990241263227122,-0.7936502704008325,-0.6560481133625135,-0.9452992176844428,-0.9844717105826256,-1.0375951806406092,-0.729040160059523,-0.7395272304707887,-0.5917969050106233,-0.6342960477934074,-0.649970172254067,-0.9439449762350742,
-0.6171434209814258,-0.5212461000824495,-0.38385134160720635,-0.3984457737686332,-0.4985965682559789,0.9085637968649916,-0.683542665271505,-0.35064739630080133,-0.40091830743711643,-0.6236668011564999,-0.2504268122451356,-0.31371247403783986,-0.36709430895963546,-0.40057710902553106,-0.3755767480441486,-0.41528937075332123,-0.6807800687370829,-0.6887579723176547,-0.3646077440807288,-0.6251460473625243,
-0.5352654588881709,-0.6356983074923396,-0.5065268491481696,-0.864884725552771,-0.6575689766590139,1.1845308650978492,-0.6583620502595304,-0.8506680209478155,-0.7029461706145033,-0.517147189329484,-0.5226304294146095,-0.814941914362745,-0.6770064769974293,-0.5262688154577251,-0.46743658735377047,-0.4974428816131104,-0.5134176109026254,-0.5987561957563247,-0.8522187030957032,-0.6840343960847309,
-0.5158786383226389,-0.43963412475749564,-0.6870202032902641,-0.4627660245263863,-0.5125242388444601,1.0743586470526518,-0.6051229017716901,-0.6076573547320481,-0.5981181761732045,-0.5206502994916355,-0.8086464308709652,-0.9584416697288665,-0.5755060538683345,-0.7568422474257259,-0.9564766215458326,-0.697954449893603,-0.8237139961381384,-0.5967705507240445,-0.5212481606472776,-0.6651018748469448,
-0.3788339703528783,-0.5976765963443883,-0.7722698712655798,-0.705808149748996,-0.48113494002587265,1.3743519737874845,-0.8844606532196079,-0.5133891020753124,-0.6423907980791367,-0.7009277913305487,-0.7483624373445436,-0.5625961751363981,-0.6151269417207208,-0.956484252959007,-0.7585547018411016,-0.8022205698598809,-0.5365128356656882,-0.7763991957454044,-0.6788980999773286,-0.7373240747902102,
-0.8401864825853238,-0.6753831470877719,-0.4411169008373828,-0.8567727395467603,-0.49254206284653895,1.4173591751696129,-0.8020340234120157,-0.5469733675656366,-0.6511157110875485,-0.5176692705639905,-0.712665995906285,-0.8287081761491847,-0.6993314147357648,-0.5548967651558433,-0.7060436924881605,-0.6338429530943278,-0.7898308160130928,-0.8784287963150107,-0.632558294478611,-0.4025318084433317,
20,12
-0.03361972504799487,0.1297439459829549,-0.23676790312928206,-0.03514194914578695,-0.09521696240079108,-0.03237598887252665,0.08846184646930784,-0.025341057254007256,0.0976161301987031,-0.10754638781078592,-0.009642654877727095,0.022084541453470212,
-0.13570584008512013,0.12815081952278257,-0.001397933429998447,-0.04304643107707622,-0.1510515326508252,0.0033145344063065093,0.05960073794492288,-0.12502381907123813,-0.05108371244353688,0.2142041455078968,-0.11714816297516908,-0.014422658587934107,
-0.07864304721039492,-0.11257031121766822,0.002997031458518535,-0.07011818323070766,0.1001418519165156,-0.0013034661652442086,-0.019591045877279785,0.06686669496647488,0.17801143350507273,-0.024259143940484174,0.12157794160356727,-0.084150925317825,
-0.14641608354432326,-0.19542288730865978,-0.052615424626024324,-0.272114982468962,-0.13991693353300505,0.21044547022311583,-0.08280804601227076,-0.028300931614964553,-0.05024791537272028,0.10838036249343157,0.13498501388357217,-0.33783701396349586,
0.1426849265847319,-0.012639093826160705,0.013523322030048423,-0.07584434957179823,-0.0753711267152507,0.14894606929915277,0.2040995274400135,0.19988537671654785,0.2018852477026247,0.24344030302337857,0.2130424448852354,0.1814543842389181,
0.6983331878192856,0.6177054911543705,0.6786324892299189,0.6511649253915092,0.6985070317092772,0.6901171857602753,0.7215523259444129,0.7444358851060618,0.7270146253953722,0.763325165250289,0.7369456744065825,0.7454995431654128,
0.22571904865600773,-0.12340619768165198,0.01660280764882096,-0.18362735369233518,-0.22635348679401884,0.07752780855743437,-0.17322937396432497,0.14757226006917742,-0.1040697006058694,-0.11312695338576165,-0.03320789063782448,0.042070011839881426,
0.05876800391860164,0.1608094585931896,0.05048280720661728,0.11094441575883728,-0.20449115182594918,-0.011119166736885157,-0.10966019011723442,-0.09666554186444008,-0.026063093251981792,-0.07865303226715563,0.1788514614920827,-0.05620990168622548,
-0.19488845422131765,-0.11282122806345962,-0.16678290339153606,0.14703128006849783,0.17911974387927604,0.1006810104918124,-0.12255106013802425,0.11380305412236166,0.08045398680756836,-0.23448308330964737,0.0577154656926143,-0.10759185308725433,
-0.18517185937276037,0.11302496303130419,0.04004428604970525,-0.07550210827465806,0.2070050808438408,0.06861470188802753,-0.13576101838653246,0.14123919606374868,-0.008557723418704427,-0.1712331517822071,-0.017365556755776394,0.028202196678197095,
0.015837077780790756,0.01891631742179644,-0.016841007375286883,0.0748277400634597,0.17238149441333056,0.012588091087295486,-0.13212436748437859,-0.27818049744000284,-0.036997913699179895,-0.10764699818539074,-0.08545895410590273,0.16484768191903962,
0.13531929020083638,-0.16642126061912627,0.2818326160002586,0.057925871956355214,-0.17361667490823304,-0.12929225160453942,-0.20277402343755194,-0.24942457851546204,-0.0828608235132071,0.02978525488130512,-0.028914913829868227,0.13679643241688758,
0.04764249328701241,-0.08019226648968177,0.036919656791253044,0.19804443416193276,0.04696123767030915,-0.13662968818544557,0.10138368220517884,0.06180615380849529,-0.2279328649504353,-0.14055345748422376,0.026242961931920206,0.05041631793468496,
-0.15518223720124372,-0.11484189693008123,-0.026976207395824143,0.14863300247421818,-0.15606243248500193,-0.08329290557491469,0.05303888327844903,-0.05425997402621299,-0.0659719856349498,-0.07824890144446031,-0.11701515264713423,0.09176244493972245,
-0.0526781038001061,-0.21616931517453059,-0.13213281407457675,-0.018663250309653212,-0.07039456873547564,-0.20513472812635014,0.19833392015539122,0.09126468637093241,-0.005185912854517625,0.11751220703765691,0.00867823403798089,-0.25799677741948357,
0.14318574109522128,0.09669409159926642,0.15201249196441,-0.031769450283015255,-0.15810908431094342,0.12567067885901292,0.24125654902732369,-0.17457013039443423,-0.10171952935212304,-0.060018974112086704,-0.14329422994456403,-0.048402939070173345,
-0.24703418868227076,0.0871984668390998,-0.071328457922542,-0.08834625444934269,0.1581327981326886,-0.1799563904239022,0.16202368370723255,0.06564018407371718,0.12944886155322025,0.1753833735850424,-0.12229649496664362,-0.13736209650867717,
0.10657940940683258,-0.1295034942583532,-0.23907105666865075,-0.14393412533534067,0.09318042660734784,-0.006886659120486065,-0.2441391728750659,0.12750272895530065,0.035683892807743055,-0.2081447511301008,0.2008880724246745,0.0818645051427067,
0.18310435901645863,0.14440274309049897,-0.21156653423728594,-0.029892647377387414,0.07041006189992458,0.08200156151220986,-0.1976773296294763,-0.10811248167916425,0.08365279413870394,0.1996486822231042,-0.232703008191409,-0.07645948862420558,
-0.07897860599575275,-0.014546835232249788,0.15976900511903047,-0.18233699913243828,-0.10565420826985385,-0.19449143824754644,0.20448266675053714,0.009640590007083377,-0.13644065440463757,0.1697747590933303,-0.1181051075122265,0.12921228709697707,
