# Pesos da Rede Treinada TxH=  0.8999999999999999 TxOut=0.08
12,12,12
12,12
-0.47540770081963907,-0.3543878412459349,-0.3320495909062315,-0.08708013762760466,-0.2605486926035235,0.22927077481263555,0.3335613725619268,0.5420431959504309,-0.5225220470788752,-0.1969714606403719,-0.28970393361148106,-0.3050588748876072,
-0.2817811975101412,-0.18202126583548964,-0.16435234718984637,-0.4410069969891161,-0.5041974217346891,0.2757930088133756,0.5050158921798769,0.24105164465128198,-0.2521126354972063,-0.48808474602585206,-0.4233933151478117,-0.3135601513600311,
-0.5898024357781912,-0.1651736483491069,-0.15149426417543874,-0.271222017513065,-0.3909831055564353,0.6376229400263411,0.4613248181715671,0.4990761062035097,-0.5395528823742982,-0.5905674739656,-0.4947045835240848,-0.19303480902305525,
-0.21605536775992187,-0.13933648942562038,-0.36111254440205415,-0.13343870350116316,-0.14897120515373916,0.5498797918592933,0.3608955248858734,0.17446579186656314,-0.6322791825413732,-0.4911990672656189,-0.3923997320402731,-0.49248918494135197,
-0.35852991409007934,-0.5671690570537824,-0.5532200674543984,-0.49403038393013254,-0.3498705069665073,0.6273833195139877,0.5916666518947062,0.46211374083856394,-0.3511875776534796,-0.20046759702394618,-0.41877112080225554,-0.1251601032635289,
-0.3065141862308587,-0.5907830878366571,-0.5947932169120007,-0.35912175733917007,-0.33993718536159867,0.5081459977183712,0.45570302462241635,0.12466097401928906,-0.3959980021013848,-0.393858918294377,-0.21590630375778438,-0.4322543000228743,
-0.670164746426598,-0.6114298703964051,-0.4146988429181721,-0.5083167915695507,-0.4817062715848294,0.43806772344784295,0.4025239855039622,0.4699998483226431,-0.4463678324558867,-0.2684288898560129,-0.3419329951976132,-0.2806117354420674,
-0.2659917591041923,-0.5333907403173868,-0.317571329341797,-0.5425293846468684,-0.6114889592625774,0.3772169494453357,0.6065740478914722,0.20062615883135004,-0.644845854036528,-0.54113223355831,-0.5753388928682837,-0.5282055233948321,
-0.30593102972382374,-0.414983356654343,-0.3938696580692747,-0.45923009078971067,-0.323637316234412,0.4280541363323776,0.07416709410716277,0.2728383003233536,-0.19511415640928798,-0.38103031683199007,-0.3836926312723681,-0.3256716624489687,
-0.5829958448876246,-0.6182297330353245,-0.49814895536387754,-0.3677913887822225,-0.40066086458776734,0.23229517996708757,0.30906395897308947,0.07811317635905142,-0.365429120366182,-0.37607661741847487,-0.49040450223011867,-0.249569893723,
-0.477259893480871,-0.5772881958430551,-0.560305563709808,-0.589414929692922,-0.6024733043987147,0.3004776567793557,0.20030256525943707,0.26099620746644964,-0.4112169402931451,-0.5805203436130856,-0.42589765618274766,-0.40084233518827284,
-0.4918036860112045,-0.23038961140966926,-0.20091885391276554,-0.5685241054185527,-0.25442903702464303,0.13574887228536878,0.4480218496492604,0.14704653729006242,-0.47189262429283557,-0.323246340127225,-0.42179406614772924,-0.6137161685942912,
12,12
0.022807773934210393,-0.23925007848704946,-0.19698610090089363,0.0065190753037342964,0.013972976407740015,-0.19531292434094116,-0.2944653279211954,0.003293827431854561,0.1414790160325333,-0.2249095687753509,-0.3073401994359443,-0.08509695958853829,
-0.1097373043189577,-0.06969690191659203,-5.892716630660189E-4,-0.12747281029468344,-0.23174270639869865,-0.13318374525497473,-0.2536885749684204,-0.17892370140910405,-0.07943172470672913,-0.31543642511341646,0.08500746431403233,-0.3802897484827106,
0.013087881037690288,0.017787270755196916,0.06091539376837476,0.04545537827114222,-0.14907796006829457,-0.18198598613123687,-0.3412630980617728,-0.3434971876467668,-0.3463050988092528,-0.05286033864732211,0.021469269641230502,-0.38671444041889674,
-0.005678613081100103,-0.2524610132051703,0.003134734223766834,-0.3010029001338174,-0.029868459504713094,-0.14852332750847888,-0.02151319352551926,-0.29991183151936107,-0.15580789162586717,-0.10668670681439907,-0.1435973849850441,-0.012373646905874778,
-0.36630680877544636,-0.04176208243045496,-0.032072781637950395,-0.3769096838696589,-0.1510156022667577,-0.22354085151221448,-0.03756718236541319,-0.26515992894849455,0.054427804114809686,0.09547650068730021,-0.2199247796387057,-0.04582679427975339,
0.4045230586613509,0.23845931204520165,0.30129564732857755,0.23301685672331895,0.21142063055361615,0.18606416255474462,0.3257568837083361,0.33513639377202376,0.2596164218152022,0.38729180674481156,0.5236337909956259,0.5713005850250954,
0.38812885878930575,0.224724988924584,0.24088146867082977,0.517169212957327,0.489401707746978,0.4516320929187095,0.25414659598459527,0.41412607421825864,0.3391696837019064,0.11684835699670927,0.16350483651033523,0.18550240559148887,
-0.01388278747648197,0.20836034141886656,0.1981389317256022,-0.033610604761080826,0.0758610771992884,0.14314349571998072,0.23101919862765558,0.08387526485684607,0.23313123235627298,0.3637475358013586,0.1556796485913584,0.0766381220205527,
-0.18337553121561342,-0.25203970763551603,-0.28954572615429597,-0.24120334488174103,-0.17739282613536503,-0.16507775177328113,-0.08834802485285935,0.16662961601197196,-0.24377821797672997,-0.14918068506172744,-0.19963096803729483,-0.03476139057706107,
-0.20673246927998393,-0.06387767366585777,-0.23979175318195317,0.021451178578691093,-0.22073213924855448,-0.14910055004911926,-0.0032429169148319686,-0.17883550295942371,-0.24774345503013304,0.04668137901298197,-0.34611039095944474,-0.3298051765641758,
-0.403242490947529,0.04441852295280004,-0.15450063729179658,-0.259585842785164,-0.04589707967572459,-0.1372413460125855,-0.1503179342600759,-0.08083238385526922,-0.2266564990161863,-0.23993861112904313,-0.3573430030512575,-0.0624888778637766,
-0.11401272985072422,-0.08560142413674435,-0.16290943559521642,0.053946129075042364,-0.18727760723952253,0.09754418216058915,-0.06069017115791492,-0.13482873845881171,-0.16300780578262966,-0.31320327679192284,0.08163022713412765,0.0022970618074160524,
