# Pesos da Rede Treinada TxH=  0.4 TxOut=0.05
12,23,12
12,23
-0.6474276201792655,-0.6118851165933188,-0.4071218462189698,-0.2885490723607231,-0.5654172912527455,-0.49027584606765884,-0.35490585214099246,-0.2543110984800919,-0.5530092852098482,0.27125076921965907,0.5820173444687957,-0.28141215634485645,-0.4091927800092544,-0.28201543359500225,-0.1917838811466269,-0.676633943797353,-0.6526014976493765,-0.5644825871401689,-0.5323836854954911,-0.4376471430735787,-0.3216806937258545,-0.5481624459473503,-0.5930697205401134,
-0.35369462668043167,-0.5165337986110635,-0.2750687781263032,-0.4791036886405969,-0.17667475383328005,-0.4710731318953953,-0.5920429251094139,-0.2621261883415763,-0.008836100360539747,0.019088703777496795,-0.05427688869399352,-0.3155392237881184,-0.15767995657403386,-0.28419562479870303,-0.36122702070553503,-0.24534579798846756,-0.04391175172694506,-0.15752973984091181,-0.3645091075484821,-0.25968283648231366,-0.12419584096418013,-0.13592010071532204,-0.4085199404142094,
-0.3462943646593318,-0.37900532121053193,-0.42954750620890675,-0.5036586942477019,-0.2820355542844851,-0.10350910074433249,-0.34471409796316604,-0.27306450431521995,-0.1757651324556022,0.04149536267361016,-0.0020267938664044523,-0.43722965268954395,-0.4129457364154505,-0.3267669084593175,-0.2657437592275771,-0.20085037106314882,-0.3760147602047786,-0.25986153840232884,-0.13110276740269325,-0.28626201030203285,-0.604146937881613,-0.20350569444730934,-0.18288504918794102,
-0.14137928177229214,-0.3250421216931626,-0.46946087339725706,-0.22589185180482152,-0.1016676975242102,-0.47454430904659295,-0.42393103732257764,-0.20822646832229028,-0.3694317581977284,0.244560838253188,-0.0061077203743026155,-0.35538572336493596,-0.4768754050963809,-0.1617138980056257,-0.24637400102710105,-0.15666102333284418,-0.14556361713798024,-0.09510957456296629,-0.19824076324119952,-0.3723328510353248,-0.23974703024271093,-0.42632473336834437,-0.2745191024268594,
-0.28813508318095216,-0.5710775997344546,-0.44101908270629475,-0.48958892720381564,-0.4196483343709074,-0.3033994615136498,-0.3686421312631421,-0.1923578134255168,-0.19139694682571634,0.3036880191890704,0.5688156187188181,-0.5798375934069795,-0.19573217009504915,-0.5413828897514161,-0.5839227352067581,-0.1473822471517139,-0.557356862948605,-0.5116289126273785,-0.2574915541523954,-0.34532257634371916,-0.14498716153453964,-0.31848079576339156,-0.5009094194919489,
-0.5925225096210895,-0.5627973123043146,-0.5675184995670386,-0.6929093602836263,-0.3811486820061507,-0.29340690204081443,-0.48444151250137163,-0.6624990857831774,-0.5462745171057324,0.6243286042324333,0.6677586854103339,-0.3797559665622585,-0.4700461806290069,-0.3174277451536638,-0.24057765192331257,-0.32289334185203744,-0.6945046979209012,-0.36341117680747087,-0.28403486639328734,-0.35453352588719567,-0.3159124979652083,-0.3256380243319961,-0.23398819944006574,
-0.7024190569423335,-0.4585077066991069,-0.320655605198825,-0.21805392825091388,-0.32860031699736986,-0.7619904742245928,-0.38791669637498993,-0.30792391815231746,-0.6055778294274091,0.44914098660503354,0.51016136597975,-0.3180852947226611,-0.6925367763652522,-0.6087431088943371,-0.7181629260664686,-0.7615107819329033,-0.29149869958568114,-0.5934009439438547,-0.5720066385653548,-0.2804249288384394,-0.2631411030290967,-0.690279865761655,-0.49278404715026297,
-0.3275006645370581,-0.7136227275802428,-0.23248008703452025,-0.4311221964312817,-0.50897302207628,-0.4013027534265162,-0.4908980767015528,-0.30170879770763576,-0.46167060905214996,0.2289042445997156,0.7395393639876373,-0.6213432593893261,-0.6617167756822503,-0.6389301372750607,-0.5152702889231083,-0.48785292783797574,-0.38177453594121097,-0.21923723995234598,-0.7243335846466911,-0.3049408478319628,-0.5464793258730842,-0.3665289056885042,-0.37260741476306214,
-0.5813715363441527,-0.7997542945619377,-0.680809068125888,-0.3759184150024947,-0.6464161237377138,-0.40360624978976856,-0.5484754066603557,-0.7285621605670419,-0.6908532882628721,0.7693896320020023,0.8043998213124375,-0.31403852604732824,-0.6559477499984074,-0.3748895546811103,-0.3722961627796161,-0.5054952914195041,-0.41757936404861257,-0.7059911545960289,-0.41973981341747785,-0.22881744151452027,-0.47310588241564416,-0.33427506210436075,-0.33624761504815326,
-0.42767789149603197,-0.5048765629334823,-0.6474365832652416,-0.6115404582098563,-0.3167019800798627,-0.36992095390709445,-0.46876275426010994,-0.69828415703042,-0.4593134211923367,0.8203884126079208,0.5654064675525864,-0.3155363978442027,-0.7784255240339757,-0.5915446729269439,-0.5607583653907753,-0.4072217942365892,-0.3033713366962429,-0.29028088543339925,-0.7240548494393488,-0.7298984166721068,-0.7085793041455098,-0.3673249669636607,-0.6856441679253626,
-0.7491720969888729,-0.49688695859108417,-0.4444352517418257,-0.5880813918283799,-0.6370640919704847,-0.3459958952012934,-0.3253076527618344,-0.411241326150751,-0.32366840419066206,0.824599212848941,0.9803890091406546,-0.5832430828733881,-0.4392315070662343,-0.43114379143856585,-0.6700294044057934,-0.716288042613105,-0.6602254476689177,-0.5272376949311511,-0.425709297356101,-0.5438601076370315,-0.30846383608075933,-0.6711113874147785,-0.5399442877438239,
-0.5772067297350791,-0.8431767890868019,-0.3446764542590378,-0.2591756365587159,-0.42849629923887167,-0.5376596897624245,-0.47592781627625785,-0.7179366007184843,-0.4960414246152844,0.32943119840224894,0.6353658414831241,-0.6558259002574524,-0.6815879553519394,-0.5114822566715141,-0.6205555576361776,-0.7393002477444368,-0.29889656923413555,-0.6481113344668648,-0.4735196442840276,-0.7003263195967656,-0.6897915882936794,-0.4183750525436577,-0.3040414230739926,
23,12
-0.12505919027100396,0.192281014727109,0.014333279038860947,-0.20846710734708843,-0.10869078091269149,-0.19047067412000226,0.001136145958460894,-0.09034745425347902,0.18268984446274686,-0.3570230711386863,-0.17961031951841205,-0.05559799621291326,
-0.1688814065983272,-0.20733198678646877,-0.18284650988599793,-0.190458085376337,-0.1683013297581603,0.09663860284930313,-0.16848539952756422,-0.12201955031108527,-0.2083137344705998,0.06165466737051369,-0.12147437663992537,0.014967678389908111,
0.08373509838951336,-0.16371584046274928,0.26333000462122413,-0.1711613908897838,0.1952229452436107,-0.04555934500259431,-0.1621760484604816,-0.18092769558865765,0.013318020664912398,-0.11331710157692584,0.1114879867350797,-0.21077516000078814,
0.15197329411381616,-0.14131473070412448,-0.041810611232032356,-0.030556942323579313,-0.1593182161116743,0.1880693502595813,0.18406443834159672,0.09583462149618106,0.17706098437616805,-0.14527985061263837,-0.19387842110941422,-0.12395498453294845,
0.002932288234934671,0.011143224529984215,-0.12645723974159248,-0.0012984282047685263,0.12660636335964626,-0.06939796997691565,-0.012390944909434761,-0.156882077387929,-0.05480834405356585,0.021047427525068812,0.1434173118067052,0.12116190012683345,
0.018881253270164527,0.13434810375515788,-0.102929852985435,0.055148851067940485,-0.13400700654751663,-0.13641759641078968,-0.07531672884220429,0.07942520757873879,-0.1455249457120339,-0.012725419701313754,-0.1734974655585242,0.18479725883472398,
0.1280770251965988,-0.009170281512723259,0.11491575952456999,-0.04925691836695902,0.13656227051570813,-4.026863902321042E-5,-0.05339158919560292,0.17737383020497477,0.09028188987599056,0.06310896224265004,0.04326686513375081,0.052379103879039095,
0.02973836918023286,0.0194128658635949,-0.18714367902535523,0.034153930977271436,-0.10832125548422733,-0.05386768790251243,-0.1520618179349389,0.18101246878735747,-0.1921484202473809,0.10650510147176256,-0.21124061792056634,0.02922244684945249,
-0.057436113999071316,-0.06533463393447068,-0.0287353866398535,0.0724670933557319,-0.021274808894785946,-0.13304828023672108,-0.003160740622941846,-0.01823845507244328,-0.21245029248623637,0.1868332558729754,0.05786946872322939,-0.12021962590925324,
0.41315718053376604,0.4404192935430531,0.3012043480653255,0.4551386883766889,0.2967839079826465,0.1695420013401187,0.22340731815540335,0.3389671457968074,0.3887899396936378,0.38991904928939225,0.34177013425201813,0.35991626734269205,
0.3228028185672178,0.20358754467817636,0.40532549196009554,0.23070255592421815,0.44039403296107177,0.5430514804287039,0.5064476914393584,0.43210956479877977,0.3766153285556507,0.3942421321968838,0.4237775189296331,0.4139380409280991,
0.03446595670920293,-0.06018665774102938,-0.03569702892068836,-0.15853478366321241,-0.05602542157848311,4.8153251691769995E-4,-0.24802575512858988,0.09644628556029486,0.043924870847097,-0.03384051697911476,0.20592986688876921,-0.07906011355233589,
0.16349498560797399,-0.08208539471282364,-0.1534658379985001,-0.16204112443392193,-0.18183029531830167,-0.14100024658450727,-0.11762766346273912,-0.008623380161991996,0.10244684767851849,-0.2652982811698305,-0.11859621928807954,-0.05473793213259551,
-0.24916838977236533,6.51114779761344E-4,-0.04276099575087122,-0.09362129294244949,-0.026645317634621496,-0.14685693561435062,0.184651113348298,-0.09152948195211717,-0.1533230709082758,-0.042947407970302026,0.24520462648607796,0.0372499383005829,
0.04969726547240523,-0.18833632211882595,-0.23404381375067682,-0.20033598663873373,-0.167437446428885,0.003614946709134394,0.05154607268292534,-0.017023875173711824,0.0705565873147156,0.18684348182418634,0.06880257408398557,0.041019439172826765,
0.2569525234861285,0.04491456374148672,-0.19041239418823533,-0.20321981083148713,0.1239372668500348,-0.10331268297644494,-0.06968536981596762,-0.0842378104845996,0.07786588749354624,-0.18628143264033564,-0.11720554339797601,-0.16164739347393678,
-0.2325877408949611,-0.1323879982507581,0.11513231900706183,0.08500627334309278,0.06553936636826488,0.08291292815108703,0.04668296682089738,0.07643676537014357,-0.09602931231409473,-0.06438284968088628,-0.05012574775383806,0.1051927491310858,
-0.2368171701952865,0.0986277075989819,0.12780369536058234,0.09679088047679316,-0.16777907014793392,-0.006953419951007063,-0.029721804878101696,-0.18704729284469318,0.08957800089347437,0.06699487758512593,-0.2251520987571266,-0.032943652382313726,
-0.1203486927053243,-0.10746022044579306,-0.04320204512525282,0.013127668073221724,0.22760963564417225,-0.007725360923263815,-0.129156276413899,-0.22228174619992805,0.08028982544117505,0.10124434037807727,-0.12388067196417564,-0.03778451567836037,
0.1536618800882425,0.08674924863707026,-0.13314227151878574,0.16027530745539043,-0.0579866558504582,-0.11134534678205771,0.033699022232460234,-0.00428925971837422,-0.008743206580633331,0.03201139273930459,0.011187484072893059,0.10623834571700834,
-0.14414215095558405,0.10867701194742233,0.20343470405886468,0.17173414338811901,0.027437011545442834,-0.022960270295768564,0.19575906392999198,-2.857352727701145E-4,-0.13468549339468497,-0.033670578260654616,-0.030690360989241373,-0.11414934621574856,
-0.013851708370958492,-0.14525013148814186,0.26449793118151793,0.22983071021758897,0.05019554943929816,0.22984875915233127,-0.07995054827070698,0.025095576374409814,-0.15085042150761993,-0.22327614850020103,-0.06155794703658605,-0.22158678529236325,
-0.2263300486166342,0.12899339089890532,-0.1422866492511066,0.02915293021268382,-0.1621817266623921,0.03966795399495809,0.01061813021544412,-0.09000824630386016,-0.09203450408997285,0.08237488528177944,0.1540802645687448,0.010541788997280241,
