# Pesos da Rede Treinada TxH=  0.7 TxOut=0.04
12,29,12
12,29
-0.9959429993218007,-0.6647290863662443,0.3084311158159665,-0.6522348532478114,-0.6909905179662708,-1.0000518348351937,-1.0239446570133774,-0.6046790052478386,-0.634237162913164,-0.7100534061823603,-0.8368872150562542,-0.7076347669302857,1.086570417217972,-1.0251185138140249,-0.4850608983121227,-0.7638737996793333,-0.9266282619099858,-0.5831588585264741,-0.8328605286260392,-1.0281941811836843,-0.6451649238673561,-0.46172521525982047,-0.9162947788445637,-0.6119146224376019,-0.62548462412799,-0.9991266770393495,1.398879258232897,-0.7541405187258097,0.18015627099851234,
0.05524175519182809,0.129252554475444,-1.0198836028493568,0.06360725408337388,0.02203400865821218,0.1731943347973817,-0.061875676973164276,-0.08120585996104324,-0.10700192663035706,-0.19304178104636582,0.14321003837876287,-0.275951426209403,0.09030634405385844,0.1512363409155129,0.20755108908289222,-0.03625657909605583,-0.119529617895507,-0.4316044947976825,0.0037358401905702326,0.108932347151556,0.13232361134497417,0.0649723380852481,-0.045282643542587535,-0.13951084020765725,-0.05272021940444627,-0.10260098062681876,-0.23821990583502609,0.02528809675475373,-1.0463142739093416,
0.09365649786463098,0.15965431952058343,-1.332155954737545,0.28821203662990713,-0.018151112012295037,0.034242638902276,0.28012829786645427,0.005245181272195001,-0.06142955971203142,-0.10019961356879484,0.03985105448561279,-0.04233859218388606,-0.5316984500151706,0.04427166313196418,-0.07025196448273689,0.07014520274888109,0.20274368154372677,0.09260853428500954,-0.14283373498397317,-0.11763309441019922,0.0052127159322614015,0.13206453339169932,-0.0038782843266254676,0.03594907797710669,0.1117214921115767,0.32363912735264794,-0.32668312127536037,-0.1589439468769332,-0.9372004330248491,
-0.44788560943597466,-0.12155135398508718,-0.6518022197302054,-0.5495454028350713,-0.31034706316082833,-0.3247258107949302,-0.4262294313214023,-0.35752219267235613,-0.3945055717085596,-0.4544894448855806,-0.4717830345861724,-0.1936151551082243,0.5232816191864013,-0.4996115353703938,-0.6019921409402131,-0.8221789065557764,-0.22218495141641698,-0.5483188057901593,-0.5344040456980036,-0.3173047974993105,-0.38158398720649284,-0.15942708553325372,-0.3810152922588295,-0.29140242571423175,-0.45581128892375333,-0.30451590743285395,0.9813082811866221,-0.2514950692744604,-0.3180247276422803,
-0.3766104783505621,-0.5357308653589142,-0.3557423612145678,-0.6521425317340548,-0.5112869633814737,-0.6788526717275695,-0.6387116761850736,-0.38789669769554735,-0.7144746792253843,-0.5999201732137526,-0.8733250960886821,-0.40325252792986543,1.2783618600484015,-0.8530392905440999,-0.7051432434850693,-0.6324506000263723,-0.6434942745720923,-0.4329403414653854,-0.33493331099531926,-0.5807774091747273,-0.3644631878421823,-0.568013851983041,-0.7911697171653119,-0.7327805555023448,-0.8508695540286106,-0.7936405627955224,1.1992783345216171,-0.5116888848213312,-0.17209596104965594,
-0.9663711852575834,-0.9186943186688374,-0.37941480705407776,-0.6668468727881812,-0.9348914201850224,-0.7897360490070195,-0.8173788885168941,-0.8194268401660626,-0.6380071823275146,-0.8837715248647813,-0.672461405869707,-0.991118294281418,1.2278426294044134,-0.8851389253455089,-0.5035090839858498,-1.1024922174335605,-0.9758212538219239,-0.5338518729754653,-0.8003791904970416,-0.6483164385821079,-0.6758094601539455,-0.49528386294147536,-0.7142882057885817,-0.8703951115835925,-1.0145870692897407,-0.8848035765109891,1.411414066997782,-0.9169055272804523,-0.24532056408501954,
-1.0679601885590149,-0.8130003126354893,0.1868617907772836,-0.8301211868127241,-0.84779846353134,-1.2533557696134956,-1.3674699159374337,-0.8333766301326826,-0.9656411901558315,-1.2500895512708399,-1.2395471871385206,-0.852539969763945,1.500181950829204,-0.8815712341235629,-1.2668799044655137,-1.2853122221633144,-1.2982135634110432,-0.9787555988135128,-1.0803397529142802,-1.0967245759512025,-0.9929442218750218,-0.9338050748699983,-0.733262670653195,-0.748854142663828,-0.9843758750511533,-1.3208295997416268,1.8588284551251677,-0.9680528247634879,-0.12491432731754334,
-0.36102584165555285,-0.2992451522933801,-0.7661966115597113,-0.4337939002729451,-0.34050531346627905,-0.6199970429959254,-0.45555393430327634,-0.5519113875870667,-0.5805343395959841,-0.7658644490514726,-0.7101802268649383,-0.5426496245039192,0.769036728483058,-0.4325670661665832,-0.3701674103390192,-0.46267601588113966,-0.5222643362539562,-0.47833310470402923,-0.5844119783803433,-0.7058837672194748,-0.5802537869913512,-0.6587433671563142,-0.44550227358033057,-0.3599285311650726,-0.383113620144727,-0.7444553229889638,0.9548388716539009,-0.46728995144902186,-0.7047746955921063,
-0.7439706550503028,-0.9185402397162654,-0.2703416258953611,-0.9365612626721974,-0.8264400706188675,-0.7101232050260355,-1.025753939030998,-1.018663573927903,-0.6468851052180424,-0.6862182392560814,-0.8615948708901221,-0.7638847124008431,1.0545715092857435,-0.8704958513007961,-0.9222019614686585,-0.8949944742066089,-0.8295284881075019,-0.6723328144849521,-0.8168249723531427,-1.073822785249994,-1.0155679655762335,-0.9401918209748947,-1.0622943923466857,-0.9007151442708796,-0.6781194477213476,-1.121335051353146,1.356927839025544,-1.1370045825413226,-0.4482108001102579,
-1.1019017750204727,-0.7721014073562951,-0.38130073079553717,-0.9911238634679373,-0.6665083741670595,-0.8189564368582648,-0.8856615582953993,-0.9532956321659581,-1.1416969897970317,-1.0347146474174207,-1.054924528717137,-0.7638666845208083,1.1696400933166258,-0.8430213459356042,-1.0205488606414652,-0.9875494225523535,-1.1035767240699874,-0.9203357050522601,-0.6175027434488528,-0.9385482867533833,-0.8555945877907793,-0.934934826428581,-0.9546603523344123,-0.8289813007179946,-1.0168484188527176,-1.1940931237007344,1.7227911883383957,-0.7587869429903683,-0.49318618181725316,
-1.1117256191517357,-1.064309694860864,-0.20130114783017913,-0.8907069337413627,-1.02070392865064,-0.7494842922274743,-1.0530056385589852,-0.882900105032872,-1.1101485925655068,-0.7159173890957182,-1.2815468003817614,-1.1923676746988474,1.001213222280136,-1.0016951658117437,-0.7974418877567412,-0.9985053003263111,-1.0311662053351043,-1.0848911430887986,-0.8322405443092584,-0.9800470008840898,-0.9761717265999104,-1.0362320209638127,-1.0397179198419284,-1.001857123361633,-0.9928940860756162,-0.9449090707323083,1.6173961107803978,-0.8426404378919398,-0.49173936661961143,
-0.735469769312312,-0.8418552354750575,-0.43491971243691807,-0.653792032262102,-0.8815355592726685,-0.9482285981874689,-0.9032241048351533,-0.728807224397725,-0.7085741646101399,-1.0491977891644317,-0.7729311050389877,-0.8406789754237564,1.1156692806546182,-0.6681091254191678,-0.6789743318697067,-1.0087295654290511,-0.876980530482228,-0.9673877467562461,-0.9064893854660155,-0.8462064940836622,-0.714879275954241,-0.7687382493578496,-0.8233646028177601,-0.8173716188758049,-0.7731357059310242,-0.9987596145690141,1.5878234812417469,-1.0741753239614387,-0.5390908862961785,
29,12
-0.008467335877868666,-0.07028198836773286,-0.28434487238166867,-0.04884425188705861,0.004573130525395404,-0.12529494370056424,-0.045078253444983056,0.04750141592240022,0.020829931504801016,-0.16264206031525782,-0.25253630109159425,0.02006855250784512,
-0.05068447069171597,-0.10158514784978272,0.1989482908608313,0.10823774723625877,-0.1873773728803254,-0.02795429968856715,-0.19177681302700528,-0.05692722127147769,-0.11480956359280056,-0.11057347546103402,0.03204937800697878,-0.0353971143005779,
0.15702162887057933,0.015677062931148927,0.013297764682125627,0.05420602337148645,-0.019539684069111857,0.06273489687575677,0.171193908127748,0.16813707409219378,0.24426481028394936,0.2318000024019109,0.17473848773210837,0.08310937787308707,
-0.1627280501795679,0.04058169311861383,0.17580656535709466,0.0376095275470525,-0.27176470546184117,-0.021945331738291,-0.20248247533291275,0.08223268968722248,-0.11654571792042466,-0.14537100039425815,-0.0187466036913084,0.06372163654460335,
-0.20249419780654618,0.19204462640527883,0.15168171073773812,0.13291037324832386,-0.1356447283403066,0.11149960400232757,-0.2542799792644847,-0.22442156426884358,-0.2249901186363968,-0.23155514861095933,0.11514370961532654,0.04911235256747683,
-0.17270878437447024,-0.04618145761001379,0.02901700739268429,0.08574067548868397,-0.23493900520268865,-0.012415641916465485,-0.05775144754003593,-0.04574347759750223,0.03506131087732767,-0.3100891447176379,-0.015465005876694086,-0.07671008686576464,
-0.2917783215118387,0.11002353946217666,-0.1801476075677377,-0.06006663909079441,-0.041061558036080505,0.05075975531702127,0.061475865669272094,0.021427775344195064,-0.027867984626155366,-0.14326137507196768,-0.22846185768737998,-0.3051278124461892,
-0.05194325708789401,-0.17445450400778764,0.12752651974889043,0.09543634704056134,-0.1892600345981078,-0.07146141954135192,-0.11295505938788268,-0.00815904589667457,-0.08593381141996675,-0.25748955583961697,-0.12816969765189398,0.1980801945293281,
0.06775084907218012,0.1104525434487188,-0.2735400843460443,-0.21816235655872243,0.028260061602818208,-0.11232870234875392,0.07932242830525313,0.10839309576938443,-0.03732613156462701,0.015051459676524935,-0.3912448556173717,-0.2713669177580706,
-0.07619501466662607,-0.23256882824353536,-0.20475941581486853,-0.21835020727704857,0.04203366083853221,0.10110616859823957,0.01042135791796893,-0.1284375074349945,-0.22694778110885006,0.11048375849199513,-0.13385783501870274,-0.1970868100682576,
-0.2441867598119937,-0.0487219398898422,-0.0997084782001121,-0.04220819723966944,0.15124265310960552,0.008599961816952132,-0.1851113502297104,-0.13093722477018147,-0.035617847964969925,-0.27427581963157477,0.07372787823442993,-0.2069138038922507,
0.04396281040510425,-0.11699406284285153,-0.08726963781840973,-0.1137730502901746,-0.15830833247368922,-0.18021612776711762,0.04466187914205197,-0.23568700041218077,0.08322112031996877,0.10393411630544207,0.019164339883609178,-0.3054645509176082,
0.3588045526561335,0.24250896958526563,0.28162275360968203,0.29110204345310364,0.12628663015900674,0.2723934423168916,0.4311059766836308,0.16198381596773997,0.27141768893645235,0.407526805253256,0.1410097778233966,0.24020775624602805,
-0.09950130946777525,-0.01545775800840668,-0.16055304276452007,0.005485451719852479,-0.003427406172180586,-0.08956784226316901,-0.02504827478803213,-0.3000764333785321,-0.07742128026580468,0.02353578989678781,-0.28606262315274084,0.10436996579767427,
0.031190920263816452,0.0018953867073229754,0.10965844966626614,0.12752522880567618,-0.2409371472779512,-0.04977242300358011,-0.22386299723709088,-0.19238394571510115,-0.1859323880443835,0.14971427443137197,-0.20905982385496924,0.048369644954555334,
0.10884745429574687,0.018651906701139698,-0.21912604538217934,-0.25145706334252926,-0.26161740308033643,-0.13417542759380222,0.09922576811879566,-0.16782651113074812,-0.12203428097943818,-0.17449187246569417,0.0118957826756457,-0.2257558527082747,
-0.09971986328099215,-0.14862592994414675,0.260638548293922,-0.2550740477546954,-0.1780917841604473,-0.18264341830986944,-0.018674739058792057,0.07633868593824668,-0.24831195172374312,-0.07796206695784377,-0.21577983695290331,-0.052530404663470726,
-0.37238547914140563,-0.07082801702001669,-0.006484453167982798,-0.1191365993354764,-0.20441263841215776,-0.1984503811718139,0.12364902011808185,-0.03477103571529845,-0.16751689417505836,0.07658598949685841,0.038886967892153096,0.10502414826771128,
-0.03711613216199285,-0.23063797139643744,0.050519786698360776,-0.1326531374476728,-0.1002977217089043,-0.20961625693090777,-0.03908073695731691,-0.2007831690658561,0.08220057979500682,0.09086618796335207,0.08042129139213632,-0.20740645826910867,
0.0387575947406588,0.008910414371729078,-0.15366867451802593,-0.20144069714503707,0.08558200136564276,-0.27423002525009915,0.09581619062067487,-0.019184399558348667,-0.12765712777378513,-0.16537786456116116,-0.13677752366774282,-0.1860748005969689,
0.13487955139277008,-0.11920687143425232,0.020930840302210634,0.03312620960286353,0.03539731041025994,-0.015569782997042947,-0.18394677144894336,-0.08663265373771988,-0.15440961737313047,-0.03684349577391261,-0.15813262554421095,-0.16132145701539946,
0.07932149849481676,-0.2895007139761811,-0.32548395490006377,0.05023369678591779,0.04857284063850763,-0.07233158265375583,-0.2784547624028503,0.12860589335094316,0.014837559056203476,-0.017127360787668154,-0.03585323580196516,0.07774515551438835,
-0.24963957163271752,-0.17730364645919547,-0.06873728942552149,-0.1754033539225481,-0.3437423750473581,0.003433642478730291,0.09619852519656107,1.359308731041663E-4,-0.12481089754520967,-0.049449013161876894,0.021777470086962337,0.07059701360182226,
-0.10675767911373701,0.019287852455443597,-0.03249927282859011,0.060589232194188,0.2055700832754794,-0.24243279205086368,-0.23558016526938325,-0.004731171362124206,-0.15922205735063313,-0.053006445768009204,-0.14299704157303908,0.07002694587928363,
-0.08266725164228729,-0.22580162077423238,0.009112987566503031,-0.21477651655484337,0.0033948444157450206,-0.012995503663621207,-0.3086546998651516,-0.1316887080680737,0.09006439933570264,0.04933003741661243,-0.07089256973617815,-0.01585446816849943,
-0.009285449783229307,0.12693188998739627,-0.2138968113672216,-0.24905832856968077,-0.16884855364347365,-0.03261236785602104,0.07113844180033217,-0.26150527526167244,-0.24326736422486903,-0.24728061797151482,-0.05489718829470689,-0.08006443706717209,
0.3503394892841054,0.3719653394973963,0.4213497518269107,0.4019680281159513,0.5535719709404625,0.41006651941092326,0.2665984728071114,0.5838650955684714,0.45768407663509453,0.37629188981326006,0.5788747142670994,0.5208755420649096,
0.022144208733829513,0.0010029556030652044,-0.2795048596254244,-0.04898044204092981,0.03665177266303191,-0.06412515656128048,-0.024466309674413704,-0.12084499698176435,-0.011344511299579184,-0.03062715783526095,-0.2059999470868504,-0.20049455148523462,
0.01741511298004867,-0.04165944118503352,-0.18936803893848791,-0.14957681311539883,0.1465682889918425,0.10372726715898611,0.08262187201748829,-0.002496159299023068,0.16375639098397393,-0.05046469987625278,0.21486479408384934,-0.07922475090593498,
