# Pesos da Rede Treinada TxH=  0.7999999999999999 TxOut=0.060000000000000005
12,29,12
12,29
-0.3806875658665514,-0.6907534358009767,-0.3641844852511068,-0.25991157459462816,-0.5901510628931645,-0.3312559897662928,-0.4592323180410713,-0.48465027031416097,-0.2026233258319003,-0.4955833166318525,-0.7529650843329142,-0.2947987478292522,-0.7999509403761936,-0.338957380217797,2.2629416552237056,-0.47283288103960414,-0.560077889966662,-0.4089556501662967,-0.729216758815536,-0.378703456185116,-0.36886531599796524,-0.24654763260700843,0.008768202452716388,-0.30738479647072114,-0.3369963658796687,-0.2619589317981158,-0.3522314973947517,-0.3304598971335637,-0.31113907615610825,
0.5769046024564729,0.24020572049977976,0.4082215646216915,0.30513871887854943,0.4060794896422152,0.1902934503385758,0.38345839299193835,0.4228097020066018,0.22625831316566375,0.5133476475162215,0.0063187641561115665,0.6346736254967773,-0.006882356491286683,0.2375124695502319,1.3174454167062688,0.4426135560492423,-1.525420294919268,0.40540823687632555,0.4809520426784947,0.3626061463019814,0.6960305615810215,0.43856322942550335,-0.009362791603288213,0.20982436911902524,0.8028006217598918,0.23563179316792487,0.5299079439343493,0.394247082468347,0.646615138308034,
0.6609742818357773,0.5536850628507674,0.350989947839383,0.5231534073049371,0.5344993096640999,0.3118169872919951,0.7584978909329928,0.7887307459269095,0.25251838551627237,0.6382513699287776,-0.29831771857878053,0.4421727268857324,-0.3172334344029346,0.6722046626646461,1.0817928387429798,0.27313784964665994,-1.5703728667823391,0.4279079339651005,0.3189456110786365,0.2458461203915061,0.5859637330239976,0.35115675847080374,0.06361255208864183,0.48718576958312865,0.6609906203999211,0.6013700371126287,0.34042255652050973,0.6819343418972444,0.3195746539507262,
0.05076303319173696,0.07615785702931749,-0.09633935661627638,-0.12834176931062627,0.268116521707809,-0.1562351235506908,0.3785477271695234,0.32216759253646643,0.0777478244173907,0.1702875929782545,-0.40189895038860385,0.3363375236669439,-0.4708101358132283,0.06349942414230003,2.3132684745323284,0.4359523232831845,-0.7356938116245899,0.21921250538691542,-0.26563472406175465,-0.3503427624200713,0.11650232656277279,0.03538734503535004,0.19431849265342707,-0.02938824127145409,0.556916042257116,-0.06877658549018431,0.06854766285925314,0.06709789508909589,0.440326754166787,
-0.2974664302187722,-0.020712565432690126,-0.24986240990908676,-0.3809453925358106,0.1371751962019379,-0.4305584620409778,-0.04314340762936167,-0.257427200519619,-0.2610479313531365,-0.10822646776178128,-0.6295821397762867,0.00993447186515721,-0.8418096502936059,-0.20890037822015828,2.5780577412498804,-0.19981059226407238,-0.5415979067730783,0.2743197989701587,-0.4623976676700332,-0.2493947472076215,-0.34622371374367733,0.013048946122803017,0.056837088263059915,-0.42428866049556246,0.3702021207255331,0.055825197119968556,-0.08731599423224054,0.06736989893016708,0.03709444717441422,
-0.4810151552625485,-0.4488670930142318,-0.5022315339957384,-0.5491093161455035,-0.4247916202958481,-0.48312215275432,-0.6106976234734053,-0.7916564570460393,-0.7238225124537386,-0.5078987844265629,-0.6875012589910757,-0.5652691622781718,-0.7063949638298679,-0.48351313853002226,2.179078710680138,-0.6697850189975753,-0.8099774731094249,-0.2863746886611223,-0.6738086553083371,-0.6054566754345503,-0.7757288911233367,-0.4098799250761512,-0.26396822192534647,-0.30596494304652916,-0.631816688919633,-0.6727189179735639,-0.40331501956619764,-0.7180329907793116,-0.47810092327428255,
-0.9891423030275353,-0.8462367998364023,-0.7060649474521862,-0.8279610806947658,-0.961193680946371,-0.6076083041782098,-0.9396782142556888,-0.6303340037928101,-0.7036261836204447,-0.9633661032375019,-1.0829358969197596,-1.0223645404127943,-0.7204004204190496,-0.6587832279695596,2.729650759320009,-0.6419345038288466,-0.10996116941396039,-0.8323408580969628,-0.7121086675553782,-0.6831427372093689,-0.681290611044241,-1.1211583427138911,-0.6562520876105643,-0.9752214822577803,-0.9814609061156364,-0.647344796119649,-1.0771574100733086,-0.9249469200407245,-0.8471906370361751,
-0.09399087285546044,-0.4020153282200189,-0.5055698809842751,-0.46925594400236825,-0.3553751035400032,-0.4148879968223257,-0.5033698804712845,-0.36303226670611555,-0.3376346586885066,-0.05967769812508663,-0.6585376355253809,-0.47354944083999084,-0.21916177394430664,-0.5877357805663502,1.9856837165301524,-0.19456840498824057,-1.4438592508398562,-0.5475933528749046,-0.29275688695255553,-0.14036100714651525,-0.44183274122078636,-0.3627043920499988,-0.5207108509529762,-0.34580120329255803,-0.6218816136748663,-0.3211425679834995,-0.2803679675995185,-0.43344810946034124,-0.5262311832237083,
-0.881684337985565,-0.8503131824320209,-0.7970891245826149,-0.7127218646649621,-0.9229599175763302,-0.6288617901575352,-0.9815258525648421,-0.9974293863699065,-1.0318327218050707,-1.0476112049948623,-0.8426711368097111,-0.8944241874639955,-0.6545243891760529,-0.906586432375413,2.4040314140631454,-1.0537951428166106,-0.7582312328189853,-1.181937020942712,-0.4352958801363733,-0.5095019137633299,-0.6683097792140384,-0.7339218424446889,-1.0837898979785994,-0.7824229699069917,-1.1181071652003258,-1.0372732563019569,-0.9751572153258781,-0.802527991121419,-0.7665817857883379,
-0.9960978914607087,-0.8803770354008115,-0.6460471507907066,-0.6451598414743089,-0.7699936055359679,-0.594296738744934,-0.8597972227937588,-1.092422181320406,-0.6718097074368776,-1.0361519629143476,-0.7187672596532823,-0.797769919001216,-0.899551877982839,-0.716364736330535,2.5177027155539906,-0.7518390657925262,-0.5805067927075246,-0.9712036363126961,-0.57691320862117,-0.6374522767545343,-0.7761989811958805,-0.8814156150314119,-0.9206969590390913,-0.8578883556085137,-1.11169144281718,-0.7142721547594852,-0.6332474867949134,-0.9410167302738224,-1.0987371470447962,
-0.9156159419908496,-0.5952653353888191,-0.6464454855650386,-0.8398375673419218,-0.9369058814522262,-0.6946554375258891,-0.8632102960807546,-0.9562410558999311,-0.6732732937387989,-0.8281946328157601,-0.7615269514134904,-0.839962127097449,-0.8953277049076683,-0.9171914432254115,2.525722709805504,-0.8808759981247187,-0.39504959586798677,-0.7781910253513987,-0.3912610455851077,-0.7581697909459394,-0.7790244045096409,-0.7643319912060558,-0.9366611977952222,-0.5164343396054878,-0.9181914314186653,-0.9707343768983351,-0.9274690167433411,-0.760985262334236,-0.8770040481885139,
-0.5769990390360304,-0.5104474987797939,-0.6367249506198,-0.49606275848409487,-0.7299535361751153,-0.5727301017759333,-0.6092481677934588,-0.4059050142111139,-0.4198601115039745,-0.7224336585982597,-0.6448530449876173,-0.9420438672557901,-0.6662428200441473,-0.5042225678448632,2.4514788634667752,-0.7018886087107096,-0.8782594939597668,-0.8480556308119446,-0.6272099035968098,-0.7153118380539517,-0.8215454571872726,-0.6616125920487149,-0.4267219300602138,-0.5420880870409451,-0.9681167863786063,-0.6049829933050265,-0.5527396482885153,-0.7859878229312143,-0.939324891112318,
29,12
-0.023525360404946162,0.03818265691960139,-0.17384639970753152,0.1278006901400249,-0.11898969013314879,-0.20202686647491994,-0.3434211953076911,-0.15622409592117725,-0.11066589030023384,-0.016644537012797167,-0.1384088445350203,-0.24142371552070943,
-0.01366415275284638,-0.17004727454999705,-0.20453692322055508,0.05180475520069452,-0.16431323533097217,0.02545527395363624,-0.08339595126561528,-0.290154554661233,-0.23208057769062615,-0.0732018931185187,0.052005690615143645,-0.23771039611386868,
-0.18101040862147635,-0.17184873070381373,-0.10024283925293387,0.09007068831574892,-0.1221220870072739,-0.016838913148277016,-0.2587386952658533,-0.014594457804574041,-0.2803631512675602,-0.18617992015775325,-0.04051406701594086,0.001318065883665192,
-0.27118329321677703,-0.02299718876065237,-0.16500869108494212,0.007534546956135795,-0.11874100928087057,-0.20322895782692751,-0.028290332840854884,-0.04426299039234048,-0.012522077298854172,-0.18653881960106447,-0.26179776457873755,-0.08478124272132076,
-0.07639906464555031,0.11550370031488487,0.08323700577906719,-0.23287090923730086,-0.21848568929939852,-0.21704999670158345,-0.15929076509069406,-0.015161151973439773,-0.1930008278706821,-0.2250986593250412,-0.10698202114022329,-0.19222422176147289,
-0.09911496385480108,-0.0929156626552857,0.0013850611014118031,-0.042288971169788345,-0.1993333965838035,-0.09325697439141772,0.010023440934322786,0.10068806022164876,0.01837853317864212,-0.27382930959937407,-0.29353157963585536,-0.26772513531219505,
-0.1836593358734626,0.12461671183572429,-0.15911057810252843,-0.19389769210696522,-0.0012058197377680883,-0.1591140723387529,-0.05438916878314487,-0.185816991242535,-0.23065685315480777,-0.2816425996423311,-0.11576123400315842,0.001395596938053197,
-0.29821462109040586,-0.16435981950509543,-0.37639770714808735,0.10711086545396126,-0.034628873514454935,0.0454066197866568,-0.014286116531944885,-0.07580399448420125,-0.2637951022091731,-0.014610025752012938,-0.32426610990324517,-0.13671888624814374,
-0.2027728280956006,-0.05232606988687077,-0.15277340766019293,-0.09904063108621872,-0.11718478792239968,-0.23183000191685305,-0.03005220677729794,-0.3134702202304106,-0.005330993606725722,-0.16981578849400447,0.07658849982657823,-0.1086071624922366,
-0.290907552694115,0.0024156844142786092,-0.08803034668789864,-0.3085737974856082,-0.24282446273554337,-0.044364242933987885,-0.12725326047411503,-0.28742094814496283,-0.17432179940873774,-0.026993289029725066,-0.13722574150089978,0.10342963231374905,
-0.08798255256571366,0.06828656555955324,0.05612403532676009,-0.04938207521331441,-0.03726012924574133,-0.09412274730242783,0.015373020942286321,-0.052342722979758956,0.11576264435023366,0.08884257558720236,0.21658593188522068,-0.03619066061517889,
-0.15266285723372167,-0.0014750057500852007,-0.12215473889963595,-0.3346618510601601,-0.19547759911821766,-0.08189707877668037,0.06601088628694678,-0.21288826753108803,-0.2900000629992962,0.05780268502165164,-0.11082412077355924,-0.2535292290416427,
0.14551905697164214,0.09580907643144289,-0.18290304592836965,-0.18693660271634688,-0.15502757899589786,0.21835319356579616,-0.07931915430698067,0.07580110540908763,-0.06530707221121954,0.11186342091268858,0.03328476418663855,0.08981098476826184,
-0.09060506449921268,0.061232149656851954,-0.2176907045805018,-0.0989306447896236,0.123123450055609,-0.1838121356843624,-0.34663601505365904,-0.02575335422265986,4.841676222659963E-4,-0.2726202748286651,-0.05367246408230104,-0.21435332279842012,
0.824745635515542,0.7213249503445173,0.7824157316470013,0.7658874804337117,0.8146741800132805,0.8202651994419488,0.8388837853566982,0.8786986939032785,0.8734257143498879,0.9096833524006587,0.8972804670623321,0.8809973261204918,
0.04220061102749242,-0.398101719251157,0.061636117792079746,-0.29019724277824066,0.07722289802674173,-0.09662984499895151,-0.32019090018287366,-0.26415711873257514,-0.15219223494671205,-0.10481916766685698,-0.14249114894870563,0.06216630838782516,
0.3054627939186439,0.10547009412594553,0.15118696903665507,0.2238876029283775,0.2460676278599145,0.26060615005267757,0.38311921739907884,0.40053365445740274,0.47825454135318946,0.3308779400039167,0.4043339655652418,0.385393312310061,
-0.1807469390050483,-0.2288440557927718,-0.045343086567257884,-0.2567949513181301,-0.3246157199498489,-0.22195238199168035,-0.036965429385586744,-0.11915535402208229,0.052478953774456306,-0.027931688021622318,-0.1884712472403848,-0.22572829059015923,
-0.06006036733853001,-0.129158872128404,0.1339000388127008,-0.23565337545185602,-0.1636365610120547,-0.10121143465637035,0.12189251749401893,-0.2056935044788361,-0.07432903425419932,-0.18388783494355837,-0.18844852275974244,-0.09321994972150795,
-0.0647211798462103,-0.21018709696142068,-0.223337528159174,-0.13241703946302266,-0.002594582305081656,-0.22487392029903558,-0.12617862493020487,0.1014882089274389,-0.1588938167606556,0.04909238976989488,-0.2733975354497763,-0.0434725352961369,
-0.014015439094759387,-0.03702641428087372,0.0743420162796141,-0.12043164102556946,-0.011184742316904629,-0.14537205220589045,-0.2714128026676819,-0.20151598116471964,-0.2163773467578134,-0.24007516578472762,-0.002872918139679797,-0.09186704100662851,
0.16709372062655042,-0.23918517109681892,-0.033924866301648864,-0.18774609133216155,-0.13275504491941834,0.02491235492153578,0.04391614791856489,-0.05753634376561282,-0.29328697395075043,-0.22980987834644953,-0.19305464002804837,-0.2528677863228479,
-0.20502236197045495,-0.35021630237130535,-0.024291156629610372,-0.045828777178172006,-0.21494185369665125,-0.23307699001871712,-0.11325439829182014,-0.052891614785124434,-0.07611821542131067,-0.08102043384170295,0.058678096478597445,-0.20551515007173232,
-0.16513302690417148,-0.27250073622425225,-0.0769370558005048,0.12848472329723704,-0.008209113787409442,-0.15194348389448525,0.06448526691863235,-0.2145384555410741,0.003766070405243383,-0.14837051802374043,-0.3004341355564817,-0.10207485631487236,
-0.0031170156901644216,0.04101876301590167,-0.2203347462649335,-0.2535883363313965,-0.21357594088678317,-0.03092126273251862,-0.03998327075451234,-0.14582749249898594,-0.07653190048129661,-0.31005156917331644,-0.19845245818792495,-0.2337794649904837,
-0.02642503551839988,-0.13916235247698522,-0.2920802751724915,-0.0057729312655819785,0.1064714868328856,-0.06547183924913393,-0.17698503792913722,-0.2331905556347696,-0.1291556128868024,-0.1451125307172018,-0.13609585999615456,-0.13077290027983549,
-0.09799306506729381,0.0788754467127508,-0.014924632454831357,-0.06202857034749087,-0.14127982095420322,-0.05792830071223779,-0.39144101196215514,-0.045734323990739276,0.04721204204198869,-0.08438619318151738,-0.3012741897884778,-0.28042187152627407,
-0.11380337021962159,0.0016444531770184233,-0.14843253419793243,-0.2855845930168759,-0.29284863143835554,-0.114378156125684,-0.19075708777270015,0.012294388059418727,-0.08273455099883055,-0.19184182456258572,-0.19703526250176814,-0.04856772946860173,
-0.3952836835777372,-0.32367636700317254,-0.0795276569297104,0.06567046999437572,-0.043816758150399454,-0.19219203413552766,-0.1456198823225559,-0.23218154630007393,-0.28508471724464796,-0.07431600755235801,0.0414107167510637,0.06784880144057039,
