# Pesos da Rede Treinada TxH=  0.9999999999999999 TxOut=0.02
12,24,12
12,24
-1.064627380769899,-0.9898238600812237,-0.9713295561904355,1.4021901273653117,0.5317772917505609,-0.9887272427936784,-0.9567697806571527,-0.8129933580129167,-1.3542708833033177,-0.9029070468841753,1.8790359822281777,-0.8275265496973019,-1.038681883922482,0.4754149307015837,-0.7984631945087701,-0.705996552666345,1.387857745839388,-0.9466632060933013,-1.0733837844388503,-1.1493549835613797,1.4825100971045828,-1.2060926990004628,1.529293767433252,-1.2412371623221317,
3.0030968779842775,2.4195594687221145,1.974093958830827,-3.007839332131581,-0.7608650637186772,2.7970148345557497,2.560535611993826,2.5676745478027576,3.0003720443507476,1.976924836892447,-2.5504962959363975,1.365061821444719,2.7472808666293425,-1.8588256991704029,2.350512056734785,1.3492875134449058,-3.4867683994650176,2.786769217582648,2.1190468485989213,1.818986166103136,-2.399482383251329,2.379104612303071,-3.6670916477932805,2.603373891963075,
3.4696078358109252,2.8125752639776334,2.4711739087456657,-3.6202647734076825,-1.4263112826039148,2.800367232462131,3.2804654762558343,3.2568270123129572,3.0569260505793956,2.093883419248194,-3.278954839368888,1.542073058695341,3.0325572211645566,-2.3196373455930943,2.803395769126591,1.3667507141270383,-3.6061148836303207,2.9666732971359053,2.4058881645263552,1.8641949253559091,-2.52455052391424,2.5524009616878627,-4.007515492354922,2.92735802398615,
0.3048369248807055,0.48488790100855456,0.20488794437931948,-0.5284077825798221,-0.6090805565956291,0.5691783139641229,0.2807179098854205,0.2208911797719819,0.1358584829858464,0.34760008605651127,-0.33999961156710096,0.2747502361795213,0.09228087752018956,-1.0495545680810077,0.19687843202371008,0.40352740811650695,-0.6209311300537554,0.34121978142308007,0.4560854467109269,0.09250529632653129,-0.5783671397917138,0.4161254719206262,-0.29723317414439016,0.44210800907352116,
-0.49756900030720036,-0.8076930317769655,-0.6573299595557031,0.9621755460658584,-0.2198446276388559,-0.6275451605931285,-0.7852018040526708,-0.3752120955327721,-0.8016659594499935,-0.7652598907467743,0.9299123550614389,-0.5539951571245051,-0.8453404923297324,-0.2620382719521495,-0.9323900411577193,-0.4228389849343694,0.7988974368764324,-0.9074008888792151,-0.9115436647745744,-0.7613516835160453,0.5454864984798949,-0.7821829923869629,0.9033621816948336,-0.7862493195843331,
-0.8729776518235196,-0.632319724591628,-0.8794261250177342,1.0227217206107182,-0.31849467046684715,-0.5245641983096953,-0.7535742153675457,-0.8880507524770015,-0.6991063647827408,-0.7364393369174822,1.114098461240156,-0.7775800248800293,-0.5892181566318336,0.06835562153685447,-0.6931588572411961,-0.5885398571456684,0.7435154126817778,-0.776897416532432,-0.7934571490274636,-0.6758380532171665,0.7977957818823592,-0.835820266714158,0.9644724469336707,-0.5852013571694072,
-2.3277311612827956,-2.3267889094721452,-1.8806534867525555,2.8448991825198466,0.37424182496081054,-2.289770090467263,-2.472371911934133,-2.263958728538309,-2.6345272602054512,-1.8437936564573936,2.2966673540927784,-1.2000605824146566,-2.318152811689404,0.7781873656095936,-2.050666730825596,-1.3975147233986356,3.1683597407470314,-2.346091711488487,-1.9266250273202725,-1.8560919300117753,2.105301360357439,-1.9781687508557144,2.9969673700049486,-2.2939871535498426,
0.643167919940612,1.0581580494549883,0.8095227175950114,-1.2648473973251533,-0.9113284447960928,0.7082074569701342,0.6701004099531628,0.6630757002524719,1.0521750709312243,0.7833018810398102,-1.3498341700779108,0.24801893565172448,0.7983991545203867,-1.0690771623157997,0.5998436378140456,0.3864488025617629,-1.1754399293921822,0.828830239625704,0.8331734024027909,0.6074752445286942,-1.1783738033766753,0.7110325768912282,-1.1214166118530633,0.8286653374483264,
-1.3228017738190867,-1.1642011008863888,-0.7396795952735834,1.1313493905563046,-0.09487390540929612,-1.0474978527558945,-1.1337566729786095,-1.4180577335056408,-1.1303718434028833,-0.7600177115277515,1.0317066687973167,-0.4220374854242877,-1.081154475396243,0.05146491921982885,-1.2541271972557484,-0.6597830882554653,1.290064709433948,-1.2707324095764978,-1.1023521946733086,-0.9009749118314196,1.005787269037339,-1.1248545627683293,1.44781571163221,-1.139482285008496,
-1.1257058794780712,-1.3506552276433195,-0.8904379170627443,1.3032522302693819,-0.18323134481913983,-1.1876617212534353,-1.1365132717985493,-1.2704719951879107,-1.063828783858496,-1.0338349661306385,1.1093223121548308,-0.8210079717911669,-1.2828386165317893,0.3199918257956538,-1.159145005479117,-0.9610906790003259,1.3689516248594067,-1.2613895511817208,-0.8247729127928788,-0.7043912957790067,0.9964405413781554,-1.1340746348232336,1.6168728294781116,-1.2188543717383213,
-1.2953976367735636,-1.0649282283287667,-1.1558597024906152,1.2460299978294207,-0.1898448273871597,-1.2970276393499782,-1.0861763654971137,-1.3101026270545075,-1.1365885456834686,-0.9481964393156026,1.1349798027303968,-0.9145821033959075,-1.239123880400306,0.16852086352571036,-0.8125297788042959,-0.6983224082151469,1.4353753474672657,-1.0690650213426802,-1.1805138039171077,-0.572270509703404,1.1710308592177185,-0.9210243731874023,1.5754602495985652,-1.1190324623965826,
-1.1945427064952552,-0.881787937744767,-1.0083518493272061,1.0961008520933941,-0.17938504111319,-1.0641914745716603,-1.0272004903170724,-0.8368462341838631,-0.9909806909950855,-0.953522959956777,1.1378979273900633,-0.7627415661811645,-0.7955391774965417,-0.44152432409764947,-0.8551914889331333,-0.90688057337164,1.5472750858125788,-0.9039250769913119,-0.7195660487583619,-0.5716175667532328,0.9134985418607925,-0.7113998290617539,1.2408585339697915,-0.9611063261014731,
24,12
0.05007397713021292,-0.03307628196331088,0.09359058778832134,0.0387649691202237,-0.06631183934331482,-0.22304702777560947,-0.24895208245791764,0.04389563080045415,-0.18999133686649267,-0.08805841205825324,-0.2141418271571133,-0.0784047194529832,
-0.22575160789748533,-0.061460314754127575,0.14366266711549117,-0.0033532647820103834,-0.23262655524053716,-0.09284176589330159,-0.08965879911115816,-0.09139262076088826,0.02264449505065168,-0.17770291585572756,-0.09433340084115636,-0.06173996716702643,
0.09329374780805405,-0.025539514912534568,-0.2348898063657253,-0.23969518573466336,0.1304702742220282,-0.2023506901341929,-0.06524377396918368,-0.06518624571000124,-0.030121026349719932,-0.15530134481523405,-0.07292352800501221,-0.10506368162451013,
0.24298560278399428,0.17389549114892586,-0.06374140899841055,0.22668098278812496,0.1608311366859656,0.2536199227088393,0.2295798037630695,0.15512936774436956,0.11891263919510309,0.15776918958065658,0.16516237414032214,0.3303289479956834,
0.13185662519111171,-0.2447173078073569,-0.0827043470102688,-0.11187246489691531,-0.03380312812787626,0.04659355831780219,-0.018138048615087627,-0.1453005021134272,0.1297166995400883,0.15378956304659738,-0.10277208703523481,0.02175961112136203,
-0.20020399467269204,0.034751569961925764,0.17795546131795456,0.012779079480771147,0.01994297131771915,0.03966825940762641,-0.19567405791854162,0.07026228860372918,-0.13214784533547147,-0.20489642787636977,-0.16693562989918406,-0.18213111611909663,
-0.0720387794760818,0.0900430185841768,-0.055911345263468665,0.024263439575214003,-0.19414134640568703,-0.20513816359335185,-0.05986868018821744,-0.09096278168339055,-0.22432522292995094,-0.21177771403932974,0.06572282401351037,-0.0793849844361656,
-0.024124239839065927,0.048685577059838794,-0.06064532716857007,0.02571689363740099,0.015251545209975046,-0.1571838826294681,0.021168832594173705,-0.21501836974612035,-0.1403408303669853,-0.19096637076521492,-0.0980198291802491,-0.112125865761337,
-0.12051275841161034,-0.22605988818811462,-0.07097046270050596,-0.05562544859527613,0.02058486849934346,-0.19241086796740262,-0.06566409746039709,-0.02027466054431132,-0.20420135272019935,-0.03876805841618228,0.035341055246842015,-0.2498390978926474,
-0.27694531366806285,0.0442155261156252,-0.10001057149815515,-0.026380848444189572,0.09061338303018189,-0.1096558873522268,0.14965503326057164,-0.2654944825380122,-0.2498779061202735,0.07863032741538661,-0.07828254900001182,-0.10777223403027032,
0.20371827366877615,0.1827020115062387,0.2873353448825332,0.23340849366303604,0.2641780219873569,0.1579651235695714,0.17280436035113264,0.25323965469123894,0.39606734195852344,0.058034727789522074,0.10770809128800654,0.13326504385848242,
-0.23999021568870196,-0.11399989249826231,-0.0319891090140319,0.05376069122229947,-0.10848542018334123,-0.13100602083658427,-0.13192845721832688,0.028612863455648598,-0.017099104779739607,0.013903742124924791,-0.07442609427015871,-0.014621433440574814,
-0.1954323165854627,0.03976037387221528,-0.144506884038794,-0.19327438793783636,-0.24216727046378145,0.11012396213178222,-0.09660218223325424,-0.1323566249691549,0.05781898185270856,-0.12300211176456173,-0.07038180429534546,-0.14423402267595464,
-0.11349294664177217,0.042009075125938246,2.805158432645454E-4,-0.17450706328275012,-0.23176679952602372,0.022529050704296425,0.03487694952405344,0.15023248026378788,0.20660921214289196,0.009863275292006911,0.17681637322581656,-0.004780771914460625,
-0.10310125727565356,0.017492987603191856,-0.18848188402472235,-0.05183713035684695,-0.10019222221141905,0.035420978262622166,-0.2684792559686962,-0.14363610033782528,-0.1731131773202545,-0.09224826139561294,0.052539659310445457,0.02294401999668827,
-0.16125941915453743,-0.03254573610210771,-0.17575606659789608,0.09727540429433583,0.10194070538395046,-0.1184900618469626,-0.102840379574647,-0.08883794587080272,-0.06593715209710793,-0.12577176861743578,-0.0365121236814343,0.03254117190867811,
0.05671110193433915,0.2951905531384532,0.21310753198406132,0.0935807583147861,0.09875529981052589,0.24370472977369442,0.17771199927509077,0.32321623377706493,0.12457737265131331,0.34032556168488126,0.20551277492919415,0.2945664452697989,
-0.03226967398112659,-0.2131801048036471,-0.022562462649164148,-0.1114836614890343,-0.0873985761646261,0.07428511111713007,0.08081174319426786,-0.21726644215623447,-0.23757536064553983,-0.03890535570964441,-0.22615396187811793,-0.08035413150592337,
-0.15073288921942107,-0.15391992379734604,-0.06456555635414399,-0.12710146298565816,-0.032750781270566416,-0.022965163153909885,-0.028079338158912837,0.019657638482374798,-0.26175680827196085,-0.2047094445361849,0.045767119236087575,-0.00545711802395092,
0.1120962778293024,-0.016738352669206504,-0.18744126698197203,-0.3390582411774157,-0.13476582571996995,-0.05188450658746088,-0.15559494409566102,-0.059453744168440785,0.05964897746469149,0.019129340611306632,-0.1352353901831911,-0.10660786683239222,
0.2604250591158374,-0.09023123687732826,0.18452773095177244,0.041051083841262215,0.17359710579648255,0.18920341585358388,0.19539628181015284,0.28061134035465063,0.0053711851761111505,0.16727000568020917,0.3482413341890652,-0.052098794252216404,
0.128752741517333,-0.17729195042909834,-0.16226186528216074,0.060861142609598386,-0.28754179504118554,-0.011241295135622458,-0.05269353370200781,-0.014878088531462923,-0.07326150052352635,-0.20691258346203792,-0.2092072223644041,0.005591371097504738,
0.191795464849829,0.23910859470902382,0.2702297255615889,0.26264163837589327,0.23507666455662876,0.11209333657067026,0.21419965597834612,0.01051389431851998,0.377838634446061,0.3382613485193645,0.2204098040379976,0.30188644979607054,
0.01918395837648942,-0.18158295065322247,-0.10560857578198844,-0.13176033348152336,0.01955654791270805,-0.1416361519343935,-0.11152518503400442,-0.2001283416000501,0.0649224546461699,0.059161481964302064,-0.2608617400934935,-0.17779483979230928,
