# Pesos da Rede Treinada TxH=  0.1 TxOut=0.04
12,26,12
12,26
-0.2586436714168007,-0.5040481675070411,0.07369136022331237,-0.29082845501701987,0.24980033277709482,-0.09553575414862484,-0.32406165453985486,-0.1515073109613514,-0.39344604784281473,0.37380851491854616,-0.14896621968329135,-0.09028903982669795,-0.3511320315077809,-0.22030588632395293,-0.3380936408937452,-0.09148144542103386,-0.46797973238712787,-0.42728262910154985,-0.08459377590770856,-0.291450371063935,-0.22090916273137734,0.10191388616552796,-0.0380145470086783,-0.2731856282782099,0.15838791386042497,-0.22211625528471257,
-0.4716863110883113,-0.2259868906652898,-0.12112821525551015,0.19658711455501546,0.23192356885660093,-0.09884291192352862,-0.13776064108232308,-0.11585574408585696,-0.4402926370796878,0.3476958730026897,0.050539342575950594,-0.3503896391968956,-0.09209434701430302,-0.0566475219277427,-0.2688834754600938,-0.18887441850112696,-0.3745145939387709,-0.0633137717494746,-0.3270963491232552,-0.05564858557433033,-0.25337716736072163,0.2657319337357642,-0.43465247185960704,-0.27092570844594055,0.08080962504784728,-0.3134530920387921,
-0.2289781673048965,-0.4940058747145672,-0.0839790045672196,-0.162059287635035,0.21155833297983712,-0.1887038506554471,-0.25144961553849804,-0.37386237561626395,-0.10216698973561858,0.19596464141235562,0.03078036321846651,-0.19700058854323935,-0.14209375709966737,-0.12325482576377933,-0.250301794490963,-0.1852494033426046,-0.41125852339491953,-0.41260026188815274,-0.24055940947645565,-0.022981929917425318,-0.05467176801055893,0.08029398792335767,-0.4279566775262912,-0.09285081496768911,-0.03511257808914554,-0.32048588031742625,
-0.21027615631107097,-0.17360394073535754,0.20975979571540584,-0.16018628872279672,0.12388396858772274,-0.012043764647967062,-0.1658661365316847,-0.3084472261325204,-0.5349975120666326,0.24465533907682147,0.3129318205561496,0.04299208361114884,-0.19112388723830834,-0.32326801651476067,-0.22420150059632676,-0.18496744372926785,-0.13587802394540963,-0.07684103103410841,-0.27118922577882487,-0.02664861209886719,0.013642434142679322,0.1462978119733167,-0.3896269281217792,-0.17504961543953793,0.2068109700541126,-0.20349912522483032,
-0.4046311183046846,-0.532950923560379,0.24165389147559566,0.1824160100535251,0.3636894727839749,-0.40609176520045187,-0.07914704115771531,-0.3732514318646885,-0.1739523148230789,0.27711218012593397,0.25930207845441233,0.04550265922719998,0.017410461797646534,-0.0638762417269751,-0.29872757026744007,-0.27617676800863333,-0.3702105895827729,-0.26393947295401693,-0.015372042300380777,-0.1493936652893913,-0.1545250268908923,0.2277214557861917,-0.3905205518441876,-0.3742047231367057,0.20200934662703873,0.02264737256527744,
-0.42214101567469353,-0.08143682296823476,-0.1169558027553947,-0.10544905710272354,0.055597060858059155,-0.1829062065200184,-0.036278682244463824,-0.02555586738572484,-0.5599513212936207,0.33651496823975136,0.12060480899334228,-0.2619056421187197,-0.13261414282667117,-0.27082844524631106,-0.1257264874780041,-0.31035862488030463,-0.1465581852805571,-0.01447838107373732,-0.40677132461807264,-0.1955386807534778,-0.10347945311829677,0.327137042266491,-0.012784655217473207,-0.296562482419416,0.18133757456737395,-0.1681781256006318,
-0.09392423437161583,-0.4946374014478671,0.07145099717795393,0.15076570412167903,0.17631014143897705,-0.20190521732780775,-0.21694833401431887,-0.2994856666555064,-0.12237541154284996,0.3121019707664008,-0.12812545308012638,-0.4042711852661287,-0.28005507634203813,-0.30736550882696617,-0.3301160236014146,-0.14722209199312808,-0.1604342537610805,-0.348952666137673,-0.20028176349604995,-0.07282699115936192,-0.15032657530757065,0.2556218415860705,-0.48302880003794274,-0.037170345448380326,0.34726034099562086,-0.2902283991333265,
-0.12537250365436128,-0.3601726614699128,0.2585482314706384,-0.06472185468432205,-0.07280473010885487,-0.3822586906845446,-0.10902775954554353,-0.15458953983196783,-0.1546005677980105,0.31941203080513875,-0.07138330915250239,-0.1222848211046412,-0.4191391154431342,-0.3617364571436922,-0.14152490679817725,-0.009636659604372497,-0.4646320377837045,-0.4045998670174032,-0.28128349227265814,-0.29478926527341826,-0.3198803484655998,-0.08249402034174734,-0.1854372502035578,-0.12022848267291375,0.0436607296172262,-0.22293064114822553,
-0.23372839183477404,-0.08931094766639591,0.21616569802336544,0.11372455044064755,-0.07201915169884102,-0.28801262362263674,-0.3289084361445168,-0.397080889344466,-0.5769913320468797,0.0023033956019283667,0.2594336949732243,0.030459047967368504,-0.2524570622213333,-0.06094373218055261,-0.02091088950377718,-0.02108330623283012,-0.30330979518568013,-0.4297746557472559,-0.14335977890840992,-0.17417492196018114,-0.41389849630189784,0.281429769592827,-0.4149926174960756,-0.2493422185638132,0.16427043222850574,0.06016506270868113,
-0.5636126524131694,-0.20780963933217772,-0.12845542882993577,-0.18192668375452709,0.22451174068277643,-0.1872120166264792,-0.33263472240811315,-0.26327961884848305,-0.16130549900458496,0.031638468656876556,0.05676605299811653,-0.053297968969167685,-0.378365321486122,-0.38840667875280865,-0.4732883323725128,-0.4447801478809718,-0.45807185153981134,-0.11046450961114634,-0.1213622234271705,-0.4013768491306947,-0.20724875963532136,-0.020313237826665883,-0.5087544749765113,-0.081097301935582,0.21548499590368025,0.07267126794517931,
-0.18476729830999325,-0.5651025707883143,-0.013616382894849163,0.08676100580530482,0.28006373835136605,-0.42561113809510687,-0.17227506965227993,-0.23243471140319327,-0.13106363400590074,-0.1290205662643008,-0.10419511445962168,-0.10141310685311447,-0.129691251620953,-0.2884612642767288,-0.2189937651734371,-0.12143565977900361,-0.18581620270029225,-0.44275349863885066,-0.15903454023550034,0.011692081298609778,-0.35187905586277485,0.1959016851471458,-0.08642649322778821,-0.3021759531584138,0.28094542372054937,-0.09929752654662068,
-0.5585199879413365,-0.5402652817996052,-0.08507051235293081,0.018278299936839038,0.30409253507923034,-0.16450279087097133,-0.248446885845316,-0.2626625826230311,-0.29514274526621875,-0.06890898393738033,0.28978396925654326,-0.3490494094342968,-0.1192721696912998,-0.13570982054844563,-0.4115757124709,-0.07224996936582906,-0.36851302606097186,-0.5167433147432892,-0.33039848635726704,0.009352591789200749,-0.04454948415556594,0.0419954650166606,-0.45583527204203633,-0.43527079836825694,0.009025365511707352,0.011289161530770522,
26,12
-0.0745729019963312,0.15835525059512268,-0.25467036830611073,0.01859062068608004,-0.2921724938116858,-0.08414964779665465,-0.18999526492594665,-0.27534021897673633,-0.22332550446811547,-0.1702231600483738,0.16723766572159582,-0.21362059132096395,
-0.3775154434120392,-0.17727863264959987,-0.04780024854383335,-0.15090069449949411,-0.3556478652803752,-0.1869299237506639,-0.06748485128517034,0.10404281351045783,-0.36317375381248423,0.0473550087445599,-0.06683411942262121,-0.3203751691337803,
0.30973454032842035,-0.13495713070854354,0.2685552206123326,0.0107192448945641,0.15161656187385975,-0.21837305522509026,0.26690567137813326,0.12929491534717502,0.24751447880224964,0.1377665165282025,0.05924415433604909,0.0938906529989184,
0.2470815478109601,0.20935486274204546,0.03388489972265375,-0.08536316659155575,-0.0423491820217325,0.037954173796989975,0.26831389212634826,0.26159271764359865,-0.13161632821358862,-0.1134743167986924,0.12436101467867865,0.23163311048513288,
-0.027517756899045925,0.33688218925064206,0.2655586853973234,0.23973058679988485,0.1148211002952341,0.3292168797554358,0.227758814463702,0.33992717096554037,-0.011590041280592087,0.06209467594962226,0.27517723387004944,0.41702193101575413,
-0.27502282583251103,0.054798515038806894,-0.20373345979303498,0.1355119013144299,-0.10925252168395573,0.1571852507532103,-0.24778685725343577,-0.17309247578451312,0.1710977186785938,-0.0901827369428762,0.11897182017628062,-0.009071300906292441,
0.17490611940218145,-0.20835024108741623,0.1111601485262663,-0.16791949394180877,0.026416197879580054,-0.09662569218151507,-0.1796841392281339,0.043438676124879345,-0.20778715137699527,0.22467167144031214,-0.19088637138336922,-0.14344553267353657,
-0.1881006283891864,-0.08177698297108596,-0.11715113198583404,0.18313046768516478,-0.04379651638308418,-0.13269475798345767,0.0021434844963219416,-0.26448487890020217,-0.25649250339868995,-0.02112750306173964,-0.028686957817645353,0.1214532140461613,
0.07245414024944764,-0.048404020986398705,-0.07212339340364116,0.07581369744223383,-0.251455220640612,-0.2764801743474507,-0.11009968205090538,-0.14444385326849185,-0.2569949456356016,0.11667104840831681,-0.25781997081016117,-0.2842802753930925,
0.23415526153955152,0.06797154193070325,0.201600285032542,0.3018511016163839,0.2331824536864132,0.1957141991939166,0.01698812036704324,0.3114496442031095,0.19521949526607296,0.2507277574254208,0.2748080660194727,0.2646388208227104,
0.19572202342527578,0.05088154033246479,0.02176276221398112,0.18440062364814494,0.22718421352981136,0.18782091254153307,0.25576995956210935,0.08425862156363464,-0.010704530445205942,0.18889616769209247,0.19959839393939094,0.1846655236007909,
-0.27757505099049995,-0.19501979074479336,-0.14112996914632045,-0.1262802865551581,0.18949907830068133,0.130171856752168,0.25337829428262043,0.042635592470376425,0.2046520947811212,-0.008919857580660053,-0.1411509240646235,0.019541429927582885,
0.005849185820150265,0.1299223950349184,0.17030426677558114,0.07415088482709363,-0.26678294266723585,0.16426959731998894,-8.753736716952134E-4,-0.26158122671939654,-0.09581764065281953,-0.2069563449932544,0.16861422293224437,-0.21848998563064811,
-0.20539689289529808,-0.014455336378379991,0.0765888612287375,0.08603045346778589,-0.12410348742869258,-0.28513474276637335,0.011761679943276565,0.06323416036677078,0.11968080725344866,0.1287651699184261,-0.2756968971427521,-0.11341651108458484,
0.09279060645503936,0.07222960793946241,-0.10799039393272163,-0.16757671645091526,-0.1315519580175213,0.06143048289681645,-0.27776078693776785,0.07861275114931218,-0.30309508548491443,-0.0016285174854284387,-0.037262260345603725,-0.1964159488041559,
-0.2675383861434857,-0.07233628331700957,-0.1926462875286672,0.17628570271935137,0.10225616200398238,-0.1884933667302032,-0.01114571595455115,0.04639859862805628,0.2585095366521685,-0.2222869289574251,-0.10229979976272566,0.226717266824704,
-0.2577055968109073,0.031840840014882445,-0.1890119476547758,-0.2012499665183306,-0.07977635944626704,-0.07299030026773548,-0.03942474882065977,0.11301586266506392,-0.309424931809318,-0.28025526572768833,-0.017237029631628625,-0.24479922761474038,
0.018385121261229088,-0.30567779767644626,-0.3182136451712219,0.15958720904978071,0.04127109290283461,0.03708647350996587,-0.2735057878624618,-0.04167951655129631,-0.021175977975595173,-0.1565443645506502,-0.2702379340499236,-0.2450374951336932,
0.06137678056517087,-0.14341338614208227,0.08358875712214701,-0.25139336573039445,-0.168724659646968,0.07729363198118917,-0.11195491721565029,-0.06498144118370054,0.19393981596095503,-0.27360751682317425,-0.15681471729274282,0.1070393076278488,
-0.018130860614269887,0.018688685162769034,0.2118260219777124,-0.19842356030677114,0.045180841649062393,0.14348944554587748,0.12629932935429708,-0.16263343858792875,-0.1307435372529053,-0.1852211487409464,0.06127730779470737,0.1423762105707283,
0.1607978090957447,-0.17563708018145946,-0.17813946547545728,-0.18145866634847302,0.10786263748826516,-0.00557077265831729,-0.19380858687698618,0.06767482436997262,-0.061547406102044976,-0.044248231329041154,0.12087460764324356,-0.044815270561023794,
0.2696754793954349,0.17174125536603946,0.1459323795349086,0.12051435142183234,0.32301942945419315,0.243913395577348,0.2302059131575254,-0.1139765430312883,0.3939498026156133,0.33740491444419063,0.08760167829818613,-0.1014859767114218,
0.0186836931066552,0.009873598059476008,-0.3497357841642215,-0.317501193270297,-0.09143741453036391,-0.25377585522397555,-0.039218375907206574,-0.28145684281833444,-0.14152011936738582,-0.17456702648065248,0.05992718037804171,-0.04531746367949234,
-0.2681167597273229,-0.1508021142527831,0.1254010028702378,-0.031241684156935085,0.10277612852890483,-0.2235146010233266,0.10308665264379875,-0.27151450430796004,0.12347688422358864,-0.060860888891775496,-0.2533571605883856,-0.00804912441548325,
0.11842487912092797,0.32085338733502183,0.07287723350590818,0.286634662026493,0.002103575688574276,0.21744084319661916,0.08918797822641039,0.29203553478031385,0.3168040784478233,0.365449237406121,0.30414762733242007,0.07180128674948572,
0.04012705811567862,0.0027911085768974886,0.20366012247940338,-0.19213122883776917,0.0011322555429278517,-0.060679938054184805,-0.1670271696571336,0.05823115851850621,0.06142766294590295,0.08604909807542598,-0.19705095099067843,0.14356894493209385,
