# Pesos da Rede Treinada TxH=  0.5 TxOut=0.07
12,21,12
12,21
-0.3896233396183727,-0.6140028762509613,-0.36476189499771644,0.1088021407336279,-0.5262178004270045,-0.5282091496059437,-0.5210379030967808,-0.5885532854780808,-0.48289146421527696,-0.0736067563677019,2.702090414292077,-0.5386778944255554,-0.6874453857514573,-0.34224231568095786,-0.6269375955774255,-0.3896373976031143,-0.7119658218173824,-0.7943776560457527,-0.4575063574163736,-0.5124026276976982,-0.6273851455910172,
1.3168650158835524,1.3531830331346402,1.545560497850271,-2.4379800382602497,1.4290659754291624,1.1277915363637359,1.3135844830247712,1.2592201680726836,1.2642527007767095,0.3775403790211146,0.3803004524364533,1.1029300134667772,1.272290287654554,1.1654095334737922,1.496203611108424,0.5922981072716722,1.4467887336168217,1.3775051646435013,0.9883977335241313,1.1930582191811083,1.2818613876213127,
1.1994230943655386,1.7552250682405512,1.536676354764882,-2.8031434762108742,1.7993742551461984,1.4615121990892346,1.5897647276889444,1.4586160135420279,1.6498662857452082,0.8111796724155831,0.030009574019996373,1.6646068979338837,1.3009132201194349,1.665631425262584,1.6192664415296412,0.998197023965253,1.2316575959250193,1.4873729489284917,1.3566538356469402,1.627698466222066,1.741095989312268,
0.0882682446238286,0.5200705122512559,0.39762362245955674,-0.988497575906873,0.39570368038129666,0.27195594007585694,0.4031311655999071,0.028037730991150655,0.28042304831866455,0.1987403316801203,1.7785032481630114,0.10112188056905339,0.1039210917557833,0.6120823488326336,0.6501155480186788,0.09024579098796669,0.49812718740980483,0.511185130413458,0.31592292494547786,0.440530296452419,0.5742547775372027,
-0.32076027565152254,0.1680534438754529,-0.34973666590721664,-0.41743949731717767,-0.07677173852356357,-0.24797572887676214,-0.28646160796833214,-0.04252304356915394,0.09311094968179044,-0.08192097010729031,2.413730828951402,-0.17459971234400437,0.019580881168850473,0.0068323076531571466,0.23751647410556162,-0.18924003212712243,-0.23491712868887127,-0.15042819825961545,-0.31045597758830945,0.09252786324327171,0.12735264864578824,
-0.5224210570508758,-0.7112428453549233,-0.5170082058605834,-0.2359728851824239,-0.4613970279489523,-0.4407064647103327,-0.8493967151494498,-0.41276489414106504,-0.4491237036722556,-0.6462567514388441,2.444093499163451,-0.7548052196969596,-0.6719217521021859,-0.6643475726862043,-0.5129303305446119,-0.5643896274483988,-0.4298145167723376,-0.8193324019720628,-0.48626995324411953,-0.6848708250517244,-0.3652736955849987,
-1.0764884587981758,-1.3803767929954507,-1.4469214573492304,0.7287182096210656,-1.3766856000160173,-1.100633320293013,-1.2307827323407934,-1.1388892510172983,-1.435300933854194,-0.667285188689987,3.5169439437850176,-1.319206897461767,-0.9875513825860192,-0.9728518393358111,-1.3897129899420144,-1.0109588881984062,-1.3018766725082052,-1.3053864180191246,-1.0252954129680667,-1.1189877328405118,-1.3343360195200271,
-0.03247017739828099,-0.1268754787792792,-0.0775486806128896,-1.2632310533451414,0.0038478754619951337,-0.04739233439830904,-0.05102814797141842,0.25680847586377453,0.03930785371849325,-0.22674465470254107,1.866631160568386,0.09415207917971417,0.28597240883838426,0.138156477344161,0.2328850418044087,0.14537038686784964,-0.06069095374350122,0.14095545950164898,-0.13596901210507026,0.17746990828575246,0.06867346626825145,
-0.5933245710627029,-0.7787329712354037,-0.6701004469637492,-0.13780382639443223,-0.9465862431211918,-0.8240987051738223,-0.9970899210284888,-0.7096490883178788,-0.9074132769075294,-0.7910593315125913,2.903064796209419,-0.8328295310225453,-0.8011702238580666,-0.8311403281926573,-1.073592863401813,-0.8405080212582091,-0.9425147248475543,-1.0652035328883502,-0.7745411008945577,-1.1989144489779213,-0.7514161036183763,
-0.7661471806502623,-1.0515265826552063,-0.9496316178503297,-0.01813712873092996,-1.1159320472519885,-0.8716015427220051,-0.7037593123953747,-0.984773406365044,-0.8391473540286736,-0.8507586325609919,3.092997926099463,-0.8428455139228566,-0.9806479526141969,-1.169590184848049,-1.173949953677934,-0.7656330096851734,-0.7424720384331286,-0.7576273296580329,-0.7499321004532292,-1.0380353919009322,-1.0805032819999887,
-0.7389487868685657,-1.0891305096425203,-0.7733575151173148,-0.1883024036187791,-1.0443589771009238,-0.654157068757548,-0.6365838133017158,-1.0158146998274156,-0.9926707184952356,-0.8924194598462963,2.833372024504551,-0.7870825610121656,-0.8190469470118288,-1.1363029519581378,-1.1841108894204873,-0.6330838414948162,-0.6281221439228969,-0.6933184446074054,-0.6412904015027803,-1.0828855406726459,-0.9813458554957705,
-0.8427084482863189,-0.5209855943707743,-0.6576139481611892,-0.34895286575330664,-0.45384209259134817,-0.6196555524705055,-0.6062746124266674,-0.5878258730335001,-0.8415842171532311,-0.5162076251661418,2.8833907816296267,-0.47942446900226793,-0.5903729798865232,-0.8522351415214732,-0.6169672276319952,-0.4434426415011964,-0.648555974741659,-0.6478783220068463,-0.8624473421904975,-0.48654789125384323,-0.9558019811656248,
21,12
-0.2680417488412578,-0.04139087767014983,-0.05340151920289104,-0.06493612868074482,-0.23580146283539966,-0.27375714087873204,-0.0023644898858330918,-0.22458583716916267,-0.015339632632054387,-0.23819956903129144,-0.054362452142815515,-0.06065281725783461,
-0.028602799623805096,-0.06729562496668186,-0.07440848454733992,-0.32976935625360404,-0.047084738396205784,0.05920078702363272,-0.04793885937470053,-0.21953267749616467,-0.23046638142551717,-0.3009404610083562,-0.2559898795434692,-0.013076609892670291,
-0.07496103478598971,-0.05555792628733379,-0.12554589538912053,-0.05691482611977917,0.07525815241483842,-0.1910954441517396,-0.3324538314918887,0.04041256822235069,-0.24592724331077212,-0.2934173295636275,0.008645847026588967,-0.18323292029999438,
0.5393212398513445,0.29773644093811164,0.347257702005219,0.31265521328619245,0.41712823903518664,0.6156418420410996,0.6318079948693046,0.6794580215367125,0.69665240401431,0.7861074791983752,0.7587121648798512,0.7110029884751735,
-0.06009187646034952,-0.221128861022254,-0.13386840268325928,-0.07095665163903421,-0.0060605165162970305,-0.09708154351777203,-0.2862502529462097,-0.029173647453389843,-0.2515867191834342,-0.20301916431757155,-0.15760112507470467,-0.0627335172330532,
-0.2816518698942954,-0.029923247734207088,0.04439009912179443,-0.10298705588650624,-0.26202120461349326,0.08316471453202623,-0.2519783156890405,-0.1297864475321521,-0.250625756415714,-0.12001827837431281,-0.014963287790553148,-0.13320619746901025,
-0.13065183466160912,-0.09174940873796365,-0.08561679614349187,0.04767603588683094,-0.15438364771260507,-0.3365213399647792,-0.2523054146230987,-0.1291902355567157,0.07694288414709084,-0.08371988125081688,-0.1624471698091399,-0.283584710350317,
-0.11785297673064787,-0.05051876847553597,-0.17313333603754688,-0.08147181262364804,0.14205637322111878,0.002663216865805161,-0.03142209456348864,-0.29548133013087974,-0.1302418020621338,-0.27480916209755313,-0.08197056768654241,-0.24543541466957805,
-0.018042250783482466,-0.07207371850251688,-0.17764296667555646,-0.01820791446792869,-0.25539440347002573,-0.01626346906829373,-0.24444396264052518,-0.2641114027338387,-0.03355528810367489,-0.027396778979780875,-0.19945172933312388,-0.3009203529024301,
-0.120538383737304,-0.08897961750512796,-0.286650971851836,-0.32085697885066006,-0.14810302261450223,-0.13074564983102427,-0.12203337267164253,-0.22371752792310018,0.09025744904826044,-0.028135397661954074,-0.03770357604959211,-0.1325568450480428,
0.9923512891623232,0.8334176127372271,0.911993715353494,0.8902490667485227,0.9659239689321742,0.9839291506882136,1.0238380807754845,1.032730113149413,1.0545338086865874,1.101655883613582,1.061732667478277,1.0445438489902983,
-0.15580451880865864,-0.10361998644727592,-0.16544853365418583,-0.17065660438538183,-0.16304498593259845,-0.26487582964642237,0.03104370908529298,-0.13084822265850488,-0.24849367300856043,0.004888921135154961,-0.10189692053095815,-0.21273692622779802,
-0.20220804808969073,-0.355265894125462,-0.21591039522277425,0.03133315383855989,-0.1582492066590297,-0.01560123586628605,0.07016448565514732,-0.1900545754456207,-0.16751825411089885,-0.146821066165054,-0.33918590495575074,0.07405661914463309,
-0.21674644296252443,-0.08294400281055532,-0.0065507564305148855,0.08751878710661516,-0.18638438631222948,-0.23544229415327433,0.05615992303367854,-0.13814335070003436,-0.10868395921707169,-0.30125480269010607,-0.24414330080011215,-0.05942216398247003,
-0.13898045139205248,0.017999255608989583,0.1253782221910289,-0.21589524822344164,-0.1429675760054784,-0.2787971688456022,-0.17417617495668586,-0.07544507811502363,-0.24932300166734378,-0.11979109775930878,-0.1201779755633201,-0.21355016283351616,
-0.02050531708869157,-0.22095032843287868,-0.035419975986041505,-0.30020022866733526,-0.24064530582925936,0.00440769294797382,-0.02023583549082201,-0.007571024798479699,-0.014555784520323436,-0.1443598058692945,-0.24839411031503705,-0.2469690088245136,
-0.24451645974928723,0.042139664515539466,-0.3170008598132334,-0.13423685169450134,0.01048645731619886,-0.27904465178214405,-0.23777388549173945,0.037695975374837036,-0.1748547558621539,-0.19378786630073602,-0.12305232376538201,0.031187398908691967,
-0.04200525824129431,-0.264089364007893,-0.1068691307318978,-0.15405450594747208,-0.1898571783290924,-0.15150635909696614,-0.2887871154253263,-0.23795399833807057,-0.17466468284580686,-0.0889059049290954,-0.026618440313752444,-0.05979566055377209,
-0.1374587851272509,-0.13206533935933193,-0.22240260369622603,-0.0672965434084613,-0.2329480750421144,-0.14010128982411582,-0.06520779286729209,-0.12863250570382095,-0.170125302359378,-0.03298889692296029,-0.16195180008340695,-0.09875578579125309,
-0.04777472460089413,-0.13820039343758123,-0.17655634545866428,-0.09660462722617279,-0.053849830166974505,-0.055315559009967416,-0.13493182429342127,-0.059691339782113204,-0.17480571874922787,-0.164772879927397,-0.18099365917022206,-0.2687768818574646,
-0.1810119151205741,-0.03039013042376192,0.010599016816257783,-0.1081701879419461,-0.09605131790953203,-0.1382071849145448,-0.23313978515495534,-0.19807795585802518,-0.1664164971383158,-0.04119681438100125,-0.21140467787357245,-0.1494104691673916,
