# Pesos da Rede Treinada TxH=  0.5 TxOut=0.05
12,11,12
12,11
0.6706122165296671,0.3550450441183275,-0.35246537022772284,0.5298845874630279,-0.6721273892856217,-0.6766123634258043,-0.5284328108283872,-0.6174538277081718,-0.8380528722310413,0.45653977584475247,-0.4930138289700721,
-0.35516872260905413,-0.42900994134920944,0.1872739872120271,-0.24115896424361036,-5.961223103335897E-4,0.13036958096516219,-0.057556959317580786,-0.014304151684183275,0.09579510418319755,-0.125698623956687,-0.19156052323020512,
-0.2717581812505248,-0.2613713479089819,-0.1666265250204268,-0.19639521506064128,0.0439089219111208,0.026888225648725096,0.0921943096418928,-0.13419358360370007,0.08993928056052482,-0.040311480325120955,-0.20435249698217134,
0.25818876814764175,0.20137987921119374,-0.550833523532479,0.11517047036670125,-0.4761085731093076,-0.4243950640263437,-0.36599219270434646,-0.11533357982304371,-0.5563469927020992,0.019191844518344128,-0.43417624364244034,
0.49802679313994785,0.013455900350668189,-0.6295230368313417,0.43322803009409366,-0.27671068313291347,-0.26800756599545106,-0.4901635577474036,-0.6970860241552456,-0.4185599563428484,0.12504673157449586,-0.7287687756012956,
0.4570525241014249,-0.049547930397876555,-0.41320749220130315,0.4461059116533189,-0.5897838623434289,-0.6652676439097825,-0.504056121986929,-0.19259437361199783,-0.49268666620236845,0.3176337864741153,-0.4704796772384216,
0.5301797301523502,0.34205492874795984,-0.7573157613770117,0.606641927782551,-0.75314356578919,-0.4184115275089948,-0.7719813857964177,-0.35464607367215384,-0.8386807140582374,0.326347961886344,-0.5909198033057361,
0.3166151915176089,0.09339941043360359,-0.11866498488456839,0.28741931500708023,-0.18520920506492553,-0.2509188313121368,-0.08216116799643601,-0.4726472307739949,-0.0849347568021075,0.3713142179275951,-0.40304516961826425,
0.21633385357777857,0.27717637202986545,-0.6378872804610097,0.4685209341225355,-0.5138558125471797,-0.4382057335361354,-0.6030067804111702,-0.5966329308922667,-0.5272831940772872,0.6045374597057613,-0.5969311888557075,
0.28685526405195216,0.030392842842156802,-0.42660224554796233,0.6727033144035148,-0.40957773721725377,-0.6665447306572535,-0.7144124444260137,-0.49595379705905474,-0.3864697876970566,0.18721709964400418,-0.34369308950455096,
0.3087860975503702,0.05843822886871311,-0.7482954723115435,0.32007095784661843,-0.6212647693645255,-0.6776246494450224,-0.4137857713981225,-0.648747540734185,-0.601945365714301,0.38804562019253264,-0.41245034469411135,
0.22763365165989777,0.12072827551819376,-0.3196234656431107,0.41567449835209386,-0.30891293325133623,-0.42941369402091367,-0.6064447438232805,-0.38244947311502575,-0.4961926025528101,0.24279346081815742,-0.2520638570989847,
11,12
0.3114963130333657,0.07736545718731849,0.17995905896743414,0.17902810863945842,0.13915639041172997,0.1172715740007663,0.2836946797099755,0.4667902234254718,0.23724828925924646,0.3332573785517025,0.11800848667938804,0.34921963989167376,
0.2278403086467166,0.04357401390581248,0.028147080987499067,-1.8425350413860554E-4,0.10478657101118095,-0.10656641004953293,-0.02980634457375881,0.14800461071984744,0.07233144481107125,-0.03572394063895903,0.09450904001461992,0.1830574922466769,
-0.2999457817033079,-0.33839845841844346,-0.32884727085352616,-0.3043760272176845,-0.3171102711045882,-0.3398566516737296,-0.47059848531200865,-0.3124769318516581,-0.42310145630145524,-0.6287512602988907,-0.32815295333936034,-0.5093825589036606,
0.15514886117818366,0.4493720992831049,0.39214848634466926,0.34534710896328696,0.4168481706278397,0.4268584432816213,0.42517512355096954,0.24901811429632464,0.4110473463281882,0.4622941303575695,0.33787573763372913,0.3717730054926587,
-0.4600798580194063,-0.4537205756963132,-0.10855001878977535,-0.2762857929595141,-0.3253317430776426,-0.3315570693400405,-0.5045836338666351,-0.3174201281166878,-0.32234372667793487,-0.19687288107287085,-0.29876073002709597,-0.5937749532577805,
-0.1724249988060568,-0.47381433811703944,-0.33483934501620616,-0.17856245795686854,-0.534168068977661,-0.3764679790856745,-0.24957615439958558,-0.18425687532791227,-0.16623944997770693,-0.21081976285689968,-0.5315184694571516,-0.3936814866632026,
-0.4731879416637744,-0.31256537886311125,-0.3574697404867506,-0.380822982210549,-0.31586143250509596,-0.301793958429482,-0.4719793440900637,-0.44254415570735334,-0.24269487391101952,-0.35288621320534935,-0.5763660463221382,-0.2664542469629123,
-0.41702344937833086,-0.18186833046884948,-0.09958306263261234,-0.41395493442025655,-0.3713956784865226,-0.20557662207779287,-0.5004400119940996,-0.31424941337373247,-0.2973629966998138,-0.3033381307850461,-0.29133212659575525,-0.48698866023679693,
-0.2642868933812839,-0.27485813134528847,-0.4527896995532335,-0.4421530013959253,-0.351521640155491,-0.12745202753178186,-0.2857166641119521,-0.44264503922742965,-0.4983079312747633,-0.4811020532568718,-0.12808879866787204,-0.23557908446359074,
0.27114524605602436,0.21602168312674533,0.2600878997658528,0.30645777294169824,0.250175238581052,0.3149945801469938,0.1637405328441437,0.12419382029355455,0.21601318597418817,0.1161948418657289,0.2940730158272231,0.08472462237240479,
-0.42390315717484284,-0.22646503219506645,-0.34567305309342716,-0.2757327879555972,-0.2808675805922239,-0.5315267483835822,-0.14974726035931887,-0.3455993431004784,-0.4765314818652709,-0.3135100561865008,-0.37012202287217844,-0.34567567356448836,
