# Pesos da Rede Treinada TxH=  0.7 TxOut=0.05
12,22,12
12,22
-0.9381217759005256,-1.0829855443971241,-0.8254210545604298,-0.709700943514721,-1.155465775504137,-0.8123779461455647,-1.018469773756043,-1.0266389095017516,1.537769860214426,-0.9921960027197961,-1.0904382287091334,-0.6213096755799413,-0.7792433010602728,-0.8642808344721741,-1.1550177548041194,-0.910832742425612,-0.9185607689376885,-0.8943425548464388,-1.0452140588020333,-1.0908717748597723,-0.8299199547869638,1.5733329138886458,
2.101692494158758,2.2618338216717975,2.2839490820692903,1.9513772611583304,2.4113417065884555,2.0026710034267112,2.206480179174935,2.182629748939839,-5.2829743248956165,2.2845241705106516,1.9358595682764865,2.055398876554591,2.1130797925528633,2.091968537210182,2.3005227460143574,1.827478770711218,2.3079366592008106,1.7557660968482967,2.063482058361657,1.7373899791708436,1.6020725293162328,-4.121487318528877,
2.3559622048400515,2.589145536291947,2.464897389658626,1.8452934985374463,2.5481976156061688,2.5398010532838455,2.391170189132152,2.265096333644919,-5.3797024151779045,2.191634484461069,2.0591816100915357,2.3215875234770835,1.9102573005699228,2.252458567832453,2.350663470360269,2.032740006191025,2.2435945100342205,2.151436420155226,2.1610205808407703,2.131238143651164,1.778900288579233,-4.4625013993216704,
0.5198084413184084,0.7551562280225148,0.8377624301365602,0.5310299561124214,0.8568537582442349,0.5065544021044707,0.7615735110386972,0.8606049324248678,-1.348580559511631,0.6108319898424485,0.7639496514125048,0.6510188233744756,0.4428314680279426,0.7112023135909079,0.372760340130603,0.5427558974452231,0.7940785800091478,0.6872799281101459,0.2763908369850803,0.3999075623550984,0.3806207109408318,-0.40566899765819325,
-0.3571499796925933,-0.3252127754837714,-0.026690613013871895,-0.3094535528107944,-0.24457687229503322,-0.2576597958006071,-0.3670756809946364,0.01737557875748551,-0.10533972267233511,-0.28167105016439914,-0.46926853359106147,-0.15972565329302435,-0.0766749613836599,-0.20891886304606788,-0.2018400430724913,-0.1701993542900444,0.02776217765003333,-0.23655932437205313,-0.5429986120253348,-0.44427301342163805,-0.2570704861332423,1.0076905788338963,
-0.7428047009967736,-1.0070749876965703,-1.0866713928939582,-0.7829233607239081,-1.1504939389731796,-1.002013689326356,-1.0185749032934035,-0.9703978759413805,1.7738895273048985,-0.8890987686812908,-0.6847516232254741,-0.8977440300239085,-0.9564098013753536,-0.6763835439952361,-1.04888466325049,-0.7862121632173941,-0.946389930211029,-0.9888214439257468,-0.8346851044298453,-0.9139766276281186,-1.0725068516291532,2.2497435593677015,
-2.035605323639135,-1.8022528214335252,-1.889703667593244,-1.6072994337160296,-2.1963210025366413,-1.8853588945284925,-2.031233294835978,-2.0049280215132557,3.9255235288910377,-2.0740163492892982,-1.7342406342630392,-2.022769173363135,-2.1135986528364987,-1.9710329289725212,-1.9676498100458115,-1.7252329968729636,-2.173155626960352,-1.7196160041279593,-1.6700404626967458,-1.5571467527309308,-1.633834828099278,4.069247883389279,
0.48529146726910705,0.5759291909673083,0.31336121847971904,0.40765995667767335,0.657870642682055,0.3594343073297817,0.5268264489419957,0.2250194610149946,-1.315597776681159,0.5992222849646726,0.14127080367602798,0.28577684855150787,0.5365147452139895,0.40536255030770374,0.3887481895358587,0.11886386814032611,0.36907062172141275,0.3064437763308532,0.4533258108096641,0.37503769428941885,0.36994644145448463,-1.333412102878583,
-1.0821532507538896,-1.3188588316386989,-1.5560439809194195,-1.2880821961481939,-1.4394547307496248,-1.3427985241811822,-1.2780580636483225,-1.3562517138196792,2.0678641858035887,-1.1662528614751457,-1.0651355031761265,-1.1816236139419474,-1.141474285210897,-1.2693659616654498,-1.2078105839326982,-0.9983708399899249,-1.2985183352427534,-1.1106093100745138,-1.245824015364718,-1.0672762899018842,-0.8261077588956985,1.6678917654337906,
-1.356957350096646,-1.3426748406650397,-1.4189264651885871,-1.193306388779986,-1.2440288495309664,-1.3572826026964884,-1.279021136899346,-1.0919234554724115,2.1069266012807986,-1.4744907196876293,-1.3082953384014453,-1.312219800803836,-1.5214602624981752,-1.2615476352904371,-1.2906968998041308,-1.0045374835941754,-1.356812852269497,-1.267179589705839,-1.0546872950259665,-1.0874521350028417,-1.0837158921938959,1.6164311805730964,
-1.3484660334216148,-1.4126649335103365,-1.1680316400199677,-1.2211123779782156,-1.3142066912882935,-1.0579513118839083,-0.9658755404362881,-1.252786448737353,2.1263085494626903,-1.0960662352849708,-1.1802146376325493,-1.3184461743539244,-1.0563473487546537,-1.1978301333325387,-1.0752310377291083,-1.3713076484515674,-1.3706376178074275,-1.0595182314071094,-1.00302661926469,-0.8355663404375286,-1.241036493070982,1.6782660735564199,
-0.9589810739977008,-1.1564204029527585,-1.1407767516326257,-0.9142076045766571,-1.0220133450309148,-1.0645480989526162,-1.2025451644847795,-1.1877883999750818,1.932726179776616,-1.0461656701715136,-0.743458366600252,-1.125288166357545,-0.9110782755840274,-1.202934430164081,-0.9256686332570083,-1.0214448389643018,-0.897196833390571,-1.0834564869981627,-1.0298207342577874,-1.152086636141585,-0.7584205554541708,2.153021464034645,
22,12
-0.10862257650687099,-0.025692417474931898,-0.12720356330213875,-0.17048144602667528,-0.07479946246988604,-0.2697407914453215,-0.03734368221422649,-0.07721006856100464,-0.21915397579208143,-0.14798955654796891,0.027251626706541965,-0.02681935312156275,
-0.12723918571854476,-0.22506785717384972,-0.07466252905461687,-0.11713839361760113,0.08719815047381926,-0.1798075033938719,-0.09315812176559182,-0.20613448423619696,-0.13909995591333763,0.009499556039862685,-0.20240374262993496,0.01340220207121941,
-0.019604020196323974,-0.14821101495375827,-0.1319683194408985,-0.08711340017036867,0.00890037906143536,0.032230553909815704,-0.010146254995147487,0.03689799299433694,-0.20283883331476887,-0.1389113890242923,-0.22473550659364344,-0.22756821187720097,
-0.022057946592516264,-0.06557080381841882,-0.1665806317794587,0.11922871266091446,-0.08942459705716296,-0.2599962604474636,-0.023139730711966913,-0.0820260228454083,-0.135582979721638,-0.1419935672235345,-0.04444027377210348,-0.17010046139638593,
-0.033805858381450095,-0.08594960811225522,-0.19196588645560034,0.005519615262604143,-0.14548038676198044,-0.06766335335441989,-0.11646824531233248,-0.3443292260241206,0.010673095177032382,-0.03226479157787402,-0.20247684170968278,-0.0601369442928812,
-0.18417739148901666,0.0629695501494082,-0.22005936321956254,-0.17897447124671192,-0.1409796391476735,-0.05372949713785237,0.006576531853547033,-0.16450379501116522,-0.16738310172502432,0.029864664457730963,-0.13757947414883825,-0.07394513220182104,
-0.11943898375326444,0.021653159400884355,-0.183618033535815,-0.03174386786691238,-0.17004145164699142,-0.061257434191383416,-0.1235830517455876,-0.1657375297956959,-0.12861679250856922,0.0714187962753443,-0.2710696762209183,-0.030181940289920852,
-0.033522048890192495,-0.15799575499831212,-0.07357399767637776,-0.14981183103160012,0.011586548116797895,-0.10052075157868504,-0.1573539600791769,0.05696038801345233,-0.06797289003835416,-0.19430573218442201,-0.14102275575858422,-0.13810462138791693,
0.19599673265970718,0.07990451665466843,0.07115125597705815,0.09477428810308298,0.10225766483255337,0.2514819385938216,0.3242947285009733,0.2845778553238561,0.37736317368174305,0.38973497299726384,0.3010864900836185,0.31749425902288486,
-0.3089176713446902,0.08716844293556682,-0.12014624722093856,-0.05259824984413549,-0.1865122155116221,0.09482693638839358,-0.17457570553790708,-0.051713992199137665,-0.1417118230066286,-0.12789797633374922,0.008639596502080142,-0.1701908971583224,
-0.18394909591772213,-0.0636890345780797,-0.05846609111703563,-0.26042134489086927,-0.1231725041920222,0.010549809444412514,0.07197327395308811,0.03703025488264908,-0.09833749476183232,-0.1439451376638153,-0.23405498574033956,-0.12730613294180768,
-0.19928567412630893,-0.04813509589481495,-0.17671154920077584,-0.13439728570013912,-0.03523608009834921,-0.19606161586665372,-0.14922823448463476,0.08242943708684368,-0.08777495981250222,-0.1290685903097522,-0.18109293367804094,0.08748792343288515,
0.012702122020521024,-0.2184607618372982,-0.14972145793767483,-0.23784083486775612,0.04330536229618428,0.0467095383279008,-0.19265530590117214,-0.2512386457593445,-0.10916869099917335,-0.19318355296437506,0.0018249814984190183,0.011773329973695679,
-0.19204579763296464,-0.15990494436469568,0.17849071858023904,-0.04628531983764041,-0.21521621898427645,-0.17298936201792342,0.05432364259717186,-0.25698390982463326,-0.1796743349998908,-0.09581101716634323,-0.07382485408664513,0.015427870038582574,
-0.08036840061513906,-0.08635098046365437,-0.07340686677416026,-0.12340422332707855,-0.20009492814567564,-0.0768902396381521,-0.23329555433679625,-0.13280347661185946,0.05325543389540132,-0.18018830909043773,0.005760153726831315,-0.1292934738153524,
-0.035368553534363294,0.020240763914280754,0.007033422749023562,-0.23022592167576486,-0.06244979869374121,-0.23280774030274773,-0.18161856277426167,-0.14541251945977315,0.14007178448937685,-0.05727494361541285,-0.1852279283734961,-0.11605595766434766,
-0.09709867333247907,-0.11888563287008469,-0.07317224958710332,0.007480655569230551,-0.13853970579194366,-0.10071830730053,-0.04876439978973045,-0.05031299598136832,-0.04612529429015281,-0.16836733917834687,-0.15651042634580348,-0.15326358659368772,
0.10379932051908478,-0.11805885457031119,-0.1563060591742735,-0.081060562732052,-0.08346843664413543,-0.23842543077076284,-0.21504652690930479,-0.05036647568257642,-0.18394585106794042,-0.011136660793726025,0.0015903508266648992,-0.16445034871629438,
-0.14150847060327523,-0.22856077756043583,-0.09794733792524456,-0.006791237691844148,-0.2602969482117117,0.02635132831059944,-0.11571585441430139,-0.07867394234470658,-0.03411490692578579,-0.24428806528892186,0.018047105109429383,-0.11616230810215926,
-0.11432320686129564,-0.11593747623414655,-0.047967894390959186,-0.1114976554150935,-0.2434726997042063,-0.09631409348181616,-0.14233661383271495,-0.08777348694125,-0.18327446760836413,-0.05432832734638701,0.033811040823847865,-0.08690909911271098,
-0.09074855456198508,-0.20124387182628592,-0.13267398548406903,-0.15212025946864477,-0.02747075653766901,-0.10130669070255963,-0.05169387467760593,-0.07083286516532093,-0.05013746397588286,-0.04075775099525209,-0.03178908641095108,-0.28075539815188955,
0.7188704602418082,0.7088193970725541,0.8134214867027295,0.7995343792269647,0.8019708490637726,0.6523351401315053,0.7014106676292698,0.7347568843038145,0.6170105179711396,0.6829799120207509,0.6966639250504736,0.6989747697738005,
