# Pesos da Rede Treinada TxH=  0.9999999999999999 TxOut=0.02
12,18,12
12,18
-0.9382362968671638,-1.4604625846033525,-1.3184458370698433,-1.306070529245046,-0.4926833792338989,-0.8574140507772519,-1.4419259036613923,-1.5421461280413593,-1.3973709177026765,-1.1497183717577606,-1.1894967868267032,-0.3518276791179371,-1.230923942652968,0.8667125358029119,-0.9281045154683015,-0.7422132913898208,-0.5656808170001145,-0.581990583687985,
1.8626798153090498,1.7440985826894795,1.8475871923375993,2.13396935840135,-0.9275011160088994,-0.5862764783909321,1.909636696709749,1.7158009019767928,1.8813481098259093,1.9164022380210488,1.7926134075397908,-0.7966932024061383,1.6747425973772694,-4.040525095523727,1.7870094010513875,-0.8302251582705771,-0.5625836066420615,-0.5343549540192278,
1.5176207908929653,1.4766653329714943,1.7468702491037853,1.713221167996711,-0.9140178445172367,-0.7166520089472209,1.6816715984917878,1.5773239898327966,1.8518813854330929,1.61388403959834,1.8958386169695396,-0.712966612366061,1.794074892738997,-3.8577205537901293,2.014983567018503,-0.8860399950749036,-0.6759122552175957,-0.6404266154326226,
0.08351260377216844,-0.32320715783287124,-0.014713988785938839,0.059003588172752676,-0.33034748760286886,-0.6272868951910122,0.08082351569701218,-0.18605232048582512,0.1422471373244074,-0.12166018475511899,-0.14611761189886716,-0.7427165039349521,-0.28281150836790436,-0.053165948620258884,-0.22096540329416434,-0.3899442305628665,-0.5955969345915656,-0.8401221105243512,
-0.9037119627520197,-1.345064185276151,-0.8913525893352128,-0.8401619164928965,-0.2898116749094217,-0.8418198797806606,-1.0746327633239265,-1.301566381928875,-0.8780893853313346,-0.7645453838638445,-1.2359596438574625,-0.7673112555384728,-1.0001275708904613,1.4113581270632107,-1.1486268527738879,-0.686106799158505,-0.877264643176264,-0.96921203565246,
-0.6101832354229141,-0.18997716059411685,-0.43853023387805806,-0.33195994376073795,-0.5605698149173657,-0.754854398682955,-0.21036585110470965,-0.2114227345555783,-0.5932356843517127,-0.3418277426959497,-0.42300384788443707,-0.41537451379123097,-0.4893332250744852,0.6538273149124335,-0.6004098227338288,-0.711024936749813,-1.0198238716806278,-0.6642416986788969,
-1.6021126923899762,-1.6676676211683907,-1.4846069376213298,-2.002778965249,-0.5322423211767336,-0.8356000259653916,-1.7406923491016517,-1.7831312468176392,-1.9130390421489671,-1.8026572592641947,-1.7926620983030783,-0.9030434666167625,-1.768901562328693,3.791148072804367,-1.7631433274807171,-0.4604086395540335,-0.5586800162854813,-0.707630445933642,
0.5836776176665127,0.9171662177551596,0.4919718553345015,0.9146887685501223,-1.0029133133773682,-0.9083941223576054,0.6858025425162688,1.0000177510865778,0.8270475998619757,0.4307120435336305,0.7944323473546211,-1.1776424922642785,0.739923474738663,-0.9784602765385207,0.8948229997277619,-1.0969096917491479,-0.9787252133342734,-0.9183871163041303,
-0.5937527953156079,-0.5214642757339994,-0.6826077436782174,-0.9667509991540312,-1.277363544703196,-0.7239660425182763,-0.7993718905470037,-0.631462315470553,-0.8719038874106815,-0.7547187613571038,-0.6831430266107695,-0.9275266845394439,-0.8435297332880122,2.044877079143532,-0.6319597953579732,-0.9469029885499503,-1.0059421868887146,-1.0409988803172683,
-0.9817349883629279,-0.7359540384273873,-1.064551617215546,-0.9562826835538882,-0.9638364839722516,-1.1431186896048775,-0.7288870410989237,-0.8692408007851028,-0.8981283030662823,-0.9595998388969409,-1.1238845689649863,-1.1388697785079058,-0.7016389691718702,2.3345418827348983,-1.098017527254862,-0.8374732520940352,-0.8042722964709067,-1.1046876771627065,
-0.9433501039025998,-0.49724078712046016,-0.7187659957627708,-0.9386384085545173,-0.7751900465327779,-0.8062589330929437,-0.8101313804690458,-0.7192904666781486,-0.7918354574310036,-0.6687457921451312,-0.623448141711045,-0.6580991115707648,-0.6386863516881252,1.5728256034648005,-0.7757518005280887,-0.9016805135355335,-0.815693253004361,-0.7559414256299323,
-0.7286650382659886,-0.8296690439238354,-0.7425115765140783,-0.7525146369313427,-1.1034006808533994,-0.8425699215352811,-0.9553532358320955,-0.5629322128686451,-0.6204112236106739,-0.7008831210701888,-0.6343649050532584,-0.8987500597196653,-0.6456584274945273,2.1331850419688196,-0.8781382033664892,-0.9476333112077296,-1.1232545252733397,-0.8966162082598567,
18,12
-0.05909695665570457,-0.14378992155006529,-0.10702745941379714,-0.013857452143349297,-0.3154821490959128,-0.19554324706709778,-0.41028184061250844,-0.31868339433462,0.022663637606667994,-0.20634666931529522,-0.13191032175984824,-0.35306507396170467,
-0.13974653650118452,-0.25256964027148043,-0.3517049513406452,-0.28996099824413357,-0.1381078172409135,-0.13129546974326314,-0.2567752668138773,-0.3167714193705715,-0.21567924727933022,-0.18808563418180388,-0.0339704328948839,-0.2963377611471227,
-0.14364848774756536,5.572666910638384E-4,-0.28194244116166806,0.009070563540671006,-0.09723414147885183,-0.36402319043497694,-0.05662530324820797,-0.26930737616430894,-0.5145046115140884,-0.05795406334391863,-0.2815352262448351,-0.18910591616170294,
-0.30669478062515887,0.07182716148774788,-0.1919862275287058,-0.4734479192455844,-0.07060293313481593,-0.16269072505916893,-0.19831413629657127,-0.21727138006424204,-0.12682721434052624,-0.2077341741102005,-0.31891077697599163,-0.2880578408706199,
0.2901512624242785,0.21341939810807503,0.18733012708379776,0.2583449275777276,0.47537741637280756,0.4960274749112852,0.5813068675365943,0.4501731873158334,0.4578077397460896,0.3836185402738927,0.6120213921068253,0.5665624839267736,
0.1297016179815848,0.08869773784335516,0.1510165968059783,0.07640433152787038,0.2378011514534116,0.17119256386953782,0.2895649339443681,0.04127820990509818,0.27907527663857146,0.4292699119944122,0.12942360640563347,0.08131533295623611,
-0.18495949413488078,-0.22198543615554253,-0.18051808462246938,-0.21358214520874222,-0.4063324670035998,-0.2137940108133101,-0.16633684245008543,-0.07402594617871326,-0.3597732811306993,-0.34632251849492085,-0.2164201207516364,0.018923210075526914,
-0.2610084778049214,-0.20376133993585538,-0.3880205383203617,-0.1961995243687647,-0.4480182256281401,-0.28348335546653597,0.008209200350005124,0.0180983535303493,-0.464018732938929,-0.13875427846961474,-0.07536752775318527,-0.2628923992824271,
-0.4372391481841062,-0.12334512480174493,-0.1995868174981116,-0.1650187679697911,-0.13912487937726123,0.010715752279115807,-0.2826492195925224,-0.2830718388927355,-0.08614687137845262,-0.2312419827980281,-0.2070953256004061,-0.1947620280352559,
0.013526564548178122,-0.24594680050897968,0.035663608605782535,-0.18968281513161353,-0.07552400853089565,-0.2173696100510796,-0.31315744943889656,-0.29143404147513935,-0.31693518422452666,-0.26074172424098035,-0.30701533460558905,-0.16561940001327846,
-0.20354072107027457,-0.4234619881669417,-0.223924535435548,-0.11938407134539776,-0.08223163315678926,-0.24490992838868347,-0.2349389392231788,-0.32826172046272767,-0.11084077882342536,-0.3399581658091078,-0.10841143393683182,-0.1652100827251244,
0.5224122668172847,0.3712425193382821,0.5099099376454084,0.5050875070610137,0.42268646459029824,0.24993563884824685,0.1057931177001886,0.45548952085666644,0.44268654575879224,0.41303669444543306,0.35430018422580445,0.4225115587085418,
-0.17702207347156532,-0.15284066494488144,-0.020430210519582957,-0.07166746034774757,-0.2569048770437021,-0.277597471563871,-0.09529800066177359,-0.2695965796294722,-0.19234862603650243,-0.1317034072519165,-0.46671830518118673,-0.24807709279751056,
0.8665044299437431,0.7667986990596809,0.8282188534982222,0.8152066708481701,0.8731513643746016,0.8688381858048978,0.8957833737837501,0.924914627319162,0.927307496618089,0.9533400403258236,0.9414856102244261,0.9223326052328857,
-0.3384547867628004,-0.24439182321582695,-0.08679064469251019,-0.2726791439854562,-0.15348730551638953,-0.14923504629002882,-0.30136775262885607,0.003492170490377816,-0.10037778365626825,-0.35746624160315876,-0.32989313843599805,-0.1638090743889712,
0.19876346882813017,0.11785459882400592,0.15093599593943313,0.10102881540612847,0.271089000928547,0.2899089625651102,0.26638526458576783,0.3136629146912544,0.2822433872324661,0.23225505290384202,0.26942175365652477,0.3195862001215124,
0.17113979665364723,0.2990410909753751,0.2896982474060631,0.407159884393418,0.15914977857215626,0.27735106053981357,0.23417931317131124,0.3672486238288329,0.3943567490120598,0.29648756764222645,0.2880141869943597,0.15665786451490143,
0.4141406106545708,0.37682746058153654,0.0679000326913464,0.043937091248590715,0.025513474999716294,0.3014943395837058,0.32010159659378795,0.13915534394909831,0.1763841706681948,0.16547501746797508,0.3563099541088176,0.1982288179204656,
