# Pesos da Rede Treinada TxH=  0.8999999999999999 TxOut=0.09
12,17,12
12,17
-0.5871714895970849,-0.816266102719028,-0.8491269820486284,-0.7918477951788979,-1.0324186167853298,0.9101134816137965,-0.6505485202060686,-0.6783586846239692,-0.8571007129164133,-0.9394953365794724,-0.8826520283357873,-0.7522130993147285,-0.8974139357827275,-0.37213816002326594,1.0995234022758598,-0.6997245315764387,-0.7741711668283953,
-0.28335860204855445,-0.3480699626076951,-0.11902148930160994,-0.2589095894728308,-0.4603800643151582,-0.07284923392228909,-0.4772066837405739,-0.3369343362465323,-0.22990111050019865,-0.1895004425109498,-0.19226325262291874,-0.28154224160722796,-0.5144537481388758,-0.5207385896259984,0.3939880314981061,-0.3808152402024505,-0.3131673950957993,
-0.006454539697105967,-0.03253498327859908,-0.2615103312595325,-0.3466224463950878,-0.24326085224823163,-0.4031931399006321,-0.11072616554819657,-0.24792984862864767,-0.3329207112211126,-0.46678126001008946,-0.09154721105397438,-0.27758461230340875,-0.036639597629823044,-0.5236095792291958,0.15148811531361012,-0.426588828316992,-0.15754991420699424,
-0.8999953977647872,-0.6024344317054048,-0.7844859736542349,-0.9507628241137605,-0.9342087526407294,0.708629075568228,-0.51547034937289,-0.6529867126242564,-0.8339255654723078,-0.9952813376704077,-0.9301656845924389,-0.43252718517952543,-0.8872108159943344,-0.35002754313872264,1.2448842689401465,-0.6867942221329388,-0.509355009394784,
-0.9281118448785297,-0.6431318662644248,-0.7157528883881998,-0.8289240365812378,-0.9251817966617045,0.5446881190879357,-0.7105387631514505,-0.8382371727713804,-0.919819154709827,-0.902451044196208,-1.1501384913482482,-0.8654166659219756,-0.9415485182848524,-0.5369108641624875,1.4306911770603652,-0.4580969073471247,-0.9165827986384261,
-0.521181597532378,-0.5147893629625444,-0.5901841065084762,-0.39824509552410103,-0.6965106085076489,0.2921792457425488,-0.5752994136227682,-0.5511203386619019,-0.35791015172264745,-0.38366740189095455,-0.4083476407100251,-0.6233739145550357,-0.7312902067611656,-0.345421961136633,0.42374320896179274,-0.6876384972775145,-0.535576380709362,
-0.7515370312656201,-0.8515813757348648,-0.3878000303153212,-0.8753922814089975,-0.7748718705912103,0.2878770540400088,-0.581523665991038,-0.49338493344602435,-0.6675456873938952,-0.8046077755385692,-0.518081069492642,-0.8444486965681623,-0.6700716274319855,-0.5125528988651378,0.815039923096139,-0.38449372295371703,-0.41441882800821706,
-0.023024168313861067,-0.33881493656438627,-0.0828063466095569,-0.05715441226974442,0.059012623390381914,-0.24080877125846187,0.026687765966603817,-0.3832135102653956,-0.19441698824866807,-0.24264100988726192,-0.14428767333836512,-0.2516179828788239,0.07521140827592451,-0.5969421286762335,-0.14742788776752352,-0.12850802931828137,-0.23122240544579933,
-0.1610172138561093,-0.43367312083981363,-0.44548612117718006,-0.22235264692998047,-0.29552615592600107,-0.18081143126638832,-0.5419803447122309,-0.10195169703882272,-0.16350410816673477,-0.031904188430304355,0.04671717475755152,-0.37142623462962765,-0.2872037224297706,-0.22347838899539407,-0.4032208326037771,-0.5175593286370618,-0.40782335625095456,
-0.2666591740919528,-0.3767601391815707,-0.5305214413479176,-0.16694233945819828,-0.22026030343644992,-0.26981107233245344,-0.4573960818890397,-0.5147899497518146,-0.38166856327831733,-0.18081830748251926,-0.36743616895955733,-0.2137269591051263,-0.08003820654743891,-0.5735069401821148,-0.04040691336184601,-0.4602162617506533,-0.4965972833591558,
-0.5241498721040908,-0.19719868554688158,-0.5424356481644728,-0.526760140168618,-0.17490974091291708,0.163599283253436,-0.6211045925206921,-0.5285205443966084,-0.3750871394164392,-0.14941992845477026,-0.4911646310856119,-0.30412023124161913,-0.3596061419244322,-0.30070642056780467,0.19749891394425428,-0.218238634075968,-0.5445030479223378,
-0.6520460989648703,-0.3654952624704774,-0.21481670898278837,-0.2952627858784684,-0.07696141634722718,-0.004577055936358872,-0.28351153270957974,-0.32746365349054596,-0.4087555015359675,-0.5006141451239913,-0.5437982488885811,-0.37434510577676516,-0.4506829377942938,-0.5658885771295946,-0.05641216622956101,-0.4028717458474809,-0.29525596966325235,
17,12
-0.06752087474951157,-0.08511710440777144,-0.2963098771196272,0.06911910892239934,-0.16457495380655396,-0.3962740257765869,-0.18571149097875583,-0.182945634795539,-0.5131686155662599,-0.47703546967818217,-0.2562190135598148,-0.3115999729231127,
-0.30992439653079706,-0.12300068131680611,0.01593377390500517,-0.021929316029047356,-0.1223531739123769,-0.047961546500772466,-0.4744156481778205,-0.47572579570177426,-0.20132647136200982,-0.46690868751547226,-0.16424277332452697,-0.17153382545548956,
-0.1894560979481743,-0.34205245514780075,-0.2931459501153734,-0.4153015470348486,-0.3714381335288577,-0.23574858064346013,-0.28401917554391387,-0.25771413130536225,-0.0296848903566702,-0.15457991470182872,0.006366051798483098,-0.15779423527419043,
-0.17620753930647773,-0.4205231165516661,-0.1442644181934749,-0.3628233004368312,-0.17018370272204675,-0.22708386321847213,-0.20423409550598265,-0.16212553780716718,-0.2880727394461815,-0.5331773985009721,-0.24128049010891991,-0.23595947003910991,
-0.28744644442705924,-0.10975252981182126,-0.23488566974387162,-0.18726183726998105,-0.24793177632344035,-0.33680007682144925,-0.21443693965039973,-0.003986345767639318,-0.45280550425977806,-0.1340733898915628,-0.5705545594650041,-0.3489138695732152,
0.06820257368284714,-0.0038254859759318804,-0.024293742310445444,-0.05345344461702556,-0.0017823431940816852,0.1464472516110914,0.1775053221876633,0.15219216760676213,0.19868584536883818,0.21565038321545743,0.21473669820825678,0.14311308319848626,
-0.2534077430886285,-0.047624337760838034,0.037409510326005445,-0.37727277655712527,-0.07136219328413754,-0.11013085674133524,-0.1524453975054196,-0.27070658696598054,-0.34066727951800846,-0.1253521641480613,-0.47676186338613075,-0.3021100529328487,
-0.2531208631755054,-0.03272808221192829,-0.3765588404359022,-0.2072985500685487,-0.031429960279071335,-0.34968482425518743,-0.4194011826873854,-0.1547998495850707,-0.2560301016389767,-0.305579123277435,-0.22038425041212165,-0.39743250664573143,
-0.1697293074123535,-0.26115254683308226,-0.15704063280172045,-0.28519867847143315,-0.09262412124659257,-0.4382362980210197,-0.4396321721147021,-0.4048137210107294,-0.380151068909374,-0.09760657899187987,-0.23784097975662877,-0.3017073052774357,
-0.4142384566197422,-0.3997801329081569,-0.36088844700581046,-0.027221091560251896,-0.4852698119107392,-0.07164960449454558,-0.22212856817362084,-0.2642609963995095,-0.4414190145819204,-0.09411937894523795,-0.13468953466568453,-0.3912443605906503,
-0.3003988973931477,-0.021186287342260114,-0.2820614936987133,-0.14468285384249543,-0.4770086158876542,-0.2662229408670713,-0.39693374904081113,-0.3480993122544389,-0.04987383837318338,-0.19636748669561974,-0.4718472974772534,-0.1477781521259348,
-0.20485263760535136,-0.31610780105224684,-0.05021824526590231,-0.2794061037467129,-0.12367001271403835,0.003487163720358526,-0.10084656803285111,-0.22164709273707828,-0.16893090613088768,-0.5386510130958535,-0.3841677959001354,-0.4345973306366214,
-0.48436128225747266,-0.20273894917397584,-0.16037044567748837,-0.24462481988371582,-0.3485546731185974,-0.2333395040028591,-0.12601470734680417,-0.384398527888209,-0.029285726144538088,-0.4566964941136599,-0.10054995534327901,-0.4261262763208812,
-0.06752134666939566,-0.2764255290115952,-0.48601873533036904,-0.37211947197581347,-0.3405025827657771,-0.3472483189944973,-0.2560952507920076,0.005143156261669127,0.01176159014609183,-0.08035543277827498,-0.08391451042280497,-0.09349005215753539,
0.7126143828919275,0.6571128439870393,0.7297387440583839,0.7259178174778256,0.7541872018249923,0.6877180860773664,0.6991829377189228,0.7334555219992004,0.6983298685641488,0.7338475521745321,0.7128435948501191,0.7317666748309474,
-0.3666516489861059,-0.32384547726171864,-0.07411443287449282,-0.10614438309997445,-0.26152248078278045,-0.22936937393511508,0.04516707923900726,-0.36435069223216665,-0.1914312993955723,-0.046807645297318214,-0.3904151631660776,-0.04351150398054758,
-0.056751187989912286,-0.034477700339069606,-0.4153522142046191,-0.18115696737605946,-0.16464230255646353,-0.27688338593765444,-0.3472451615876237,-0.30579832189934014,-0.5251737127343667,-0.34671214536412315,-0.19129975067357577,-0.04290722341805619,
