# Pesos da Rede Treinada TxH=  0.5 TxOut=0.09
12,26,12
12,26
-0.4527392162825997,-0.5185398993719621,-0.38933504897037013,-0.44826947580334764,-0.3739124893489225,-0.38055900306544377,-0.2325791899139131,-0.11130161620835294,-0.27858362124944336,-0.26346054701345906,-0.36805335254745664,-0.4750473248300526,-0.39121991355231217,-0.43561229539368385,-0.31571141864351593,-0.35708510723031656,-0.3924567648221604,-0.18421366935430317,-0.23030041092104123,-0.247158212292849,-0.4582175125296034,-0.2190359507390616,-0.2178938917413045,-0.5004839847107624,-0.5399308996584621,1.2214845346784828,
-0.021953030463387625,-0.17097469242844454,-0.3205216141455331,-0.2431979211817925,-0.07073440846202066,-0.44403639708626086,-0.30263682496331124,-0.058089327047994826,-0.2902835802732,-0.4107954570043748,-0.4759223714982186,-0.024817757944011483,-0.44301641990898316,-0.31894147711116366,-0.1472952650529645,-0.47627889881048086,-0.25620896241375546,0.02729897622371988,-0.3953758941009375,-0.14320097193425463,-0.23603535178469495,-0.29712023213517047,-0.003177351217269324,-0.3390094290114062,-0.17893241472301888,1.2007266650893422,
-0.4730046072422446,-0.3110734256773791,-0.14902173044554085,-0.12182652886209687,-0.13085760048324455,-0.4121448495401497,-0.43392388840441815,-0.014816010513907393,-0.35884047208830716,-0.0696067720338114,-0.32748427989854845,-0.26064154710874793,-0.5192383473272014,-0.169559967796494,0.007525506678042988,-0.1913694306824014,-0.17883640587498958,-0.03705581325511025,-0.353517106908211,-0.03141830706264001,-0.3074341600901558,-0.22449137454452034,-0.38165528112135766,-0.2522383787470973,-0.4198317584668389,1.3261361530042286,
-0.39090495188894026,-0.2020452760447524,-0.23340102548615654,-0.4464265914803858,-0.26727866942670314,-0.06813178567720228,-0.2620094942182879,-0.16575734241285117,-0.28518303642689824,-0.16513300571062367,-0.2838996484668456,-0.4202937813540966,-0.26260609949146585,-0.1580962508205531,-0.0747851656375262,-0.5135898800039772,-0.1231110580475961,-0.23359824738550597,-0.2719059217022545,-0.20900144610853078,-0.25158639928063065,-0.4116752630819164,-0.47935530977408275,-0.07183060198922298,-0.1097959502099316,1.1142533707782372,
-0.1607614991130366,-0.5863786081399547,-0.42384875260872956,-0.4745549697220846,-0.36320828128688404,-0.26137010219135154,-0.27677760252430156,-0.4977074796155356,-0.004172292166652557,-0.41216271420981937,-0.40745355334189004,-0.1883221831937172,-0.2164807377284028,-0.34017148066344577,-0.4491079100624601,-0.5410463393421079,-0.39677059496713907,-0.48488595294511905,-0.2920299914294765,-0.5182584195200639,-0.14844966898623504,-0.2060875472900576,-0.2225672650268495,-0.3619447263510721,-0.47639322456679967,1.112924003354197,
-0.39447394849137707,-0.3889779109156048,-0.38516119599403364,-0.47602587473782254,-0.5294674652451219,-0.6344202295830892,-0.468733968466758,-0.6084596572005547,-0.533666630485168,-0.22907572010991067,-0.27184086280231384,-0.3433590183033361,-0.22574362234330936,-0.5733053157435434,-0.2069277297984835,-0.2760624719523069,-0.4297386548572675,-0.5976964991528548,-0.4702149591503095,-0.2361445828593913,-0.11547132389310294,-0.5989462915639543,-0.5566568099836056,-0.5608514138875066,-0.26003679938519825,1.202589436317563,
-0.36875647847488996,-0.39548527080909895,-0.4700350235774806,-0.407214276363245,-0.09618302743558155,-0.33844484059025587,-0.46182266722435145,-0.45309700340268216,-0.13903869686096249,-0.4328039177681536,-0.5109944410133904,-0.13632450064437437,-0.28228281776641634,-0.30743148143689286,-0.4617000751780229,-0.4872885604649618,-0.4618137069740581,-0.6195799796746359,-0.4673337577404398,-0.5496927325729433,-0.3908767290425488,-0.213209270161731,-0.275506166078779,-0.349512462826037,-0.38413736731459264,1.530755012970749,
-0.4134130037187245,-0.3371919495173701,-0.5097784193921915,-0.12609710687503456,-0.5301371990159031,-0.2020218388523081,-0.3992024056201563,-0.5112487611209434,-0.1597068764443759,-0.5908016664431209,-0.3587003967982631,-0.49116927446332803,-0.32658526145489436,-0.20799598961925506,-0.5943716821589682,-0.5085755085991188,-0.4460117359106499,-0.16850907349228172,-0.28449764827054796,-0.6124432867948213,-0.5461165237788291,-0.4168535799351717,-0.6650628071642203,-0.24996235501961597,-0.472578517138668,1.6330416615489871,
-0.6237786131175647,-0.2971595418527273,-0.5765872183565742,-0.4153848300430909,-0.6005745273308032,-0.4597187246988825,-0.49922441551555063,-0.5707796085334389,-0.4604277342949134,-0.30950058703740624,-0.48912644362937685,-0.2936217118460704,-0.6740903884690578,-0.47910350753092784,-0.5043756359299435,-0.6075897320757565,-0.3304006134471495,-0.36622634547186367,-0.530108160675279,-0.33785834174895774,-0.48664466802384626,-0.5977203514748459,-0.2788419920403497,-0.30570041995896197,-0.5964942605557081,1.7140391338774972,
-0.37663618070004,-0.6845823096100526,-0.38249352496003575,-0.42320529280136443,-0.5747310374405727,-0.2961543660284568,-0.5321234559653589,-0.5908026811962034,-0.6090914248444289,-0.5293860320367397,-0.25883118010130013,-0.5858775107703653,-0.24730486640417818,-0.4674959631635432,-0.6365442149890634,-0.4491674411564332,-0.7540890053870064,-0.5062809251597151,-0.6132943178916965,-0.38530246774140636,-0.5836654480377643,-0.36178235389852004,-0.48101073188708304,-0.6744139171611792,-0.25560052299034325,1.4678093149311,
-0.5115255227193072,-0.36600583044738677,-0.3612378371946113,-0.38736653837117285,-0.3778309218732413,-0.2810485748167572,-0.16657942101968623,-0.5607977137342168,-0.6186942209019713,-0.4553746350849493,-0.46157975240638316,-0.6504962727207263,-0.6377803192766809,-0.5294898170551798,-0.3324658213834243,-0.5206752369015579,-0.3616087327229224,-0.6425703632735061,-0.22226822138369431,-0.4461418731551166,-0.5703252848372088,-0.5028579000344829,-0.2590804212348591,-0.3677444033201527,-0.44785111868409966,1.7075807943605648,
-0.33112436437193216,-0.4637431437448098,-0.1748770517132297,-0.5526711199986776,-0.3716541380339212,-0.6769936667789491,-0.37443433249415703,-0.1778428021427923,-0.5768306371584523,-0.5044810272761443,-0.3448717586369225,-0.4408781086210914,-0.4164814164064982,-0.41169063425517066,-0.486774095804531,-0.6444913063831534,-0.39523882531767307,-0.6192133101350132,-0.5366748948619608,-0.5739925265604373,-0.22328139621470822,-0.3564951481760292,-0.5681878079096818,-0.34249975936795213,-0.5840118674957737,1.512520454909931,
26,12
-0.03688160159036502,0.06409063132124801,-0.31408433827188326,0.09882579286238413,0.06953608234756513,-0.08123955654853493,0.08219019481510663,-0.205806710709127,-0.2278748650884908,0.06726361327302453,-0.3416893897889195,-0.044312963412981236,
-0.12341027762994634,0.014271418367108036,-0.20446857884076222,0.02032580355647469,-0.1891285483009521,-0.09232551665377499,0.1436937123094351,-0.19595004197573626,0.0274752279856056,0.04148124256317705,-0.03234105353110564,-0.13821513155124657,
-0.15148447804013676,-0.2787162584150951,0.043689382851363805,-0.08312407888476211,0.06249091260164995,0.09751705911199007,-0.15710961896838763,-0.19580664128980851,0.06034022088463328,-0.1345252558937039,-0.14902446070610623,-0.27181503493465525,
-0.2103640576289912,0.05273978808781645,0.03470932834285009,-0.06822135297881482,0.07882025090208643,-0.12155788635507488,-0.3000632371378403,0.041703557413152015,-0.13566137692298616,-0.14417209896828564,-0.12130646086459147,0.013594502444722812,
-0.3443415199717026,-0.1232934825264014,-0.05414284801335375,-0.25788449878811104,-0.3376841857329827,-0.2325129310128547,-0.13516815142000427,-0.07417721302946886,0.09438162118941971,0.009413992498080543,-0.058909929201083316,-0.2784227448969856,
0.05774625561387935,-0.10105003490078587,-0.3118656304589875,-0.0893212848457164,-0.13939093790119197,-0.25155815735596876,0.0634794032813963,-0.037098262541151124,-0.04665780476772052,-0.026651290296642583,-0.12946099597302307,-0.2694600956774669,
0.10768453276195485,-0.1712769282329121,0.09702613677250972,0.180605616725635,-0.035601789421427554,-0.1163364415945723,-0.2858211280795635,0.046817288208736554,-0.029221543516595158,-0.35872194014437575,-0.37218341700711277,-0.06441197440706273,
0.0978658954917106,0.0066448110710081235,-0.292348540720874,-0.08874420116456298,-0.17141880912625088,-0.3176514026431354,-0.18819034676704044,-0.0013088705787636054,-0.2777603813346665,-0.24493539457604102,-0.08057793511300129,0.16747257864931903,
-0.126916528685471,0.15907948781746403,-0.010582092328246393,-0.14946458241866514,-0.024503158063154357,-0.14529222742738362,-0.16222311100591377,-0.3361103172350613,-0.12842237594402714,-0.1478291939817035,-0.08586804427740873,-0.25119403700909754,
-0.14928560881635553,-0.009499389477392078,0.06456800433336349,-0.17158180570277104,-0.1464609932706812,0.05404786340247673,0.08536448741697669,-0.3615075792448044,-0.04261738617721175,-0.13123557044023798,-0.014072961327663187,-0.28953689545397776,
-0.026315077654878425,0.08432088039405766,-0.06799581314311318,0.01953586012383775,-0.005417754785592272,-0.03359806406128129,-0.2394362504657852,-0.2658111438064295,-0.29892040501531947,-0.08617387522612777,-0.05755457212078648,0.013521914541199704,
0.05534779409853473,-0.12511779306007212,0.03873366012080271,-0.026838866070599793,-0.3440239911166615,0.06992102071449259,-0.2866025004018997,-0.13110688270924842,-0.28798532490306944,0.03434749345014712,-0.058563090000279934,-0.20896001210237458,
-0.1370267595049766,-0.12432972120090961,0.012371771644579409,-0.024837518605199203,-0.2886802569958813,-0.06478272357177603,-0.15609627912967866,-0.11568289720688792,-0.08300393002218996,-0.01799286425140315,0.11344356748003981,0.02376033485300589,
0.016682318314602512,-0.18126896287588776,-0.11248324938046556,0.09036543643995672,0.10358214958332514,0.08269988057511886,-0.2717681473312124,-0.10899609910040703,-0.12464259242528243,-0.10495466261311087,-0.23263662240750246,-0.1998614832025307,
-0.2823565852036787,0.017982349425875257,-0.06698356840701941,0.018232348222139653,-0.04898202867460533,0.011763071243814241,-0.1888085390572012,-0.25529713693798967,-0.19627689203672988,-0.07507189207729682,-0.00598736806688974,-0.2725037860093214,
0.15082792190307767,0.0036761247905398686,-0.12531320314885708,-0.12588551492140482,-0.20515657454068298,0.032340229970081305,0.05132451644879219,0.044154358387106026,0.09870351492094713,-0.016814597752799344,-0.05205913431805651,-0.04855939411962564,
-0.0997026364420504,-0.2685013640025418,-0.2343788291779521,-0.014694691742520949,-0.027742418979619696,-0.023884041298239955,-0.09049241664214239,-0.011945856620806246,-0.07143962718224968,-0.11949350810596472,0.1327203477887692,-0.12995988107912335,
0.047286184494149015,-0.04662772022838701,-0.03865953276209533,-0.1313325674508722,0.09343643853967196,-0.31212986948683563,-0.11253457440232129,-0.007095851155502613,-0.18348355731180668,0.0013501032873467003,-0.1655748363773829,-0.0927237597856292,
-0.2660549210131274,-0.06761357031004905,-0.008587676246381147,-0.25691587107726305,0.07897155758946259,-0.3121393893341456,0.034866503659073955,0.012052115997768897,-0.027575335183720667,-0.06715754089886439,-0.031832578225740746,0.08362986993193526,
-0.32888786510500784,-0.24367582274654256,-0.26026455857147246,-0.21558646474432583,-0.25631827055006406,-0.11167023047868486,0.0737065303670482,0.015459966934787945,0.10888473008342542,-0.37843963051584384,-0.0693782384874038,0.15161560299181082,
-0.2612284023612233,-0.3294269012030954,0.012079960806121667,-0.34685360139490856,-0.03570566389655347,0.07439728346611896,0.04118514890194477,-0.1603641648408813,-0.04305410331114329,-0.1964084945623403,-0.05822942850510804,-0.2635482919972927,
0.0742484124906814,-0.18530082900156147,-0.17475713655510974,-0.19169599919544975,-0.2489877443221482,-0.1346251194229214,-0.22217554611555124,-0.0821104378395622,-0.16291357524883587,0.029487144743692593,-0.28406639893379393,-9.455385004996817E-4,
-0.14993436245754665,0.00373681916442494,-0.1761119153827688,-0.23762644224666704,-0.11531780475666945,-0.14247474593571782,-0.011841664243181805,0.055228056904112505,-0.15353329177463218,-0.2682690658302883,-0.020647806587680183,-0.21329402206581244,
-0.1369859932993431,-0.21747109291393743,-0.15849274727442483,-0.22380819226019,-0.24205964409296837,-0.1824388105750437,-0.03184089895215945,-0.06814376615854953,-0.10234265693056248,-0.21019795130480878,-0.10238246714785638,0.07830300979565646,
-0.24794545200359647,-0.007686972033367807,0.10909465327153883,0.03177633724494222,-0.07749087994905245,-0.03447663458059593,-0.10841673450882174,-0.04240075763780711,-0.10216352019139427,-0.006215252182846784,-0.2249985157611523,0.06399853764154301,
0.813389294805297,0.7191397067216683,0.7688748451093739,0.7989390617830964,0.8238117006682406,0.7862461924628829,0.8188164040640119,0.8427461681058908,0.8239970540103158,0.8809029116772532,0.8277466344743356,0.8597800337944135,
