# Pesos da Rede Treinada TxH=  0.9999999999999999 TxOut=0.02
12,28,12
12,28
-0.38263728739739017,-0.4896680714273313,-0.7656856023645529,-0.3843356315738471,-0.5068969118687351,1.3268626267136154,-0.49606430297252163,-0.4668858191243042,-0.4703534640200592,-0.52860680656021,-0.6593274940982754,1.733215669487274,-0.751797341039128,1.43626061760195,-0.5208567768210708,-0.5566415787287182,-0.4076637914172281,1.1040908481034517,-0.5478018928650876,1.332302531338683,-0.5942187212266277,-0.6495144767914461,-0.5524205764551431,-0.5737427509231291,-0.73815280009059,-0.5918130876664497,-0.37131790985933916,-0.7251198370698837,
2.3351556395235726,1.9489810829355962,2.0488633929318594,2.3209136047409524,2.0631344609583264,-3.687555673444318,0.17286478386060616,2.437795725554426,0.1872606075997959,1.0631372122559593,2.1751555035213492,-2.544678754558347,2.055681507279125,-2.459057962252721,2.232729397132256,0.5403788354042571,2.190390977236065,-2.8145482590145527,1.770410874537521,-3.4010596936277913,1.7224656244592746,1.910117819758394,2.3831224289254287,1.9701244202040848,1.6018737133920828,2.0648907232974154,0.6479847515781937,2.198471805902373,
2.3799237635951958,2.0921606765185405,2.2230749414197293,2.5330646920541473,2.5102766774602134,-3.773325876242599,-0.06302087020593021,2.6529385283193205,0.3884023777337634,1.2032284158970403,2.2446682864464025,-2.7766135961543714,2.1533288631563803,-2.432798185778437,1.9421099153216275,0.4358034814666501,2.3860493046263604,-2.5538004723759418,1.679581971446813,-3.5181241400542542,1.7723514743866853,2.0021568095068525,2.603693189622755,2.399333869914195,1.6195216298567146,2.2611036114923175,0.43060029565104874,2.115972801271017,
0.9806744610690364,0.791264788564957,0.5470150752302602,0.6242723497025005,0.6280609808683576,-1.1221878464085004,-0.10433744367681834,0.7115032470606231,0.18119634250983746,0.25033797258418433,0.35217225297941734,-0.35612367869578704,0.3528925314082941,-0.9523602176449425,0.8947975395280251,-8.619239635340856E-4,0.637068610804625,-0.6737216639216488,0.5986344799879055,-0.9676995955896672,0.37833050671417295,0.6372147690007567,0.6222038609978264,0.44725282246918074,0.3992044310493757,0.43150418436257915,-0.15456088030040133,0.7366741957906627,
-0.11247453430912487,-0.1217994706471033,-0.15565794582502385,-0.14080740723370014,-0.24530245446772914,0.15085801012570532,-0.4137878550981281,0.23238508010432346,-0.42448739434095106,-0.19363288000117732,0.0324879022083352,0.6313288670896215,-0.09432719676021771,0.2091047159548035,-0.0013328558070969578,-0.34439793065503704,-0.011743178718966834,0.25766427657305385,0.16122804099629404,0.3550870937265018,-0.2962818712889015,-0.005233294117708064,0.012956954292613487,0.0777483502303786,-0.2861094421427742,-0.09373057095916057,-0.17744944578579944,0.04964537856825654,
-0.757615694910798,-0.6805192674536058,-0.6218190241004821,-0.7844722444601396,-0.6154468984684988,1.2336013348656105,-0.29982098173058136,-0.8575045635587019,-0.3660622276962753,-0.353121414222577,-0.8230290054860218,0.9182018741989444,-0.9240952104155102,0.9736513198227772,-0.959096215286753,-0.7146958472074634,-0.7454109976984596,0.8356622404936607,-0.6576016825948928,1.257197539000237,-0.793982640106703,-0.590412592631976,-0.7232249892105713,-0.8586403070446689,-0.791664175361887,-0.793166373314539,-0.3926277344231952,-0.8089191024048126,
-1.634752928738992,-1.6444347649980753,-1.4699851665574937,-1.5316737428488854,-1.9059756677243114,3.0294391650549812,-0.595818472394444,-1.9658088823060023,-0.6836820537119596,-1.2511884699559939,-1.8581159829461926,2.232086671282833,-1.5777138512695474,1.7634614964010356,-1.7621670756327992,-0.7320180193010197,-1.8845763020667965,2.2202031454884326,-1.4765811108941143,2.992254537173572,-1.409574468410962,-1.963697760413773,-1.610491685482146,-1.624877548150891,-1.287203095996766,-1.9143235369729243,-0.8100720680041736,-1.9206674961125572,
0.19503627894195963,0.1059380423198138,0.1472467116035604,0.13845528555650216,0.23988849371856863,-0.8820573272240944,0.12472777552302947,0.23029521315516752,0.07763430909314716,0.007314451018565086,0.3298421452514963,-1.141877437732591,0.28315922142761835,-0.7693664162429876,0.38538412846329156,-0.06740842182116229,0.12995061127558452,-0.8404826818310305,0.0757703424757886,-0.7806647093919775,0.10007296997780579,0.24853929216129497,0.1327495537158497,0.4601178077023923,0.3570306587087616,0.3160803175091975,0.0499062248734049,0.4918254620256721,
-1.3966448361917552,-0.9869011945287239,-1.4240127853337015,-1.356843172342143,-1.377042421424719,1.8864043239863382,-0.31329630946799475,-1.4409666519455808,-0.4522799969503929,-0.7413587088710114,-1.3717100315873365,1.2783064875811936,-1.2418672559846773,1.2458407945673313,-1.128798810979422,-0.2580278419395356,-1.444233298020533,1.285096082976461,-1.2986451113620547,1.4987350166793127,-0.879889706120088,-1.0271716334166514,-1.4558518848414352,-1.2308745556908955,-0.9197616123048233,-0.9801070174568677,-0.6074389166571907,-1.2483624426310935,
-1.3173575456823303,-1.0615642668120702,-0.9664755254469645,-1.3509465138526235,-1.326306429462884,1.4667860170641522,-0.4175942067649904,-1.227908345862179,-0.5688370258000908,-0.7680080066046892,-1.0324973602555625,1.1753643301291479,-1.0349796176014103,1.3937721242296022,-1.0399630051835662,-0.6236726985863019,-1.3359641420109494,1.1342013402139994,-0.9037332776169965,1.4695359976079796,-1.2461559411363918,-1.1834738114055234,-1.503389728825568,-1.3422671150822105,-0.977897404701714,-0.9812469352928467,-0.6116648707771564,-1.0706904432295268,
-1.2935084723244687,-1.2809434906513122,-1.0464046666584685,-1.2448676125202855,-1.03381450061821,1.7348897148984532,-0.5530915383698186,-1.383696730366401,-0.44946209829199657,-0.8696734057865595,-1.3194472477002923,0.9483178812879949,-1.159371718605287,1.0470396205127381,-1.2640522723598409,-0.26932460917532125,-1.1595829924958239,1.2931620158017922,-1.2481155367710315,1.4804645946827275,-0.9204935448409975,-1.018240316779874,-1.3027100035300558,-1.2370203266144526,-1.1273827661221414,-1.23123915538156,-0.5649638175481972,-1.3216007839440427,
-1.1620650919964846,-1.0697074564130427,-0.9738061709681348,-1.1543731490758233,-1.0359790171792176,1.5222421192911768,-0.4546176002266018,-1.1075410436282003,-0.5577182199162976,-0.601333695559763,-0.8229693732398589,0.8368662583144869,-0.8722117044879203,0.6530920684468327,-1.0565211461003057,-0.6927681093506827,-0.8674445921189706,1.1320521118143918,-0.5968064164172345,1.3984579944442133,-0.6001343002092946,-0.944479764118497,-0.9059362254296666,-1.082988649496305,-0.7785758502194767,-1.150127098020857,-0.6021234284375496,-1.142911798619311,
28,12
-0.02483854706113698,-0.025841595274984794,-0.08916535268323011,0.15160508293808111,-0.0135491164368967,-0.13366861173103703,-0.10489634203244484,0.13540980528213103,-0.2154208349535071,-0.015577049580571089,-0.0642535068005616,-0.16264509143834596,
0.020283477529010163,0.04366996546642567,-0.18166468861207377,0.07198588378501837,0.009278503522290222,-0.10394530500838671,0.14063898357275884,-0.05279952351803485,-0.2616683753106937,-0.1183270378406018,-0.12183319121260039,0.00827249734580309,
-0.1125145664213583,-0.17874425929872104,0.1421190460724476,0.13081179615306945,-0.03496097574521302,-0.1859833580456147,0.11307311925141855,-0.18653709813803224,-0.05269727152505374,0.06667144637625332,-0.11225118793770696,-0.22636390914576263,
-0.0520991146310676,0.1095090111741356,-0.08891728484437576,-0.003659953253197737,-0.10266375876181973,0.11020033500734566,0.0459431652745843,-0.11731095475755735,-0.18589067888966243,-0.058270152068608264,-0.2559814585114624,0.0017102799597390873,
-0.1722811385990321,-0.13186892406579728,-0.07144347412272561,-0.21650865587544035,0.19297764063844006,-0.08962907489349949,-0.0372529015448887,-0.15618461297870284,-0.06718025282849029,-0.011260198285740305,-0.18986000637061176,0.11964695712285847,
0.30009946776745355,0.1380984974954549,0.15399402706582604,0.30244070424049757,0.0969908981637796,0.2764031102235572,0.1758678767220171,0.28657636754563226,0.17116590644523388,0.3276041241820532,0.30537967935985755,0.24193021685624821,
0.03947780264736435,-0.14330678004668962,-0.3440243653590102,-0.022263712565644793,-0.2868620014761438,-0.029410173875636592,0.09622378749061974,-0.09784228554988418,0.09600703844141684,-0.057027841023581306,-0.035754436153227216,0.04218395126848555,
-0.032139440902621906,-0.08746567224801137,0.22817133749373308,-0.046733837034555484,0.0596735126421267,-0.09607177556588589,0.029619263994191916,-0.11031982266455279,-0.09471927206092345,-0.21403070823030715,-0.0720437535553336,-0.10824503775086175,
-0.10742876021473138,-0.07031044468134214,-0.06565716856664318,-0.015772725590170362,-0.11500157320014748,-0.17616861723433652,-0.26502139576096445,0.03579393156317069,0.08834772323604957,0.1508289262511192,0.032947116672140724,-0.12203891371240505,
-0.23541769290038833,-0.15313957699144662,-0.01552842245483982,-0.005608406770547945,-0.09456482894450016,0.13989150945613887,0.0655015191506593,-0.03243225330854384,-0.27023432539627346,-0.05704522929378454,0.06264257215173848,-0.034322576597179605,
0.0849954976008047,0.043332718538770985,0.04779329222043927,-0.19161690201555037,-0.17232222602643024,-0.06363522842553208,-0.033338984333562534,-0.14644033999985617,0.027282793240886866,-0.05269079549134481,-0.21526486634633896,-0.0886469821234872,
0.1931689658126545,0.25170030942907834,0.3326541110311494,0.2307886492585231,0.23073256907717068,0.14787209624751893,0.3201202710532063,0.14638993089894817,0.1563621228093328,0.04436969257621868,0.22533571847469527,0.1458973495448117,
-0.11656118913385642,-0.10133906730357503,0.14611093212142712,-0.19726561161075687,-0.13479988017378236,-0.2680071717508038,-0.17650189760698465,0.0659427480226268,-0.005507096735612047,0.03938764973088302,0.07565133798091282,-0.20520147013893883,
0.24945234252411116,0.08741675755650209,0.08826406523215169,-0.08292962876583847,0.22221915689478977,0.014083140620683117,0.0634811164291629,0.15922872180414924,0.32652303541145866,0.09812455136556625,0.1514796856982418,0.06565043456140467,
-0.07347501825988896,0.026379078822626016,0.024764724534137396,0.11009003731035372,-0.039892273352776834,0.00881438209685577,-0.07026093377103426,-0.23013734130168792,-0.02609398219598546,-0.15530923973023408,0.005298332354794079,-0.14551371127452645,
-0.034396614354993596,-0.16320337782680613,-0.10496902528451438,-0.26930118339705444,-0.18769134152907857,-0.027609332633011196,-0.0413036225322799,0.12903448315493635,-0.13500523317123414,-0.02602825648335565,0.055491271103319806,0.030296339310794305,
-0.0807232567286818,-0.14333320322176218,-0.022832278374779802,-0.05408649782211995,0.03046502435025756,-0.11371994731752609,-0.03578066242957058,0.0966475836039639,-0.2089713197050283,-0.12029168969311942,0.027798657182595183,-0.10854644510729088,
0.08635747764126715,0.06190284597066353,-3.331092178270942E-4,0.14408239714994497,0.045045614890387366,0.16963301164877148,0.2963222966397256,0.2802981132830883,0.05016561601735364,0.2601266065521855,0.06094799507154026,0.26259491950990427,
-0.15851476151480218,-0.016589315822265506,-0.005299103989137806,-0.09283072839995848,0.07465854290762174,0.09473700272806253,-0.15135819595192665,0.08116531252774697,-0.11977512602201815,-0.12957078409955444,-0.13645165616625085,0.0306478808479698,
0.11715011668032238,0.26388328918614756,0.3078296569216886,0.2540670236062706,0.3380606432073896,0.3123996806340748,0.10962557827135373,0.12785234844549115,0.3065524835111231,0.3098729350511972,0.2673970440259532,0.29533891647398003,
0.05182466925930403,-0.01318280703013974,-0.13281148895659972,-0.10127081139694649,0.08254737651826125,0.06282961257771108,-0.06713533330233566,-0.0021939252382813528,0.06739179929238173,-0.2215437852175088,-0.12566418702560722,-0.23235109933243372,
-0.16924402763289487,0.11002849551562577,-0.07259470377206853,-0.013109800958031714,-0.16613679291669092,-0.011356577328597838,-0.20747838750413317,-0.08101401734741326,-0.02705887441609243,0.011485299288351514,-0.025676936117513295,-0.07924607491026203,
0.06335868862691485,0.03696665284537591,-0.0973711717515758,0.1408211299368184,-0.1308203567266036,-0.061046208323438246,-0.1773444785660389,0.08291981917443843,0.07170323670427012,-0.10163833646592892,-0.25531924806373835,-0.1654731637427478,
0.1353382174175097,0.18511425235550372,-0.07225957921362436,-0.12017774401726374,-0.05106570197896315,-0.13175967819512782,-0.1529470900270209,-0.2362380378164854,0.06196553069521005,-0.26349097442365416,0.004082553568137725,9.50842817794493E-4,
0.06727807070944385,-0.06772635529981513,-0.11001928919279294,-0.11323002078164908,-0.08940149033210612,-0.042869821446921634,-0.02929588115385283,-0.150949863995351,-0.05108517472700228,0.015134533602199853,-0.028628680621674115,-0.16831163046288658,
-0.15298226748709084,-0.0855063534544125,-0.1304151503100217,-0.20210462863733616,0.0052458361431170905,0.029229220455658816,-0.21370236215550387,0.06700026283402148,-0.0524732924117106,-0.18659256407105843,-0.01651967495947694,0.08726784780715283,
-0.24765373152400338,-0.25260209735579275,-0.133477130018001,-0.12610040444235407,0.002536824008895564,0.011396565001121059,0.045211602826412206,-0.23971352568835302,0.011044564436565952,0.030814632206856415,-0.0037164371918812457,0.1600250331523223,
-0.012083964175584615,-0.044271479812703546,-0.07746636295609655,-0.030571817458149422,-0.130572111319646,-0.19686548357372521,-0.10940706249560685,-0.22972839233193568,-0.028341799399128207,0.029077015069937113,-0.005150205193990105,-4.7357961193346686E-4,
