# Pesos da Rede Treinada TxH=  0.8999999999999999 TxOut=0.060000000000000005
12,12,12
12,12
-0.19676014612284662,0.4762975148990363,-0.2678162275430229,0.11298741252906681,-0.3010782511251061,0.41481136182656964,-0.6149460776605753,-0.5016781054204615,0.1926619551037165,-0.45634396715826764,-0.2972479793949335,-0.4830594731462704,
-0.5240649761151381,0.5489445803799482,-0.04236170071792479,0.4020842879611475,-0.4301430914940032,0.22185705384107435,-0.458030888399614,-0.19813029629573736,0.361008111103794,-0.5958213782326534,-0.24155553142481592,-0.3602985607764146,
-0.10614397845292761,0.5544679770666594,-0.45200176843420375,0.5702529063718181,-0.5289379711159831,0.3983550438203221,-0.5117021913571569,-0.23895334556150052,0.5469021529605677,-0.41241908925068466,-0.29130465240219044,-0.18973219857506046,
-0.5065410963579278,0.41990036330250546,-0.4926090996803455,0.25764697865533204,-0.2725540808690351,0.46128940353355397,-0.34406498522945,-0.4050689205093481,0.22479427172885716,-0.17806824681551459,-0.1579574614853992,-0.3779021351812593,
-0.4052595879200723,0.596155925776805,-0.2070851419214276,0.5873813155480108,-0.4564633359288932,0.5665076199743985,-0.604946404422726,-0.3968273553815975,0.37696315426591565,-0.39990704565727747,-0.39685649568868064,-0.5326470029482508,
-0.24058845677301574,0.28317278406098534,-0.46440445333168096,0.2832822401777434,-0.22473026994308534,0.4423594217385684,-0.44603343055720734,-0.31463014823729246,0.2524693993193532,-0.21055242692088724,-0.4544938941447178,-0.32026824555988376,
-0.5816147928898504,0.24231918863087584,-0.464660987428443,0.30848397115809256,-0.4564855386758642,0.5551185925443507,-0.4047262762780236,-0.25300905141201324,0.27261824914799376,-0.22186089510579232,-0.5096822412269999,-0.4220033199995985,
-0.5304246421622372,0.12428858259276325,-0.2580762366767485,0.5230947426664018,-0.5237571258265955,0.35184234418565746,-0.2370459159316178,-0.22756135355049079,0.4686205124784829,-0.5404841494052463,-0.4500438736117602,-0.2736470321330505,
-0.15465826368757185,0.13736695087356063,-0.2689795132764985,0.11207477324299922,-0.4380603930107576,0.354779012437519,-0.48714430910146733,-0.4823039093424852,0.5632040737969687,-0.4117545334752601,-0.4731417766722899,-0.2856836150699382,
-0.365638805232047,0.13875861939130524,-0.4886623309286624,0.3615977577039554,-0.20719750848808316,0.1828464756967303,-0.1854731712402646,-0.13816035002266172,0.424884877759139,-0.552804134842606,-0.6476024260460453,-0.566299547126076,
-0.36900786121052204,0.40268605073792757,-0.5659802225034667,0.23168747549124757,-0.5436045535793608,0.2626903895484686,-0.24484387397476226,-0.299866730341043,0.4454805411885678,-0.37508673257241154,-0.4975304831078374,-0.33794428739833454,
-0.27734957464589877,0.10797755232522994,-0.24865303609193506,0.5116794833314313,-0.455512518623912,0.22668661301405602,-0.2785937051703453,-0.31728490448632907,0.3016999844325939,-0.33094903868084435,-0.33241211045357666,-0.5570007796299261,
12,12
-0.34953218750476023,0.0947691086709742,-0.22126684624415968,-0.024747442312978245,-0.16824716352958693,-0.3066649649577235,0.035552635779297515,-0.07463119517976972,-0.237156752106324,0.06357005145419477,-0.17963395319299919,-0.07530950608119867,
0.21809135554813036,0.10241104507204096,-0.005621629546584012,0.2216268614663273,0.0915843449302178,0.1487069353421378,0.29217095048077946,0.268458142843003,0.035632090732483676,0.22285661809605894,0.1696487623477931,0.11915838509419503,
-0.15809155269496647,-0.13263638663079563,-0.12654909473566653,0.045493776151138046,-0.08723410233094615,-0.10958341383754866,-0.26856824350357034,-0.3422795253360358,-0.07313636562118667,-0.07706532252248688,-0.3052556174042765,-0.02699875135427019,
0.10585851503616393,0.15989570458246988,0.08457186175033267,0.09944009810495504,0.4823090062800037,0.19435006654673762,0.22852343586811716,0.15412939189322133,0.16735228949205475,0.36197631468479274,0.1074798829928782,0.11826475063359472,
-0.2787499819990967,-0.32014376109608045,-0.23776098431508616,-0.14310271528705718,-0.19945045080843748,0.053602021429513806,-0.10572352637524719,-0.21478375840960526,0.02362482113470769,-0.27838550730938555,0.04540384110038403,-0.1634390945449946,
0.16641321640751172,0.3082126559903215,0.24022726786700313,0.07441588772596526,0.035150697447632814,0.1642955173706481,0.2020216092701435,0.13221006464933202,0.28363794555191213,0.03209919281405828,0.3082130936045605,0.35159328555629377,
-0.06901842410312616,0.06969193028616778,0.11842270193820183,-0.44407300547930373,-0.09215434064540877,-0.2752007065147741,-0.254364651421951,-0.16413016772509428,-0.25228557267497537,-0.15413464247060493,-0.19236115860649908,-0.3404625037106473,
-0.04382503251912863,0.12781269605962822,-0.20241572201411467,-0.042412314674040344,-0.2246853979760957,-0.2083572572638571,-0.06873611595109602,-0.34902873589500627,0.0805313819593819,-0.31827069128559826,-0.07012693415549018,0.09179045102252564,
0.3003816243077428,0.09181590515976797,0.4287167101465484,0.32675389742270566,0.18632943952061412,0.28897835476099176,0.09210464872143753,0.29325293725362456,0.3327717810506971,0.25800751410104417,0.2678495177682444,0.2358057559153472,
-0.09326846754179474,-0.31781779722862363,-0.04994122790523556,0.005560445610936245,-0.19821954664361124,-0.18761457929152167,-0.22909029439629192,-0.04518752954442048,-0.2531534466935444,-0.11937084226150711,-0.24038747946376968,-0.12205610785349114,
-0.17248492382413655,-0.2528262917841884,-0.2617561854795756,-0.16820672018574717,-0.003146595330439564,0.05608316737242015,-0.2276168980581611,-0.15337824179079868,-0.26769243387701264,-0.281699295557087,0.03761717734666517,-0.1702054201596208,
-1.0073011618069128E-4,-0.11575372224008568,-0.0801961081140941,-0.12919803327123122,-0.11789662527158731,-0.16980648378497312,-0.03055128326851529,0.10274880557161682,-0.2644824655403998,-0.18255196840829946,-0.3696061739858274,-0.33560189568545973,
