# Pesos da Rede Treinada TxH=  0.2 TxOut=0.060000000000000005
12,10,12
12,10
0.3586098029756282,-0.40861737354012445,-0.4901695471158972,0.5337892270768861,-0.4485468314131387,0.6372774703585451,-0.18376105295695858,-0.3658291867724168,-0.4730116705093373,-0.09305458421170591,
-1.091721892826733,1.104774710622911,1.2030588937330748,-1.457403094129943,0.9498781372588796,-1.5901629527678451,0.827758502042804,1.3554830507597688,1.2592171243185213,1.2887577532871544,
-1.260377728477838,1.1594400967695009,1.2306309167813398,-1.5098944141364443,0.5683174673101286,-1.5928325326098838,0.9078359812934754,1.2111704451993044,1.4826243497601674,1.1246421865742626,
-0.6073666488435268,0.49674269674433685,0.5171477241981132,-0.6785333966172625,0.09081553447715887,-0.7190926675159036,0.5359556975216693,0.403738096797371,0.44140911970366675,0.44278499264889065,
-0.08138729717191373,0.25743446872805775,-0.039952743081178806,-0.19092518399457872,-0.17524225760739423,-0.18831575485957236,-0.07768881766840287,0.2238614508381995,-0.1312198786973994,0.06751220262499939,
0.698342077182042,-0.5652651892936783,-0.7731420832179747,0.47535014012478716,-0.7735077094648453,0.32844554983697405,-0.3372108670052633,-0.7002738560115819,-0.42347549990375705,-0.6650247197171593,
1.0409184871489872,-1.1890252313731866,-1.0599506351704333,0.873787364491986,-0.5873145561263251,0.9304604500555618,-0.9502401957207021,-1.0729897602612868,-1.0999484966782194,-0.9061947297390766,
-0.3041098299227146,-0.18357044865539648,-0.19789296657333966,-0.445968252307154,-0.12495892215581082,-0.23202844246977392,0.039779033650013874,0.2583260763026454,0.16247530543480002,-0.07890329529779803,
0.6931313142723678,-1.1191116744623528,-0.7551258953868808,1.030493170350117,-0.6124911939913944,0.8067684710909677,-1.0354087231858053,-0.9896627878695277,-1.0174391023355496,-0.7265401721736743,
0.8028615781523097,-0.6642262398492971,-0.7617086012097272,0.9195222778654439,-0.579784234561002,0.9118033078558357,-0.8129384141457945,-0.8433709904978279,-0.8326507434705526,-0.833170561111588,
0.8696594259175694,-0.65156323637034,-0.6697127092905117,0.7666397882798489,-0.6995183829660815,0.8755877245704554,-0.8137937314233251,-0.9753777596152321,-0.7663174404917018,-1.0451930714246969,
0.35950790987102926,-0.8829411010667568,-0.6785085212424484,0.7765014898474958,-0.3652412006285192,0.6878745943046055,-0.7049894638951203,-0.6715332961474234,-0.8355180605157736,-0.622594149486618,
10,12
0.34549415831453195,0.1601182777191268,0.5183437353195584,0.49593240387845805,0.6019890015226945,0.44329955044670344,0.31380966692973344,0.22880959502220116,0.3837997158492738,0.5053509374100217,0.31406666897602975,0.4204316364372453,
-0.37284846694774976,-0.25534091654877894,-0.26458600742984184,-0.12225923047688733,-0.34066681895195566,-0.2592356604618603,-0.1662199507405863,-0.09868402406394503,-0.07937123842960889,-0.288863115469375,-0.23241984009131603,-0.1026019954765971,
-0.31397883312425223,-0.15778036853962266,0.004930625705406519,-0.39678563441920744,-0.32653784070630815,-0.1514271050456319,-0.12869676884997175,-0.20301580585043955,-0.1067777979685401,-0.3645868232597755,-0.16692560823552544,-0.12832701521966905,
0.5173739012649837,0.4932994781592252,0.3532767978412648,0.3926588213508193,0.12344643868521726,0.246297715270851,0.5387255952317337,0.6187929723347656,0.3693276239186626,0.3715983593992058,0.47973545100798126,0.32536784499789045,
-0.060480060684658325,-0.1765342047950152,-0.13267890775312163,-0.4053350747039542,-0.09735279376021008,-0.07478816005296719,-0.00973545086305118,-0.12006803149872464,-0.2825300871747738,-0.12853364726702238,-0.11361344223071759,-0.18718971131912085,
0.3081893617436115,0.39992707520686044,0.27263688189789015,0.19971566035868582,0.44728542139522687,0.47714540528399857,0.37089447200061676,0.4182117662647754,0.483076484296591,0.3810013656340916,0.4679448946526364,0.5032888069430959,
-0.1438262160716392,-0.2338682561005508,-0.20998211027273397,-0.04082868769963119,-0.15440466858026475,-0.12817827056862596,-0.2954562521974887,-0.3827597273756827,-0.059797200931963286,-0.029083553678350183,-0.11689168419189068,-0.31736263749149635,
-0.05456404936722711,-0.16448883719986476,-0.2568025789183138,0.0548149343844213,-0.22011086449217362,-0.3117789670736111,-0.1719384080336236,-0.28141312111803324,-0.2893822122984872,-0.31783616147121435,-0.09848885301688812,-0.21314734266687035,
-0.12334625235422975,-0.10332044695154044,-0.23239013683805373,-0.32800512133044585,-0.1722846533066269,-0.21782451014525536,-0.17044088610297112,0.01009766559721132,-0.2982243095802872,-0.322510538314942,-0.3733298784524991,-0.14520307771028323,
-0.2514939385299994,-0.06721429053230618,-0.15798869130989113,0.029386252484719055,0.010413406098538748,-0.12643417191445575,-0.40367294078869737,-0.3098576762449242,-0.2459511387047617,0.04330072638786349,-0.29093764270142686,-0.2548201070534533,
