# Pesos da Rede Treinada TxH=  0.9999999999999999 TxOut=0.060000000000000005
12,15,12
12,15
-0.5355293298892706,-0.20937350403564572,-0.1689199931546578,0.10209122467333309,-0.6124828147129965,-0.3591665575113422,-0.6194571339071152,-0.47430729733010973,-0.5422950601127504,-0.6402079709277761,1.7800679405801798,-0.4770703614705526,-0.21304486717987794,-0.2579164122432136,-0.4869592358898246,
1.2542601149428014,1.1356122943286053,0.8121655730349496,-0.4313022981046767,1.0466647382471006,1.3679058097113461,0.860878447103994,1.1782917425663284,1.2298265484908686,0.7520308242807084,-0.11266194260670778,0.7747654593465313,1.0154279778128816,1.1512157603702113,1.1378477957312085,
1.6038176077723505,1.18272377211394,1.285328374754213,-0.5563485403949409,1.4246276135482459,1.2710239988895662,1.5038039216585333,1.5421149593269226,1.3072898738987122,1.4049084753998835,-0.5396599878792676,1.525533583083958,1.5489065762955057,1.217784927738757,1.469314486810649,
0.11425211908020688,0.28892463057574136,0.3540598330111358,-0.06045952496051854,0.12238514734966281,0.10924810493673304,-0.24218131438350224,0.07915766536001666,0.21803807914543308,-0.1853953109103014,1.6894005132823207,0.14031694751480758,0.23589978550912916,0.07136278116807844,0.3060270478457964,
-0.37247933142025846,-0.04393182747912048,-0.02677081085600953,0.36595293962261455,-0.23606481749859165,-0.10287593682959073,-0.31866262883886115,0.06914836072696791,-0.23329464040202494,-0.5640031668930566,2.003172035413146,0.01294437260402918,0.021171706441333815,-0.034808466303011584,-0.031174432187398324,
-0.6678941015540265,-0.5047170391675861,-0.4748367972502788,-0.6430571541024157,-0.4972427566714435,-0.5503873756598228,-0.9260369180595237,-0.6622865035959319,-0.6608578992110468,-0.7593115621071781,1.7642903990563983,-0.3800620230100649,-0.4971925132023192,-0.743971234919471,-0.6752573395286295,
-1.1669735202631055,-1.644347477196444,-1.4527226786248664,0.16001497352946883,-1.3573785216293965,-1.483290997686466,-1.6334876680123405,-1.2711388562791797,-1.537725375672568,-1.869885591644672,3.1591191232467364,-1.522491294066564,-1.3973306460755819,-1.3543027702538468,-1.2165575925727568,
-0.3799926097621639,-0.31711587844744304,-0.22013088555163898,-0.7497835555168164,-0.008729181445485087,-0.38820097417984206,-0.43124504529358054,-0.47520605958277257,-0.05913276606261356,-0.5608473169645638,1.3971710437634273,-0.28045646922991013,-0.23134241501079983,-0.19600857182965034,-0.2515029198192385,
-1.3469203077442988,-1.2654391132990719,-1.4561408403996576,-0.6136338382540879,-1.2963314694415329,-1.356673141047118,-1.18882017443276,-1.3389635562205204,-1.1690841972362707,-1.592007451238027,2.108728588934106,-1.0937112074752877,-1.4865170081636634,-1.075502789892125,-1.3816906941552298,
-1.2362013228970667,-1.0894734862155946,-1.3013866976094168,-0.732513194689443,-1.101269104400874,-1.157921443835089,-1.44688258670233,-1.1341170733089765,-1.3393858799967953,-1.4021093858912448,2.5663148135675775,-1.3666323630016075,-1.215702059692005,-1.1853181423800006,-1.1938906678095917,
-0.9432478812397288,-1.1174234120998636,-1.160651093333497,-0.6177160798228282,-1.1743294768715755,-0.9358975266328919,-1.3506158083019626,-1.0814451723875251,-1.280124065748182,-1.5234389110795712,2.320371049358963,-0.9928102733556033,-1.186479024791449,-1.3242585350225136,-1.1504354232249328,
-0.9564491476695341,-1.093299796458459,-0.6256094284097344,-0.860712518661736,-0.8386970882284149,-0.7466002199768373,-0.952618332790535,-0.8763862681864184,-0.5805699371657702,-0.9222703826883475,1.8388596592656674,-0.9032946419225283,-0.9933689846405586,-0.9472054071893349,-0.9333270657708151,
15,12
-0.07934649508405815,-0.1839418135373135,-0.22779843662462673,-0.021262707251452784,-0.2534993178448021,-0.25159729672764686,-0.18593613580991802,-0.12510005159187673,-0.06776629613232447,-0.15610918765101287,-0.17437713766061616,-0.2981683409755734,
-0.1873159830446925,0.0014428178286589703,-0.2709404106185538,-0.27869255900529954,-0.2259930508995823,-0.323911453304938,-0.269993275748315,-0.007108759096865669,-0.1852989010337054,-0.11674446640789418,-0.12008355556692221,-0.11692945702900127,
-0.24784164005195647,-0.22790112099335091,0.00431489293174077,-0.11152541521232343,-0.2556907018504012,-0.13331805681488032,-0.16974310866130587,-0.2663351061538271,-0.15767354110286239,-0.29422099299435406,-0.04383087252774002,-0.17627964528104983,
-0.12503275626344199,-0.2690646002920996,-0.31356728457324207,-0.24972592615475409,-0.2597300237542617,-0.09927263154223788,-0.0769830334490643,-0.03203407959836296,-0.06635625775251881,0.03468281386594071,-0.07249995037856355,-0.10676840185438792,
-0.1872282416852218,-0.12494522976894668,-0.22754462199020542,-0.03300588884477463,-0.18610822176900044,-0.1941587322422251,-0.3086214318240959,-0.29698482071561344,-0.07646874001115739,-0.11094455380996116,-0.11483637150902538,-0.14892162303659115,
-0.15252847430250363,-0.008471918685186468,-0.16772358981791702,-0.14723297669747698,-0.1222362335832933,-0.029846417061278194,0.059835393937065606,-0.3316394441417432,-0.29222179258721215,-0.2489618668943666,-0.22558058771271552,-0.27276250740788144,
-0.21022900520948462,-0.3068774362124358,0.05801254232365215,-0.2406055080368768,-0.11961466513191649,-0.027082246005989935,-0.08993550027802517,-0.22341550094881707,-0.03842167187168728,-0.23871554240649964,-0.30045065837792573,-0.17144017611227438,
-0.10655051941378156,-0.1544848643743472,-0.25434049162000444,-0.2763686720336356,-0.0882514781089007,-7.141188623961236E-5,-0.32804556555397785,0.03450612106785097,-0.2629961335680601,-0.06570677146782798,-0.3953031675279962,-0.19544766187012844,
-0.06719215029322874,-0.184679270578063,-0.03104375051978181,-0.280666030384624,-0.09146380945375006,-0.05807987633149135,-0.2939894867879136,-0.2056116491461522,-0.1514952815969628,-0.3183780840199294,-0.18401739612299597,-0.10111399071184608,
-0.06896901539374962,-0.11492883014671032,-0.2571189574177322,-0.3054075817935442,-0.16640555539424648,-0.114957611990526,-0.04180543755146887,-0.20922181678037002,-0.4262467510414341,-0.01746397605357575,4.4318944720762654E-4,-0.2348381227628755,
0.7680248882871212,0.6566410506060532,0.7602355042952937,0.7044090168250327,0.7887280401466663,0.7709371176998757,0.7966224503558867,0.8000599972827724,0.7868520741090262,0.8393803111061144,0.817923994169075,0.800081380766321,
-0.18654266071301226,0.00863098072965211,-0.04346517812952472,-0.16265353460245305,-0.144471849771225,-0.3712903501049718,-0.20617500605732794,-0.1991187174639286,-0.07155018992127123,-0.07784432105157446,-0.26688111361883776,-0.25779806075936984,
-0.2920261641519705,0.011908841128679817,-0.030608980870478794,-0.033313546654092564,-0.22566675316370188,-0.14843448156621408,-0.18485929781480526,-0.08929152044403123,-0.31101707261706524,-0.3370369078071988,-0.3235032425554221,-0.02545760995650169,
-0.23498815091164021,-0.32056496575943255,-0.26788142130543685,-0.06353164004490378,-0.024595720367373706,-0.1872808077186504,-0.08330748059591564,-0.26135778660307935,-0.10719121927805639,-0.3122795511674617,0.015391925353006644,-0.17793138775560943,
-0.15898027432595233,-0.12268514085368391,-0.1891196124139461,0.012872424522621618,-0.17322862678959075,-0.26052254200175073,-0.11729722987536838,-0.22757571670366766,-0.24724554137163887,-0.2229724303593986,-0.22243862281972313,-0.10436237415455667,
