# Pesos da Rede Treinada TxH=  0.6 TxOut=0.08
12,22,12
12,22
-0.5519167595984876,-0.626335527846066,-0.795616123158678,-0.5282998635094813,-0.7373519805703799,-0.4949452998600468,-0.8099849870248224,0.07506222661382239,-0.7022250968407221,-0.6172779299428645,-0.5333128612816682,-0.5673186249179785,-0.7198909660786015,-0.5242725045898803,1.4499820334052425,-0.715844325963982,-0.7295254531172963,-0.7559767347925617,-0.8294205299085774,-0.6460202907735608,-0.8032673422366357,-0.5092222630733179,
-0.44064109083016556,-0.19184360675577525,0.016109022208176525,-0.44230632205185827,-0.1929191799826334,-0.2225233071215747,-0.28887627973045626,-0.7572547350243349,-0.21548343694876138,-0.3970949200502316,-0.3915030809430747,-0.4178763893508597,-0.4358338763735913,-0.26493090039880124,0.3819765333968328,-0.05533000743956977,-0.40131551490464473,-0.39144710512333314,-0.18070316098254222,-0.255347745640011,-0.23151235545307722,-0.0894794771312408,
-0.03358652415638084,-0.24094490254301948,-0.18138385865206805,-0.2688009721109626,-0.010110182292825615,0.031168883957421643,-0.04566032468649761,-0.8873978533249164,-0.2416370214996711,-0.2335558435296433,-0.196827687667507,-0.22577143096132066,-0.11054198968511823,-0.24175950338405958,-0.04149977823061295,-0.3080641274834696,-0.3896739969710919,-0.3989832267195814,0.1161835829677433,-0.21629993828471705,-0.2819557226106233,-0.13667141970506605,
-0.5103327147459038,-0.6854406378904497,-0.6126804346101261,-0.48550710015903775,-0.6512769244229502,-0.503713296205071,-0.2818171998253865,-0.3517427443325032,-0.3362296589451479,-0.3454607381458207,-0.630210947590155,-0.487237713358241,-0.22924448172441844,-0.38682140347582866,0.9170889273514974,-0.27832071366658506,-0.4245465845334013,-0.5480201591054811,-0.6311668855697176,-0.4672388775320425,-0.6645321866806866,-0.49165494759131856,
-0.6774789950445383,-0.5193669588788955,-0.7473968764137165,-0.7342585014323937,-0.49029707072439144,-0.6549125810482539,-0.44507557278165777,-0.3232700825746309,-0.41747838379163965,-0.6725847322737288,-0.3469342310801171,-0.5003353006325902,-0.6616035087108056,-0.49779717834630727,1.4472567784629853,-0.6898060693135488,-0.5690026446627814,-0.49982275764116463,-0.560451685420686,-0.6125466305114087,-0.5222076578129238,-0.7184153348379035,
-0.5726935107124699,-0.43837747760144724,-0.6020729488305555,-0.8953872562828926,-0.5172581804485747,-0.7384637512045253,-0.6717885385820451,-0.537279387304324,-0.4475986319641526,-0.7306582547112422,-0.7430198948801153,-0.7404158573513009,-0.5856256742003365,-0.6822777283049428,1.2921552660675901,-0.6080818277553081,-0.5988268506639329,-0.4986407097850203,-0.7189100658196478,-0.5843228725887152,-0.47969801678491847,-0.6431832068373821,
-0.5792765574302114,-0.7174503298644075,-0.9136261619028851,-0.7572855177001204,-0.8995555244134555,-0.9747104372822938,-0.9344515721185874,-0.3618947647489699,-0.7142198738014947,-0.7803337541794196,-0.8658348931643042,-0.7572559466774131,-0.497516081426854,-0.8730094003774045,1.7550285509225931,-0.7072296063085245,-0.552619873831083,-0.9598235648385299,-0.6818678714793498,-0.7423764093438123,-0.7451434206849251,-0.754867337547221,
-0.4802519992332499,-0.5302342654288202,-0.5535719557889663,-0.3835580219210515,-0.5204730490316906,-0.34104543884420924,-0.5019077120776808,-0.6475828938495642,-0.6973780799449107,-0.3886746789339665,-0.2592804517241909,-0.4596053118736699,-0.6509285724954984,-0.7693648387870999,0.670368383404621,-0.6405749159660672,-0.5200035730728222,-0.2831740923911532,-0.5840334635664215,-0.45421368284750707,-0.361025633769737,-0.44023105150510133,
-0.5802896318396054,-0.7612527875832253,-0.8584346580272427,-0.4803187754407071,-0.5352731617594167,-0.5222254691624317,-0.44788810802706486,-0.7191943872290484,-0.7105637521556828,-0.7629817901019859,-0.6785549152710295,-0.6304715043968709,-0.7786912711013196,-0.6398691019648576,1.3300735317281904,-0.5059272273902644,-0.551311578373304,-0.5402168339379823,-0.8608640932585215,-0.8233878215462015,-0.6794705521894631,-0.8591270542197283,
-0.6299477842481751,-0.7254473647336809,-0.46589374442287584,-0.7128902241787475,-0.8926010708044262,-0.7325033137289407,-0.934971777272728,-0.7014252864686238,-0.5635739900328843,-0.48230899871828514,-0.7993666524737112,-0.7289216128481018,-0.6201915399657549,-0.5400541783198227,1.379945488549394,-0.6749769683991368,-0.5000344471959369,-0.5990561298138767,-0.798485013846232,-0.5407539683305318,-0.7600424587212015,-0.6803974375269835,
-0.7327372996900512,-0.665369801175741,-0.645939593975026,-0.6582845142428465,-0.6574576060586151,-0.8638812212389071,-0.5630995160323328,-0.2859289727279593,-0.5810623596317505,-0.9055734586885167,-0.5651037562106681,-0.6134258780097688,-0.7018226967849559,-0.7420393976261894,1.3451032720716118,-0.8773890887694015,-0.5564884311242202,-0.849574546187704,-0.773447278972077,-0.763692876276011,-0.9060552312676601,-0.8189357217330864,
-0.8437941639489975,-0.5229688958688988,-0.6248494062056631,-0.5379885060781304,-0.7700602779173135,-0.6459393425396576,-0.7501925448201768,-0.42454696901754607,-0.8169075680979462,-0.4239904202712632,-0.7433884262568395,-0.701099688376928,-0.7370381305618267,-0.618566607741042,1.0503283499603908,-0.7701392002261109,-0.8302926150636954,-0.7264453410784982,-0.39404416501572287,-0.6345277007497858,-0.47379109449660384,-0.5122597711502319,
22,12
0.006241015638552703,-0.3754554707529425,-0.06993164280141548,0.0025046992640551345,-0.15433324842102925,-0.2117451073466262,-0.08836323867567863,-0.32555630285481135,-0.06816700241557268,0.0451976885763494,-0.1967885959395029,-0.05395329349805131,
-0.12331663776789158,8.950459765728502E-4,-0.05014041651715997,0.005752303961566064,-0.23032285965887003,-0.15181049678833,-0.026501552429264552,0.02146738610484302,-0.3106133776156712,-0.013082727076886047,-0.3166374990413392,-0.13038202057184337,
0.026910992850334842,-0.06731754114023304,-0.16877814288575357,-0.07629689116453384,-0.057743921930905634,-0.3782512146715674,-0.11365692218794787,-0.2588392999038293,-0.09348712694203704,-0.24610777779633392,0.011700630079859152,-0.26842615296201716,
0.010904826228795886,-0.24046399669821011,-0.18562046138739333,-0.1464474399641464,-0.26680735168669467,-0.033170656249075794,-0.04256179663966326,-0.1873288730521991,-0.22617161463845634,-0.1909447645256058,0.06761709398961065,-0.23102964284527672,
-0.05739851769198205,-0.016269152021740722,-0.12960958724568855,0.16018683091270916,-0.26967655818153535,-0.33873277320637585,-0.011033114949443427,-0.18536909415853492,-0.30088573434930693,-0.22065266636532224,-0.020350130829005282,-0.1519942590341164,
-0.37598606232032333,-0.2750354182818777,0.1525288513317355,-0.14372041547813502,-0.06123275348883544,-0.16083071213587988,-0.08399128815773314,-0.18139389726680918,-0.13015217572331378,-0.10467117478164317,-0.08992833221910103,-0.1113413870571628,
-0.24102637308767802,-0.146084566716593,-0.22621591411221365,-0.1786687240862098,0.0810103375714775,0.04105466180968953,-0.4083002502974056,-0.007004079670126142,-0.05227226474344696,0.07186729773966193,-0.4052459921133408,-0.09420141922954675,
-0.1044900052367835,-0.028852074198431887,-0.061494000402505695,-0.14353867099490028,-0.12520295197630013,-0.02047723992263257,0.0024210973942723904,0.011534957778088916,0.10383215658413764,0.10395070025921534,0.11718250255158572,0.04117748619748335,
-0.04354370918768437,-0.19147566308359473,-0.24663855377287972,-0.19095224947592274,-0.27501110670094475,-0.08799771594083171,-0.05646181063636384,-0.09090951142741563,-0.02975214545831322,0.05666013718377655,-0.14801941016539735,-0.21572543366088334,
-0.12285451999316457,-0.24653758252903638,0.1332076551978654,0.08301073404720323,0.07072181637599588,-0.3125111494996863,-0.09827381423349144,-0.11263295198564414,-0.146811229659495,-0.23087434092158127,-0.1271227696071474,-0.2290859697687525,
-0.0250431094087597,0.12357033000335235,-0.14760767701125085,-0.24678518893437845,-0.04153477474617647,-0.18285495838356183,-0.28965228392850756,-0.21869140679908652,0.007453699248198097,0.053585216235996,-0.35481407504326656,-0.1894754806277972,
-0.23217789560844357,-0.026141383819490684,-0.09324081229590846,-0.30500138835341073,-0.14805232950523348,-0.04076842363973171,-0.24626787078698972,-0.15825308307821054,-0.031142862669827187,-0.3307138608302118,0.04254213859946398,-0.13205741812105254,
-0.1521010622519606,-0.06012010435248582,-0.21446500012189199,0.025445621000387122,-0.027016894887656167,0.06411707747352842,0.023967855746404393,-0.006129446405041837,-0.4276571127759134,-0.01008241497619147,-0.29433598640918923,-0.28633421363931805,
-0.15537307446980095,-0.08617383028844794,-0.05130800695094458,-0.29167858340588504,-0.32412314446592466,-0.07008319450784062,-0.19939486167839887,-0.21864118592200452,-0.08488913684015807,-0.23131832457063875,-0.10651750729959686,0.09661394055810522,
0.6945080893674139,0.6391376059574981,0.7017151492373745,0.6770621419564042,0.7224670908701895,0.7168448429127886,0.733187002013093,0.7623630477297734,0.764007688855929,0.8124264145110558,0.7779017287196495,0.7711881984787063,
-0.15885163550236422,-0.23078414230526711,-0.13933366395534622,-0.025428600547157856,0.025974383390605545,-0.044301371090402206,-0.12347047013237564,-0.11414738079882938,-0.1837592492552086,-0.28060573380342785,-0.10927483265315022,-0.20244731303134522,
-0.09327703931015588,-0.17302703353707638,-0.3029575569586646,-0.26458376711937803,-0.03976110970305175,-0.14307074670871772,-0.0730207985157213,-0.14142573092497054,-0.10958568121436164,-0.32029532553322515,0.04545760025405032,0.06183493334261784,
-0.26838041482073227,-0.23760534011610918,-0.22573547987232143,-0.13911352442349514,0.012925581447477952,0.12091533292122449,-0.220175082100197,-0.373012630389192,-0.1674952683459476,0.09182452796099227,-0.3014345313825349,-0.06224415303768345,
-0.3563173433885536,-0.04011493817061782,-0.14413301597127268,-0.05401815901054579,-0.2306638495832485,0.007908289677230746,-0.21181493398126133,-0.034369180575086714,-0.26926033167868546,-0.2773676769661137,-0.0656672473381093,-0.018884556177952764,
-0.015634816213309317,0.16898966235631924,-0.18556643557224894,-0.2793583824986145,0.06788230183549994,-0.34115556359689303,0.02655653715365786,0.01627926970985698,-0.08345423261247852,-0.38932676746924044,-0.15165372734914154,-0.27090309257137857,
-0.16817036826929257,-0.21406962854220615,-0.11311221618112872,-0.016155137698150683,-0.3816636801425775,-0.1216304398378022,-0.08927277643369146,-0.033626826956432466,-0.17156613134514642,-0.13751348778615635,-0.045327258185456326,-0.22017440436719826,
0.1124012459753663,0.11173049960990726,0.018860460516953215,-0.05998646806016913,-0.136438832702204,-0.09808763972749433,-0.2992773461822638,-0.14148794919605626,-0.03164611912902266,-0.3544322256558325,-0.3485357164609493,-0.07721465734999917,
