# Pesos da Rede Treinada TxH=  0.30000000000000004 TxOut=0.08
12,27,12
12,27
-0.12453835598073727,-0.24165160960164014,-0.27515311329543446,-0.5245811287273603,-0.39837763423430006,-0.32731143204312896,-0.143320584563053,-0.19192908210068133,-0.792016664476833,-0.5622579477216623,-0.7075638491191025,-0.048196913111568866,-0.4542676986157892,-0.030698356059256693,-0.4061737518290574,-0.33617634453341133,-0.0743601546783578,-0.4742461814209438,-0.41985510027461737,-0.31574161165766884,-0.30673134960682985,-0.09138040075113596,-0.9045678536122201,-0.004482689156024098,-0.1698894519623537,-0.6826155812898664,0.23387686672397615,
0.3559256745079119,0.1759552536910872,-0.09534699173314615,-0.7442101121072523,0.4362417884069475,-0.09650438719419371,0.0932315422895274,0.28779626201902264,-0.35172542275424235,-0.8810686093328158,-0.4956522905826455,-0.05065348155160469,-0.047240933923774577,0.151305628558488,-0.6121738838181505,0.16564588894080226,0.21515276764642804,-0.19027655082479228,0.030350899009551326,0.08879192733354577,0.11810317130280995,0.11840617546910191,-0.4579271064691636,0.22737632553475243,0.16272989978842298,-0.6117953518909012,-1.6353987646420873,
0.2383487830938635,0.4660531432089048,0.29378010430918194,-0.8112276174865114,0.4255940072849798,0.31250842381100924,0.167900215176636,-0.03553954909288262,-0.6756086054263984,-0.8961730309764012,-0.5106962402549157,0.171368628419423,0.022341992087289642,-0.007522611349262606,-0.6140628372355359,0.3759661768697111,0.1960070476783265,-0.15440651576308798,0.4621487325239055,0.25679390688571363,0.25670653802845933,-0.12526287107123735,-0.6286704571688273,0.1301027941540524,0.34018209400282257,-0.783926606152324,-1.4798334122961738,
0.21999510053413823,0.05886069312008916,0.12317556748912338,-0.8761783484479205,0.12778068242764445,0.1429947042473799,0.16643408602822052,0.3217003219763418,-0.8251965958934684,-0.5035056318599729,-0.48835929393856126,0.1832604851044115,0.018930526812980186,0.20457995983320987,-0.9295052352871761,0.3959536495827168,-0.2296279456567497,0.057740845262022986,0.11103878690160902,0.133406058375836,0.23669140615678863,0.057435408540566925,-0.7108522855376965,0.2206837946802334,0.11543806391955373,-0.7721306056548021,-1.2323990526595212,
0.14553003484481575,0.3465880916248391,-0.18751079399311282,-0.6413142468618586,0.00113882605950661,-0.20704855283603274,-0.060610257370968715,0.1483535306953867,-0.7107651937181596,-0.49853007247362485,-0.6031953832806372,-0.17080293470814797,-0.2997248556000573,-0.03174202114453577,-0.8215669899223629,0.0701175165112771,-0.023480762632096634,-0.14387510108346319,0.011652733978730465,0.0571965286386115,0.06679471794987628,-0.16933137762512818,-0.5672309311244115,-0.12813384319249552,0.03976759322332518,-0.7805722905063995,-0.8359743495624135,
-0.22146706577303354,-0.4074396573503425,-0.526393100551335,-0.5617576139801719,-0.4186707664224277,-0.14788614562029387,-0.43557534663297587,-0.36334804263610404,-0.7626888793943066,-0.6124991926728156,-0.6009854474346443,-0.47363973315756885,-0.28854202352802755,-0.5722740287002119,-0.5066170403391067,-0.38826298562784745,-0.45971690861270875,-0.3485947686162323,-0.5129015628896215,-0.2401506923347079,-0.5325977427303507,-0.46640416155928227,-0.7532327673764616,-0.49904545822823904,-0.4207630492621968,-0.7212725457352045,0.6898936505363263,
-0.7695847261480704,-0.39202677590052587,-0.32264844159048145,-0.6519801033895272,-0.5874940628572587,-0.6212041661744464,-0.3967983009329686,-0.6686210082680719,-0.753522327945421,-0.7030193471965691,-0.6868048917073235,-0.6491309718064193,-0.49833254439159475,-0.5281879189669095,-0.6356444750418568,-0.32030952443034005,-0.5988523344922839,-0.5524542475296846,-0.35122164041284304,-0.3983321896469948,-0.37783297857987436,-0.4063549714312403,-0.7608485448948777,-0.5761354944125041,-0.6486665718921847,-0.8153278030409163,1.0586672407560918,
-0.3142919622810779,-0.3334934921078602,-0.21517664587983582,-0.7502659772853433,-0.24176498198039262,-0.3776661257779287,-0.1551556949883175,-0.19679986436675342,-0.6337573890604757,-0.7349402914956555,-0.8177799483695519,-0.30716120764323274,-0.27625796364335103,-0.021077999316064563,-0.9208898653720243,-0.3089056615481424,-0.19668286904655988,-0.469225280632542,-0.3404311619091803,-0.27869387629662845,-0.5058457665491638,-0.07965552484139668,-0.5606908094738103,-0.3174451355355446,-0.36471615830451426,-0.6330397625815339,0.5178860131026267,
-0.7505572213507902,-0.5881574461363263,-0.7479245758774667,-0.4779594886251004,-0.37446680844798963,-0.6456565295901836,-0.7617191242600224,-0.614388417813791,-0.6997772695682275,-0.5925567510202701,-0.640858647318515,-0.24089821776097595,-0.3699491942233251,-0.5511738691151925,-0.7070970867504054,-0.7018411688558308,-0.5486023386688703,-0.197252003720158,-0.4255905602561748,-0.7221949173841749,-0.5253025558258166,-0.6197877483375919,-0.8340480717299885,-0.7560913884348053,-0.5187884948054318,-0.5708185958145999,1.526204075541423,
-0.40137892463612856,-0.7054235845112977,-0.5300484836437149,-0.8713135515593396,-0.6572143752628872,-0.36589642015603263,-0.3695364452626126,-0.6126022088319019,-0.799714247097651,-0.8929426493825594,-0.42721978900518803,-0.7069598324589182,-0.49684610478909735,-0.540188066041336,-0.5945987706564111,-0.740472673997483,-0.4156245927041833,-0.212925795584141,-0.4798180046694508,-0.3420401406988277,-0.6888799491185517,-0.48933306503208596,-0.6328673485576731,-0.5360747573537856,-0.39807354580660304,-0.5598845781119403,1.662196990493478,
-0.6065666341590308,-0.7029429710184701,-0.26621879788815717,-0.6962846732221475,-0.7685530083692623,-0.6747757725969966,-0.6222349977730184,-0.5585974258843013,-0.6593533786475096,-0.8121815553198101,-0.6324344826430005,-0.34586715613540686,-0.5096725309617806,-0.5854251621201698,-0.613738340659139,-0.46223884756223554,-0.5950433191258081,-0.5732030672786833,-0.5053474805324961,-0.695241100973778,-0.42844142437490795,-0.5763804804300715,-0.6309672073333042,-0.5688160119619494,-0.6383950916071955,-0.7292716648761371,1.423124427696512,
-0.7511987530378086,-0.5644575072624131,-0.4015587694626977,-0.5455694747374041,-0.40251848446997374,-0.18230931921502636,-0.5857434178134034,-0.4063081334016408,-0.5352372875738163,-0.46975981150854507,-0.7174527097918745,-0.5876097000361397,-0.2563111151084252,-0.5273752132179474,-0.5178713819576197,-0.5735549374427421,-0.4278022489339162,-0.3962794183238846,-0.5797235421749656,-0.6264970483656951,-0.34454252390517504,-0.3684096922793815,-0.6116825930883066,-0.15797543420228388,-0.5432779872412727,-0.5597963934066695,1.3229623881113635,
27,12
-0.030084924113268324,-0.04045706455983588,0.07924134739928736,-0.04712902295922958,0.0014739970878971413,-0.3435815935334592,-0.2998321810257123,-0.27830285479575806,0.010397698231762644,-0.31583927598290573,-0.3132897960337215,-0.025754700226206677,
0.12312961968008987,-0.3094814254215368,-0.23333672571081845,0.04419997083222528,0.0039510511267815155,-0.31285484685516357,0.05390702235434616,-0.2761296109526217,-0.27168881156727714,-0.20298214696278408,-0.031054505003790655,-0.3074025865570422,
-0.21860578513988793,-0.3264064425467263,0.0739775201587333,-0.2840842935064287,-0.06546580279900097,0.11312518915095576,-0.30726481892479307,-0.15771692139707394,-0.14086173625752293,0.14538465534542877,-0.27557531578951844,-0.06677266396788872,
0.3948487730202039,0.3291440702595429,0.14174199626854725,0.24824653199677407,0.4156832732568054,0.419660703780208,0.4380697712451218,0.5233951254723607,0.6164847834132237,0.2541263501277798,0.45955632689145365,0.363691161276332,
-0.31179102138378395,0.07162749237825934,-0.26367139060365063,-0.2549240866185996,0.13906077427604954,-0.09328794239564088,-0.24096501128891487,-0.19425869219672462,-0.12658461981947453,-0.16583857755119893,-0.1480853235114737,-0.19196649670631097,
-0.2813842019689242,-0.015381723133381592,-0.18224919455657765,-0.15041517067441923,-0.1650199530027918,-0.2085190922813117,-0.2027856107927985,-0.009469012229151055,0.0952169419225009,-0.018488610298934362,-0.26810771409038603,-0.1252474785657501,
0.05250820155285817,-0.2550421343205921,-0.03241618495712246,-0.16804767176740432,0.10740580528774887,-0.19917489668054156,-0.11564470751944755,0.07437775551204942,-0.35292698971091907,-0.32312114803531977,-0.17922213833993036,-0.06498155344908102,
-0.1908373252107242,-0.10239067782633922,-0.24989032989813018,-0.04571213720063321,-0.13054403612598514,0.07262590319500078,-0.17892275925498258,-0.05235905523841465,-0.23095419659790636,-0.261405293154248,-0.26777899903907665,0.06207001329363561,
0.4290117136576504,0.06381730983815677,0.2513306665346612,0.09686405716302894,0.3187074678105894,0.4631164866776199,0.20763472828425014,0.2998727982875285,0.32301213796803163,0.4940826772471738,0.42417722781456785,0.5302925531678273,
0.3407598232466339,0.3077978075655773,0.3237008603699634,0.2155910546704422,0.40126454410396867,0.5562966312071955,0.32107227774187286,0.4917461919812496,0.3433997013771017,0.5517636687954353,0.38998688266812687,0.661640037584769,
0.21890402153440408,-0.08350432136698777,0.12665985779782116,0.19814345164325065,0.1320233767770352,0.1635712336400618,0.292679410522391,0.16363928629279412,0.29651440858909445,0.0759886520882741,0.28338473122655,0.015680378468540094,
-0.3100448500452429,0.08285383465311384,-0.053243191226424263,-0.10484749223720813,-0.24438040379541595,-0.3401128591388951,-0.028055170308096216,0.0547576542805557,0.03545009842526189,-0.13215110716833767,-0.2172868055080584,-0.12509198615699002,
-0.0848634806010298,0.002677429270052237,0.001625866931009755,0.019696194866988384,0.07002066631316169,0.09124545943857944,-0.12231109868068589,-0.28793961223367687,-0.06538873962979333,0.013622799521435025,-0.28350262878770166,-0.33392500769236466,
-0.32583213638217307,-0.27917108665874685,0.02063005226642036,-0.2706590024328541,-0.20562115706625875,-0.20852495226950937,-0.1574731388900104,-0.037650028437694064,-0.1016444595213696,-0.007499612040217429,-0.06287208499096172,-0.11267744060521692,
0.5218247193147466,0.35280388956534947,0.5205040905832317,0.43417361311631764,0.45845370018295534,0.4094329573834799,0.5283780939109457,0.6312281221481196,0.6278381822120076,0.6322476987070661,0.6495873659339731,0.49480618968302614,
-0.18947789330432263,0.09979123455037026,-0.1799893793120144,-0.11710367973487067,-0.3117494761315589,-0.18778041386387698,0.13273848082760203,-0.2723676882875795,-0.39160993640260033,-0.11826082657388752,-0.11198669406415694,-0.06743462270879218,
0.05109107081565056,-0.08478681377399862,-0.07295246529752202,-0.12211634174602513,-0.14831579627599004,-0.010240583735175087,-0.17726452631770145,-0.021499441568072597,-0.25835470567658453,-0.15177977176437735,-0.14637547661878214,-0.1630302452056826,
-0.090982525221127,0.09156341618893693,0.062109070508458625,-0.17737405595451317,0.03575439923752421,-0.10505770242170563,-0.0852648612528134,0.06172272104319428,-0.2706618832769166,-0.25276378965852536,0.010338050249663612,-0.04241569267859193,
-0.03721082260015128,-0.2421431531634481,-0.15106852468873788,-0.020373949598684837,-0.3613772308160487,0.06411469824271039,-0.30014231474679043,-0.33748848506195,-0.1462442202890961,0.023218239131518735,-0.16906635428510985,0.07020161563047132,
-0.06807501544577504,-0.07777915203236499,0.019337158394996314,-0.3040519020849114,-0.08983865875244237,-0.10011744188431655,-0.36293177949067695,-0.2843701222723581,-0.0580390049887147,-0.03442670612747552,0.035099409953063695,-0.27229185788868204,
-0.1238998709349435,0.06510521509620826,-0.23882314236368493,-0.024227726857314905,-0.254055767555575,-0.24457537966318646,0.08637234768083181,-0.05746549613069387,-0.07870969714944251,-0.2983346644596364,-0.05664119849418345,-0.33793697054827926,
-0.030894613493696804,-0.10816637251300695,-0.10298842282661386,0.04467163066482305,-0.2108223647415835,-0.10961388852424432,-0.28738528570061495,-0.051735942959533605,-0.08651636771807263,-0.21516693544987764,0.0687135478911695,-0.2063203861780327,
0.2974202436575709,0.331058724420484,0.06937512267359809,0.3235709047717365,0.040788413376962554,0.06921842173105669,0.42301065566502005,0.25188317568007074,0.23200418196834174,0.508986588515277,0.24315287443849123,0.2823760466432668,
-0.044462156095524646,-0.32263505681242455,-0.30591202957199337,-0.10127909856595874,-0.26873575033130553,-0.20806378283777016,0.058165063765547885,-0.07026493167898237,-0.10191562698700847,-0.1989277004314896,-0.034854794696429055,-0.1778738271672296,
-0.2590886409117173,-0.07557728806555525,-0.1497579134516843,0.04829156242424049,-0.030923225570580692,-0.11322379926561724,-0.02356618983428859,-0.3087221208353131,-0.010677832185059058,-0.2080368602529439,-0.26961504550139687,-0.03170025874768235,
0.10715970080618482,0.34879555584121524,0.27174830487093193,0.3423534008748691,0.1466471611416118,0.49879424320588245,0.4547466467525174,0.18363982324178674,0.18401653210312124,0.3583631822264371,0.45164430953756973,0.3058508963530304,
0.991145086014612,0.8499941978932983,0.9372682531614024,0.9167144306311402,0.9803231072379085,1.010402391189822,1.028995684979216,1.0613328960347905,1.0480723616581218,1.102760522473522,1.083983424571516,1.0546642836669895,
