# Pesos da Rede Treinada TxH=  0.30000000000000004 TxOut=0.09999999999999999
12,15,12
12,15
-0.6599070876528452,-0.49459640359320356,-0.2675908841541471,-0.4297051346627681,-0.598166953073349,-0.2575781713923371,-0.541710041141176,-0.5050644161786046,-0.6706930626733033,-0.43389760412592077,-0.3778912395215734,-0.6620254340601345,-0.5414676711849944,-0.6339740116083961,0.43971221152736306,
0.2275124090196516,-0.09283207206420663,-0.10757851622040608,-0.3524016386949343,-0.0019150944458537324,-0.3428740782034619,-0.03356982577958772,-0.5623191098375576,0.12886648104316611,0.04830178698160815,-0.1718385819551379,-0.13068134137950432,-0.6004977106462095,0.09115267717093208,-0.31826448295823606,
0.13228982272635129,0.10082165091117584,-0.0998491158416425,-0.06536711655152747,0.0872590560730605,-0.3803511592466327,0.007669289676161569,-0.30078119824147215,-0.33631197249809947,-0.22829864057703605,-0.2130013470331319,0.18122896951155754,-0.5124447931807437,-0.1183623365301924,-0.23403097956226018,
-0.34396356537079625,-0.3228338788686188,-0.2433411447467262,-0.2268887053525531,-0.34641081935773377,-0.2578845365858815,-0.3927208269145117,-0.49718571751449625,-0.20171342529516767,-0.350823538616527,-0.14115472115789487,-0.09468463519315565,-0.6514999850555834,-0.10459209475316039,0.2112639257464159,
-0.28414645256075144,-0.06077201620168504,-0.34550850092376323,-0.3103080082410202,-0.04487219653164231,-0.3499172412783492,-0.29983615940768965,-0.31568817322252285,-0.5731271706306815,-0.23891527605718085,-0.16443299772837625,-0.09554945729696475,-0.7755259118331385,-0.09713433894228359,0.1988491076204597,
-0.6371930376600069,-0.6508287820689572,-0.5798910612426849,-0.45735451431290625,-0.30365418676225114,-0.4435951430370623,-0.5843162048614914,-0.312380052635797,-0.6936720609181597,-0.6456539236977862,-0.36638229579056003,-0.6037346536074457,-0.6297948779215018,-0.44801499276925644,0.45352563070611224,
-0.5686036797918179,-0.5482858253901107,-0.4820241060726503,-0.7756971841700705,-0.7417221349045703,-0.6964653463179808,-0.4453250046141095,-0.49091109458561855,-0.31128412539689493,-0.634632746987591,-0.318009543605607,-0.6945606330788733,-0.35785847435930385,-0.7242086071786927,0.9240247449007477,
-0.4480682664624808,-0.18259032834106487,-0.2821182486994577,-0.29831298391706595,-0.09742559941613385,-0.21761221497577182,-0.5281069385783581,-0.4725043386313589,-0.10571333587247946,-0.4741928491153678,-0.46213882302048825,-0.4773628511443147,-0.6306059849309439,-0.2862715271381759,0.35678073320300807,
-0.2735789636013898,-0.5794126266229219,-0.4538525340171643,-0.30612698082113954,-0.5664523302945706,-0.3210825264719513,-0.539671434320964,-0.4631616032510066,-0.5271261650328607,-0.343675441297099,-0.3631445134478892,-0.22548249835305803,-0.4362356412257169,-0.21773284515792451,0.7818240584194412,
-0.56609541281547,-0.5383509303846794,-0.5486002648622431,-0.3130177563355767,-0.5450136269940379,-0.4044763959176295,-0.3635586326081335,-0.7683859502663588,-0.5602760994956424,-0.4630177162023357,-0.42767258964843163,-0.5571647041858071,-0.4214636348057377,-0.5111679059373625,0.6061756403417885,
-0.5635264370146023,-0.6431658733541662,-0.6597215926483757,-0.6189209256271699,-0.6525561546949731,-0.6403186615989693,-0.4262497681636027,-0.3104382156548579,-0.3757511470987921,-0.44440679784479725,-0.7675466752941913,-0.61590688961043,-0.5135527275578542,-0.6544729542657107,0.6554583127508546,
-0.3706785966864045,-0.3363430199538159,-0.40343140910999026,-0.46361622590626694,-0.5036589733693241,-0.5810722970502403,-0.5455562130597078,-0.603283283780767,-0.29152835128937754,-0.31344778358805914,-0.7184387979115757,-0.3323198951753841,-0.43975935836242386,-0.5825372798973515,0.6096795231587917,
15,12
0.09764310896799958,-0.12927637812252182,-0.16517917614259658,-0.2635713671093775,0.04504676269221481,-0.024717315662119568,-0.40157994927278107,-0.35927236296791004,-0.1453350390477355,-0.10850287010613646,-0.31903249152088686,-0.09855693117813319,
-0.2874163174669128,0.1724142091952786,-0.21489581584287828,0.14845458218161972,0.03791453777998887,-0.18346484124624768,-0.42159239580497265,-0.3533926339285191,-0.1764258433362716,-0.14882642620742076,0.0032127277755181808,-0.06342029985771895,
-0.1109295294181264,-0.32633367063840607,-0.21823889297511012,-0.29666962157132815,-0.18349636468421707,-0.028018515357000617,-0.2704584103049276,-0.07971102163333667,-0.07770236873054101,-0.14892635393028417,-0.08215177759293019,-0.3191616865670914,
-0.08247821601850508,-0.24765592622519486,0.09694041515570809,-0.02920190740905185,0.1630778048782746,-0.24992508415254597,-0.26010193748169513,0.08466960225169193,-0.15046610853488815,-0.2409893727190838,-0.14239191188286227,-0.14539414055244151,
-0.29982780862882386,0.0820838379712234,-0.07272039973391325,0.21948823420694755,-0.11516421681609756,-0.2181362264783871,-0.11906179036369233,-0.24894191377895444,-0.3284673264629609,-0.2719706193895458,0.030188601626220737,-0.08841800683565733,
-0.018624899565117207,0.016360279033523106,-0.010319496179148867,-0.37122589167206804,-0.04785822582538066,-0.08020646898799505,-0.0855802687699083,-0.06920918563048281,0.030248806715892102,-0.1127358270225333,-0.10794687530954614,-0.1162607814252778,
0.023591359293634952,0.047278805675919106,0.027143989425345533,0.056122027950717614,-0.12868144811432686,0.0315323429602221,0.04239325403445174,-0.0574163198140256,-0.3159487245176391,0.021052941044556496,-0.3794428988899582,-0.3485502829316279,
-0.2685919590401956,-0.265434778457465,-0.32166687279441586,-0.07846625308907422,-0.1327187567148029,0.04579867555063359,-0.035583547159722416,0.13910138635612698,0.22574846249517622,-0.029383377075399158,0.1243263060856607,0.10176266341078768,
-0.2834448862789318,-0.2707851118929258,-0.02976487570731519,-0.21816033837695953,-0.34116868859023564,0.004383080979959668,0.055940577328727606,-0.20983821602958724,-0.26936117763520406,0.1215633002908818,-0.05400533361294882,-0.2991602840866863,
0.08044664211708397,-0.2223698384805712,-0.05703579466093309,2.63948983720168E-4,-0.1554211551600056,-0.24533466464401602,0.007819553111616369,0.07748715833868891,-0.11224515892333475,-0.3334542186189671,-0.2814886462475812,-0.08829671346296741,
0.06244062087453542,-0.029754968916552087,-0.09387746167391559,-0.09057918264194192,-0.26981042544959605,-0.20876094590330463,-0.14179369535163244,-0.2554869860561671,-0.04350018386431194,0.03942877890505984,-0.18657238796025194,-0.13541299082700065,
-0.20215392768017992,0.1297695041178843,-0.2055576979557101,-0.1976561256070568,0.05646721708188574,-0.18481493365640198,-0.03342054564549949,-0.19259743961657957,-0.33254139755930695,-0.3242868858631487,-0.4004535931445031,0.15025915403157836,
0.007595498793292261,-0.07554498944026539,-0.13977872056430088,-0.22497023209042621,-0.2456463486558433,-0.014587591904583589,0.06818052060171492,-0.00970942260729515,0.15320685544944676,0.21298470969676736,0.26844793425772284,0.14297898119722197,
-0.28692368993589706,-0.26788618136913667,-0.12542949484313515,-0.16278533726490543,-0.27745405956945685,-0.13347442878136245,0.03135226550343342,-0.0891608729141376,-0.02208623818496553,-0.3270487713491273,-0.055563216221486536,-0.26875104640942915,
0.7882124067609205,0.6879413943211398,0.7664382998876196,0.7418861306345034,0.7884791778912627,0.790786375391236,0.8168501374579485,0.8571094709984781,0.8504308774822821,0.8828189624257843,0.8592350897436275,0.8534412836091116,
