# Pesos da Rede Treinada TxH=  0.30000000000000004 TxOut=0.04
12,15,12
12,15
-0.11509284916523597,0.036736611843851005,-0.46619772602179554,-0.14654688827061677,-0.4267089068350172,-0.4628824364803666,-0.20539032886984893,-0.15727894138641152,0.2884381095217631,-0.3648421161927529,-0.1069053313553461,-0.4225167032271937,-0.35432183546995627,-0.21225963467042325,0.1658092398717892,
0.3985745128655387,-1.0299806608759716,-0.5306271282233791,0.6613096748290443,0.45852479464068013,0.24684173467656068,0.35882631814436855,0.1796625008576609,-0.9650310871657576,0.9185132945919158,0.7610504429259317,0.39317885841148775,0.5297571144618421,-0.156383078529451,-0.8680953792074758,
0.5682187903081111,-1.0460003184008153,-0.6145904577782912,0.9408264388219849,0.7311795128185818,0.4242430049713393,0.3392282172538383,0.37059429441389224,-1.1588243549308808,0.9556607646400742,0.7146549792269408,0.54888082855134,0.7712032537307549,-0.292645146901886,-1.0036238069983532,
0.12117182955753737,-0.7515639440148638,-0.7637124214939355,0.4838613475978194,0.26967255180248223,0.4438727189190078,0.0926605123294963,0.057889852434476,-0.6200122720876822,0.1666733316180476,0.08033484634021011,0.4146560333950848,0.32573677495627434,0.08633424192672431,-0.847574310621874,
-0.030908864408693837,-0.4277410010239234,-0.6039020810632477,0.0017335341797908837,0.21792166304090316,0.24518623259251396,-0.1713376722645547,-0.13622096110974558,-0.44803863886960477,-0.04874541515349412,0.013235631069843113,0.028959631513299233,0.08114469357882659,-0.23143306348906248,-0.1597412002067578,
-0.3366276451336017,0.5107551034836204,-0.5336298597065946,-0.37432641261363886,-0.6733283414303333,-0.25887844567354107,-0.7039676778427889,-0.4686153948379588,0.5349630318163019,-0.39386250562619013,-0.648858739035857,-0.588810031448917,-0.6124969654716357,-0.18880057029507238,0.5596972492986806,
-0.8989240225733949,0.9913847279981687,-0.2745382107059913,-0.980539730850297,-0.8857146437978051,-0.6528834140509276,-0.8291558407360902,-0.8713330167230255,0.987045605502301,-0.8129008194834693,-0.9360098856371057,-0.6151518907029697,-0.6864070397383858,-0.4050130202890459,0.48968487932149696,
-0.4772603231724729,0.32371549076629463,-0.28448593659392035,-0.530390627010757,-0.4841730057970698,-0.48510543560454655,-0.47932817545726675,-0.12392045581200528,0.22003447695991013,-0.5115229888108979,-0.32855530925629295,-0.4935799729247638,-0.35906014915757856,-0.4954292596537965,0.018335095712169153,
-1.0508574545724705,1.0594945578122303,-0.20556010790308513,-1.1264716586206223,-0.6647443199662714,-0.885217187871367,-0.7103400830080832,-0.9198664215577466,1.2423405234354585,-1.166416455369495,-0.8939666574381893,-0.8003745422253846,-0.9804438308787685,-0.35251325314143145,0.9790941676881727,
-0.7648771899625715,1.2169220634424978,-0.47377528362882254,-0.8231165184857328,-0.6220868191080511,-0.5873753619022065,-0.6220305755705081,-0.6495468440830595,0.8687839879960682,-1.0618319460165797,-0.94074595209481,-0.7570803380059589,-0.7975491749404577,-0.7095863373446523,1.0611221562019753,
-0.720619800506528,1.1397127956635793,-0.17694017663313616,-0.9186881153730755,-0.8740194650908054,-1.0008065567837392,-0.7537702632027808,-0.7637501746234546,1.0480515347155273,-0.923139145857119,-0.6002410342108628,-0.6535879391557432,-0.9037026534016495,-0.38666598660239243,1.1037405445004547,
-0.6434868550747934,0.4532177672030289,-0.27871544284851946,-0.9049503507628098,-0.7879411794878549,-0.7457091781099939,-0.3801485034048948,-0.3987481256827811,0.5787033975319162,-0.7717298238013545,-0.8290577165254298,-0.6937811819314773,-0.6291921481650185,-0.7140819387324778,0.39067526613251136,
15,12
-0.10418361815502335,-0.13885425822362726,0.10894510306972476,-0.1904193049535158,-0.3210757669420397,-0.329246866658208,-0.021922821243463175,-0.2653064525603284,-0.04394622358934051,-0.26951542580745946,-0.06281382467852967,-0.04251105058016155,
0.41821516362052547,0.3333325399801176,0.490455790508411,0.0640073562112407,0.4226176655535581,0.45939264242748556,0.501813101168336,0.2648724703199018,0.2350475184075487,0.29007759206390066,0.4292618411061568,0.20663124878377795,
-0.09675364819651669,-0.12629722043633956,0.18433296977745856,-0.1339293591318562,0.014824400393747007,0.06622573351210792,-0.14932177016339993,0.21306437833875613,0.023399144546832982,0.24465447204297178,0.04829772686580335,0.2675054265202631,
-0.13966453156743244,-0.24497956005291802,-0.02600254494752368,-0.04647301394441453,-0.14930259254465714,-0.20469906931545478,0.019386813698765555,-0.23515603353468192,-0.2787693489609356,-0.09447162095156549,-0.21026576848944153,-0.3186032649291801,
-0.13306234558106808,0.10653728636856824,-0.2549994023136663,0.006432015150545541,-0.1749807468560602,-0.1917784113272332,-0.04287636497046753,-0.22463894813502422,-0.22371383650025903,-0.11816805378352226,-0.2549254944610294,0.04568898460326863,
-0.14481392252928155,0.09293957916638804,-0.1457568626319516,-0.0259055031460594,-0.07310162725522173,-0.18347451980972054,-0.05291608795245134,-0.25741223878953773,-0.29802833936923656,0.04064554361228153,-0.11892324951269867,-0.20357377746866842,
-0.18268438681256619,-0.28006383952604386,-0.35012111720728184,-0.2340852560964713,-0.04399124975645617,-0.1405282522441967,-0.1952795647287038,0.07298359645759965,0.04808845662488145,-0.3267243463073938,0.07060171109934112,0.00510245861609592,
-0.37054035471267893,-0.054105765564063844,-0.12061493065949154,-0.27473134938042515,-0.10095066662128867,0.05576276800048889,-0.15544408701112417,-0.2522539168770094,-0.0988492947624066,-0.017466602792275156,0.023336497072270496,0.08897747369369556,
0.27016859341469884,0.2806761067352946,0.24817976768424976,0.5294811195488378,0.2532011952003228,0.20072165097763994,0.07234205517112964,0.4878625232988921,0.3852309665444357,0.5139155809026459,0.26022165470849584,0.6234547665416358,
-0.1734545372158736,-0.13042057870963278,-0.21231426500325065,-0.0648993209653678,-0.044530887148771583,-0.17163044719900467,-0.1991248390553381,-0.054167743437557606,-0.24653101430458227,-0.33449168873273205,-0.21192095381710352,-0.2836338042150899,
-0.06997498994180743,0.024907645798595834,-0.07051026797619316,-0.34979172948419635,-0.14341962280701234,-0.07341672003079322,-0.4103914070351207,0.07154343563718986,-0.074955733465529,-0.1729758777354838,-0.20841819467063988,-0.19833809966427063,
0.09813892877678104,0.014759598007312668,-0.219523708432088,0.07148381972132725,0.04107420084057759,-0.025698539993370507,0.04160246265858498,-0.033103123396727496,-0.280957927230052,-0.3525076705494004,-0.3351468404740753,-0.1285956131461875,
-0.07486498972629825,-0.2746980924249226,-0.10701216998546345,-0.04121971748564564,-0.014672390248269261,0.026295995963058306,-0.1963095850255227,-0.18271824250103277,-0.012574950400335905,-0.10225874739286007,-0.19379534221981862,-0.3351407578998499,
0.08588877618324871,-0.1354345830966337,-0.0516393229007452,0.04294435039405778,-0.299796588826148,-0.08802511652283358,0.03252607356206712,-0.21517624670586694,0.1316256596053056,0.08874962947979267,0.07690345141453585,-0.23508786544258367,
0.18103778278700802,0.15698147994535377,0.14745041083571106,0.2486308284335494,0.22729322155772028,0.22063824057440667,0.3265792839063123,0.20057443757988283,0.3164345612199573,0.1677459093597355,0.26465334391147677,0.12554923466377854,
