# Pesos da Rede Treinada TxH=  0.9999999999999999 TxOut=0.09999999999999999
12,13,12
12,13
-1.1558676038797746,-1.1012109677650406,-0.8839236602598818,-1.4967424555914113,-1.1094644758918866,-1.6804480030034075,-1.0176190634047915,-1.0410706793789484,2.0324436534808683,-1.297389359086556,-1.2777668648503349,-1.0111746111724687,1.6524633501602566,
-0.6792045091235048,-0.26759903447345573,-0.0918015806915658,-0.5746358978065538,-0.4296360987817828,-0.7428740811636239,-0.43555718950832917,-0.06836930375573691,0.41148964928778675,-0.5837184098311998,-0.3637812023353687,0.044073380805936285,0.08056990157745912,
-0.8831309908872764,-0.10910862021266717,-0.3669132342325443,-0.35947908209460505,-0.10437872439181765,-0.28489590831172323,-0.0898809374512708,-0.10480172784818435,0.22537930749304674,-0.016386370505195657,-0.32241441789398284,-0.01043606459228478,-0.06992269559085218,
-1.3383620882005096,-0.8254105495075089,-0.7784631813164715,-1.4937512880299617,-1.3004199725439007,-1.2958468025042273,-1.2142092717682902,-0.7001981827385585,1.7897782251742567,-1.2225935324582073,-1.139627718337708,-0.8312788228720195,1.1558668644364174,
-1.4820575816823087,-0.917201997763526,-1.1188955811787986,-1.5398248463613635,-1.1407187687094524,-1.7364350516609197,-1.3859112889834502,-1.0934228064926816,2.0678301974834294,-1.5660435029010722,-1.339363211710716,-0.6912477134299296,1.6092161904592504,
-0.5457278201929053,-0.7033354441098562,-0.7366638763099105,-0.6934713766554531,-0.7224674514497689,-0.703920065827537,-0.4705933745008866,-0.5779965294230079,0.6574265646108489,-0.609834659229989,-0.5598143041849926,-0.5805235288054496,0.30265133667729954,
-0.5524925253849514,-0.9581112267699431,-0.6888856212171625,-1.0093202820111762,-0.7510538380547446,-0.815561273068401,-0.7747578704538964,-0.607108511738363,0.945050932906071,-0.882669357611968,-0.5583225764855206,-0.9618894059994819,0.7177786582315895,
-0.21241778287317295,-0.15793141760925178,0.20947605635662275,0.22121542659767185,0.198564261966988,0.27954764863979836,-0.03574896188953449,-0.07222224615628409,-0.6821613166575557,0.325285723176879,0.13525443743660992,-0.09175705076282091,-0.826908350988699,
0.3103915855734459,-0.054784992689750955,-0.29698575261346627,0.5174023537684884,0.14210326885708552,0.40815327092864967,0.05775159250214755,-0.21887807117266567,-0.689633096992757,0.2635970413257336,0.05023860180798802,-0.3435800662112831,-0.9024459905489851,
0.068927350209565,0.0052524053683300955,-0.3791633390483641,0.21259719770574217,-0.2969983528011079,0.06964738342775117,-0.123377434942214,-0.23734361310076182,-0.6609077892143158,0.11158541352868397,-0.17647838096361548,-0.5362864599513547,-0.5701045566294689,
0.0335596619656472,-0.23182393595444384,-0.2548634774651423,-0.09155146151211078,-0.18235465755142802,0.17542525712830648,-0.2992499936677727,-0.5173759943115255,-0.14719955539498805,-0.1657343327227678,-0.1294021203217705,-0.2370021850140058,-0.3550455419699311,
0.16613459008713835,-0.29860310424172093,-0.4160180137582624,0.13329570398407736,-0.06949001051426973,0.05692898884835748,-0.06357218015962045,-0.3705997372043652,-0.5207262668844582,-0.3442356389371696,-0.30736600155336435,-0.33598984234617346,-0.403539641913794,
13,12
-0.5372065637227929,-0.41532160383600186,-0.4506453057183995,-0.4926037195376031,-0.5823273963859468,-0.35101219940018813,-0.4149082497161874,-0.3646696111995008,-0.19160227930534954,-0.2491226228302053,-0.2725378014640462,-0.3478594943243228,
-0.3573497314813261,-0.17717353930302443,-0.13577493164190169,-0.003515540527834968,-0.1861898095368074,-0.07948159588869248,-0.39574214039140887,-0.1992828878143236,-0.1464099460438059,-0.23644054647822504,-0.3354115126724757,-0.2901858202375923,
-0.2490536142065901,-0.2542106072907487,-0.19523565677796,-0.5761324310316404,-0.20966207394680933,-0.24440993452550036,-0.4169564520967253,-0.19692367310380707,-0.40767839646411425,-0.3388002241262861,-0.1620375302288435,-0.26041698428679605,
-0.3563266535723703,-0.38218716033207695,-0.3227842387144998,-0.38361301969016354,-0.14495098922818017,-0.20048283773795353,-0.41069697517289433,-0.3296729986534271,-0.42528136154759844,-0.5360628063984376,-0.3935694822986204,-0.24538534037890614,
-0.36083234859068164,0.12660619674289494,-0.21867600596648934,-0.18641070392437553,-0.22999391014508408,-0.2082578746897004,-0.2084114557534127,-0.22652271471245336,-0.13980336801345472,-0.40244226130055066,-0.419038952117458,-0.320852458069482,
-0.45308168436466806,-0.3876543621320034,-0.3883762376388673,-0.41254326393171076,-0.2743662782852425,-0.39098868713839374,-0.23442075143889554,-0.4025224224549149,-0.2974740690004993,-0.4605132285674152,-0.44098536438214453,-0.4935464898752515,
-0.26517267730120625,-0.27604576773301726,-0.2775440906471763,-0.04895144842005806,-0.19014563393749817,-0.4467815092069341,-0.12922845060631066,-0.23593896266778117,-0.38081144373445613,-0.34349724041941243,-0.20288921161565257,-0.4519981446622247,
-0.09391677957650765,0.028156200388929995,-0.2268122919261935,-0.13404061980336163,-0.24709015584321964,-0.3823362660598926,-0.31966062436508724,-0.3840889053834093,-0.2585663383358987,-0.3521262365473387,-0.10692870893793045,-0.29647121393561465,
0.7000990689491534,0.6501007200675663,0.7478854860266808,0.7275761224050521,0.7620571854735801,0.667932537762088,0.6750311042373363,0.7058391415293931,0.6335578713779105,0.6787823002194288,0.6821126867905571,0.6793941145493466,
-0.14392504005220003,-0.18423955831564273,-0.1461174843828134,-0.22131336358759543,-0.4255616968451471,-0.47917437236904137,-0.3267538964236818,-0.32496449992163173,-0.621142489799904,-0.12647961730715213,-0.5510071533673547,-0.04454539009728914,
-0.36127788284097206,-0.4010830225234372,-0.2551768865504771,-0.3823844502141533,-0.4712897616276306,-0.11204551646812848,-0.4001462489429482,-0.42264494082490883,-0.22508334020712806,-0.18440672156313423,-0.2722358502820382,-0.38264383835177584,
-0.05808261973587521,-0.41046110743809344,-0.282296880565511,-0.082019770589474,-0.14272004879629788,-0.24386912903229804,-0.06377421147287426,-0.2865185533838099,-0.3700424936766631,-0.35567906308418723,-0.3130973607681796,-0.2607127664622243,
0.08849385674573644,0.04593974198359863,-0.012611358599877288,0.011697962973794298,0.030754494844702218,0.13010042151117093,0.1708705381542382,0.15421593076846316,0.2570073916431591,0.2347280663716343,0.18442015700345327,0.22418080656743186,
