# Pesos da Rede Treinada TxH=  0.7 TxOut=0.01
12,14,12
12,14
0.8621096616694943,-0.7480921143296262,-1.0139918438388467,0.6893673692664951,0.7036378790246836,0.6810318144922118,-1.016946034524633,-0.9632698878054308,1.0323643988612086,-0.6960558897102607,-0.6736730965753241,0.9195872618378661,0.8347571162309405,0.7423677719441438,
0.5403567844438929,-1.036225189803913,-0.7452429254053591,0.7170964181919438,0.47366851527519854,0.5284304767030266,-0.7872633588189737,-0.8587551296031698,0.6242448509528932,-0.9074398459481173,-0.7720891374976501,0.4294984131264237,0.3670472273404492,0.4518571432984041,
0.6474222034750499,-0.8016627653237063,-0.6674555691030422,0.3238487624935708,0.5007871743079547,0.36176825976581056,-0.8284726451920807,-0.9246899214201889,0.3177048542425537,-0.7870974673944776,-0.6264481567342173,0.23776521323378577,0.5639643449262459,0.29789704092317226,
0.5333964504161393,-0.718324049301311,-0.8328960132135398,0.545269452094127,0.687369650997576,0.9241145702614518,-0.8750414076819834,-0.8103368926626836,0.5102443218619841,-0.6675321704314542,-1.0366327487991776,0.7057641282183812,0.7983531563147794,0.4982123914201128,
0.32784389750441706,-0.8476772659375175,-0.6719661374866661,0.43317442567788705,0.4490049665076389,0.7854790958157429,-1.1845706479917488,-0.6262159387278956,0.6851070501951819,-0.7187905488957165,-0.9562622403742571,0.6895711937778934,0.462955871525678,0.7474424270063232,
0.2846096333800201,-0.0365844647526357,-0.25772391415959395,0.2620515255099536,0.2755335287496314,0.13381895854258025,0.11014071478117873,-0.19128651680351386,-0.1745132931273796,-0.1386118137779277,-0.1373333997207589,-0.17570387506702081,0.31270895246792996,0.1388643094232654,
0.32237604272019804,-0.2183657229919333,-0.3814001275673323,0.13797052102202623,0.1994316108197148,0.1702333370027184,-0.13061349711044232,-0.37652856291708575,0.21614290085485394,-0.16831716601209992,-0.29268118611862864,0.14062448810677475,0.14323895573482207,0.42560982989280666,
0.03595319276845154,-0.2760610635122419,-0.21411345543947854,0.4563378098912471,0.1578865206278565,0.18642232873404557,0.08888602856411436,-0.026987016973873307,0.12094209158066938,-0.13254907706858493,-0.16251213274145837,0.28905864354464644,0.2651282649270385,0.09448086711482935,
-0.02868224752106873,0.29410693750298583,0.024555564621590087,0.2690421782119654,0.18699401910240793,-0.10385430292893824,0.058431658584279636,0.18834617706386395,-0.03161461854589897,0.07681894642806969,0.3463576875676601,0.22295506721238784,0.06167438105357654,-0.09781006881811462,
0.04909387302373745,0.11184658490257368,0.04597243430393068,0.0033246857547975777,0.016512001744975673,0.07156000082164848,-0.09131982271823683,0.05689612833490257,0.3438688937078686,-0.09835542997587327,0.12659647445588934,0.3666343800438653,-0.062353333666173266,0.08389263356612643,
0.06244671863838927,-0.02763387308662181,0.2054639399484588,0.1855922352534209,0.24684569051891378,0.07890092588466008,0.009514765230502199,0.09245612852074747,0.2263722819582097,-0.22259942726456813,-0.042793866121581425,-0.0346160779927793,0.07108434818650167,0.40157516041985303,
0.15255346809808162,0.00563253419330198,0.2356026124406944,-0.2304250169971816,-0.13379812262932228,0.008376824396176246,0.3590980274768358,0.12118382042371464,-0.13011497506176029,0.20686400557880108,-0.05483565292856617,-0.06306787687307096,-0.01916274363727933,-0.0411730205632816,
14,12
0.24352037121693798,0.24699748496158833,0.09691932255309635,0.11160751035797581,-0.11000827538064441,0.2922630328801373,0.23520655158027184,0.22986960686368046,0.0562731569300458,0.04642949619063645,-0.09624601709605762,-0.006495653988741225,
-0.10516752532988266,-0.01605066588766161,-0.3485043555177526,-0.2995426492746747,-0.06086636133239159,-0.24189122371860813,-0.4015103371718767,-0.2135494240668031,-0.13174801788458484,-0.22264384281014993,-0.06648900300830013,-0.33879757134022026,
-0.0067242050500937785,-0.36365507221239524,0.09329051707747446,-0.23326542547389048,-0.1699373365903221,0.021956172486381362,-0.28471191628965137,-0.3764074173311084,-0.19590019090657496,-0.3308786294839076,-0.36824170919647675,-0.2217533809220331,
-0.1459382090636827,-0.07912680579544216,0.04302338262764278,0.28126030996049634,-0.03414295065644703,0.1356221359466426,0.1678527591140218,0.28927496725215474,0.1333596010693106,0.3211749582436738,0.2861419767676198,-0.09344762942602892,
-0.011042727631173924,0.09362353320741672,0.19470347948667338,-0.022976848599018364,0.17392265428885045,0.2594645597736732,0.1475149731007859,0.23222886656244202,0.03505974384730284,0.16839985389861553,-0.020336414196912574,0.020170117923659105,
0.29121404795673866,0.11041372646279443,0.09744988329145332,0.23159589092746963,0.3715809632509802,-0.0763647109279326,0.043728497027003294,-0.031114915980769556,0.07636129500069835,-0.004193874749367412,0.021464484642412705,0.23898630850003258,
-0.42191426384573477,-0.0667943986979694,-0.19029472291179228,-0.08276636272189478,-0.22983733740511625,-0.29259012352398545,-0.1184237616295094,-0.29526445923157246,-0.2609966812485331,-0.22484383241001968,-0.024426527990021693,-0.20211511103054644,
-0.2906126680152398,-0.16553932208510297,-0.40700199629032463,-0.36766873761480207,-0.3342351433586885,-0.3041585717948034,-0.008006628685173026,-0.12164372427622468,-0.1211904033089413,0.03118937877142636,-0.22788242412295698,-0.1471774967481311,
0.1219240768619028,-0.04497762724121633,0.010714983319676305,0.03135109277807977,0.02270612963617017,-0.021995694678934093,0.053574069469172404,0.1965150006651533,0.19966901226987124,0.2871989367054143,0.34731856909618003,0.04064551702012007,
-0.25859131757855763,-0.0658741971837903,-0.2956142145172369,-0.15799329696427386,-0.17360017530113084,-0.07541398628779959,-0.20486069951877228,-0.09104062342685647,-0.40038666096198156,-0.3593606700338981,-0.10824931659048094,-0.21663466926620623,
-0.10600649345773033,-0.382055457401521,0.004453036557537355,-0.057460601103831194,-0.2970563353512149,-0.24139607759675055,-0.259678887486932,-0.18022501442620228,-0.16746647144768395,-0.21527268954719372,-0.4311403888575393,-0.12289676952510448,
0.029909120566039844,0.22799374049920762,0.2604384468081542,-0.14317059742968063,0.15841495170840542,-0.10658594031810643,0.16756245056868319,3.5119166507988075E-5,0.16446890947837897,0.04207032623413061,0.2060747203802601,0.2908732991972599,
0.1525272774527625,0.24592713474895692,-0.02903280375571884,0.11854728538749712,0.29156344890199504,0.08239883044470395,-0.17403914536504003,0.16140064321784597,0.06425571182432659,0.038372855742439406,0.10490651518111813,0.27769055937006853,
0.1694799966763068,-0.03550436438369217,0.17014890382107972,0.23019985372993276,0.015018983847703787,0.28217366530149585,0.24724908430238934,-0.16313043180799147,0.17287635780308247,0.03952683504718934,0.05305602817573116,0.1458309078797474,
