# Pesos da Rede Treinada TxH=  0.7 TxOut=0.03
12,28,12
12,28
-0.551552736000719,-0.8114000894458783,-0.6549099081733373,-0.5553335389848211,-0.6446945496703388,0.08390685495684133,-0.5603763921873668,1.3819350508976254,-0.49561870243076833,-0.7333367681358914,-0.8333935628057476,-0.6326538535868045,1.1541620983822507,-0.6460494637311934,-0.6013581396502806,-0.7599315125765412,-0.6724542917596278,-0.6487861717888318,-0.6416768738848896,-0.664813977609076,-0.5009428843950583,0.06247462581992591,-0.6572634021603024,-0.4918431825106138,-0.6886889866857329,1.2238384493806553,-0.5736240630668694,1.227222242001514,
1.443419560329331,1.7061436891253934,1.2874406744994968,1.326723847480585,1.48926076964168,-0.6217647901948659,1.7507662509031248,-2.797880951893624,1.394744166575146,1.3890066500742413,1.7988966566163507,1.5898541054742117,-3.4864995560349454,1.4568266093853217,1.8660729826330944,1.68915209330611,1.7169884101823205,1.6777886965083597,1.5221506898591972,1.6185589529953617,1.6715471858074749,-0.8090386023157544,1.5802494236351292,1.1235185751064,0.18585842112003392,-3.193263733080763,1.1740167521163856,-2.728771312708453,
2.056139487717643,2.2198020315672027,1.859138179170156,1.2112831781409366,2.01450223386548,-0.4145139995521925,1.8063066840929005,-3.269051625561937,1.8218986120363398,1.6968571931200571,2.234871929258494,1.900423855760811,-3.710685045240727,2.162388660139161,1.8824040193412355,1.9673374659810507,1.6374145180884538,1.5233250624441341,2.104753295998112,1.9287097824485648,1.4615896302053162,-0.9098715655517785,1.4528863077507148,1.4236173095749591,0.6919154106654024,-3.5890978297343263,1.609827156391661,-3.3952983401715424,
0.17011484114874428,0.3308044923539639,0.727139354913782,0.571846536587914,0.21741569779307154,-0.23607433993801683,0.432756845397143,-1.0870792168176588,0.5433325782287477,0.29308277219812573,0.38824379156664257,0.15823119579259023,-0.8917102323549486,0.4046067232354354,0.46057998779381365,0.1985484648887562,0.19904288248220517,0.524020374395445,0.5610595406165791,0.3147152971696323,0.6922184417602284,-0.3836429397340745,0.6128327319128656,0.5187229005455926,0.11583211157532294,-0.895447148545367,0.37594464603264943,-0.8198010152076698,
-0.2304476353520049,-0.18977980065854066,0.04900714687469436,0.06462036639608787,-0.04027333541051659,-0.11818615318560402,-0.41983374171172655,0.04059090829192766,-0.4135565568039289,-0.5379976196055921,-0.17794265226747477,-0.23808514018408913,0.26344269773169393,-0.5475007143667234,-0.3518825019928067,-0.22442935961600835,-0.1169096500898633,0.07702571247198015,-0.23946073926054687,-0.22576218699053124,-0.2560865498051306,-0.22923833371413416,0.08084590839228996,0.05314763995397022,-0.4106999552524202,-0.046575250136092684,-0.01579696606936712,0.463036583017496,
-0.5934652993675686,-0.8130224338310562,-0.7393880437259958,-0.7489528068153368,-0.8725707331689584,-0.465552564681691,-0.7858328151552959,0.9385943867917936,-0.8766995709799251,-0.5979920607178869,-0.5410486436289688,-0.6789434492478795,1.2135711587386315,-0.7188994663919288,-0.9257654970161282,-0.6334648485679969,-0.6926113892277044,-0.8627144496121717,-0.6487346553552368,-0.8387748735212305,-0.5187959589191459,-0.11671635307623995,-0.8343631937532396,-0.34142612047630627,-0.33270122075853276,0.9535956385833381,-0.8374226267020464,1.0681207061298557,
-1.669385050957481,-1.768070019398859,-1.5762818078076648,-1.087332888865013,-1.555736219841406,-0.17863651897846608,-1.3485939538621396,2.314665903236023,-1.286847654621129,-1.6917272586884315,-1.5688296974039337,-1.5880919182707625,2.9279154174739324,-1.8013321271831297,-1.44287115442514,-1.7110307344829567,-1.3967284198098666,-1.2155125903262782,-1.7090765951558788,-1.367245231115323,-1.2497998107141477,0.2019776169892509,-1.5773076638903678,-1.0367157560705071,-0.7730982109263408,2.6400475652833966,-1.3238558599274708,2.293414813536301,
0.40965191805890555,0.5083233320828592,0.10526994986155815,0.2092198813864845,0.17281649684761596,-0.5870949987262547,0.2829016191894118,-0.7321261679537158,0.40225290947148307,0.48933628183190125,0.07949976549877306,0.5094880582571928,-1.0856955598763902,0.5066303514291962,0.21239931395227882,0.17352932167482224,0.34107916290631574,0.12814872863645502,0.16495879991822723,0.02198384873128256,-0.13909588753550656,-0.8495915362744418,0.34207149074315774,-0.10779016901100019,-0.07867205904592534,-1.0480047617242516,0.30388164465460965,-0.9516264163283509,
-1.116326267749076,-1.16023848797254,-1.168367634456173,-0.8254464551038293,-0.978738802710983,-0.3574156954007165,-1.127382311870441,1.529071219976964,-1.2537893068951094,-0.8739599866034813,-1.1111334999917004,-1.1825695576294337,1.7403947606367063,-1.0499207037953449,-0.9295291053364588,-0.8917046572842792,-1.0374196194817493,-0.8630081395012285,-1.115476341619764,-1.0220011045440682,-0.8316486495513098,-0.36357579463851714,-1.022474957068199,-1.1043361802806635,-0.41648346681043574,1.4341880666772364,-1.1038597685700278,1.2057975568482162,
-1.1406279994642512,-0.9886389221312536,-1.0561899761122218,-1.1186989849236373,-1.1776689847852249,-0.4793280547671313,-1.2588197819638285,1.1569426764543977,-0.8882616695718918,-0.802503065967262,-1.1809075482201115,-1.2483480464879582,1.6750212217154699,-0.7415521185287963,-1.090070956880005,-1.2200181326437514,-1.0168085986434323,-1.067684909153667,-1.0423003828173272,-1.0895889885212717,-0.8455769638180173,-0.3254686038705061,-1.0082877602797726,-1.0345775602631904,-0.45826318883046224,1.5296676685085426,-1.1603130921126432,1.2128614970864955,
-1.046366856326131,-1.100745045467172,-1.1582337344373892,-0.9890570059979765,-0.8452655165605828,-0.2875631391813913,-0.8770422759003006,1.2678708119142095,-0.9295029289726909,-0.7214621221416067,-1.1396175180061676,-0.9368953790306472,1.5407882994768003,-1.1976095907892246,-1.074501954533742,-0.784462738188537,-1.294582669573297,-1.2710834615943216,-1.017846037465263,-0.8970789593727121,-1.241421263394453,-0.051291640130770734,-0.9016875764855515,-0.9752355058484088,-0.4355682427369606,1.5875058445171457,-0.8338531971703426,1.2705593017284618,
-0.6690300140730648,-0.8078434423808385,-0.6972931362639601,-0.95432589105947,-0.659793373428809,-0.455469639300626,-0.7715653702529823,1.359939260292788,-1.0172681202051832,-0.987157076445229,-1.034490652895894,-0.6325956558603747,1.3253585778025803,-0.7581336030676192,-1.1057897976911808,-0.9088066028183717,-0.6645627163095492,-0.7731790247194272,-0.8440095782112848,-0.8058869639633974,-0.9985356583678036,-0.6873005283593165,-1.0952290826528435,-0.5480710804832065,-0.6147731972302031,1.3873680680182428,-0.7453021593259381,1.0302451486580742,
28,12
-0.1270825472386101,-0.1336800291428153,0.06408464973001848,-0.18688333938320584,-0.12382206098139148,-0.09597478870615885,-0.04396123747098393,0.04156782515852642,-0.01194586802726604,-0.23058942516451184,0.06567014772386738,-0.052892234630294147,
0.009953830093832704,0.014727488766195148,-0.018007596624700035,0.05011039707800419,-0.0908876517227638,0.08286134247012297,-0.18552413058038675,-0.22426191431549344,-0.09448509706558506,-0.06564090653707712,-0.0554366378640399,-0.10272897456285478,
-0.11253034256939047,0.11349951886798017,-0.0709573059587428,-0.17730840923927327,0.054493320461626124,0.05806686389328581,0.06517383079746734,-0.0713906831423325,-0.04250077667099811,-0.15388195980986194,-0.20268815312823685,-0.06381724091953737,
-0.20452035741671165,-0.09805428668846197,-7.837503119781813E-4,0.06058569184052854,0.10478423751897836,-0.051106967376281676,-0.12902921334162035,-0.034660947643613646,-0.13132923456965148,-0.14726592154386253,-0.040704712900349584,0.12295868358010843,
-0.07456964992427101,0.23712796298373853,-0.09735810160404042,-0.1211724814370456,0.046649324047476695,0.10908917838517122,-0.13208712712428855,-0.18674995943834583,-0.1226913000154655,-0.11555257208325144,0.04897250673986077,-0.18957065170420048,
-0.11461006596162966,-0.024413375040336603,-0.17609487698934057,0.03234155902727282,-0.21436288712338544,-0.06909039510384829,0.12460065784231536,0.008818878232726698,0.14730511902099128,-0.00715329746670592,0.24345759902475655,-0.2574041849846965,
-0.07612846745025635,-0.012072627400401636,-0.09445698650585711,0.00906183318099494,-0.07935358239778222,-0.0857457075537443,-0.06499924995040107,0.07671151498446187,-0.1341059791672272,-0.24090679033623447,-0.020498011630971546,0.029225050183152867,
0.22913680486521112,0.17743084878864138,0.25524314332696396,0.09960128806363602,0.20263029119475937,0.04884066802145866,0.25076997885103514,0.1785796327025809,0.1622253331573857,0.3413909859482298,0.36158514856945256,0.2670958506986594,
-0.048421170602195654,0.032199612771414365,0.06812040052504802,-0.17842027124310933,-0.16475404397271284,-0.15590051146723286,0.035504977683395195,-0.06298113158341057,-0.23542096466748816,0.003359364283955506,-0.11540921507883403,0.09222207084980599,
0.013986434848472023,-0.14927837666502727,-0.22510312259637122,-0.015510801245001048,-0.1741739133268944,0.17026317497395146,-0.2326511407299633,-0.006032098858199871,-0.04321007963041776,0.02660680570718292,-0.21205757941215245,-0.04986668440621142,
0.11448800827348092,-0.08145428860285236,-0.2764591576350956,0.07177879441621013,0.043044685840685534,-0.10854899275736427,-0.006984290956038824,-0.03650258086915341,-0.18405681020501025,-0.024231849741540513,-0.1835760097258783,-0.1063153292990175,
-0.23368277131724097,-0.07374363825869441,-0.22472621153933142,-0.030646258320188146,0.034424210940705254,-0.09708082613435447,0.10577734077683797,-0.21470468717730995,-0.0032536112535177823,-0.014398913021416439,-0.15442444536227704,0.06669724185596937,
0.26336320866159396,0.3413449178452766,0.24909323675155243,0.4220650288214942,0.3247714767899668,0.38580006107674136,0.27023518024045023,0.4104116599137262,0.1949949048275153,0.3992780672477333,0.29594841137116207,0.3833395382414301,
-0.15408666265655255,-0.1152997842773521,-0.10196139824361371,-0.09628777130044487,-0.1349479409367794,-0.05245312209075358,0.05422587782674496,0.012065349771155491,0.053092628716259194,-0.07775155498383163,-0.23348732852747095,-0.05532214315934326,
0.15454124688074825,-0.1058360886668952,-0.13021807221600548,-0.2360208183803845,0.09287040384276506,-0.20745088338207607,-0.10467053912047819,0.08357451790382538,-0.21769673277241489,-0.04540281067934493,0.04378013441554327,-0.18021799803770308,
0.055031156076324556,-0.23340046523375402,0.017673640234738806,0.0051016075181113535,-0.16446142458698662,-0.05345667753258486,-0.013163045988873485,0.023665284202772884,-0.07797538017839196,-0.2616627169707088,-0.0083776637253485,-0.08518454108560299,
-0.10922516648021324,-0.010272598014389163,0.07601843253900449,-0.043595636286635084,-0.13000742495341502,0.05947746670976581,-0.03390510000720378,-0.11881831984126998,-0.1907024554364726,0.007097968101341272,0.009024706673582239,-0.1817046105567322,
-0.12674934944409666,-0.03128006571295085,0.09376280796277112,0.18335958050733317,-0.02575395192865048,-0.21380229029157372,0.07119673487187768,-0.11319005557252268,-0.07943667406800153,-0.08519852384770485,-0.045569688166717096,-0.12381493170872229,
-0.07444715749987982,-0.06096562236958771,-0.00201671720594419,0.0023601208169674362,0.1312888517031373,-0.025500003120761183,-0.09615384781005576,-0.08564603415650791,-0.16173863901713434,-0.20993195390515473,0.02492797609988231,-0.06692639078153366,
-0.08439009471956853,-0.23690677757227163,0.01678451496016191,-0.0874353791746536,0.1877769528727354,-0.02319204822703585,-0.08991119981511866,-0.157223212989129,-0.005202004619401389,0.09767713597168792,-0.13828551378403842,-0.20828232633403276,
0.0762574400630727,0.042027605167417756,0.028194474066340992,0.16975239481486448,-0.13063922590013372,-0.23262168331169927,-0.08655497906611262,-0.14459036751699977,-0.05291106978521329,-0.040715832875965995,-0.0995583226768807,-0.034570341044243065,
-0.0977723804955768,-0.09139807184111257,-0.09879115955086147,-0.26781748137522055,-0.04033996677276632,0.018185425119606597,-0.007333001470236267,0.028253174806070234,0.020521094388935852,0.20081227724089945,-0.08847859776583838,0.21890016604038134,
0.0901918818505112,0.041733519382802994,0.09344363600957709,-0.07267439452132575,-0.12611723084320858,-0.007051463869339639,0.016443242425694757,-0.23057411731195354,-0.01835076015234613,-0.0677790656151462,-0.1560525790782038,-0.17211889657561055,
-0.2203041924182895,0.0638217538365481,0.12539086309713887,0.15286727166379296,-0.02937537888164947,-0.1031640892020873,-0.21865919896456093,0.16266336140484303,-0.05456546825308757,0.105168614931804,-0.1522322706732778,-0.1648669326914153,
-0.04912691146858809,-0.0021774670047525744,-0.17331473520335386,-0.17093098808813156,-0.21417658972946965,-0.08508052638460356,-0.28006950855746826,-0.056132983670221605,0.08488601984528545,0.06265611200704366,0.14491014656045975,0.045916957570795676,
0.23227334866630667,0.08111198402528694,0.07466022046854266,0.24672987522689072,0.27485523642398785,0.22151305909819907,0.19448772910119977,0.13764186879872084,0.3720084783803925,0.23398944841986904,0.29644792683650734,0.21005250917448362,
0.1675024587323514,-0.10725012061714818,-0.03138240574635283,0.0011385670712803489,0.05611000048666766,-0.0376524924749673,-0.1860283359534401,-0.18031656250464007,0.013933233762342278,-0.1750088052076557,-0.17944155734749678,0.08621092401881565,
0.20284891123174795,0.18634754260916803,0.2531274316591265,0.06247836450986349,0.09571497876070209,0.2775919975196105,0.2599503198779985,0.29012444814716776,0.33362763746252666,0.10655646043829015,0.102681789914208,0.1593914152072235,
