# Pesos da Rede Treinada TxH=  0.6 TxOut=0.09999999999999999
12,10,12
12,10
-0.5816095181245194,-0.1925606919748073,-0.24027910662040786,0.6555816515804921,-0.2722767049807159,-0.409800633559981,-0.48736794338884437,-0.3223430958308102,0.031951627371441096,-0.3885542647899773,
-0.28223604884301745,-0.5324219853571491,-0.252158531044096,0.2580212739608596,-0.34388220725370044,-0.6231902513930032,-0.10511191694383433,-0.47816017299160746,-0.12940851772898904,-0.3490848281918451,
-0.30832583994020524,-0.2627245169246447,-0.366187064744947,0.6144758201980922,-0.32969711102461063,-0.5423166822840627,-0.41897028839659145,-0.1934808625149397,0.17496313754691997,-0.3621270975649944,
-0.45016622358497244,-0.37763607186162906,-0.44572080055197505,0.3936129458740187,-0.5704860761557942,-0.23224281334175187,-0.4838133433509238,-0.35134629166575065,0.03895203879222119,-0.4035861188628346,
-0.5442241956452186,-0.2660188498276439,-0.6536511183190925,0.437399511029492,-0.3296500662190022,-0.5982006883290658,-0.22931471338720052,-0.6146362952059307,-0.1149539483610124,-0.4473334943345868,
-0.32082750429424445,-0.612294676513791,-0.5794862313585811,0.4267199195744253,-0.24467704619407826,-0.23756342487029428,-0.3484374901360729,-0.24993162615427023,-0.0864600654515127,-0.46795989966876683,
-0.626792476290913,-0.5458814236147239,-0.24994452584409343,0.4198179579409848,-0.4922343340932819,-0.4860627288789569,-0.6406177116742008,-0.4124893345212602,0.02772312292977193,-0.6659431560522062,
-0.26607714488114753,-0.6485548373647,-0.6217999784532962,0.16335813804239283,-0.19568609438158305,-0.38169090016257534,-0.3855617771487531,-0.5238625184389569,0.09801218167254057,-0.360562747742999,
-0.5544345080044991,-0.49515188092887197,-0.5791385058733457,0.3583913566788813,-0.2391219919282664,-0.6154412600260656,-0.1939499583498247,-0.6190333503711437,-0.05621804784678598,-0.3349815794456179,
-0.1862220534228888,-0.477354112507277,-0.32266676648148485,0.359701094206506,-0.7299533533592372,-0.5876733303740156,-0.6364319421982201,-0.2906228678935231,0.10207967428857884,-0.4349737800858699,
-0.2804613423891064,-0.3538219068685522,-0.6017334661151297,0.5880125615262256,-0.35025923794450686,-0.22475844593947159,-0.41950909494736327,-0.6755650076126065,0.16496259488256906,-0.29102700518388486,
-0.5681551300506132,-0.237628987517856,-0.2329973253259677,0.3754186586679478,-0.45464401002283766,-0.3458675712440084,-0.45278834199634127,-0.3627071794383435,0.019938757379976985,-0.579677198490361,
10,12
-0.3074133335073524,-0.3945531181434038,-0.12374980168396547,-0.19964975335962762,-0.2795645105894995,-0.32047717384006613,-0.10255392998379385,0.030847703290238594,-0.04488037984987078,-0.3235669847773404,-0.08919194721273165,-0.06503856121755781,
-0.11002534676767067,-0.3445942663778727,-0.38195501555947936,-0.17862965450772564,-0.3162818968257395,-0.15691509657165154,-0.43326328531553365,-0.05181077194672461,0.023168018851589717,0.08410479001049899,-0.3951782989961645,-0.24415403049355877,
-0.3997464449862903,-0.2312177417289592,-0.3610069112840272,-0.016036068149789223,-0.38556042557670317,-0.25048392332689107,-0.5547239702056951,-0.28055112074337657,-0.3730219738729626,-0.22443885752099507,-0.4341193103886482,-0.08649030457667865,
0.8165698879885691,0.6974976314847233,0.8533789180340811,0.5180126341080249,0.6915828336926296,0.7135233686677707,0.6634068721064856,0.7981014330841938,0.8493499699593078,0.8887867533375601,0.9044948077775957,0.8483919370667484,
-0.024509385158889542,-0.1023420977208569,-0.062224741712086765,-0.19768199604080472,-0.07994548917979137,-0.23459059408592045,-0.21675143882337358,-0.13972950465641593,0.02217299022740497,-0.15567340716112887,-0.18077319017115656,-0.16752791492750388,
-0.15836607068209033,-0.2753880223860447,-0.17021142649367627,-0.0011310898433199977,-0.31644523127356533,-0.11412048600689115,-0.34987672737603503,-0.3462470991614242,-0.3293910843525354,-0.26739954404619065,-0.4363910152806903,-0.3990028703540633,
-0.05335771414171327,-0.06906704144198188,-0.09937519838940528,-0.2946680622091537,-0.19025196807198197,0.025304862546274506,-0.20513990450036979,-0.3989178639577288,-0.3056991412588194,-0.03217005927787281,-0.08127465267865973,-0.20379762218004907,
-0.19242193688799095,-0.36411043869263576,-0.29413718543344386,-0.18060533053626845,-0.22642893847728596,-0.10439193970537089,-0.07172393489962287,-0.24275350466252393,-0.09869960420643933,-0.32376144566268494,-0.14086439605074347,-0.15214439013922626,
-0.07402879084531527,0.16991738437318085,0.008444929475028416,0.2370608784853835,0.08305841364773316,0.035722053989449554,0.12318725340976379,0.2245590767683965,-0.05507268079505218,0.11900696253259926,0.0686998432821485,0.15087397406190545,
-0.3707668384915952,-0.14355757781297673,-0.27859703582280476,-0.31212056512080694,-0.35421743553224916,-0.10428469685729211,-0.06820312790592199,0.046921199955392526,-0.13544061495469661,-0.3468587015534589,-0.21472228356456904,-0.23330466190686996,
