# Pesos da Rede Treinada TxH=  0.7999999999999999 TxOut=0.04
12,24,12
12,24
-0.6066521936846411,-0.8160080415624258,2.560290700603073,-0.8307462955290276,-0.5847964929764138,-0.8212237220444821,-0.8273527996567263,-0.20840455526454413,-0.6611361747103147,-0.6899160882068299,-0.35607781171465896,-0.28116050457673164,-0.9385900102968536,-0.7496701243425873,-0.8240359695526495,-0.7318783923146033,-0.8482383914794066,-0.9161712632381702,-0.7952534463819783,-0.6544753603756318,-0.6035608757471027,-0.7317701884242249,-0.8366632159167303,0.6155068540884006,
1.189243253734255,1.3907030223764871,0.6471216344458876,1.3522737375617186,1.452099879318134,1.7110008312611416,1.6166491424782437,-1.9731631522265811,1.4201695670801333,1.4005920968671484,1.5048001443358126,0.18833938054989696,1.1539061266434498,1.4655456678994592,1.6624201709327313,1.5954360798880522,1.80145808854002,1.2758578831126757,1.6345508555501713,1.8064409957449834,1.4535775697126352,1.5618533725761097,1.514968514682365,-3.8222629318341084,
1.3483209808956254,1.5299779969520684,0.3922188538135976,1.3865052675434901,1.5102812153410043,1.8966059094485428,1.8091490881196313,-1.9168100227917575,1.5851815654656107,1.6889323891399939,1.5648262325680742,0.11953195219672347,1.4054702598597364,2.07199784293478,1.4289053030882852,1.4723464488172338,1.895311725829452,1.58506194358433,1.7161859756023181,1.996574629653422,1.868234980822363,1.8477405329139927,1.7633229340357852,-4.400370748401924,
0.01241174038148083,0.48639384236973876,1.8772374577552602,0.2887070516172214,0.4252391660502898,0.5759523568122181,0.33868200836011414,-0.8921193455851396,0.2789733635535722,0.6110589207733823,0.7076856646130152,-0.12298645425729683,0.1592870024116979,0.6355745280075827,0.35644742605240815,0.5353722528186635,0.30353676878533126,0.24870773129236992,0.380114943653592,0.6599200617719523,0.2985941194746022,0.4385194934223533,0.21825054601303195,-1.524800449729986,
-0.5696704716174692,-0.1930481947477808,2.43490990917209,0.02129421011689458,-0.31843738896871593,-0.0838122875957975,0.001979502998117008,-0.7660594516528137,-0.005492346567297242,-0.33723556070029337,-0.17123922271305553,-0.2092478066707891,-0.21285659583396452,-0.3043189191648857,-0.4740446502194326,-0.18872754177588294,-0.06939054659733698,-0.49049230419843287,-0.3000458144983176,-0.05083898650156788,-0.05726864933227767,0.005635830733383035,-0.10768513352901016,-0.35148091753047234,
-0.575268703610085,-0.703814064826824,2.6103493147512222,-0.6235669225702819,-0.42371630116872405,-0.6517664700028023,-0.8638628499294041,-0.19985919975926575,-0.43883210117002397,-0.3851779256142169,-0.4225092074923352,-0.6844479891399501,-0.6416929118894805,-0.8850768251047216,-0.7200506904008973,-0.49537749582718477,-0.7931862676378323,-0.6495037418780853,-0.7839228870250619,-0.6472125482064393,-0.6192834117310609,-0.5373578630315587,-0.49452230993360796,0.8616452272759673,
-1.3590948801677667,-1.5871013688294278,3.257933925106593,-1.3681119769426129,-1.1483788625851286,-1.7093941679923188,-1.5013714276118353,0.03550096642786309,-1.640838583936813,-1.581607236915623,-1.2256842888986632,-0.6087518307137479,-1.4284954988610037,-1.6495454488132912,-1.4888577053902217,-1.2569932509978599,-1.3629634273136733,-1.3775784932175006,-1.2547161363448192,-1.558945910523559,-1.5086828638295882,-1.5188552469783096,-1.466557844361095,2.6373444710438547,
0.529116539710792,0.2950451281447955,2.310735370273476,0.2566825467982578,0.34055875220403686,0.2071087626485661,0.06538859597682974,-1.5638396429583712,0.09926122381754347,0.07880743111922939,-0.157284825076699,-0.22079623202256285,0.3899844203165921,0.42109157343021225,0.2619542986353127,0.08052379244727148,0.37612705149751574,0.1253236358351998,0.1255123391266371,0.12537547572451335,0.1676951981524722,0.19920446730494093,-0.020348350747788884,-0.8127926862425502,
-0.5908543882265214,-1.0942145527130551,3.255769449264351,-1.0918236039366702,-0.9367127222404101,-1.1809420871458296,-1.024482518098279,-0.46632756445282075,-0.9146932483474584,-0.6956114474488106,-0.8260976822988408,-0.7496156505106293,-0.8074078770160832,-0.9461337428885024,-0.8634320925208256,-1.0940220715947218,-0.9319201013347288,-0.6425395291926467,-0.8820832031906739,-1.0987255558867635,-0.9984020005238157,-1.1354090787021642,-0.9490908909709892,1.9916843469983325,
-0.98333786013831,-0.6948102642078079,3.3280660695267987,-1.1091848076426258,-0.9395707980105484,-1.0595559994649186,-1.1462088484685762,-0.3713527362801891,-0.8172489977457357,-1.0161764910801514,-1.143756797958265,-0.3634739728710186,-0.7367798141260596,-1.0510539579499225,-0.6857349654078897,-1.1696916351985025,-0.9378360272311876,-0.737313231107482,-0.9510210085543055,-1.1378376414895643,-1.267344818943665,-1.1185564752685055,-0.8298482958150153,2.0316590019142313,
-0.930169654142838,-0.7141168822719003,2.9275957407046005,-0.7495825791026338,-1.1163270482147456,-1.0046495797288322,-0.9119547803847265,-0.3061540528475276,-0.9753387100226101,-1.040833438228646,-1.0557971237285881,-0.23522989467412633,-0.8189037831511261,-1.1325892462659686,-0.984574914361734,-0.7449455687753513,-1.158771677056202,-0.8099932451665368,-0.9489182882647864,-1.089113083753353,-0.7628245857533271,-1.101863832095392,-0.9388783706195523,1.5425114163411489,
-0.6576679208209035,-0.5451854622361673,2.8495694991081693,-0.5762727286576844,-0.835121062966297,-0.6327766690076585,-0.5725866371346179,-0.7815271718826108,-0.6633785150845616,-0.8515500235905528,-1.004574118208562,-0.4325250257503654,-0.7068778864404583,-0.5869688596718894,-0.7264270706872875,-0.9216985042617859,-1.0564869022266652,-0.7719414625181116,-0.5783883586969933,-0.9813509970205566,-0.8127672311849237,-0.7040189695030274,-0.8540082960494513,1.5636750188834634,
24,12
-0.2465318191888262,-0.12391659555792077,-0.2839972017700959,-0.10415371237634705,-0.2147665272958467,-0.018565548343261216,-0.20597473784330655,-0.0856728381220505,0.003274367963563596,-0.020179367010902526,-0.06920632215736296,-0.1391926695161602,
-0.04262717807059542,-0.06630335082496609,-0.05302064330098478,-0.1903667194442959,-0.09494915938875179,-0.0851350203903415,-0.10353556634319946,0.01750058606788176,-0.2161607400272352,-0.11331453527244317,-0.3183475283986479,0.04665106034497699,
0.8090179132486048,0.7809410860761365,0.7708092669013337,0.7496722796850483,0.8878481445642795,0.7662034117470935,0.744639177084211,0.8024785007642781,0.7753159816197741,0.7907206191925884,0.7496108876876522,0.7780902252475591,
-0.09556939660959347,0.05146797007283003,-0.21726048148828067,0.06326698785731964,-0.024525274704028797,-0.1542233045561045,0.025836558055896318,-0.2648672399344367,-0.10837210520824671,-0.012971042182755098,-0.0679653558332067,-0.28086448118104357,
-0.12018011837621057,-0.047977576950971275,0.15587361062156216,-0.07517167110027778,-0.1974310536444273,-0.2674222604287011,-0.15542210602999998,-0.2009255649129687,-0.18099222294890555,-0.05699156662830232,0.04952409011051146,-0.014192680955216808,
-0.08207757715296261,-0.24463782504460724,-0.03239054315369885,-0.13854890912346418,-0.21165173189313768,-0.07529148791639446,0.03713957242552446,-0.007462980601513181,-0.14375137541689667,-0.18633840498123772,-0.10589181332496007,-0.17720598947671995,
-0.06992055240937146,-0.10699985895335043,-0.18214697986559156,-0.046890378748433686,-0.039447277007662165,-0.19677836825412337,-0.04666686361618068,-0.13252911299546863,0.04477741677149786,-0.22812875888837464,-0.05062756146509224,-0.18658176314158334,
0.4287835850950406,0.21169815100580988,0.22014943912953547,0.08056744776661043,0.24467365788184903,0.2913069438810677,0.49684211993503513,0.2972022936254992,0.4722718922125364,0.4330618519803255,0.4902872102638027,0.45341464267258713,
-0.2126167410627709,-0.1203322667673599,0.10579664029796088,-0.2174641015790281,-0.09721748210218577,0.01595662749189242,-0.06360583077782651,-0.2099096273016673,0.06305681848281751,-0.19364211349664645,-0.1696225358404908,-0.06323082570315285,
-0.17057063726643987,-0.23186885936845086,0.017582458103231176,-0.08112678892486629,9.236862001034797E-4,-0.23153581568457518,-0.03410138541952626,-0.19838538016512533,0.022678199121468276,-0.22894005090660333,0.044836656391925085,-0.1286260837815557,
-0.17667163153619533,-0.009430191095987661,0.009981347938111845,-0.11501708388185719,-0.05947699051541006,0.013624995029863763,-0.239972393872246,-9.9129702384705E-4,-0.18000270432599003,-0.1652289983544189,-0.21223952871462604,0.056872876551334106,
-0.15758713789518033,-0.18480383006699222,-0.2193351094869569,-0.08987903937730982,-0.15375258023824162,0.12130248526589334,-0.19846561178939226,0.026270584654285414,0.08059989798416303,-0.05341249369075031,-0.10991910835546392,-0.21367797522677465,
-0.070520392069904,-0.17798832164501607,-0.18494242991370602,0.01581833972752862,-0.15085180257120814,-0.16809874891767482,-0.3019238641421027,-0.08463333083100597,0.042061758283397546,0.008780194295819733,-0.3129270790534866,0.05759855744986291,
-0.17895869761476937,-0.08911308991644062,-0.16639972452724383,-0.0906034746195703,-0.01262659806582418,-0.09526494078605872,-0.11033468893914067,-0.06162848905704365,-0.2943309565980502,-0.15006120887966212,0.004429932312652716,-0.08210685235385091,
-0.14283828248999214,0.005980495593265314,-0.19450390587136115,-0.057721560786369565,-0.10337765818103416,-0.29023630239390963,-0.2125068120423665,0.08597829383471188,-0.09201027771544236,-0.08714292755623225,-0.018589320284962817,-0.21932071852136883,
0.019386000325511337,-0.0014719343277679053,-0.10504879912542676,-0.21032542556526984,-0.2407167671448563,-0.04974732424073961,-0.09538949179279256,-0.23438564301944725,-0.10463875160232654,0.0431931890402278,-0.06686101165658764,-0.2305893193112645,
-0.1264405896167729,-0.0783785846316565,-0.19842264774903026,-0.09605459911173295,-0.07500631251972742,-0.049483667609427975,-0.10162478754938008,-0.24343325089634835,-0.15840241733752763,-0.1273543197656921,-0.026802176980154954,-0.052602379136754945,
-0.08575957377429849,-0.22155176705160762,-0.15681521905823909,-0.019713433368507623,-0.27355854853519235,-0.27379756394129967,-0.03022979204978244,-0.09189307516022564,0.010306416510912866,0.06226647607118038,-0.14197151270085248,-0.19317633138405868,
-0.19305480650368195,-0.15774171260192793,-0.035577930609590656,-0.004275187204033818,-0.27671419807522163,0.0011578402072055694,-0.09122397307844302,-0.03566660549927962,-0.28766233616990416,-0.16833969234310184,-0.04846440522855109,0.017362078954731096,
0.02595227548317683,-0.14606350345896124,-0.03524811977675037,0.12032144253357399,-0.1581434800119399,-0.14611280003638388,-0.08264849803127634,-0.19824765454603585,-0.09394259654690952,-0.19080512360424726,-0.2466990820900921,0.045959329871580766,
-0.011308034502647762,-0.2102606799878249,-0.14117917421340392,-0.22199639780884664,0.027801593806016482,-0.11018169701826232,0.0036937768612293306,0.018932980767154956,-0.26227988695005516,-0.08378118928732715,-0.10236547797995986,-0.23856791723007198,
0.05009484876345339,0.06233530563660499,-0.21866097444711136,-0.17854947109819047,-0.10444098395537064,-0.051776887961674095,0.011796122324853013,-0.20434301478511438,-0.11644270296251331,-0.13632174229216296,-0.20807992900760477,-0.11454907408005274,
-0.27406757156037886,0.00434325413745186,-0.04731697096718533,-0.1361691862891773,0.02155181611692291,-0.05235840824261865,-0.31113799027880545,-0.1618192846292333,0.016216367899228985,-0.03694407306374361,-0.0023799787939612184,-0.2584454743638831,
0.14813562401318872,0.039646132900888656,0.13123022958863487,0.10144823978066785,0.05358740833192417,0.21231436767464185,0.28198690365768553,0.22442097743228964,0.242256633705782,0.2977320473577681,0.3215464260587026,0.2869692084992,
