# Pesos da Rede Treinada TxH=  0.6 TxOut=0.04
12,19,12
12,19
-0.976076749123782,1.3787902599744808,-0.496471337656745,-0.6318505531399968,-0.7036597292525547,-0.7658659925725765,0.6042097184727067,-0.6476795946212597,0.2732612294724646,1.5572662030539324,0.47294970683249066,-0.7207797595579234,-0.7585388825303233,-0.6192454753401728,-0.8386422043664855,-0.5765073883929386,-0.6769730629249865,-0.6595114675918905,-0.5082660761215398,
1.3832548198397454,-1.4173128588480475,1.1528944924287199,1.1845337323865046,1.3587467024938156,1.4514683863282059,-2.0412151804235514,1.028755365894641,-0.48726209945370325,-1.546557236178401,-1.5323886121421821,1.2743468619225984,1.3013325383826457,1.1133588797534266,1.164336445110976,1.3142951380622665,1.1245946330465302,0.9899683275163346,1.3519929332088652,
1.5920722787213037,-2.2626636838616196,1.2917131635738417,1.56373868999362,1.5575535321715832,1.6163413867402905,-2.266068343977676,1.3974713860790557,-0.14083110881821378,-1.966494019265419,-1.9853423459404766,1.4373084684496813,1.3568990796801295,1.8887677833650314,1.5427796508760347,1.419156549958172,1.3734127604134156,1.6574982883361646,1.8817419038583785,
0.04622052862577025,0.19583256360780413,0.48964295520395124,0.04447743073248003,0.1836019256226168,0.257206062689264,-0.8702585957953041,0.4875200812943581,-0.2495936143855057,0.3728707426535619,-0.6675086251864091,0.42155922345595453,0.13490128812879293,0.13467091600000575,0.26590431329923564,0.12546096178636448,0.17637671043211525,0.14906887048581957,0.13862427458233975,
-0.24143975632754236,1.0479263714362725,-0.025017705794657657,-0.10845396356627432,-0.1600776954500272,-0.276885306042461,-0.36845062464250905,-0.24784005716732296,-0.16271182425476227,0.8513601132494865,-0.25715605135718567,-0.2937226232507432,-0.30812527194724193,-0.34757159412951494,-0.4142679110425268,-0.42001098151977173,-0.09021229774146072,-0.007522606316226577,-0.5514775801418546,
-0.7931736802677257,1.3634163765224736,-0.5389913315503057,-0.4885755447457452,-0.6801801092036666,-0.7929184147739037,-0.010711360654178274,-0.8301626949899812,-0.053404170410019804,1.539789180561801,0.151306952188754,-0.7870174937905795,-0.5973112194624347,-0.7420751166940404,-0.4529549656562859,-0.6572110521330832,-0.7560422106673682,-0.6808346057129171,-0.6330324289007587,
-1.4688894596255744,2.5887257051408126,-1.3834838736789687,-1.3499715671727528,-1.5544710901672285,-1.549248853298292,0.4008327222142232,-1.4927947142649967,-0.25023039146235326,2.7904126693416464,0.6085722768523876,-1.1690476527344023,-1.529547033585827,-1.5329605244191842,-1.2557779038399273,-1.1673597438020917,-1.2087496715024564,-1.4587778477459004,-1.442368887733279,
0.1649284561705047,-0.05738266628457093,-0.09922909893932741,0.21425181692179657,0.20013280522450683,0.3664665142969962,-1.4091129768816228,0.27373156735549387,-0.5917748829659962,0.11818003668997565,-1.244793770713965,0.018009445948746226,0.30180594422622004,0.11475413940896756,0.07556944518279109,0.18630552969844832,0.1623112323339597,-0.02230932284699621,-0.12735876400436297,
-0.8160858932165923,2.021913939267638,-1.071034848274179,-0.9299933756512822,-1.0185269953318137,-1.1363359776716444,-0.4828983156936248,-0.9730801850785593,-0.7512487493590653,1.969830294101744,-0.46162054813276776,-0.9843932928709611,-0.7536095214874704,-0.8499535545450184,-0.9331467193250673,-1.0034975956499304,-0.8673555161749282,-1.010385625443293,-1.0934266585708425,
-0.7629716932512036,1.767053253329106,-0.989859596804681,-1.0117056541352107,-1.0870695611066141,-0.832828114560579,-0.28417218795288696,-0.9004140980142669,-0.7044835175550609,2.0539020620870274,-0.3407710966664539,-0.920067799922882,-1.2095814583843838,-0.84539536842502,-0.9710006361820961,-1.0709978103095008,-1.0996323480319334,-0.8360689729975207,-0.7798062621513528,
-0.9319829373054885,1.9073460247816274,-0.857635001023924,-1.321426957126425,-0.8310238347889796,-0.9500730397430631,-0.11568603757081332,-1.0907641966259098,-0.20757667975912536,1.9818425920770861,-0.07965030331154366,-0.8858942933256754,-0.8130837982544251,-1.2991316922950933,-0.9965551008722282,-1.1374129677107643,-1.0783022222687313,-1.0679158087929708,-0.9709611476822144,
-1.0195107451071426,1.3987673679587618,-0.9910979792891437,-0.720128124741948,-0.7378283157348988,-0.9386444375280689,-0.3194298111828859,-0.6531546476953103,-0.6463997571024251,1.893987601068998,-0.385361211216237,-0.940252934456154,-0.8038453826813834,-0.7139778347773693,-0.7408883332601631,-0.569835692848865,-0.6237848792847992,-0.6551615197923057,-0.9282960089139096,
19,12
-0.25047953066319434,-0.15985083829416985,-0.35059467315162424,-0.2169406387242275,-0.2515516478484451,-0.016960604561395747,0.017205830289705907,-0.322722278775556,-0.1675475045321914,0.016162994345217622,0.0013239785591462922,-0.14385353823530342,
0.2503854310747436,0.32807450433143664,0.40199146839170763,0.34081340591234377,0.38263150528456497,0.3947560617562052,0.5028204636729358,0.520244724056566,0.4489834605961194,0.40363649422721287,0.4824997504114494,0.2994965750662733,
0.05185536320727832,-0.021885001501290312,-0.1805927048902991,-0.26359583939068276,-0.16020277885373846,-0.2924707752917478,-0.26244435303022334,-0.15425345856979283,-0.056923142633935386,-0.25544324919550837,-0.03157161900618586,-0.057644027811945886,
-0.24785434768097994,0.13735796722093752,-0.09839731126084932,-0.09841489739320114,-0.2686168038596784,-0.11631925823737789,-0.04852506857889735,-0.17645760186359155,-0.23936653366426558,-0.225385033908484,-0.25693873495218134,0.0848115946537116,
-0.2833578095937236,-0.13266596989771684,-0.043344778692973866,-0.029934423916332775,0.13344108855642398,0.09070455416524835,-0.22507482368661513,-0.2859435780461292,0.14015006165161983,-0.23111683312887205,-0.34331439027472377,-0.2865405852182046,
-0.15985027760562012,0.15100867998860315,-0.1007274268142068,-0.10290618957678913,-0.046501692470983694,-0.32492087733710795,-0.13938710382505418,-0.1415800033095329,-0.11320323407069187,-0.21699515705631947,-0.2621708548038293,-0.13032197341467938,
-0.06738434912351493,-0.07495000394177982,-0.0731903957960755,-0.004572956392162824,0.07415445879937446,0.09546363837396799,0.12634618703933106,-0.035145029380695254,0.3203323650028199,0.03062573571794151,0.13626989467240871,0.20383285372429022,
-0.09085318733690183,-0.1566403520428616,-0.20898641459633124,0.11118610856919466,0.020507016609223126,0.011708744264009537,-0.13997010167410842,-0.2769538093349444,-0.3063267440957551,-0.0891394340269051,-0.07697413402742043,-0.3286201107224179,
-0.23138948424204586,-0.046989632569665075,-0.16182083398675956,-0.2102531094744012,-0.3455032524299932,0.04987523763180042,0.02373313716489934,0.13562534333150852,0.04210356599490034,0.031982468461214615,-0.19999596687712884,-0.11075902263850947,
0.5732205071522828,0.3667210532656319,0.36929123787165186,0.4123071427433625,0.40147038361035103,0.41480993848453485,0.33522671152741446,0.34920712981127555,0.4357017067094615,0.5179611310485868,0.4013710444296352,0.5766745261347269,
0.19723793938180856,-0.05413038980646954,-0.031999112496484766,-0.11318093651943756,-0.23351214217441976,-0.0856598893528688,-0.0748072943951355,0.1027259747327609,0.02350490470217702,0.22471347956861104,0.09758189078893682,-0.05179521310982409,
-0.3577447257942144,-0.23776729176387476,-0.20352395706578028,-0.1522912436648464,0.08330668881364504,0.006393193403132295,-0.20692745614239721,0.025306331511877698,0.04709249513389203,-0.26939944839807584,-0.21628877563901702,-0.2031142873606828,
0.005566842617403765,-0.28161275928363494,-0.04537917333372723,-0.21949144191625827,-0.1169823740935146,-0.15910547176362272,-0.1729856868274619,0.010797760010146061,-0.23560231555490074,-0.36043066915726624,0.008285199314468292,-0.0937949963199203,
-0.20347248550862373,-0.1772693976201266,-0.2375727279508602,-0.10249667034624858,-0.07369014495778974,-0.03131546921299252,-0.21913601372298738,-0.10205659606896943,-0.2871675037195314,-0.1510731232957153,-0.1098018190743952,-0.021946694063242407,
0.09169468449226832,-0.1874589628663245,0.14779255657036114,-0.20239873977837375,-0.053915670511190394,-0.06428418218362586,-0.005372014341923653,-0.2939023680611314,-0.21271191044251975,-0.28519175561952825,-0.2779990982412442,-0.1094809497826892,
-0.13338603789068515,0.01104968691026875,0.004133494643096794,0.03237588241891955,-0.22854769081600013,-0.38112809520162033,-0.11680221611763175,0.004571358239146473,-0.2759818581702829,0.06852455182941225,-0.26561692451881985,-0.27227724637000106,
-0.04318720111344841,-0.2136212241783057,0.12989176026830168,-0.05578506386806527,-0.244986024380162,-0.2941725942510146,-0.28531436784726727,-0.21162923180993376,-0.16565052904042418,0.05177665033123958,-0.14231863992166946,-0.14093974999522332,
-0.2381527414042741,-0.005190870012839324,-0.22931136325192011,0.034634908392813135,0.0896653870347841,-0.20445867530044956,-0.14268294199089102,-0.33570021474672695,-0.24623021817193302,-0.2280634154273012,-0.010883013739772884,0.006643615229242105,
0.001006701932181097,-0.19864158580886218,-0.12850179034088113,-0.17131813438139964,-0.19604424709959645,-0.1369811423961101,-0.062365547994594324,0.030766169387505767,-0.24337000667307515,-0.25106604347009204,-0.05854917453427755,-0.3176484197655223,
