# Pesos da Rede Treinada TxH=  0.9999999999999999 TxOut=0.03
12,25,12
12,25
0.783455495201876,-0.28247359115828236,-0.6951820913079857,0.3549315291143997,-0.543021546298836,-0.5604622105353863,0.6685595398945804,-0.45054022695014095,-0.7644399415239436,0.3812640216460633,-0.39664302267451335,-0.6354937406272043,-0.3007942526804341,-0.4926676374020036,-0.6239992156299623,-0.5106491532422764,-0.35568433132774246,0.5459816168444986,-0.5527361831741859,-0.43370782047182327,0.5527363454124496,-0.8430017321667311,-0.5428019201241092,-0.6037693551515948,-0.8936768178635393,
0.16313802297643298,-0.18125575445093528,-0.0500937669057064,0.19273161510294343,-0.1418267194798839,-0.2393449814291404,0.2145905760900127,-0.49055600979327796,-0.14262557963062822,0.1171987891955977,-0.010753921325713834,-0.1128538753230571,-0.027080885334371536,-0.10079802714567526,-0.34286317941988587,-0.315249359105988,-0.24883678921349117,-0.1164182894017168,-0.21221382588490406,-0.11299397046465123,0.09277905993993149,0.04201794233093161,-0.023433715694872757,-0.016636122667811726,-0.035248937988316374,
-0.18151526046470148,0.05625545979964921,-0.21561573225280134,-0.05525348910900524,-0.2940303430497321,-0.04411894788148513,0.04414022068891227,-0.06352457720848691,-0.07595958113869007,-0.33534991052432017,0.13779616313970988,0.09076968715648244,0.008123026719918842,0.14615990264099465,-0.0732963207966838,-0.5040415452941234,-0.0888209177240854,-0.11888637217634418,0.12513874171785488,0.11041330101432838,0.18493115672994287,0.047036187671725085,0.018798458695180084,-0.15823317476913204,-0.41031396344670545,
0.5634319161411295,-0.3625076968268388,-0.3039764950126609,0.13413446750895358,-0.5311494525287465,-0.7419541708566679,0.3620232466506384,-0.36837176419433615,-0.6715367673976359,0.2032725222314375,-0.4774247833252413,-0.437682797657343,-0.13103043044394744,-0.08253601645961757,-0.2379246000795638,-0.15169349797094647,-0.2764104043213195,0.5871885277559161,-0.34003866957204454,-0.28936664744149565,0.19764950364441577,-0.6744917055801531,-0.2476516783822326,-0.5578509281585962,-0.36737402527610785,
0.6879023694369398,-0.1524754490258368,-0.5161058185785321,0.4195662999332259,-0.5190760149597021,-0.44742472216413365,0.5264956531000924,-0.5016608734484634,-0.8267961735700942,0.21612888146531875,-0.3745509905919719,-0.34552801649349496,-0.26719186155946434,-0.16722602415529175,-0.42179363892219957,-0.507341082513614,-0.3276728396060986,0.34774187606837015,-0.2826827940809504,-0.6963442102534158,0.5340465750390571,-0.6299810075396821,-0.7650764496952387,-0.41288195952572326,-0.4579532309939956,
0.295943899374051,-0.6898647642688263,-0.36242526938618075,0.11871528156711272,-0.3271193724924138,-0.46455310959615737,0.18737248218712133,-0.6582512019674933,-0.36078518967779344,0.1506253949864288,-0.2919119104646594,-0.5564497789577633,-0.6801913361046974,-0.5803077550474391,-0.3542622754371078,-0.40318784876913155,-0.544953318547719,0.13508571341900763,-0.45596894055352444,-0.6450247849132145,0.3765370893092495,-0.3444873318069866,-0.5159674008712744,-0.4744377672091497,-0.27266220899791804,
0.5793259910656035,-0.7140299140338648,-0.6004161866128639,0.5943680244480033,-0.5344818054948053,-0.8134315847425695,0.6795118404433025,-0.7463273070944713,-0.637581754581083,0.5011781593223507,-0.7642504342802546,-0.6068447574445016,-0.5067451695017503,-0.6502500081223072,-0.42740546585831846,-0.13516933591878136,-0.8438754596075914,0.7490305966834034,-0.4950658329273279,-0.6786037225427517,0.3296549184978795,-0.482303650475362,-0.6081101881680789,-0.5027903696087551,-0.6120637593744804,
0.2408533085573137,-0.17507258173323606,-0.24702002128074008,0.1893569435457699,-0.4258138141999779,-0.2931472272929166,-0.19762526915728038,-0.15200963292072103,-0.3620192491948098,0.11750596424187168,-0.4022399646042519,-0.18042618936346774,-0.3844060094284012,-0.49267302634832166,-0.2686410939151946,-0.4332060740490674,-0.12885945882943264,0.029505651274636682,-0.33048229316060734,-0.2935730575773692,-0.01159719476290932,-0.39094977639412015,-0.41949151743444363,-0.17657364277269044,-0.23431885524971383,
0.15290797398632916,-0.3522914364037641,-0.3188012940283402,0.38403404518939077,-0.4978306027687328,-0.5458568810310676,0.208050005815333,-0.42809841908042295,-0.2430047541260452,0.3248206869252194,-0.3736085719793193,-0.6118553688466114,-0.7516365677508713,-0.35881082525016744,-0.4657401220609663,-0.3096435427974224,-0.5079338126785545,0.6414040590693431,-0.5695483067481405,-0.5140819961261974,0.36944480966022,-0.291495764334812,-0.5201764208304201,-0.5544892165428488,-0.5758386750313799,
0.3405462329431319,-0.7485922645686462,-0.7650511023590265,0.3510978661957131,-0.36126220914020096,-0.23276804894150616,0.4148333112576577,-0.5209372377798743,-0.2489315522074954,0.3350931437185701,-0.6630310978138636,-0.49085252131792645,-0.3440293096731631,-0.4672508916536011,-0.34448942593386117,-0.5736918744970134,-0.7396419218173723,0.21696317571196327,-0.5252132408425195,-0.40965768327888186,0.3933162159067578,-0.7529337458674183,-0.641803746574227,-0.710099824962315,-0.49152229507608053,
0.3576870056850557,-0.5192506377004944,-0.4687553289230067,0.3775550640975764,-0.5340334839217019,-0.6404826667356979,0.5205731555911516,-0.3203873537011538,-0.5056681506448196,0.12051233977419146,-0.4196560828819814,-0.5735365950045422,-0.6680827659705348,-0.45234150607733287,-0.4250856103493351,-0.49690202909805836,-0.3566853255206681,0.2352474754827455,-0.7394269293982291,-0.5649882009371086,0.3753525518493029,-0.5515542345342346,-0.3187916396836176,-0.298262064230694,-0.42570030384469987,
0.08963703579392936,-0.3187207363116576,-0.3315022641321464,0.2817280425300401,-0.457407064815056,-0.24835374160736243,0.06071352590359211,-0.22147218134415975,-0.313342786676536,0.1235841870553027,-0.6564658374242733,-0.26173005058472865,-0.530478059530351,-0.6061078479610481,-0.610533747704124,-0.26087734988414246,-0.50633058171164,0.2976998783236074,-0.4771301257811296,-0.3094015371323139,0.09452085369364036,-0.2616944281138577,-0.47859812074944896,-0.5452006293087703,-0.37951617656343256,
25,12
0.12855100691439522,0.245632225580987,0.2806919943820005,0.10733712301817691,0.26767089981719594,0.1540674154512868,0.22918639530301216,0.1436418149440308,0.16355102624135856,0.29307592199181765,0.09976805950694215,0.30911202618139794,
0.03361693031439671,-0.031308176492658046,-0.066306403214032,0.015192182722389405,0.1417026422714093,-0.13595254399500808,-0.20612728929879395,-0.28175474246819193,-0.26310834861468235,0.06390888356521211,-0.2496818022162369,-0.13511949822504568,
0.06149629695090983,-0.11107262516600362,-0.21039488073335016,-0.1871275893030623,-0.1372794264960177,-0.291706399500452,-0.19653657335708669,-0.15566036271921255,-0.2832606182147391,-0.10509422657685794,-0.0026506048823535643,-0.11306603709581459,
-0.01301526363925776,0.15125239760401066,0.2069356059296795,0.11282432153368917,0.2550660936221176,0.025618879507587785,0.1430480302026356,0.1804597189423182,0.036165608565364604,0.16228666928398194,0.24842661293743948,0.11927193993575694,
-0.44995063282805287,-0.41228219324767273,0.05930979776774149,-0.3735115683667785,-0.31408746094314755,0.07605473364777376,-0.1258326343826213,-0.05867461583533465,0.09148155640686285,-0.2087887551800527,-0.39135881706413045,-0.06285107224677823,
-0.20857735239219635,-0.32810749053689925,-0.26178162378588155,-0.13373614764269662,-0.3049954949724078,0.005260926142976417,-0.31273639205868003,-0.16383017821083876,-0.3717035093250796,-0.12154317602018054,0.0015351810687138662,-0.15286474710158382,
0.24323834908905922,0.216106256752694,0.2522421188929458,0.17204505256927374,0.17163594519841555,0.09999661373755314,0.11086340330770761,0.19285289360337407,0.26599864984880506,-0.013325112721767786,0.11826173851452113,0.12492346680577511,
-0.4013084477255439,-0.2440648198106706,0.06148423755019986,-0.19759509574919187,-0.300913322117844,-0.04578774770986161,-0.19112267943808378,0.03871125966610528,-0.2525480654089826,0.0015644688868026967,0.04455883604493426,-0.038136662370775995,
-0.24632608060836966,-0.17727618007501222,-0.16405037265050298,-0.21111329013127794,-0.31785588712599283,-0.3608930467282898,0.010458488817314248,-0.25519805867722745,0.07413004231361295,-0.038698508546171094,-0.3368292523471646,-0.10732454661688105,
-0.05534209233723611,0.13961865684837224,-0.2118541017054511,0.13199329993595252,-0.05850547995078584,0.16730707465799552,0.11952814305111076,-0.09313103359257485,0.12100453425349307,0.2090533391640399,0.21372367669742975,0.19889968944104494,
0.061401355719787505,-0.13785355088713602,0.025838769258344427,-0.15913520149936194,-0.05147190867423429,-0.17707683783328335,-0.09920948696838267,-0.08951579820493759,-0.1487797838384571,-0.3058570029002735,-0.3510748012356061,-0.05298585463449942,
0.027888981518856562,-0.13390996685985374,-0.13660955825890142,-0.010070374524249727,-0.025609579098723047,-0.35988393476499014,0.09222041784286968,-0.21180888743354986,-0.09853612123825965,-0.18155593659947059,-0.15577087126324385,-0.26320859687180587,
-0.00762991621759432,-0.021386448446407295,-0.15686598466885923,-0.12233299104233947,-0.24274871051353586,-0.0694371811454653,-0.19790480947087297,-0.04685084577989088,-0.05027533517544984,-0.0183066780776889,-0.16701212876696922,-0.12245297584095224,
-0.11877490537486211,0.07801179621587469,-0.129286171885721,0.07874429880789009,0.11496667765692704,-0.13433104115008754,-0.2332017257722482,-0.10756145219131084,0.07250181639000815,-0.16138010289282906,-0.1499929474617626,-0.26946293599521987,
-0.13456685424104667,-0.011230613268289462,-0.23444382494835014,-0.01605473905386936,0.06658118132158672,-0.03577199635434853,-0.2818117853121787,-0.19001386601475698,-0.16775154033337616,-0.20310113580975447,-0.02527962420515359,0.011813574072705243,
0.03314010428430552,-0.11013785590364898,-0.15649535852450416,-0.2480746714432146,-0.12754341470187855,0.008229254887384928,0.03648677779678329,-0.15177865466359758,0.07460553552668474,0.022830013962318162,-0.21447736723448937,-0.16284026084160963,
-0.3334651803062082,-0.27012011421889054,0.10984565228358548,-0.012777290183419394,0.01352493054178804,-0.2281355204032668,-0.08141688965128432,-0.21613027942378518,-0.21798914056614158,-0.25104945284418667,-0.22960976778109013,-0.0960570086075004,
0.24265798853726125,-0.0050689929095848255,0.0582272868227204,0.04288321593169815,0.1415211200010364,0.30170414814432717,0.2998090660835247,0.18934192761527788,0.10234790387476811,0.1687793612408733,0.2388551840124473,0.05789459472877766,
0.011180643821863262,-0.1587858042291532,-0.18141315002320915,-0.10072321169153352,-0.07382110042555792,0.03499707169555434,-0.24195723270551026,-0.05890199755855697,-0.3399490729927795,-0.22535027174178543,-0.2935580789203125,-0.1156683134348639,
0.01418974328565673,0.11424012851462129,-0.31499608577295984,0.10018746785974396,-0.2625126718723759,-0.2266317153232299,0.061208030772695654,-0.08264646854009028,-0.1588834080962366,-0.370863477745986,-0.1773837520269588,-0.3266302699433774,
0.2620166170701553,0.020798541694232592,0.2080870344295313,0.28255801289862,0.05572044577885194,0.13916087806902172,-0.014934740235344714,0.2824409860673996,0.2052174090123215,0.1309839821976642,0.059682039134434955,0.1313115381099542,
-0.37980027802071115,0.16047629370483696,-0.13065173090340385,-0.3779753046205933,-0.24939956917043432,-0.3205706693918423,-0.2672339975415111,0.036066268446911985,-0.22936835592563926,-0.3118276323969675,-0.048720454768305756,-0.0483044578413773,
-0.305289020455395,-0.13940188254813116,0.0415749698002066,-0.26348885393768534,-0.3225185948647878,-0.0899222400264946,-0.1950007195518721,-0.2984227977249941,-0.16913957210307126,-0.026181874975386522,0.03516013135296735,-0.35283153022604685,
-0.035332728678141044,-0.15436095941236855,-0.38358894483218303,-0.07075440634214432,-0.1301310806399545,-0.26479206137341,-0.05313656765614654,-0.0627368318043451,-0.06798175072496641,-0.41924430900243764,0.04684242659560498,-0.3517434370020123,
-0.340711590565756,-0.28849425373474397,-0.1402824850902506,-0.29305816160384884,-0.14949031559742235,0.004268135385065741,-0.21809023661598642,-0.3309711724382772,-0.279051585273388,-0.0743939837732451,-0.15561630869610515,0.04646595040863365,
