# Pesos da Rede Treinada TxH=  0.5 TxOut=0.09
12,22,12
12,22
-0.6806123453867785,-0.8049954840309578,-0.5405269962447765,-0.7280293221208294,-1.0387715519655711,-0.6479586143702312,-0.4713522715350553,-0.6704364186016332,-0.6877897024667157,-0.5327138706227235,-0.8657929662232777,-0.5437827860717414,-0.6394493047849527,-1.022667089740644,-0.49362352333943327,-0.6312113661456139,-0.6313678821561148,-0.6857680347760734,-1.107208389428236,1.205191110086655,-0.5659407315187049,-0.8541601754131398,
1.0738031871005258,1.3233387121060272,1.1866294057990634,1.7012949125901773,0.8730745659097557,0.9308763744904205,-1.1704049072646228,1.5818215392441621,0.6638730670730747,1.2575346958307536,1.2664017956003142,1.7035047438623665,1.3565305484750958,0.8968328815685546,1.6864097234492998,1.1067432941678488,1.1614464865093634,0.818383457197714,1.1359886452479422,1.0134524788072283,1.3667795160542469,1.2537818076027931,
1.3930096904479723,1.559983035841133,1.3922552523931055,1.9249831397420065,1.3226017900051448,1.5149366840777387,-1.2578139464074323,1.896642254586747,1.0901195445162157,1.6253707786239484,1.1109145183500897,1.9606073083927102,1.682884535174809,1.3145348612914294,1.8317302009249863,1.1033258026827835,1.0577197196467365,1.0593463583749778,1.3653267130334883,0.5872363976601532,1.5752640388590147,1.6535522530746023,
0.1797811217186735,0.24349270109645932,0.5361784014965685,0.5694442535623692,0.17442146207045633,0.1756575974765893,-1.0279317319081838,0.49446025086017736,0.1238810483665197,0.3755370655684196,0.037989689400191984,0.7988410543608121,0.4190060095966081,-0.11651010687958226,0.5164743583879601,-0.0064394709091501285,0.3603486517431742,0.06493435818779517,0.3794538923352228,1.294196704432532,0.28346746847421445,0.42626611195547826,
-0.07285903890415033,-0.18103591104496558,5.777501030067762E-4,0.037049380967416806,-0.41274608412342745,-0.0019817439956304837,-0.4835365266746406,0.21919737019549798,-0.38270772042009576,-0.041536403573845256,-0.029442164659425122,0.11085402028954221,-0.07121983341339778,-0.19705133692707374,-0.006252561069315852,-0.059643965526529764,-0.3264467287597067,-0.16376286473070067,-0.4403147190044338,1.4269623960090243,0.19708818156670754,0.3746774158151374,
-0.8798031904101209,-0.7522647103492512,-1.192427278600342,-1.1148025427661765,-1.2974349807460246,-1.0917902000033468,0.11739701426911701,-1.018451616542079,-1.2122164921189125,-1.182585419043719,-1.1253926348683656,-1.2980071788612153,-0.9026481283040496,-0.9393443703714901,-1.1515061649722431,-1.2439812653240128,-1.1315773306381687,-1.2425817147023994,-1.3179307291864075,1.7955384206593294,-1.0871346438171055,-0.8936868762374819,
-1.5726848115345673,-1.444148091468774,-1.2164860731267262,-1.1823258260396214,-1.4333863499195505,-1.2772503184045556,-0.2859888751991346,-1.5120476948018902,-1.1531259090636987,-1.371776808355222,-1.383700521974018,-1.435248154078427,-1.5447593829660875,-1.4620325552812294,-1.4954264123547285,-1.1767508035410035,-1.1824829947891287,-1.5334386069006674,-1.2655278749410914,2.078230424518895,-1.3497349548293391,-1.5700642818049118,
2.2607875854586978E-4,0.4044281047544811,0.3091086277398102,0.4338629976700396,0.39066076487168483,0.4025816241581642,-1.202794311624785,0.37354729618328797,0.3055552599367154,0.38786840273359835,0.11895736730826399,0.10081421507967804,0.293531236257204,-0.0121696267213188,0.038824354737945835,0.31052314491002897,-0.13603689890328102,0.3748746061219394,0.27283944160982054,1.6724947527955507,0.136425538418006,0.31324686574979793,
-0.6884736231188824,-0.8379572783123522,-0.8486323608632306,-0.937615857167262,-0.6163409451044554,-0.9465377778928203,-1.0705095409656942,-0.9469222993093942,-0.8246372066568881,-0.7458714410390836,-0.5468720498990497,-0.8946502517852956,-0.896495005746585,-0.4934592718173511,-0.5764520700782702,-0.68526180914012,-0.8028647047348187,-0.5668664922637592,-0.5787952945906883,1.998513220241213,-0.7883247253823491,-0.6710099146203582,
-0.733476013194461,-0.4639198491040479,-0.8277175982828231,-0.8381788189887415,-0.560540323467442,-0.7451117680302299,-0.8956083938231195,-0.7512443012841561,-0.552270354991659,-0.767228284503241,-0.7743167001815525,-0.7689598662932545,-0.5962930607655864,-0.7109393391662472,-0.7458195669839492,-0.8746147836882152,-0.5988022622669078,-0.6630735706661889,-0.9947887819722454,2.00025725801494,-0.5720712589524954,-0.7461953586586811,
-1.1358094266704641,-0.8348827226419436,-1.0004645914344428,-0.8588802769897752,-0.7901872863953371,-0.9166145886866536,-0.5844193139805696,-0.9843806238813888,-0.8760822729338971,-0.8724087578806252,-0.6851205378793189,-0.9656338458209934,-1.0086319329852291,-0.7693137526845721,-1.009477879774116,-0.7475362794136916,-0.7095285564926067,-0.9045168664185164,-0.9154903053243286,2.142443897174982,-0.8154853872952866,-0.9028007435590946,
-0.7834475085032713,-0.5617697057077424,-0.6246175121676436,-0.8233370056276551,-0.6376361578203924,-0.7566239563967756,-0.4068959539004191,-0.5473449738850894,-0.5771431847658071,-0.6323764519681221,-0.8862214132040845,-0.5489037344938366,-0.4063275954429504,-0.828188681485731,-0.5484323558154633,-0.7296058147749174,-0.8965260601468069,-0.5687223013172982,-0.5985122070717663,2.078169567287118,-0.5207502979713138,-0.5922986937001156,
22,12
-0.05805900563260526,-0.18707972373336235,-0.024086620224874854,-0.16099850409181324,-0.25075633650588836,-0.12722709862071166,-0.0053505407781555365,-0.09257107167568208,-0.2517194107477471,-0.025831158029269198,-0.2375346070446061,-0.2703448355303509,
-0.12517153292225366,-0.01375237888060333,-0.18518592495495867,-0.13743571077209976,-0.09919870092583116,-0.14416729248988772,-0.240944613421685,-0.129720604679012,-0.17972569872617586,-0.2761461089362286,0.033207244388919754,-0.125755694995543,
-0.20957528893690558,-0.08901404264164202,-0.11221926134889328,-0.06652012794706738,-0.2382152576615996,-0.10614557642104776,-0.15516859157656226,-0.23415057186832353,-0.1280978057395297,-0.10124730438224969,-0.29857980186451083,-0.08280746638268575,
-0.12384819960811648,-0.19596705828457286,-0.04212857718688548,-0.044649884445722876,-0.10108156562022466,-0.19333648628925437,-0.1331457711608985,-0.14656858662310007,-0.25399607067613755,-0.39561119609817136,-0.2814285477446557,-0.013003217993794761,
-0.19353745076892395,-0.03840387107080315,-0.16436265731651162,-0.15281431303938547,-0.2869118409100355,-0.057874060496624254,-0.1642414746686575,-0.04182123332680227,-0.15055471270247642,-0.006578181146870613,-0.1321639850834145,-0.19321749375262373,
-0.1492986581808801,-0.24486244447198677,-0.1378713983408361,-0.0418160406073788,-0.0801356443559404,-0.14039417118333414,-0.005824373866932899,-0.13281290126167627,-0.1799885039524527,-0.09029105722082834,-0.1389009264251916,-0.30415432870505416,
1.546465726727317,0.8154952274961975,0.786465093639098,1.1824314282374289,1.0874556889561273,1.3304810564458882,1.2967057811450209,1.0886752820148375,1.334724115225974,0.9846822929232504,1.8312864720493316,1.6781322295973795,
-0.028498136329833577,-0.12834147727466133,-0.1270764978953807,-0.09209284557030399,-0.04878246933654064,0.011570654231082148,-0.184482350456078,-0.3391856554524697,-0.2779110945131576,-0.3014352369020779,-0.17982621215779862,-0.09669749632154132,
-0.29141204924379377,-0.03041646395755255,-0.18067155060465034,-0.26411714001587183,-0.21004997876194212,-0.19424151275053445,-0.03938292652524135,0.06505571155825528,0.03391208186703649,-0.09459055129649357,-0.19589135771596203,-0.03262697367956352,
-0.13487139689354063,4.560872593447476E-4,-0.0926432324143155,-0.08296092296746296,-0.18914265178624223,-0.2862040401713114,-0.14931869966245853,-0.30107078219800504,-0.18962272487286416,-0.13125999162106425,-0.04169315156032526,-0.14106364083777673,
0.007354731635005675,-0.20990274545978266,-0.1372147470133719,-0.22003348126791053,-0.18221329430389527,-0.192876477717454,-0.05599722927689201,-0.12353720944529077,-0.07983014411726087,-0.009945177363223335,-0.2863478826343517,-0.1841699525599152,
-0.15871325007186074,-0.21546078500871196,-0.09816830640789205,0.019426320845886892,-0.02771902122681973,-0.14707855734401687,0.028361717586752024,-0.3397387546661703,-0.27262893768067153,-0.35745651552806706,-0.25368343983414265,-0.07000951293667422,
0.10673324599218433,-0.0012964460168953475,-0.2306384025922556,-0.05457082367444947,-0.19617749089065245,-0.07995168345998996,-0.23601344096927865,-0.2549679415376204,-0.16057947071236564,-0.2061016146776782,-0.053021988480921975,-0.28734238612252194,
-0.3084701234937708,-0.028755215656674313,-0.10176072575044896,-0.15260525525477198,-0.22269431581780438,-0.34198091733319114,-0.10933030026390085,-0.03394748542753704,0.04898844706329221,0.013706553651545371,-0.17815656946824387,-0.1582198150838984,
-0.15109776932175562,-0.0975564498725475,-0.04078223341248346,0.006758922748511459,-0.1301775399430024,-0.21836836965595477,-0.2382060110406529,0.04025293057772273,-0.14642818824397982,-0.476089833699124,-0.17607533041520013,-0.16924224116023812,
-0.14683041842515662,-0.23473416549840417,-0.07166428327211079,-0.23501597324005544,-0.044585507867739606,-0.07086761266059095,-0.16768516597000108,-0.026732947364511397,-0.2624418404835659,-0.028212667358841897,-0.07217095388921055,-0.13926170672588792,
-0.28682931282856877,-0.18115653647138966,-0.10052621181091324,-0.2595069448223327,-0.08049153887112889,0.05436831454842854,-0.22560137328566218,-0.07087009266586351,-0.035815852134979974,-0.0591847553886524,-0.3478068144901636,-0.050296356161665216,
-0.2430023928106143,-0.19961982534940054,-0.1467190090831235,-0.1856067078107117,0.048513356365090486,-0.24345140149163674,-0.005553173020366846,-0.05530663625683109,-0.11609615347993947,-0.04833314607823127,0.05728243205956571,-0.2549031658432876,
-0.20010595865089284,-0.08049238186022004,-0.0546934483723016,-0.2611028522236096,-0.15705706931983632,-0.020113153589311022,-0.2558570189463942,-0.26189265112421284,-0.0050535817504494636,-0.004414929356319833,-0.32295245181004273,-0.18477798778874308,
0.9388085342813832,0.831099274142372,0.9294878577046393,0.819607464076815,0.9427774604495909,0.9819274927173081,1.0500006850092791,1.1061746357298812,1.1059996987610554,1.2496359920075941,1.0405069300503171,1.003736928615644,
0.006387068589087988,-0.10133867578275804,-0.18693013302328795,-0.19689716794095433,-0.016274168293876002,-0.13268632808586617,-0.21041404737805397,-0.14312365835665075,-0.16260475361167107,-0.3362341089852717,-0.07199018226881736,-0.03571246918772502,
-0.2101501420440409,0.0028590510515359765,-0.19707042941436273,0.12010739620898146,-0.14484779542661838,-0.1517483847411128,-0.33822810114520746,-0.2563883819823735,-0.2014165144354449,-0.16055952207523871,0.012242089942210993,-0.16485245224110306,
