# Pesos da Rede Treinada TxH=  0.9999999999999999 TxOut=0.060000000000000005
12,19,12
12,19
-1.077292431916764,-0.7951128855348103,0.309833770807672,-0.6049612649574143,-0.6318934852310732,-0.9367144783722344,-0.48311215530121565,-0.5295194844949196,1.3730318190831088,-0.7331406400162501,0.5790438874398012,-0.42073447279789955,-0.5721917947600101,-0.7584331782826438,-1.005784828288472,-0.9642124923021527,-0.8057440465804806,-0.6570004635009687,-0.5319540586674303,
-0.03823240020104768,0.12594037362275884,-0.7062305151875253,0.158986751485898,-0.06430242565803325,-0.20085833302062528,0.21341107487700034,0.15045135656782263,-0.020400508232164202,-0.25272493761886067,-0.4546295726243109,-0.13349736621843464,0.09122642567371388,0.14081902479948075,0.06590506995967357,-0.4248044809369109,0.060255129791634846,-0.11850837426816119,-0.1846956508649525,
0.1318438082115731,0.2256025441013531,-0.628048197963638,0.20115582682882444,-0.2845804400488907,-0.2608577009346088,0.13619166499658245,0.06221796981690315,-0.07625280246765945,0.10370545389688547,-0.8577369652460735,0.18776922066170093,0.049203760800555545,-0.022163470190782762,-0.020612370625434383,0.18180846450720498,-0.05912489113573409,0.25607158224528265,0.09044011933753729,
-0.8110532392941951,-0.46856289487662883,-0.03962183653535535,-0.4920350920097397,-0.3527281052993014,-0.7488606854744311,-0.19088568752390309,-0.6003310253614033,0.9720664901112476,-0.4760487357041658,-0.24218459072153814,-0.5801685910113572,-0.3280628336782438,-0.7796927930483758,-0.7299455052029032,-0.7064288019987168,-0.4541679391384622,-0.5986772322640636,-0.48086144799294483,
-1.0187615965462504,-0.9254786356741519,0.36107193833901874,-0.6995140369566153,-0.4349558799380141,-0.9653765141479459,-0.19799199673410936,-0.6654425938510943,1.7728213922790557,-0.8457874734196772,0.16846492862707774,-0.434653299826814,-0.9511838442247609,-0.6120240196610766,-1.097156215852877,-1.283686025840654,-1.1189582202666473,-0.7179155019271565,-0.2792042150106509,
-0.6516252845904544,-0.4374383901152842,-0.3213529664450057,-0.4168575523095056,-0.3919945575069555,-0.6421320937555146,-0.5932695944270181,-0.8305835610020788,1.1189353799232438,-0.7567898967108322,-0.3814848146083816,-0.6728584842595893,-0.6440420982206516,-0.4187074111239686,-0.5173575454857455,-0.5335474023721956,-0.6123123313754578,-0.824947152866224,-0.5041691091809093,
-0.8482607956177296,-1.040888319595313,-0.14513998395374514,-0.9579755557190915,-0.5712923588960642,-0.7793717812297168,-0.8613450515945336,-0.701489799452067,1.3684146388184388,-0.9201355515898357,-0.13368472199734763,-0.7294870857925758,-0.858584616595041,-1.1043622189288382,-1.0300565928602683,-0.8698119073880733,-0.9812349693615845,-0.9729674425899895,-0.9002567289919184,
-0.21720819992419335,-0.3133173137385039,-0.981388188927717,-0.2801799624910172,-0.33124131647874067,-0.22752060200964253,-0.7075936628813898,-0.15712126042351227,0.13890152309722095,-0.23116348896693403,-0.7766195042032963,-0.5764096975612475,-0.48721374308984816,-0.10056179146405175,-0.21094553621886442,-0.17043440191919246,-0.3628222816856355,-0.07061396124608293,-0.5174782631245493,
-0.5068192519216554,-0.8171608172266607,-0.5838427149034755,-0.738108551854403,-0.8279681576668283,-0.35898132281594686,-0.9378887337696471,-0.8102059598860594,0.7298633788308927,-0.3949951064488077,-0.573464418480172,-0.7648865324804721,-0.7467576588087373,-0.5350814369397827,-0.2449032745974492,-0.3979725604845104,-0.6785283915526371,-0.6591509903259275,-0.6886426431060446,
-0.18726772785703208,-0.38012985692834433,-0.6384280764922874,-0.761723144608924,-0.8852747449917642,-0.6327969746745143,-0.8273211101127014,-0.8539023543321412,0.9509074159337815,-0.48349016288397434,-0.7555176039827518,-0.5997637431176466,-0.5460598953002169,-0.5684539225740044,-0.7301316263258346,-0.6965670135683281,-0.5391582075053396,-0.7735834085976663,-0.4220599325054878,
-0.700502161661398,-0.47725862280300707,-0.40127834256511713,-0.6230253804918665,-0.6022545045743478,-0.7170303663089153,-0.6285197057558579,-0.4851977818009843,0.9169404268906728,-0.6175152155920433,-0.41560308008572217,-0.6081550576906071,-0.5015688523495914,-0.643856971175779,-0.3759309145695924,-0.7007390550596223,-0.5345865499454278,-0.7610434565172859,-0.7508373101046064,
-0.6248411160144228,-0.7356483672839873,-0.6757232252797988,-0.6180242815748888,-0.6682674017137158,-0.3017016977285073,-0.5493833422817266,-0.42850703947939905,0.8518976491057403,-0.6191705120848265,-0.6769490404981474,-0.5615997989490376,-0.5321725632757158,-0.7694746287788067,-0.5929949307645953,-0.35807648073351944,-0.27391494274871087,-0.4193852977444454,-0.6821733785544634,
19,12
-0.19021988369894305,-0.13183285546210122,-0.3140903722273152,-0.3574232690262775,-0.1865677022731488,-0.23785056233851246,-0.37071337883712696,-0.23386654290673323,-0.13350451476033007,-0.33037743227161104,-0.10372733311595504,-0.37210148518355657,
-0.3247640271895456,0.003530282151122958,-0.23178236421570506,-0.09886827338503747,-0.12069499442974367,0.006110321847824125,-0.2766860639502595,-0.0045644865723673015,-0.1695128073481722,-0.3640148226995122,-0.4205267126053612,-0.29730865903755327,
-0.10222827921561176,0.042537766733024375,-0.05730476184974145,-0.17744926590794974,-0.3375951515200581,0.07330358073629606,-0.010204435382481962,-0.05741603671128581,-0.027644850833807792,-0.04196408794351431,0.09272440014895493,-0.011359207471087214,
-0.3015348836509688,-0.0728451799374705,0.06799741153466966,-0.31335515896312055,-0.0043236939916891865,-0.29498151556246865,0.02163744724707898,-0.1942243503542166,-0.4425681160581008,-0.2992639522953401,-0.2290816567344327,-0.048302600885627725,
-0.14119425733588717,-0.2365394090906282,-0.3410558285311411,-0.318128550798341,-0.2854928466280352,-0.09300954675499519,-0.2525235527827252,-0.23039687040984902,-0.1910028880244487,-0.07260764793908205,-0.09422082524153137,-0.20552857545843795,
-0.0962587014152906,-0.39120759280699663,-0.3285831957045432,-0.3286273161126333,-0.33973077069353924,-0.3523400200060547,-0.16570294454424694,-0.4454250419110955,-0.1890543649213912,-0.26588298274358657,-0.10962608101003381,-0.18295768236668636,
-0.07313853257155148,-0.2763379632572045,-0.07368121525041435,-0.1144268141329411,-0.16545819192225378,-0.31912891152549827,-0.15809832772500496,-0.07940013564091744,-0.07026775637725312,-0.2268451158242237,-0.15352000642891353,-0.33915849890187266,
0.061332236850621814,-0.09471519472584043,0.016491289495044418,0.0479954406291647,-0.3119136096203037,-0.1712112829730947,-0.22244618214756864,-0.37832842831718067,-0.28901161988240875,-0.29496879788319136,-0.18239643205300943,-0.2436759180938312,
0.770296443192214,0.6646418460945832,0.7379677884112394,0.7094586882454658,0.740900755601147,0.7853834212654314,0.7725207238304599,0.7876611658759458,0.7925166734433036,0.8569196420153455,0.8552471385129048,0.8245719511635792,
-0.29071591838916805,-0.13617721879277264,-0.04414233288304765,-0.3159758868708365,-0.34775815513183095,-0.1722709709585215,-0.1187870321164187,-0.24002192570884565,-0.24030615435207783,-0.0833126131584972,-0.39390611118882574,-0.1396503788503263,
-0.1401460437306934,-0.19210160080046204,-0.29698465134024377,-0.08441723897053012,-0.023112706799484083,-0.13002713380680447,-0.014695847693175432,0.016217927928287117,0.1849798351160985,0.033452498670305815,-0.16314408904078045,-0.02547257963489377,
-0.2946506642310266,-0.1499001472769762,-0.011565363736676682,-0.11388197083035223,-0.3446100842164161,0.005889851377999376,-0.3578621170249503,-0.17226028694345555,-0.3338037629081884,-0.06084046373044024,-0.17987683784904596,-0.1436112462258217,
-0.19301397806889115,-0.3503859026245212,-0.047949616686728404,0.007384765526474181,-0.27855903899304196,-0.19700130828062395,-0.16978558174002034,-0.19638425072759771,-0.2702309396041929,-0.2558745734214953,-0.25799524473716123,-0.15800500520513658,
-0.05184917738697336,-0.23039082296924285,-0.22843042779403008,-0.1495099183579709,-0.1385430058593298,-0.29307135631984865,-0.32889394730209187,-0.25301645782392507,-0.19409272728940138,-0.1444721007635949,-0.28455243759618865,-0.2378827446913397,
-0.3839783065481912,-0.21940810902421165,-0.26732245108773667,-0.2392880362537526,-0.15098415716139488,-0.44011479733234965,-0.22554410379009301,-0.07907717877567384,-0.08496712234136809,-0.4528414488014373,-0.14502328412973092,-0.2443957842723985,
-0.28237226470280663,-0.3456135621788024,-0.334061244829755,-0.4578828704587396,-0.10172947073413273,-0.20000847272255226,-0.3136123232487211,-0.3527881264478103,-0.4830077344951379,-0.17171220814374039,-0.1267625317599113,-0.240047126512349,
-0.10073522467779156,-0.13454021882783895,-0.3763119992100639,-0.10095525142239327,-0.12824643045101436,-0.015321823733677952,-0.258367242818657,-0.39854994859771126,-0.27499357949837144,-0.45068532454052235,-0.09563219399483065,-0.3687014796960572,
-0.3036260286781157,-0.20521241176241953,-0.22389277910242095,-0.06673134287130728,-0.28103337392261063,-0.1732121352347763,-0.23652601329775322,-0.2676648836427657,-0.3692074766090139,-0.06159152138111961,-0.35786863983570955,-0.14906338158237945,
-0.12021828858379491,0.0034405907653668024,-0.17528633591847656,-0.0670382378725047,0.09958753739749955,-0.3087366899144627,-0.1600200030421027,-0.258535556437259,-0.24646961602570455,-0.2006899317734653,-0.36886617890889545,-0.20512627104285266,
