# Pesos da Rede Treinada TxH=  0.7 TxOut=0.01
12,12,12
12,12
-0.927643605977814,1.2871225647541555,1.4530523848038794,1.0596173612053152,-0.6663353276845776,1.6211625734000736,1.0652711753363393,-0.6643735773128665,-0.6285396102266295,-1.011532540534146,-0.6254341244262062,-0.7354963500949288,
2.5813103797616512,-2.345308296949272,-2.1667943157778184,-1.9836051439519422,2.79964594051217,-2.3622260502515955,-1.7715232100810965,2.402236750978638,2.3774764666544033,2.620223669955677,2.5406363865318875,2.2793439080968056,
2.6557579450963105,-2.2020266948283647,-1.8613547930671976,-1.8860235981315303,2.6041003243981247,-1.962064383583019,-1.498067488270711,2.8060336622878386,2.735769907749073,2.2859364389780064,2.5705885134347137,2.0368595302190027,
0.6073831746049495,-0.3855697632460976,-0.2879906900346654,-0.5382454268891046,1.1904320011785623,-0.43755605093190797,-0.16330901301848746,0.5748385602354158,0.9675012740847474,0.6703214874850606,0.5758445138746449,0.7715732666716995,
-0.11416406883561041,0.5858088046929458,0.2743333844410377,0.06974425431803964,0.15903901910822704,0.7006949272875518,0.38808843723322106,-0.020710435883863447,-0.31728525676751673,-0.16864489842840197,-0.027341380870452722,-0.4873264558925875,
-0.6517131455259263,0.3629389148182314,0.4904216332268184,0.6121036996798818,-0.6924830158018355,0.6252797844710543,0.4223745596730166,-0.8196403960385764,-0.602685655064962,-0.577056811517898,-0.4521620622006664,-0.6048803358651702,
-2.104061554101586,1.8903122555809269,1.3390827285268125,1.466916963589013,-2.076849554130279,1.6857654609813542,1.2708280460316033,-2.1678377284498347,-2.2003731686352466,-1.7019980921856148,-1.8705446960426886,-1.8361963615442578,
0.5180659551475233,-0.5347658759305006,-0.7867715614566674,-0.7189851394328292,0.4060072913598281,-0.8733514304645317,-0.4674565504338077,0.4875765761846734,0.45980509999460356,0.5392569856395139,0.26922760265529483,0.5247675786925985,
-1.5054220254471926,1.0218558300719598,0.9874732718631756,0.8112691017181227,-1.4336521248472338,0.7837838709838036,0.6892001040088888,-1.3809390542095978,-1.5892724509627933,-1.2613213418071383,-1.3678515357183243,-1.060277608445989,
-1.6418366723687452,1.0482349640245185,1.1287738092516575,1.0876604420086304,-1.3472544901596857,0.9790987538318319,1.013407459076878,-1.7177072512691047,-1.4066659197902067,-1.6229023010695407,-1.4702347649467478,-1.1393413633788805,
-1.2861462422628311,1.181467652417864,0.9658116183212512,1.202120681035668,-1.3433810761165212,1.1157107323762898,0.8005844616874956,-1.464634648366354,-1.5844658713867932,-1.077638382851273,-1.4735142049463854,-1.0386793346878085,
-1.144576638772146,0.45748286055451515,0.5466871494324277,0.6544035594915478,-1.243849359919462,0.43448951867904984,0.43793830907369286,-1.066205076386495,-1.0712096925743728,-1.1880311641752714,-1.3039855398918592,-1.0940057016899871,
12,12
-0.19562410816222472,-0.15146471968764458,-0.05751007151042566,-0.35311119755483916,-0.29750320860735074,-0.20702072351769368,-0.18596619491018354,-0.19883957958495382,-0.22998809020104047,-0.2495180338764944,-0.15089481518274084,-0.2013425074306496,
0.3532604290350761,0.36032214862622897,0.23345612163911084,0.018402347274879483,0.295851242425596,0.36983143238857513,0.16490592253754505,0.15859394279887562,0.236582034769413,0.15668195820294895,0.19149665940842442,0.07076305459592175,
0.3685311991199207,0.04646125212676084,0.07433301821374791,0.16547023667570154,0.27590435983654144,0.08943198198752067,0.19829122553306114,0.25816768098022363,0.04513737329674819,0.143954675955526,0.3105983605439913,0.2697965076238304,
0.12815790207465946,0.09413281152093776,0.11305218609791864,0.22184327458288733,-0.08223476897888002,0.2638675032054154,6.049551393833624E-4,0.3301059869539201,0.3325668236396692,0.2925291231139984,0.3298418091084942,0.12140651261865308,
-0.037615421880677534,-0.05095531957639846,-0.1497731493101247,0.01879755682051326,-0.01111913681015623,-0.0991866246093911,-0.29267143246836297,-0.3415067108434916,-0.3072323620634832,-0.1397131821268138,-0.31321474529245696,-0.10472581553548042,
-0.017997410015800252,0.3706734015925052,0.2012120200826435,0.20684793287733824,0.2922161032143875,0.1623733058771338,0.465069511587275,0.06822915112378632,0.06361585230639831,0.2666328053746469,0.1524288930816546,0.40700781168507333,
0.13465964570585878,-0.033746827370807905,0.3113599589232586,0.28604512146611527,0.1431631491254522,0.031833933383188684,0.16762649352493816,0.2337862117476483,0.37372106738584765,0.23374916721148975,0.06775781874153342,0.151685658279519,
-0.076246260893654,-0.18840152369350735,-0.30015306735495667,0.07643252134760631,-0.47156530469039226,-0.2338668384341687,-0.10181419832232542,-0.159254428651317,-0.16828495142745067,-0.24868904798140126,-0.18326626396617607,-0.3320333742367742,
-0.3157251583599406,-0.11472173215306466,-0.2010257862894477,-0.3132545043243558,-0.09620359188112998,-0.3589291102838712,-0.22346429542050447,-0.10073279605833185,-0.09036958325947791,-0.2645402728577554,-0.09766445268952503,-0.13437242110659547,
-0.26192073455382503,-0.14615028995613485,-0.054099410638259515,-0.29056417899872733,-0.27308478687932636,-0.11167734108772545,-0.013137528161536632,-0.2552852568207708,-0.12652520334111939,-0.24676708919350532,-0.27751666460915425,0.010223542576764107,
-0.3072345051312017,-0.29180698169941954,-0.059031024624907565,-0.0988921442058488,-0.04072895683023831,-0.1749309281229741,-0.3388147615417484,-0.28344290971955977,-0.14508895929547722,0.08668806769509285,-0.23566957317744183,-0.33213144124847316,
-0.026777477579115534,-0.1322768258228509,-0.39269382453713225,-0.2214240843093033,-0.03190059413490587,-0.011795341152827911,-0.11298304876102194,-0.01926441056084407,-0.24992143975978676,-0.2863674741960656,-0.09020445938585195,-0.18341071591445746,
