# Pesos da Rede Treinada TxH=  0.7 TxOut=0.060000000000000005
12,26,12
12,26
-0.0862648060204073,-0.5030303324309441,-0.3237584317432968,-0.22008876901582558,0.3777087358051941,-0.6134477310077668,-0.36077309949198155,0.027804923462220254,-0.33860895615377984,-0.2875906230259858,-0.18057789134040503,-0.09528236795059829,-0.12458973918953324,-0.038727988459720857,-0.04185655620634547,-0.5023128012311587,-0.16923692579371796,-0.2557808740162469,-0.286275815929012,0.3882913717407613,-0.19542283032966806,-0.4696769135237187,-0.3058474192550881,-0.3148085581480414,-0.04786106264506922,-0.4102862499418695,
-0.3182978949391109,-0.5582915085928537,-0.5316857645281966,-0.32776505410372053,0.5567660667667185,-0.36394167575287767,-0.32077864402551853,-0.10190637874156289,-0.13363075386274992,-0.5745347023463573,-0.2457069764349538,-0.08681037067957711,-0.3973264361925247,-0.06142712712965627,-0.11267209725536158,-0.12466862344747309,-0.1581352877023376,-0.4779025421423334,-0.21764378889967395,0.6200628692545016,-0.3060295883919757,-0.4757634751298149,0.09627474437157144,-0.2657807603727911,0.08719300614338629,-0.36842659476908307,
-0.12851716776904076,-0.3226039482587253,-0.5757239603648473,-0.45992544725160867,0.2684783759925464,-0.5113085875460867,-0.500700868338668,-0.26814077121953245,-0.24278329245842425,-0.6018491058046141,-0.5515265719235302,0.054644051631483406,-0.14300783943361545,0.10415519810814743,-0.3706597437842877,-0.3226896869906618,-0.2682707664823042,-0.48042204352944273,-0.2009118440531247,0.5943670563081832,-0.5718585538170662,-0.4157802498825277,-0.03615232482477103,-0.6004488765187952,0.01669226964330832,-0.4455497147438018,
-0.3235137089891595,-0.30443514920588993,-0.1648608476365929,-0.26181472306595754,0.5560151710653235,-0.458871512640186,-0.5010891689313725,-0.001304778020350966,-0.08593762561890042,-0.43345033917557513,-0.47655280296378966,-0.201021923305774,-0.3294156146321085,-0.2694753907979494,-0.09244133071785303,-0.15520119926885784,-0.43557130326603893,-0.35834281668104095,-0.4811881034325857,0.3170801693426781,-0.14701960878136738,-0.37259336577961355,0.1055530387664707,-0.40663156306530873,0.185561094053053,-0.25802884795862446,
0.0717692362729847,-0.44244036473914017,-0.5774583879732184,-0.4422721868127508,0.4595427094578789,-0.3548377151972735,-0.1436587069757102,-0.17776187845464475,-0.31073507010884027,-0.4642682990177614,-0.2512260117491434,-0.18437614033686825,-0.5159974346036792,-0.23132403007186647,-0.010566764387966207,-0.02919229537161048,-0.5409323164093996,-0.6259091457555309,-0.653265846034046,0.511260545220635,-0.43050447269715403,-0.4791401050895004,-0.13666738069637072,-0.4267986051771403,-0.03553376027905286,-0.24345158555278065,
-0.009655384409896679,-0.36685034913119086,-0.18878872217401946,-0.3371005140052037,0.5059407981944684,-0.3258018097452204,-0.5394745921997092,-0.048854094301960485,-0.22437228618722277,-0.405139993544727,-0.5307092908505192,-0.42441575610675497,-0.4792822749039471,-0.23574293545363478,-0.026746102658998374,-0.33231177659060507,-0.2728615297481281,-0.5115575361313793,-0.44838046254259034,0.19519632986951924,-0.30230340015785456,-0.30502743741115146,-0.18853415038890176,-0.22780732828592976,0.09482567716949218,-0.2670343283896792,
-0.1477744079225705,-0.24594553681420336,-0.5228766532636572,-0.28940996852638584,0.30218482580344985,-0.504229452065748,-0.5094346305603138,-0.3268855633342261,-0.38647107235181527,-0.5413695141629415,-0.5611713520425545,-0.1080227066923678,-0.46758793089558737,0.050416101929880365,-0.33132743061040304,-0.5196587572251168,-0.24764217124454016,-0.24785718664432402,-0.24663663422400964,0.514016862303851,-0.5997569060891006,-0.6905837878926442,0.022927305950050582,-0.47363697558547435,0.0918365115035026,-0.5819543916963321,
-0.32685540123999285,-0.6507566338128997,-0.5275033111384466,-0.34064564700282407,0.5890815659426987,-0.268986384433167,-0.13906037835294519,-0.48575453884495856,-0.4536034029142722,-0.1593728131797835,-0.18748565281182533,-0.12962504229141933,-0.16162214741219041,-0.30729503972615807,-0.09895708631662632,-0.09876363440666233,-0.5543477863572299,-0.5866162943553077,-0.47267081220506024,0.6476347045761374,-0.47681067579418734,-0.6278502783011747,-0.22029259250806138,-0.6513496797036729,-0.05556579409402562,-0.3005442672730245,
-0.31152851491460315,-0.6528206379225648,-0.5536355302198541,-0.6438201536713738,0.3594151880905015,-0.24265785593139785,-0.42055117371727113,-0.497094219368339,-0.42170631504671524,-0.405745170897982,-0.5963889589460075,-0.4481363521659484,-0.5112520650227805,0.050732482504710394,-0.16762180602077303,-0.32582359048103077,-0.5419824834688755,-0.33861529265584106,-0.5261341497428736,0.28297114885588565,-0.43886905707075996,-0.5185177089360511,-0.2773138482948466,-0.5712908924567959,-0.27741153908754124,-0.5927256221639298,
-0.14282208269527819,-0.4530320356121595,-0.5601414929109632,-0.6048150433251495,0.25628259398873215,-0.6085661045766709,-0.20795343144049508,-0.4419807079275188,-0.46738420328564856,-0.2087849411608168,-0.5148320933003612,-0.41658194045590224,-0.14572925190546696,-0.1717713149731983,-0.12700358786282748,-0.47001611976726365,-0.3353172024073395,-0.24163563600591653,-0.35717468259696544,0.6935392729524715,-0.29762004419375654,-0.40496930848388557,-0.35696669393023733,-0.5635275661231848,0.09948152111777021,-0.6524303586833408,
0.03700258206548557,-0.3050117284605564,-0.4632753865786228,-0.6167149872909177,0.16470435501176095,-0.6488831592182229,-0.448966379700529,-0.13805879303688948,-0.28010622570779986,-0.6031761743569212,-0.27839059740513095,-0.08556502769352965,-0.11216182897702645,0.02434870113164613,-0.18412463387679745,-0.35563688802830695,-0.4633880777902577,-0.6686435121130857,-0.29818804985343056,0.40277537426105414,-0.5182771560878988,-0.4428902826287666,-0.29609615338364886,-0.5431283225509905,0.17679240069553284,-0.2721253470390483,
-0.2791680559759033,-0.393255113173455,-0.3557789441082722,-0.3399307628624533,0.42279847516785696,-0.417708618140234,-0.5638223136617293,-0.3053335709804405,-0.04325872440752453,-0.45894708932443046,-0.5993684450595617,-0.04927225440844969,-0.09828538998589326,-0.2738949392472018,-0.30771239254898197,-0.4229153815878026,-0.5390944610118238,-0.19570485358398051,-0.6425338066946,0.20150318776249335,-0.6097605026823687,-0.26933824316318106,-0.3354187865447262,-0.43034111458484325,-0.24120834261365975,-0.31306803824673346,
26,12
0.18351724256307778,-0.11471919986889137,-0.025620045166773478,0.02282969851693599,-0.06454387736603426,0.12500683775387786,0.10637999288409794,0.014193446077142517,0.013573615081057047,0.018970797563370403,-0.03610163274905436,-0.11136356798605873,
-0.16944372294660437,-0.2861225456823206,-0.22884513286621247,-0.04219700003509056,-0.20605303068405897,-0.0281744140219243,-0.17663136163385607,0.07581075310626678,0.07395165742963945,-0.04246104117829876,-0.10529835018601362,-0.17631521982263382,
0.05603214430144943,0.17093510538964182,-0.03881484424568113,-0.13546401376247239,-0.26711634275661744,-0.3078764947161945,-0.19067215822872036,-0.16591143915064818,0.06316269202029863,-0.11941640957282804,-0.35387713665725434,-0.09819882983363498,
-0.2047142592999528,-0.08668808650893776,-0.2261079077926268,-0.02926945190099001,-0.23710742023133857,0.10561236949743692,0.003974831306260945,-0.0033031949286756977,-0.22645637629270113,-0.07573988852946248,-0.1837020326123839,-0.004009923966038718,
0.4310373837121859,0.2387186336374221,0.100586492707235,0.31119939618133063,0.2216686124128622,0.44848927563436325,0.23766042921001174,0.29971445783954953,0.271701311070349,0.30262032409185385,0.16308726712687666,0.2788182789639788,
-0.23369392141364648,0.03336016158266177,-0.3046965903424471,-0.0273061921279335,0.0649086742898337,-0.303360208433462,-0.17577937768637245,0.10377476095888871,-0.22365985386545736,-0.22095211187367747,0.08037393964883496,-0.13632596035847833,
0.0771859653970436,0.03303526467296677,-0.22572239751853915,-0.14732157532191378,-0.0017461684016952495,-0.16867527739280092,0.008604693939607383,-0.0703469499134207,0.007057040169709828,-0.09542993699832053,-0.021906619422677867,-0.09058086676244152,
-0.20532797749020187,-0.009696210278519479,0.15806300968698608,-0.10993138978486851,-0.0900098192900947,0.10711997896075177,-0.012602297248199182,-0.02026882999898106,-0.15519032817361542,-0.015636045010992635,-0.07071352122655536,0.17602926212088246,
0.04782310959426813,-0.019405605889736107,0.0947191938539596,0.012343049021698168,0.13861123382817858,0.05331874270733324,-0.11342358343096469,-0.2141477846411216,-0.09371883306875156,0.10870305989587006,-0.2527072773802714,-0.1431466480959038,
-0.07069245897565488,0.13527103828471804,0.06821838312616633,0.05377835762310273,0.09143515713800673,-0.17336830286047147,0.009503271359301244,-0.18650840429061438,-0.19123337585136332,-0.23600463465769703,-0.24730521326044155,-0.367470635766361,
-0.2858404666334636,-0.17930413734299888,-0.08944233917151025,-0.1977177706813301,0.1604498474315254,0.0021605277992972293,0.06978127891894444,0.05774364666755172,-0.049219009407810016,-0.2630518768147181,-0.24645310739312024,-0.020080383917585216,
-0.0017845991184929247,-0.05515858815505261,-0.05462580772599674,0.2575746685846834,0.15465054626909086,-0.12490520324107031,0.0779214464817873,-0.1135295627736816,0.08245589893435684,-0.1360913023318237,-0.07289716304403968,0.20103571319748037,
0.023188291603735863,-0.0943571841639842,0.07903485426355202,0.003578082905466988,-0.20148686795246132,-0.1711622132248833,-0.03837861126848209,0.006733394235543441,-0.19633927184539934,-0.05501565734326194,0.020783537738223615,0.10105037796808229,
-0.07790060424150032,0.015268730914924762,0.15503413332961347,-0.19926180561320908,0.08962444517134756,0.05593202416479026,0.02329376384218383,0.07498128976871037,-0.013731736272234368,0.0718569896458061,-0.015531435981206647,0.11874362422078354,
-0.017121211999711554,0.14273224521695585,0.1817048543542785,0.09869598958973325,0.11046701431469307,-0.19565530276350238,-0.2348282745790034,-0.2058006560600274,0.15732809760748062,0.22700913016912888,-0.01722840791861035,0.042910847226221446,
0.019679748124256265,-0.2915532066472824,0.13765459548520034,-0.2520617214135531,-0.1341071059416539,-0.11925773335593305,-0.1968061441147076,-0.24275509739701434,0.056508717977407086,0.09925947176238364,0.06534325955392976,0.07339370961178403,
0.010284551335419808,0.1863051604988567,-0.30206183427903477,0.13936991838870608,-0.2082401326282858,0.15289319898895,-0.1290882188087853,-0.17252120849443342,-0.06258052776943142,-0.26888238262934944,-0.1543472651567733,-0.044878342646976835,
-0.15643635257154437,0.2040260820634962,-0.0542848252920015,-0.12921441548750617,0.11701658800098899,-0.2825720834939725,0.03398572089488722,-0.26282919787527914,-0.17206108532963538,-0.20791894130170283,-0.02840686516481233,-0.04296215331937849,
-0.1352999592000199,0.0014785356206983224,-0.11618647228582238,-0.1540338499042724,-0.28747602668678685,0.006938826901150083,-0.05339035400683116,0.01595313750871717,-0.15371012158580064,-0.2385729866236944,0.11544299229205508,-0.06388381927232697,
0.3586302152073688,0.37122178952309315,0.49260628788842686,0.2940163614581844,0.5067877217415145,0.30046969032436366,0.4834231078431192,0.5879036054098007,0.4751070365981432,0.5647458267447685,0.593504574236024,0.40080215549313913,
-0.09963156439283888,-0.3035018048733456,-0.23938634229865957,-0.045444812581030884,-0.3267550152349071,0.049823862545409735,-0.09015250494138684,-0.15259143423540575,-0.24982180703601126,0.06175037519088142,0.09951300991329406,-0.041426747206717185,
-0.29763975894265776,-0.18329438736105,-0.24225039992877756,-0.0789157472612558,-0.15204925393056218,-0.19835721817329607,-0.1114217221656477,0.09116465579578874,-0.227468651199191,0.11509476924561854,-0.022251835080586237,-0.2157662172272508,
0.1075057039770342,-0.0564511991234564,0.18381520213513192,-0.1715124855218815,0.18173520823491193,0.08926045401402717,-0.02684380203282523,0.1472689085763168,-0.0522660898796878,-0.1037542306367082,-0.06957933949923067,-0.1096027696700426,
-0.10671070433080777,-0.24040656108084688,-0.17418367158769044,-0.23491047690945738,-0.13031556311992754,-0.11986861964489082,-0.21304626124614323,-0.08186231817901167,0.09373590829500357,0.16177738823405985,0.042910717299617325,-0.4009315283186583,
-0.0957245426928194,0.17309373608121592,0.05810492044425229,0.3054864455067047,-0.058852094489196205,0.06081246696757876,0.22174113033927179,-0.06090719257010719,0.10304453550138379,-0.10985078620637391,0.2687165786199101,0.16799207036306868,
0.09628773081879745,-0.05368586943545669,-0.15897578806653365,0.06558681478403466,0.06290584479049606,-0.12678404567176538,-0.17509903190364823,-0.04448374478450862,0.0722096536328628,-0.2583241966670185,-0.1694882511277136,-0.22800203494559415,
