# Pesos da Rede Treinada TxH=  0.7999999999999999 TxOut=0.05
12,19,12
12,19
-0.5200515328666215,-0.494835079399844,-0.6956325317380531,-0.45876047741426884,-0.2712365886641438,-0.5520706683235327,-0.3276502108461467,0.20456873697161665,-0.3955753974731142,-0.17746323948158083,-0.516397905730349,-0.6446996977457471,-0.5975719294780858,-0.27162645999489127,-0.2359074967032296,0.006893076661788759,1.7040340437331662,-0.648293099687105,-0.5965206391955167,
0.9863514322068441,0.73668414168329,0.8261888992003429,0.7776303759850334,0.6910318729634279,0.5726035753689074,0.7940332483719711,-0.27011394952466494,0.9066276056353797,0.4513363381503883,0.6375635705803535,1.0067044999409458,0.6430683998902973,0.8776142134326683,0.8580912276915189,-1.6655761354794065,-0.22268690674738245,0.5688461661879199,1.0036678408021251,
1.2009393385284992,0.8131433101467708,0.806172775037008,1.1762182127087453,1.0099952038152389,1.1043386407322606,0.9876126624113725,-0.26789531080396106,0.7128840280148728,0.30745712850610823,1.0709161083017134,1.2088348075434754,0.6485294074697028,0.8151736007325564,0.8456449421130194,-2.1655769125435107,-0.4935208641356361,0.9954109684836917,1.220566560899763,
0.433455412194989,0.25905310684582666,-0.21290731110695985,0.43254340394330776,0.27386884662325894,0.09904609277544761,0.43579633044157423,-0.07430010919341005,0.09035886805982148,0.056132708310122556,0.255381999360781,0.2588731899570869,0.015874108894373858,0.26487970397415217,0.24229809513915385,-0.9825381958249378,1.1812597826364497,0.3596949079840715,0.2385324299346899,
-0.2914410762864998,-0.08636198031363632,-0.12105225045863605,-0.0024102027500203724,-0.11503969496997257,-0.0907744730108106,-0.005215857167653888,0.08031033356071189,-0.25908924888320206,-0.006792233440670115,-0.1721773271414265,0.0050054188791979325,-0.03945655555090405,-0.25802540601476887,-0.06455393096905991,-0.9227754694077305,1.9354566555013881,-0.24814116340415654,-0.2847973649014259,
-0.39326154958078924,-0.4697492514060249,-0.44634382363039954,-0.6069601342083399,-0.41366007682024264,-0.4350014687674928,-0.5823269747090963,-0.17309621233302508,-0.627332714439816,-0.6043140643356849,-0.4789790398465125,-0.4538163074838529,-0.6798285804783073,-0.5753126208002374,-0.5662789311493683,-0.4153886263782881,1.9260179826918233,-0.2815987064778771,-0.6109992626970049,
-0.9249043316705396,-0.9686897762524461,-1.2145424186351885,-0.8590799570614853,-0.9004473744793325,-1.199570942495085,-0.9219611284119802,-0.465619058438317,-1.0573910818482892,-0.78817513614788,-1.2223828920905895,-1.1744549020708537,-1.232884102339692,-1.0835106379063475,-1.1418659674667404,-0.06356447167084014,2.9877520374130686,-1.0741159907231423,-0.9966716966516788,
-0.4344766537905213,-0.34145593197527746,-0.5283238497406684,-0.1361230983307482,-0.329099849089247,-0.08749281476442444,-0.2760769822130199,-0.5588466959397496,-0.3525080401215338,-0.17224000653086624,-0.07054548657813847,-0.3102291940032927,-0.2396572947573721,-0.01577064982670473,-0.16476814003882068,-1.0091817371343246,1.5823508495368812,-0.30255155933890954,-0.0613277986003069,
-1.1830079948048173,-0.8644217273680471,-0.7787914043752089,-1.0130452321499441,-0.9976466198016891,-0.7078321978988731,-1.0639472988568472,-0.8157725650458583,-1.0140584735345206,-0.8007298097964853,-0.9731302237561922,-1.163403234531992,-0.8270505081605952,-1.0868073582304458,-0.9380542288193344,-0.3710968549081227,2.6939883898440917,-0.9511612209756519,-1.0473136515203705,
-1.1735714302567413,-0.9624516321532908,-0.7351888545676559,-1.2841722246878962,-1.0360295955682695,-1.0096604307979742,-1.188372360483559,-0.5234299829138822,-0.8461598442728102,-0.9059112586384995,-0.9809134541179488,-0.7689062459187876,-0.6686655581769618,-0.6563783464808003,-1.1387534869940406,-0.5288448497515773,2.5019952615665915,-0.8295135665031869,-0.9742280189531958,
-0.6738038316542567,-0.7326254942564838,-1.0657512477338065,-1.0184439137169012,-1.017041173790277,-0.641918348407484,-0.914678331158157,-0.5466809564941295,-0.6182766845678829,-0.5763602852678422,-0.903687909151012,-1.0283989107813467,-0.632846775615917,-1.0790020153465052,-0.7903479824816256,-0.05478467830517583,2.5623542746228583,-0.7619552089676523,-0.8348039217323437,
-0.646213585158433,-0.6132788743594201,-0.732542743266977,-0.6416411707479877,-0.6023909475958066,-0.8875398081426479,-0.6582662968318275,-0.5671121637782308,-0.7984110644849233,-0.6026264311705468,-0.5381881867757795,-0.8833177049884252,-0.5321606504694893,-0.8631944899072894,-0.6329615926295511,-0.8062826172230678,2.385227552114411,-0.6170565868886937,-0.7780594196955324,
19,12
-0.05046425170168213,0.0867630964171121,-0.18745350137941522,-0.2183707222505304,-0.016880153577343324,-0.15818849427959195,-0.33659916578733856,-0.15119963241562528,-0.10372001536093549,-0.19220273280467515,-0.1897625735508038,-0.1324273298847038,
-0.2479554796987732,-0.12002755095240618,-0.14729614126943255,-0.1942409747335992,0.11220751921739473,-0.05465173731092219,-0.2660113624298,-0.048602948706439594,-0.3232489002164675,-0.2297414603593995,0.02994176738745573,-0.13204467458292166,
-0.006496131902591455,-0.1252342533981033,-0.21790632573177499,-0.17108546525599266,-0.2933186788367623,-0.06583569540922594,-0.29953877125095535,-0.1474700324533689,-0.021537697802493327,0.028185934214286248,-0.1868594356795935,0.05270175052781413,
-0.03403418962490671,-0.24851427390379455,-0.08427103852162793,0.125231469416791,0.04831080081186106,-0.23933115489817294,-0.3626383482667716,-0.14579103025093354,-0.01837493785220496,-0.23356850405990007,-0.3410679994692695,-0.1628840427439476,
-0.2078474474095927,-0.18997800260213035,-0.09996135974955807,-0.13979805437095785,0.10565783204841771,-0.09703955862163198,-0.23033199289873807,-0.1741144636837976,-0.35836225970369234,-0.23701090479139542,0.010478677584324646,-0.08079772695867425,
-0.3374796849416778,-0.09070494909514472,-0.14475415997565608,-0.15530919750735894,-0.2388335175508219,-0.18718957628601915,-0.05031317605457662,0.0423455616087176,-0.20923446298821102,-0.11794436108994856,-0.060452683366948215,-0.16403135160579851,
-0.21523145566181331,-0.15183550688401934,-0.10856475512393234,0.06172617869171428,-0.17407568971179244,-0.07396633376739825,-0.25585610485729854,0.09823867550959905,-0.34669483992207334,-0.11098586492492517,-0.31916658293008415,-0.16614028182860938,
0.05958828607722268,-0.08335473408747861,-0.3079339051958347,-0.1968424010736591,-0.33154175462238245,-0.12190345840948534,0.027015011042108916,-0.16874555801268096,0.05031639268912349,0.0026448049164343413,-0.17058826944569128,-0.09773915266823469,
0.0381875312640559,-0.08197553751017,-0.25069128065040586,-0.11978172089050643,0.011656521431760054,-0.2880024916396985,0.044641704050160075,-0.0903296389720134,-0.04259052142520154,-0.2665806766969499,-0.09027527634920136,-0.2683779741853436,
0.007295553942762983,-0.0867009358677789,-0.2091097671243951,-0.3840853893745851,0.021355496444464838,-0.125241836321306,-0.2644155383581791,-0.19449261494795617,-0.005832217372428696,-0.14243665658498045,-0.0778067117060789,-0.1100491066773756,
-0.18448970504999568,-0.330331804793586,0.10291845783449315,-0.09836628905920253,-0.2446342340433432,0.028194907587925387,-0.08535696528971529,-0.26933021013177416,-0.12717863515808872,-0.09961952994808919,-0.2331757156560913,-0.053221042422676085,
-0.06320152959264226,0.13763444134517233,-0.11370236306128714,-9.81872074322403E-4,-0.16875488898002647,-0.25983398791990914,-0.07081809550386611,-0.18149649154963135,-0.3578522232083975,0.01746139170554255,-0.21427835193930617,-0.2285129730435616,
0.0030249339681042695,-0.22959721650174084,-0.012875446541097612,-0.2989283951622208,-0.2808396779710909,-0.012793718220187641,-0.05339531455205367,-0.18851361237596334,-0.20371856290475507,-0.001742021881501267,-0.19266197787557704,-0.03622333151999373,
-0.2657698484640215,-0.030813713549613146,-0.14254989481300817,-0.18635061131706315,-0.2526504689128136,-0.0357534104410558,0.052603712712041936,0.015904856946266473,-0.04451947434608242,-0.23777227542115198,-0.12961658140760488,-0.3273413137226985,
-0.263074787495071,-0.06856083737292815,0.08196512334189208,-0.1337098380777284,0.06444644995258056,-0.20053117253081681,0.014391085855124332,-0.3251795434794476,-0.16023056224956275,-0.2745186549822164,-0.1759719060289752,-0.1757146537489296,
0.047721475230598547,0.013802798451836656,0.05659450220905892,0.06745959232759222,0.031409523251852665,0.1462550266857979,0.10053623724052226,0.1461364147952386,0.18737052164303272,0.20355875641547738,0.2596520537777902,0.17442477958967303,
0.8392220957374886,0.7205171965479378,0.7832955381482196,0.7638359459665708,0.789968081662601,0.8143321168613478,0.8457774513327303,0.8630828783452836,0.8742182019520734,0.9225551962867853,0.8721874584955618,0.8818279245480556,
-0.21792712582331902,-0.15468974616508643,-0.1340544890110718,0.1971476566065189,-0.3182994746636508,-0.12426264150776557,-0.051757471665123164,-0.23099690752714552,-0.07104357778097029,-0.30662055810370425,0.07203974199181871,-0.28406564349097224,
-0.28611907522296454,-0.14484408682747082,-0.10949070064858853,-0.11951485007941813,-0.12469733366893643,-0.18198276526377577,-0.13485093495371578,-0.19056868861235274,-0.0687336965506284,-0.1552044168224412,-0.17581392731942533,-0.0057135714394524525,
