# Pesos da Rede Treinada TxH=  0.7999999999999999 TxOut=0.01
12,25,12
12,25
0.28314442404739,-0.47016309292813685,-0.4154073644898734,-0.32296073699189093,-0.5580631521936567,0.38636886663659603,-0.3778873598432829,-0.10207678715107399,0.6104159945956733,0.186088886516327,-0.5964883172489948,0.18495840551435666,-0.13337422519667652,-0.41478387997259225,0.4544627297545586,-0.6176121871985718,-0.49074752804420146,0.17384838701668287,0.17259349803228968,-0.26384258790835596,-0.5914378867742337,0.33010162152474254,0.3372386092594879,-0.30811588235053367,0.13136363485060584,
-0.07947584022697551,0.13419299113398586,-0.06494988736285685,-0.6245058964488788,-0.608324912151912,-0.03793638454005179,-0.3197688291404103,-0.18300531435180434,-0.14518991944746992,0.2395514177044345,-0.12355907679739346,-0.046570069457838745,-0.3209604040479303,-0.20352721216119968,0.016057960301537274,0.036207212260318894,-0.04932816180061756,0.022636084082590446,0.2728956798874854,0.02364612151564978,-0.34529022949875676,-0.053686939749162096,-0.08814854702946266,-0.5977398676392276,0.03034105076249142,
-0.03903685043699395,-0.36940658406684673,-0.4065467083726591,-0.576101876681337,-0.2884815496792328,0.17247195014074843,-0.36719028937033377,-0.4422458469767293,-0.0885120289478099,-0.004187345445959209,-0.21949719561737308,0.26411028203086073,-0.09503597546545617,-0.1391288731855005,0.058136779565395494,-0.17235363899880443,-0.4076107229881294,0.04916193232622456,0.11417518532217025,-0.1536203601038813,-0.2829546621197744,-0.09559241935430152,0.12415751196909484,-0.6782849054100369,0.2451970251978083,
-0.06423232306437372,-0.11306925842681063,-0.4740998545825141,-0.31587866334941817,-0.764255219120254,0.014213563694590777,-0.10059650654624679,-0.406542726578059,-0.11661488106498774,0.0013226139324332628,-0.13340239259246528,0.20748477198321774,-0.25376111983551036,-0.3038265026077511,0.23875701906601346,0.037646325774065764,-0.1737907216916538,0.13513088957613925,-0.06393240878951775,-0.08480913224863444,-0.1545280385453276,0.15593366304182385,0.25321473849458914,-0.4110954517133975,0.11890875193379567,
0.3056297017974107,-0.3602354523716083,-0.12914178805314824,-0.5167499545447896,-0.6353167881394546,0.09143792242166468,-0.2209299607171802,-0.304313143887833,-0.053816150861613565,0.28021525758117294,-0.43494168946024975,0.1419054912325518,-0.2738691073567219,-0.1212769101910829,0.35989954445561173,-0.49531596245896625,-0.11446347158692997,0.14031436591048102,0.2892880798341761,-0.33901030771727336,-0.41547692012829573,0.2839230190723607,0.24629282322664187,-0.2121984726738249,0.1388947322876648,
0.3744296054719898,-0.3027189383816672,-0.5302465642336953,-0.09457059720778609,-0.45001688857205746,0.003309989087701762,-0.23411034028986394,-0.27163999465475913,0.28714399497102233,0.15918058841860133,-0.444885623360304,0.20711095743194385,-0.38508981608603554,-0.41221327761769433,-0.05914058513892147,-0.12943436190680502,-0.08150113318996634,0.13207479483879123,-0.047322702586364555,-0.22398503663016395,-0.0037089891191422943,0.3366852116841668,0.05906521048613553,-0.3465757616617429,0.17940605926427164,
0.4248737431221594,-0.4144895209643201,-0.451052699218722,-0.2241424618804324,-0.47208679369632384,0.24056857859996755,-0.0849637468126635,-0.23896117726742985,0.26155765077214244,0.30017285578493774,-0.45003052958503215,0.1851221180963464,-0.3429147058080039,-0.2729629682278511,0.42750611473534667,-0.11781606486663453,-0.3290206890858354,0.3958230960904909,0.20957404045835362,-0.34857372731201247,-0.4642421282644775,0.05030939504334153,0.11949276105247598,-0.29545974623490545,0.42312040257834477,
0.10845473793015985,-0.06275941128882519,-0.42059222549460035,-0.31098764833367226,-0.3024671212341063,0.23863065282775275,-0.35782721573117016,-0.45262769377613304,0.5814961394762878,0.14903321366864797,-0.24200782902280685,0.08874893075141511,-0.18221806888731343,-0.29957146166753956,0.46250180273018,-0.5495741048762746,-0.5942467111902666,0.43866024147483934,0.30985254309920457,-0.362961478563873,-0.02179753937224114,0.3883897450243572,0.4818698796855192,-0.20277020426705475,0.25101895310142197,
0.26535116581193174,-0.3611771828100346,-0.03191768411892565,-0.3014150867933564,-0.42951311903463735,0.3757664896319666,-0.3091360564508545,-0.2606781904079797,0.3973593790469191,0.24112116365899616,-0.2999101565068571,0.23470169170527205,-0.2546299231899346,-0.3288963678214339,0.3485738929681227,-0.2775487824822092,-0.10782686735277038,0.36507897900435304,0.2766730465659805,-0.21788087169152537,-0.29106777427195485,0.1973056583404273,0.35412598843607296,-0.3208950074842573,0.1507158908077422,
0.6961897535620323,-0.40680763204172365,-0.3497144437003467,-0.453187346579185,-0.1892348397346882,0.5428801309707061,-0.26369615635451005,-0.33505945752927935,0.4708376766218298,0.6160569128699743,-0.02674114761290656,0.2925241556887716,-0.2962490490446966,-0.13716906833279896,0.4506284627740905,-0.46088129830138225,-0.14269836955760082,0.46535802556758277,0.36513644844747367,-0.4867740603300774,-0.13855114228166332,0.5817570915036457,0.34326865161243,-0.18345640640106456,0.5946551055794145,
0.5396872773870436,-0.14402978411785905,-0.24364263454720225,-0.2583288178051821,-0.24391105079857936,0.43990481069998116,-0.5647403078800259,-0.05492837785535598,0.47787714103825,0.30589240748238244,-0.4074652219925313,0.630408401259084,-0.33385855136840803,-0.518483305440533,0.275221730775979,-0.30376236998008144,-0.2339318810644588,0.15257382904435668,0.5610095760607804,-0.2718828471950492,-0.2995194083418493,0.5941452943363191,0.33921805850769954,-0.195430535304702,0.2666932865419879,
0.03153346446545414,-0.25230974701325437,-0.015259943999518667,-0.12274400677812586,-0.12821560305075697,0.39860918790153177,-0.18542739319165794,-0.22383918088835042,0.07023368589267145,0.4633217334166085,-0.307708802462559,0.4062727327903314,-0.10279299667725923,-0.12272010055313923,-0.03095932051174335,-0.22319049292325943,-0.48526551311542826,0.16459422109941024,0.3802508742198142,-0.36150462367121916,-0.4123822140827149,0.09739374076349723,0.25615733162046755,-0.5573203790631589,0.36042958653638424,
25,12
0.14295717429135427,0.3238332070160157,0.10898106376932035,-0.07847016488445498,-0.12364799284804544,0.14704089951175628,0.026268164672444784,0.19799860190785504,0.10160245729819188,-0.01484508522840626,0.15377948718653534,0.06846959782599424,
-0.2807983974442431,0.0944081539467215,0.002760571553573927,-0.2558074920580966,0.12856397201108008,8.355258071755346E-4,-0.10239833654023946,-0.08716133209748282,0.045272503137973784,0.08998656083359129,-0.28547505464670364,-0.20457000278591814,
-0.018359692253212746,-0.01315107835117366,-0.24947764649240492,-0.17155846283057552,-0.12313424570318524,-0.16181707984287755,-0.2038730485820492,-0.2956655718629411,0.09590000171737104,-0.02343076167911555,0.10259029660762821,-0.20788683835675606,
-0.15709173995768697,-0.12346617333238302,-0.1748846872021702,-0.0731164675476514,-0.19507025980502818,0.020340312121046762,-0.19862440249345403,-0.19766841635622978,-0.1767059299270892,3.8902225655339646E-4,0.14018344986539383,-0.10152747371565114,
-0.1563474816404828,-0.22410956039533675,-0.09174329106517913,-0.09373525287368117,-0.2832751598166664,-0.18222226419528684,0.015026332349200857,-0.05346316583013102,-0.013061075053343868,-0.15043062295758283,-0.06479539947243515,0.06514514816395972,
0.03433402993655253,-0.07600420520054028,0.36944515660203725,-0.12240460443953226,-0.11331199430052573,0.06968912806566421,0.12678152428692355,0.23924371491147792,-0.016509278831056486,0.06606202433373295,0.2081806216006069,0.16647208819272427,
-0.12331786490762074,-0.25727004288283256,-0.21729252414464953,0.0647734740974263,-0.0366448611130883,-0.039148439441716226,-0.17657187571088295,-0.13522062524745465,-0.26003088215551223,-0.0758474530255841,0.190396598561166,-0.14674251423632778,
-0.06816685547424797,-0.0730478587140411,0.10277747126973791,-0.010859286650841389,-0.3646715810071646,-0.10940858453308591,0.025132534347557967,0.10497350680780414,-0.0092307916029501,-0.12270395423395532,-0.28278904968912566,-0.24039351291716413,
0.03678749039286308,-0.010817629349307595,0.11434259680767421,0.2393581427946559,0.2674017189055405,-0.03276668501676577,0.18410253103857094,0.011494057477179569,0.11051166733639742,0.1950272751060192,0.07361577841252395,-0.10246728071908943,
0.14213310504381957,0.2362654521840415,-0.003953236684891285,0.1931708815659362,-0.09987472276932013,0.27429462900471624,0.1573706137923088,0.021901862318357584,0.14153236162936275,0.19062022652157173,-0.15043155013878645,-0.005604588650629886,
-0.2803693595419453,0.08403896744561297,-0.03839585277938521,-0.16835970197286831,0.12098493546221371,-0.2973143853933999,0.09009077340257997,0.009425661212179352,-0.2157306968721965,0.09052169600003829,-0.2768838735251605,-0.2769428191302857,
0.052851787038106876,0.09475335276437599,0.18639983615852296,-0.010904826294593148,0.17375093630441021,0.09932210562893101,0.08024761759859848,-0.16731080256310746,0.24862591369805961,-0.06355126927420585,-0.005387483044048864,0.2683956604477595,
-0.2766749713108546,-0.010242042649709794,-0.031624395836396854,0.15566237676694478,-0.06097079014468909,-0.007452953967380987,-0.004684276329676627,0.09600014609215567,-0.19714954594786518,-0.09754653734590837,-0.056571828323655725,0.043044527502721384,
-0.18083187163015504,0.06214972604910976,-0.25125180771536354,0.12875310939198922,-0.23898389088122016,-0.27627427299904195,-0.027109325432344837,0.015561381502853978,0.09673672184431549,0.032559761006161585,-0.21131772604922264,-0.19040961285408792,
0.13638549634321268,0.11576371422704868,0.11351604989032381,0.17278049194762243,-0.04860778634070734,0.15319572335649972,0.1078081238812497,0.11094576435949534,0.1359466178499898,0.15455096699144302,0.03736988511765069,-0.042746640043748375,
0.16075186813980807,-0.13521021765843305,-0.20834669505518014,0.003856273973723412,0.1290275975317522,-0.27872845145858716,-0.15158906474186684,-0.2348478987308986,-0.14414710847654386,-0.11254789721292259,0.013691165488417716,-0.22419946064016877,
-0.012790148691825393,-0.17557472940742294,0.0953049015057401,-0.16683755566577693,-0.25333525456931427,0.11213995020843709,0.009771809809194548,-0.037278241036864425,-0.3255482602147237,-0.22005538352738163,-0.24998560159565336,0.06978846605785882,
0.07397464709514213,-0.11868940138211312,0.12388258913305178,-0.10892351029115165,0.2638833502024728,-0.032353010143978636,-0.04641621070985471,0.02922556871819828,0.1788159801079171,0.05184992241876327,0.2279753757174007,0.16549865271142067,
0.19959550257635658,0.024851219240376747,0.07313804571842752,0.043255955827396116,-0.035617391393482155,0.02691072830536363,0.06527133826810255,0.003162264332258945,0.0031511209814159987,0.19178448456667727,0.22509079545991736,0.13666486475759532,
0.041494167233147895,0.14125263036656108,-0.1383988373643569,-0.24145813371980665,-0.08390467555271724,-0.09446505733437187,-0.17766207283983076,-0.15986177015753586,0.008930943034810183,-0.30547761129659456,0.02447864600609514,0.04783537763887318,
0.03477707673868814,-0.2604466501078131,-0.14043343692020058,-0.2134515116498712,0.12568192005714576,0.06637082778900168,-0.08410802738608134,-0.2985345438481996,-0.042023462812121354,-0.2008891118304107,-0.21056536322054692,0.0021072053967519217,
0.1526178128719089,0.12145842036181304,-0.06857069440576666,0.1366829813572195,0.12105445648587898,0.24469789723144222,0.013180972648172067,-0.04240326232995475,-0.057700067332017116,0.1941533827505391,-0.040400729040637996,0.2834554537066367,
-0.07065014609680345,-0.0734100051917752,-0.06223475152282666,0.2052722096015992,0.2688908548333612,-0.09331786686317939,0.16617529178464,0.3030135126815751,-0.1582310591884862,0.16981340959873156,0.19642895421188203,0.08454461170488764,
0.0783393745667348,-0.21646823770188775,0.10006304794558013,-0.1669252443753123,-0.13336354493949448,0.031177389502079746,-0.2859368726060022,-0.06493540470353967,-0.15134055493169823,-0.27966882622172284,-0.16272413481455184,0.06082129349448247,
0.0060415117328439984,0.13633251807490318,-0.03382657836042773,0.20264878539404077,0.24105247279185124,0.044848594166221716,0.046320291790415254,0.264593437351859,0.26294636307327585,-0.14517903860814727,0.0642305031912532,-0.017436924614418738,
