# Pesos da Rede Treinada TxH=  0.9999999999999999 TxOut=0.07
12,28,12
12,28
-0.7569448881789995,-0.8132233148310741,-0.5867854137924211,-0.6584511698963409,-0.6729233086372395,-0.6077874990613051,-0.4511683613039262,-0.6105881788311005,-0.8233705892229533,-0.7277683107305765,-0.34321793377886806,-0.17855692127466255,-0.6257395605147795,-0.6946029498472686,-0.788297478918968,-0.4765200053540039,0.8717242485774972,-0.40406623448442547,-0.6837950074116903,-0.44410434451175845,-0.7113980836197529,-0.5816173449783549,0.904120117359012,-0.8133299638507857,-0.639111998878963,-0.6637014582036949,0.820727895622001,-0.6733561680449759,
-0.11427011079188584,-0.45272176834986605,-0.5136692958087293,-0.6934616799702944,-0.36325153986196934,-0.3667522438622549,-0.5124730545735147,-0.2928947629828625,-0.5946268276381511,-0.6519055039225395,-0.4584068499668125,-0.41272274089542027,-0.10971801222862995,-0.3802234374600975,-0.5195373951274617,-0.3630387779079022,0.41564161754086154,-0.2172876862396791,-0.4035793049864422,-0.2998669560844193,-0.3125663636468976,-0.1490013735883588,-0.021211837131069916,-0.5183002193501073,-0.21373049927694338,-0.16451883257118513,-0.1172880869843342,-0.3002992288922764,
-0.29227035595954587,-0.2757300260989833,-0.2242998026649362,-0.45534954710609576,-0.4912584036819146,-0.4541991017783882,-0.11459269163500461,-0.3664987154699055,-0.3369227180520611,-0.2774424142119342,-0.4670653909169153,-0.3463216237289398,-0.09114273937960611,-0.2655968136567131,-0.18586063983130874,-0.18043267506560043,0.47056170295391486,-0.2411683728705757,-0.3877828535999395,-0.37991373554309477,-0.17427235190042545,-0.25209278469228275,0.15516442788931684,-0.4251756786720179,-0.4663040669621582,-0.1247672304090945,-0.12092468393809243,-0.47159010332976126,
-0.3387349838728488,-0.3968298932674952,-0.856592232508992,-0.7991167719014217,-0.5814294861536656,-0.739201025022153,-0.5284891704689605,-0.5354518112955339,-0.37839144584006473,-0.32649177354317627,-0.5060475193954406,-0.24286416828638674,-0.6512174540856558,-0.6688252363991958,-0.31022587484655084,-0.7285987352304207,0.5888811507213734,-0.36631935853897785,-0.5433926695709551,-0.5524428758243324,-0.4275002125928561,-0.49101457440648366,0.5880560112277191,-0.5074582394140194,-0.5184351588859676,-0.6210635313198264,0.49375465248057104,-0.3634681917402674,
-0.4955234757742638,-0.6098082229888798,-0.6557623390892375,-0.45463874735064047,-0.5460345736108901,-0.7600846296190498,-0.7691036988167167,-0.769010093279127,-0.8087326902774364,-0.3976338140565135,-0.695417370230128,-0.42499684944788413,-0.4838608836935284,-0.6096140457807515,-0.4885186863868712,-0.36955716841818526,0.7859302400769246,-0.7892176052709541,-0.8643766151371902,-0.7669102436048548,-0.6862062110325736,-0.5277528437280723,0.8174243202086262,-0.7553942911131433,-0.5043981783922773,-0.6919798002736841,0.37763186875884847,-0.8534190926975447,
-0.7466312838207657,-0.36304048184420445,-0.6592753470322874,-0.22344713331182178,-0.3360356702284456,-0.24653444536508504,-0.368364013192534,-0.401084459258699,-0.5096022961152473,-0.6897408884053372,-0.610496909949443,-0.6769500738543932,-0.6845445861685485,-0.2594447489383372,-0.5128650919782379,-0.41760799639250573,0.496711788894399,-0.40389653326589353,-0.6283233654283151,-0.6147579376419983,-0.6185769635454271,-0.5842441815862874,0.3325923727833151,-0.6656895180399209,-0.7408831990245934,-0.35917313401438955,0.3551943002088199,-0.4541015988584585,
-0.6259523021146579,-0.76279362609211,-0.6019572906262293,-0.4868196444011568,-0.5437779471909822,-0.46272734284798583,-0.415643468412807,-0.49771186068662404,-0.41251672464982614,-0.3650051412191043,-0.3453284607082577,-0.44817401913532273,-0.6848355777254475,-0.6185977658787539,-0.6865762573274998,-0.5211342360726536,0.6834194680055711,-0.46458876073909894,-0.39487464968042474,-0.6813112340941267,-0.7092093701247927,-0.5689634044354248,0.4533753025403498,-0.3405103907745992,-0.3917274177751397,-0.5751347087471054,0.44718332576327596,-0.44346665403369717,
-0.18068496033537282,-0.05441436923810268,-0.20537947655587396,-0.08790870612718273,-0.5823502896077305,-0.41837452300566663,-0.24273662391328027,-0.4209649323808829,-0.42737825386046274,-0.40606553891155145,-0.251902970340603,-0.45648549021323553,-0.4742440130509497,-0.5723294592504333,-0.15752486579440814,-0.4371231228927622,-0.17546003966745025,-0.2720374954354394,-0.21682878342402986,-0.29706322017549414,0.07087761930579659,-0.2555735050665716,0.17559169321889329,-0.33931446231126344,-0.30693398701829155,-0.2740865619505208,-0.22425692985996504,-0.10475263220603982,
-0.5639892414618994,-0.14350790634417754,-0.19985253436635678,-0.540007988914281,-0.20269799821997908,-0.2930009066864387,-0.3374728957472514,-0.16573817952795117,-0.342258145417584,-0.27469149989698594,-0.309947478833354,-0.8593248749578758,-0.17117529634187698,-0.11073767731683795,-0.29703779174489026,-0.48143260800081455,0.27491654243766034,-0.5754181963398828,-0.49057985948125954,-0.3485496360010853,-0.48600235956984367,-0.4815450444175189,0.24804904069594214,-0.4880577290237105,-0.37030944276900135,-0.17088132439910653,-0.2898764722403364,-0.12099993610981324,
-0.42189755439887766,-0.4268736462700707,-0.48899939843933926,-0.542183169036931,-0.3055096789117917,-0.2011150106263697,-0.3917021259446748,-0.6207079754715995,-0.27038725248438045,-0.5926944679625616,-0.4619466470508268,-0.42335504360066817,-0.21528129360744755,-0.3162231351745601,-0.29870926728674085,-0.40385296952149063,0.13121578498531572,-0.6562881099748016,-0.2838029918396326,-0.29718018469959995,-0.4486021833971326,-0.45183569899256437,0.20421783358555717,-0.3183455750798682,-0.1860269580494114,-0.40900712161211494,0.05578488704848686,-0.5193498674723294,
-0.22963728540834358,-0.5666943519511218,-0.45307063078413584,-0.2098836017698526,-0.23994357487744644,-0.28631562701700036,-0.5751405494559285,-0.30330844372052235,-0.28294734377653513,-0.3018768587724375,-0.37340963030758423,-0.6231037738360512,-0.6630052209543243,-0.5950006715626143,-0.39377291004551895,-0.398608751773175,0.15629918621158603,-0.44553230650083203,-0.18871165701903359,-0.25239657740986193,-0.4743504419068685,-0.42497436794389526,-0.003603812451047652,-0.14987529173322287,-0.6617871494641199,-0.6439569198720682,-0.09191801465498686,-0.5778058538493108,
-0.4643979781047387,-0.6065587071139026,-0.2210049109302896,-0.1731119594218994,-0.6602293720474524,-0.45858071549718543,-0.5753306941227044,-0.5035556832028725,-0.31058687790228445,-0.42457062857470035,-0.5450948979355255,-0.6503224183092854,-0.4023733099639561,-0.18202557389047871,-0.5828837605200726,-0.5437106457253332,0.3992176285456714,-0.37375507562447774,-0.1541770041794567,-0.425240574038454,-0.3732840728318262,-0.5611735411783629,0.23019149924049084,-0.20613271733628663,-0.25041313819290745,-0.6254726113219216,0.19516716961557604,-0.3938850896489108,
28,12
-0.03828031058342631,-0.04810956190595923,-0.03104393238114512,-0.040797271600826565,-0.013319169768702626,-0.21029746303018398,-0.06604835305088949,-0.10087831301316894,-0.18860848366965716,-0.12067377228544353,-0.29966350174300077,-0.22900628164849066,
-0.29182745885757044,-0.16961640519763269,-0.290929546261874,0.06697293272264439,-0.0018607633610728525,-0.33778025910308257,-0.09121238321048646,-0.06450590023270761,-0.2285447829315654,-0.07980556503567708,-0.33748084606991524,-0.11839857854551455,
-0.35934700521506396,-0.2621409800338761,-0.1710466329786869,-0.3010938525711731,-0.13295369671269266,-0.32294780366480635,-0.2792384440243459,-0.10676329021193866,-0.20842530030109988,-0.13909973536433726,-0.07328993190218104,-0.049440311672614125,
-0.3094454037519346,-0.2293945897743861,-0.2337905798378909,-0.2823532865663671,-0.2955272040916702,-0.031827911997129976,0.03234207099604502,-0.05983673604662088,-0.03582859303173466,0.05509392902934434,0.015715638994200424,-0.29166873293545287,
-0.01618672437195572,-0.27591550543914595,-0.34058927297098107,-0.0911882855353315,-0.34162062213716815,-0.14372318846904356,-0.08154491534747463,-0.24333602615218108,-0.23323058141067504,-0.14181404366618258,-0.19018509588745255,-0.04200414869474101,
-0.25798587610348395,-0.05635396580166242,0.10350281140900369,-0.003546208568817352,-0.1844578565482427,-0.20808147755740083,0.019749230137700836,-0.17032599418620792,-0.05922711995831214,-0.12928778092346974,-0.2971307750549787,-0.20241980857031827,
-0.36956318326984355,-0.05730647775284942,0.07001991250639926,-0.24985088204567762,0.02280541367492044,-0.07620601779400867,-0.28721425505740283,0.05444576830631428,-0.050700657917495374,-0.38337932942577585,-0.20104506478593548,0.005724337557083101,
-0.24887306446968221,-0.17550409240956014,-0.21192873736097612,-0.21581295711231807,-0.05452802468215313,-0.16024760991200176,-0.07782609832196054,-0.34804751858410427,-0.3413589109654408,-0.2788594835480045,-0.021676900615152976,0.04496977613150427,
-0.23735556635427937,-0.2921978475941384,-0.22614980778674137,-0.04168917160357167,-0.0651920421428773,-0.11732088270171312,-0.20521476146279025,-0.3653045135248689,0.012417121416061608,-0.15982454557705258,-0.1906299626265434,-0.07723614544226358,
-0.037205688610035745,-0.37499697343302163,-0.2191411070631884,-0.067092294907072,-0.18328209872742285,-0.1138101032599114,-0.23722726275725486,-0.10762138792520397,-0.18925742017822628,-0.12060004558205482,-0.0692719063360081,-0.056366662998253006,
-0.2492019697590062,-0.01322614112784845,-0.3106801245603966,-0.28522114041626606,-0.2613359511731175,-0.17157812984156476,-0.13113388678097082,-0.1805100561694049,0.013851063002393417,-0.2830891142079049,0.06822145682648804,-0.017280551039977048,
-0.10000461861834184,-0.3252926438396363,-0.15990177872546643,-0.1863053928800589,-0.09843949957013695,-0.08704954070888858,-0.06694660335102617,-0.036580809813749976,-0.003679042827662098,0.10740258369233285,-0.010352347583583717,0.0038484731908134673,
-0.0678003940050265,0.06854941948194322,-0.24361570396788385,0.045596693318871895,-0.013968619186224236,-0.09463175018023011,-0.32187693944752105,0.05558735891688411,-0.18569354869580293,0.009067678461179614,-0.28190491240770066,-0.3336758566302468,
-0.00846068416029175,-0.06353178115672471,-0.042630868893771615,-0.2948874187472457,-0.36819723234044544,-0.3174539777953658,0.11421781184830773,-0.16487451708022016,0.04409315751095408,-0.25702626155759734,-0.06204121396414413,-0.19611735015412668,
-0.2219624928067503,0.0193754590788673,0.1501175784765057,-0.018364938180364963,-0.0028225750608938988,-0.12264867380301156,-0.1068990761151024,-0.08083927437351196,-0.2940224195329201,0.002805204112842496,-0.2680735067798614,-0.3114790780646879,
0.020954219886159895,-0.141498333054646,0.004138337440410152,-0.28747856979556635,-0.3343051543497974,0.08898021473550118,-0.16993260530339788,-0.32148474331972,0.05887914849761672,-0.3265283161997585,0.02467463946361473,-0.3230851623915262,
0.5459524262206248,0.38700384307002444,0.6447487856257202,0.5282813593451189,0.5404397869056431,0.4473185746464418,0.39447504865905764,0.3879377995611401,0.3055195649998355,0.4592596196049209,0.3668803268779074,0.3911754750136314,
0.099721668613522,0.16690742929035562,-0.21698832370643145,0.013674688840230974,-0.18651814521710802,-0.2988216274467942,-0.016746010164479734,-0.16647084702794088,-0.27656270962504037,-0.12404567100782764,-0.22119021333895406,-0.05402992834992277,
-0.2607408134887325,-0.05133515127499219,-0.14689145862314437,-0.28897236516315744,-0.04552149390926924,-0.14057115545021595,-0.002952344370339984,-0.07767930401754641,-0.009333426634744504,0.009037579351275117,-0.10848330918285415,-0.3602869601746391,
-0.22644845916227663,-0.01928310736665025,-0.1526505066110347,-0.046275426378201,0.04711567967691882,-0.1393657133557178,0.10817108178275073,-0.22692194482733655,-0.3526116679921066,-0.007010017090942201,-0.32739109685825296,-0.2765811791226479,
0.04377659193293908,-0.20910391878294787,0.11672250511529209,-0.010013145937900437,-0.3730048052408591,0.04989080615704111,-0.1573321828875231,-0.2490868455655761,-0.22841528677256223,-0.33054897648122583,-0.15008094876432154,-0.1805316138403865,
-0.06787963865675141,0.008517025890703259,-0.31727858870697734,-0.1932182722509823,0.08284010211531395,0.10992283136037334,-0.3545077878475685,-0.13599673842101978,-0.28463802515897046,-0.3818036204246592,0.0059868346213011025,-0.11359976144217426,
0.23078582873161108,0.3283311500281385,0.0965323363336309,0.31191518726459844,0.3377425353956633,0.2538967857183328,0.29499618498479585,0.38401938661184354,0.34654676386513483,0.2965907722941085,0.296964898582424,0.35014105977074617,
-0.18814390933735844,-0.24067447178792023,-0.18469073512730227,0.12573873220024598,-0.22489140682940892,-0.23121148972688063,-0.32641423570506517,0.09530179694176913,-0.1333096052383934,-0.27212206140995504,-0.2074034323318867,-0.12696536772436903,
0.006534634247854535,-0.03427957499608032,0.01386794581472573,-0.21470055231539928,-0.1506666991820446,0.0937470931161057,-0.26221664034991016,-0.2886523541522795,-0.10887863119056619,-0.23768732218205751,-0.12042487930193689,-0.10227511720897721,
-0.22584465936364218,-0.044362688969948064,0.013920869753835309,-0.11142604660582361,-0.058355920171724536,-0.3052915149101435,-0.13751773023521655,-0.2279954895065681,-0.2422821548363871,-0.21174599481647668,-0.16336044077787726,0.01822161681134541,
0.052456340968222694,-0.0023073248293690313,0.03621451271673158,-0.08283604258196806,-0.06689560862956656,0.14406142426993154,0.19003104423788503,0.12170635774095587,0.2515365678943518,0.18104917851431068,0.2618580503326311,0.1704878435022487,
-0.18178035283764438,0.0339774148113556,0.05696503300955113,-0.2916603268370747,-0.21752586007212682,-0.10434476775798109,-0.28457831977209636,-0.12631263923134656,0.04245206411868265,-0.05804312181149921,-0.20548318571249444,-0.24507735243710072,
