# Pesos da Rede Treinada TxH=  0.2 TxOut=0.07
12,28,12
12,28
-0.3539528841325621,-0.2411590002724909,-0.3676240648098387,-0.21168070063506064,-0.0897065746152416,-0.41053866572690884,-0.7161504030675743,-0.23664209121800964,-0.3874787302287851,-0.2066264276810435,-0.2081279101972098,-0.1513080662021307,-0.7223936366863635,-0.567267781133735,-0.4776142498926114,-0.021752371941818487,-0.3854251727105204,-0.5715415673439833,-0.3159431331400513,-0.28640283996519333,-0.42916486190237607,-0.5018211064468604,-0.15496578596931,-0.33278866645305477,0.08677463939594134,-0.31609224151864135,-0.4381789185219625,-0.29883269163177445,
0.3584249291351091,0.1182289770500626,-0.26522359410556656,0.06008422437568535,0.11374123398490271,0.23439083057788337,-0.2327974792949489,0.026627172207590796,0.010929337657662078,0.17541966519070215,-0.09901753361218663,0.09227233923274687,-0.49179181167221153,-0.6220053631491304,-0.01662117834964739,-0.02954028165837614,-0.254203733652528,-0.8117080724571136,-0.1693905128010115,-0.10510273660499889,-0.425799103798304,-0.24619396096835927,-0.412543380007642,0.20901458420437433,-1.928959049496636,-0.11493624585419097,-0.5834115408870028,-0.4138044213894671,
0.34005536067802267,-0.023653886335867794,0.0010092856645987948,0.2708774065224943,0.23207399392248043,0.1208485486156019,-0.6343016053255295,0.3094226485830957,-0.24507479356703807,-0.0019485212735751945,0.2249938461613758,-0.06250428062757116,-0.22717812087999295,-0.27756366380119873,0.2459403557789716,0.13722783854138568,0.1646684557898061,-0.7515316721570124,-0.4741719687611761,0.027374579411427177,-0.25318361145622703,-0.48600215299899785,-0.24210190066769355,0.11212853994502714,-1.3461423428605843,-0.008430068764425572,-1.085945892035554,-0.3246245692290743,
0.12238833264944517,-0.38256396960036543,-0.4113738173821958,0.13172722673490908,0.11466646849947752,0.09851652278256953,-0.35404006178357206,0.19543584778463444,-0.06464587168714678,-0.15983516668171868,0.11281128988704599,-0.30062843980319737,-0.5363886905545134,-0.7725621401947765,0.08665326346599884,0.13279283076465423,-0.3522373336502333,-0.4876808106977944,-0.526472747793173,0.017012315566993275,-0.19567984988275672,-0.30233293657920046,-0.40644611377545947,-0.13882832973837173,-1.1373823433303727,-0.2912570159676281,-0.9033509087639123,-0.22760577700429832,
0.036222605875637956,-0.14955120437645544,-0.0863825795210304,0.010318760642998253,-0.4160314851085685,-0.31727193655888664,-0.7414993565641484,-0.20485591565773367,-0.3928193098853283,0.12032094376221708,-0.06260979145618781,0.030243722119775617,-0.7149654471024175,-0.5474266671679398,-0.13415356294443098,0.07727117594470957,-0.16902820709704072,-0.6627414952122587,-0.3521967397009995,-0.05438698616302866,-0.5288304233001506,-0.34451414336070973,-0.2298081792269064,-0.0963132966658879,-0.6556023257794971,-0.3337203072982079,-0.518979306703387,-0.6800513032822237,
-0.12486383152891858,-0.5779834448543357,-0.21270891476358003,-0.4283499461046412,-0.11994369661121619,-0.19724876047492124,-0.6905829767438356,-0.20151656223937242,-0.5580535560180366,-0.2906600592278404,-0.5658813129464764,-0.47371434054554784,-0.5964815171384036,-0.4257843990779254,-0.5056731947434594,-0.5681674183224676,-0.48299532768003545,-0.675219627983816,-0.6525272890512916,-0.420181716385857,-0.2931599135130875,-0.6562761631270776,-0.2844167613847238,-0.1817777870277461,0.47361484322205166,-0.39611732917536974,-0.36962737049997774,-0.6617612679028916,
-0.6092094027305603,-0.6714793394465923,-0.43532956264556305,-0.326605943472573,-0.4839138262061905,-0.6827849873958941,-0.6684770301625944,-0.6044459848264155,-0.23488223466792646,-0.27364550513768154,-0.28238365564725687,-0.6493577981739244,-0.6172880197384298,-0.5698017741562625,-0.4378643900136406,-0.23386481359666805,-0.5033336982469019,-0.37954843349812706,-0.641575709661926,-0.5030984870067852,-0.7400089682149746,-0.4143285063556405,-0.6490531346695291,-0.37909933953149105,1.2271207837811942,-0.24595663107994523,-0.5760401120215287,-0.4335095909474027,
-0.4813821586473321,-0.538310351422522,-0.48708082023491456,-0.24144251742655115,-0.2769800908640722,-0.18144691242826735,-0.4519826005480754,-0.4658382681042163,-0.13935660377273262,-0.3427589002948103,-0.325670261371824,-0.24652663296893904,-0.4021719039750438,-0.8301760709336403,-0.1752956428639391,-0.41433790333413456,-0.39616445700711816,-0.6984145845915679,-0.6570832120899427,-0.4011139752676554,-0.45183049430197114,-0.6930033031386658,-0.2552526186483453,-0.2884833012091445,0.6841400281373134,-0.25549725857100375,-0.4218736261678648,-0.5805958570819449,
-0.5886663555952444,-0.6085964269589599,-0.4032711405584704,-0.37817786207225484,-0.565041443020409,-0.6738875171757768,-0.5688740609108449,-0.5540180423145132,-0.47627798077275396,-0.48740927679083923,-0.6586690210799875,-0.3633428285282294,-0.6193536637699084,-0.7114476962756081,-0.29262813768781376,-0.7034616518561967,-0.17286912160943962,-0.28244461936105275,-0.3903780058686872,-0.4753926470538208,-0.4315366311492746,-0.7220263055622417,-0.2456129027753209,-0.5777993590451467,1.5638603348584879,-0.30856125490303665,-0.36945478167979573,-0.6548401867275934,
-0.7373459625854719,-0.24710317446172378,-0.4835961635914097,-0.7369591889896593,-0.5803435524736584,-0.2912227741859652,-0.3347482944633405,-0.42136776995037223,-0.4921136721888217,-0.6495457749608168,-0.3830187803531623,-0.3919218910888849,-0.38007351781586285,-0.5664302537900391,-0.34689807725111627,-0.40887174631815193,-0.4533764730377213,-0.343091768169775,-0.6207685410458316,-0.38818032316041323,-0.5238676197344416,-0.5350732201042316,-0.5197389265210893,-0.5538397723375155,1.4175827032633086,-0.6066816409933717,-0.509865563202194,-0.6051884607690851,
-0.43178159003129846,-0.2872343515812297,-0.2298513027398543,-0.5899338294898343,-0.44074489417318624,-0.5834207776423346,-0.7253428098771977,-0.34086397656440265,-0.39138899823472495,-0.6330108974277244,-0.41826733796746457,-0.44257334390378256,-0.6596652142255365,-0.4512076449985297,-0.6399176143698179,-0.4667380715227781,-0.40609707366217185,-0.31963787109054065,-0.3283957384524192,-0.5442252022796803,-0.3380420102137274,-0.5068804663319539,-0.7147754805944467,-0.5453403710643253,1.2445339702907834,-0.5019916324887315,-0.22127841700694467,-0.6358944211353227,
-0.2768287666695053,-0.2972157257570962,-0.5118969915034877,-0.4731678781515306,-0.6640265500311026,-0.2777700589945121,-0.44446123666529574,-0.3470209851002967,-0.38617895541341785,-0.4603246798197173,-0.6238292385700238,-0.5395585131284455,-0.6812002566883034,-0.5406266304315475,-0.47621587071214694,-0.5519743873423532,-0.32326018323321565,-0.5490646103110959,-0.5591233637701969,-0.29300635280864423,-0.7296814788217618,-0.29793871721470905,-0.23763219239714664,-0.4623966821230281,1.0629813598150257,-0.24030540327596153,-0.7277829302014884,-0.6803220941155347,
28,12
-0.12265046900699318,-0.12351430118879546,0.025564108952232992,-0.16106197123155294,-0.23504777628949144,-0.37479359325155354,-0.05726607429497475,-0.2110475026027989,-0.21920438532906286,-0.3254835130316787,-0.1735850093294149,-0.1102898450199638,
-0.056436758682502905,-0.08090303666025014,-0.02102345665597718,0.10257331482665692,-0.11691339096554147,-0.13685248223962396,0.05358145329625399,-0.10119526754264561,-0.20113758999602716,0.1363847179112673,-0.26013877259471285,-0.06569384947972992,
-0.05104764681959635,0.017374638635009796,-0.15727275394498627,-0.3228172626422821,-0.02074611434198531,-0.1490467453647214,-0.15905686923406143,0.13092141378656666,-0.17538382111541467,0.04514338420273074,-0.11642798305740802,0.13715455519915565,
0.05050031085702561,0.1817367459513104,-0.1888805100866999,-0.21051668811260704,-0.1599177613188406,-0.31567587814172265,-0.31544060458090123,-0.15526035913780645,-0.17921285398207892,-0.3369444579012818,-0.13069783688352007,-0.08702997546374037,
2.422597206238051E-4,-0.14411431915637438,-0.09731308151681656,-0.2317273612788321,-0.11509412703626756,0.062904975774714,-0.35808405154718265,-0.10524904862615317,0.05000269424270204,-0.37040329655131743,-0.06401050066145211,-0.2134656230569974,
-0.1756335518115178,-0.2359967763130069,0.10049538848280089,-0.13708447787788708,-0.31222951356456685,-0.07875308754875462,-0.10938007335287545,-0.3621353100913378,0.028510172337206405,-0.03150015556072139,-0.11648897615479174,-0.3797294516283408,
0.19814973633725882,0.15330937389972665,-0.0506239098161454,0.2532328606519496,0.2648033494908071,0.021660436011513354,-0.05289208924206954,0.2878808232318862,0.17204855620870205,0.3020641959939704,0.25992214001757297,0.16586735898559757,
-0.13177148863782065,-0.024124839909610646,0.08598129181307035,-0.08722602804261588,0.08713112333958409,-0.31315305070621907,-0.3402533432336802,-0.3118860220028282,-0.1716189347482342,-0.08458097346735462,-0.14210570996827507,-0.13642741673598538,
0.09352374053780668,-0.0767833275498406,-0.1935547204607647,0.04464541946766677,-0.27355156343154463,0.022208739310939977,-0.24144358594291546,-0.03902056928754574,-0.0745882674082049,-0.25374831658756225,-0.2859986496974281,0.13213353194595195,
-0.2832649957646505,-0.2155893805497295,-0.2874408825992765,-0.31228464476663864,-0.051862984182196786,-0.06188060028395364,-0.037757514856826865,-0.005398046219898205,-0.3181625396775536,-0.1440066129743009,0.03058784461582474,-0.15044336163319857,
-0.31466319230634476,-0.11372923799612608,-0.2780882588819609,0.009119059255419306,-0.28591145969141096,-0.1429900347317217,-0.2615497492521759,0.04259342116472836,-0.08532555928040998,0.047801149866541374,-0.32338166902713184,-0.17406114993339167,
-0.20490047217099452,-0.08234405426176059,-0.12704464899097553,0.10009412531253774,-0.25983211861141675,0.09624434539641462,-0.06982011568268456,-0.21497808797194756,-0.2138713152101388,-0.18006773101157197,-0.22999032580050505,0.01767476586707166,
0.1858040174128795,0.219879512680472,0.1650928866248204,-0.04177726243688136,0.27103500611712233,0.28423962632707056,0.10312474316917972,0.11366531625881826,0.3257257824195675,0.08359671964411243,0.06906982910617336,0.13742595756431747,
0.3161253251455438,-0.09623416640945791,0.2546767608973987,0.1415557499286781,0.3194199423777287,0.1291755116793108,0.2860786855815766,0.027641486591154004,0.3046171674879483,0.2521431585248339,0.4035201941106726,0.2726629346999385,
-0.26590634433683663,-0.014038748133876443,-0.23761264774319463,-0.22706894219493157,0.17200331523177637,-0.19126811268942567,-0.13712814024676534,-0.22284409439409145,0.0013209034115795736,-0.3058649273849158,-0.066409469941525,-0.22464104476858485,
0.15197360382346503,-0.2815410256212221,-0.004362387391755153,0.07198315104857414,0.06696076319263106,-0.06259604008820754,-0.26130387259660787,-0.1986780733298318,-0.18251790074831595,-0.20279000086521698,-0.32828689427646196,-0.20765201795361019,
-0.08592948721006427,-0.1042596082850529,-0.18140305761782857,-0.00556141043138854,-0.06258402002117336,-0.2875201873975666,-0.024212272097932284,-0.04080715210740895,-0.16597793656726018,-0.04315402345441447,0.009932104548643702,0.0675589414584097,
0.20248860920707756,0.20668433591730345,0.02401333776030086,0.4335244316023355,0.018706281499215854,0.28877125853178015,0.4381551855108237,0.43288521053649154,0.44083165415802167,0.5063347006742802,0.34707190635106405,0.43195437850000723,
0.0596574877329366,0.16841636891329367,0.2393676249993582,0.10460726192843815,-0.10058000043704163,0.13448421279678432,0.13840507904090257,0.04036246511961622,-0.12520586590439634,0.022537633115695694,0.20278047940428268,-0.1245255990383551,
-0.12320237849382008,-0.07992587394908762,-0.18701402633101494,-0.011455329446372436,-5.337038496805255E-4,0.10341060741321702,0.030540807790811367,-0.05226158493965714,-0.26929732917748883,-0.2562352813098885,-0.17784004102340292,-0.20729856901798596,
0.034792474597693517,0.16570390350135092,0.2817090695923023,-0.23059785909360067,0.19316557240519688,-0.22150404056074058,-0.0189632489629451,0.04521389957785314,0.172058926611836,0.15735111024310203,0.2670262856815308,-0.13557101280510053,
0.04142606619579694,0.09508965710524254,0.04156988394544459,0.10802492464539143,-0.07585690959901824,0.15302568109508893,0.13391632478481919,0.2359229905551661,0.11676338928469357,-0.08165161568118785,-0.04873249547085731,0.001059733542009408,
-0.10590071534163611,-0.1424422102850781,0.11228882568316148,0.11903444443107705,-0.007494212748857679,-0.18641627019592014,0.028439669106649197,-0.17830606418848616,-0.14072219859769594,0.1544465849121347,0.0036954513733694527,0.06881458761431479,
-0.28841462202968804,-0.0800538291646219,-0.030659749465884293,-0.05689198852215211,-0.27733369527306223,-0.011093901917945483,0.0072565178979953245,-0.11870557338724123,-0.019884359814173292,-0.2849041705391913,-0.2664580547954078,-0.28219668505926915,
0.9678848511466658,0.8284445216175625,0.9017933687281923,0.8922898433180801,0.950387995467162,0.9713389872352439,1.0146726430924287,1.0305951824432047,1.0087697826584106,1.0914772702042406,1.0504873529839096,1.0311456619257198,
-0.3429304686635951,-0.24759399968951654,-0.2468939971515862,-0.31467476202911293,-0.13258788770311977,-0.07418228345079218,0.011773931180395698,-0.09545851822199324,-0.02621674054452267,0.10512000953961599,0.09671997513833636,-0.17156637903998476,
0.32568258809813977,0.12643577785538587,0.2785976347362827,0.0074410449341411385,0.15585292831372585,0.3330588557996474,0.2942375378161924,0.2133502439525965,0.3935129272050795,0.1856626333187114,0.23230369746359794,0.3196748538092952,
0.17081122717320568,0.08953327019685989,-0.11395724569520325,0.05583738846577218,0.15617673931658388,0.27368493581080083,0.16555177159707915,0.03547790475083838,-0.14382241970240814,0.10432998234939131,0.07951840034990798,0.16173796629823503,
