# Pesos da Rede Treinada TxH=  0.7 TxOut=0.09999999999999999
12,12,12
12,12
-0.5412482764235733,-0.3946051929597865,-0.42746020026365894,-0.5819422485849848,-0.724090899929173,-0.34128418668119226,0.808879372625594,-0.5634345680207573,-0.6000128014193834,-0.47671536869933506,-0.28033513324406156,0.4856395708438089,
-0.5167612531068254,-0.15557825537564493,-0.4644760193251199,-0.4596054115782005,-0.41968317695234547,-0.33342487361105905,0.3988236833161142,-0.3450497913608006,-0.40046512298585873,-0.12324044831015232,-0.32363472689012773,0.3178631528106905,
-0.3261328789853583,-0.4945984248370437,-0.24926991743307733,-0.3140499724373702,-0.17506443949475503,-0.5248077627011729,0.4204253218877725,-0.16935703379709463,-0.4347478390405702,-0.17565227306201703,-0.4810958987855943,0.08203240036313716,
-0.624816614414576,-0.3714773273086293,-0.5469372693989627,-0.6912970812599659,-0.5516547630095089,-0.568950059527572,0.8350366459692816,-0.4602213060776071,-0.6874151662064715,-0.5374981221046005,-0.578087807407302,0.38185373111641546,
-0.5199447336312601,-0.6158525960462711,-0.6423178368340626,-0.6522930123214525,-0.6564517521957258,-0.4331824640213632,0.9550242471529368,-0.6632601514293985,-0.44054938314269776,-0.3978198596302452,-0.6238877480465456,0.7307758265690587,
-0.1670828359043448,-0.5029935810419606,-0.21507195144856137,-0.39890510419770303,-0.3944601221133457,-0.4302102519420844,0.5803466748065997,-0.48551946021342274,-0.650760765379402,-0.45810417317623287,-0.6231273435795207,0.434718121395435,
-0.5265714971325359,-0.6314206864100903,-0.7070370272624579,-0.3283162999482936,-0.36659470436148295,-0.323653258069141,0.44448150928169416,-0.6881441737979703,-0.39187405183124685,-0.336243233581052,-0.5911536497114678,0.21004880139198268,
-0.3734612255261565,-0.4967010279263499,-0.26832942099520823,-0.3713126752773472,-0.26141671581274495,-0.48913928119422195,0.3056927384013548,-0.1585458077279436,-0.37739276104313757,-0.4763076426673796,-0.280231077287195,0.2461015892779404,
-0.24379691598963582,-0.09287498155405997,-0.5629201965358709,-0.5352137209083051,-0.5975797996735389,-0.5004222498897997,0.1211860590048797,-0.5722150671999043,-0.10634584089775857,-0.5272831303343976,-0.38037496418431876,-0.1435594924967929,
-0.39119595260288115,-0.5571986286694168,-0.21737338446724716,-0.34148796143857657,-0.18453052548559185,-0.2650994202828896,0.1928532229745301,-0.31380218035657775,-0.391807723185521,-0.5482337129212747,-0.21587033408751316,0.16481334833753233,
-0.5336145643163659,-0.5927261957595689,-0.4254900886956153,-0.24544105471173613,-0.544200357808652,-0.41482048457221554,0.0612147775825655,-0.28495534002474193,-0.5851962750058158,-0.6143442272959047,-0.28895102342984974,0.15233274236793176,
-0.5023968172930351,-0.20314197527846659,-0.5545347584455799,-0.5068424948768071,-0.5648495046268949,-0.5534555019816524,0.40614914447467393,-0.637611985848845,-0.2684633337206055,-0.5453413959745427,-0.4701149334605833,0.09257283158268438,
12,12
-0.32808367970469976,-0.1569721985642781,-0.15116237432022928,-0.06591251304600812,-0.2640266648803108,-0.2821260402071205,-0.32855017369886685,-0.3646059607997396,-0.1719299890167958,-0.4248061708000937,-0.2675724782394809,-0.33192923388377327,
-0.2641920574387566,-0.13415254261902254,-0.2633689247344676,-0.13695562308683584,-0.03880984009578923,-0.3053598830458544,-0.32193688167060275,-0.24053261541574225,-0.24147952970181777,-0.373551094282249,-0.431850108512037,-0.10648855609620109,
-0.40686997707935957,-0.42790006944287173,-0.11744244642965394,-0.15064481268018698,-0.2918766477204637,-0.2037295699418221,-0.32606250981966944,-0.16035818902287774,-0.3252973967843676,-0.10568119838126103,-0.22660147647207923,-0.43693499962812404,
-0.08505736379534269,-0.09435535399059851,-0.40620366015299164,-0.41158714776786864,-0.3105917376163023,-0.30103184378750797,-0.18698153186909983,-0.2554355796841408,-0.5712182326372353,-0.3110425210486193,-0.3439459648202551,-0.27400996454593113,
-0.16978829506234386,-0.399573749033754,-0.3562910855103748,-0.42749654453726543,-0.4686333575862738,-0.38051685619411063,-0.194984406409354,-0.11157608285528595,-0.3050028628184478,-0.39599095426307485,-0.19741860510817053,-0.21793588630956157,
-0.3639803231309747,-0.2461120840118604,-0.24670275658539365,-0.18940235599518704,-0.22732405274662287,-0.03338942238153913,-0.35320923742060584,-0.3612991615882806,-0.2899986029011316,-0.2306111356785721,-0.168233040444451,-0.15948247267256457,
0.6925034967905527,0.5693303944647594,0.6973399313569806,0.6278636698660205,0.6745857026886998,0.564073522040782,0.6170922496011306,0.6231128136504589,0.5282439782710227,0.602013076603364,0.5474627868265923,0.5958174218352961,
-0.22714490621850622,-0.2244381219101885,-0.2508498734599745,-0.2542689247090917,-0.3623226576656835,-0.2748680195648043,-0.2740385035941363,-0.18938566701488813,-0.2935067027679724,-0.34501272323145565,-0.2607931166744027,-0.469057380264238,
-0.4193565538121183,-0.20619706816179115,-0.09080037030275223,-0.29093221804943503,-0.3207576577224589,-0.39814656484089184,-0.10354933090179778,-0.41342337328761436,-0.24138899943069636,-0.2968880834308018,-0.2880178167153298,-0.1716278399247695,
-0.21881807296319597,-0.16225489170387644,-0.3626363603322402,-0.10967365233486728,-0.2215795541363369,-0.3011396087083271,-0.32079585432824953,-0.37511726544214957,-0.19344478186518327,-0.29532397172989083,-0.3470158360781128,-0.2987613075764544,
-0.2200388189751143,-0.17410060273574451,-0.22050011330342095,-0.3474064428172297,-0.10200655015392493,-0.1155229273412717,-0.31750140203245997,-0.2980044187961882,-0.14716138697247144,-0.15853104367192947,-0.3061273939597002,-0.284419513794379,
0.10994099162244488,0.15755249757743925,0.08552374679817559,0.15549112175722024,0.15694371950352795,0.26184494126897156,0.21929758259135487,0.2411590768094579,0.34016041417801907,0.294568917032201,0.33956423328931085,0.2822965698360558,
