# Pesos da Rede Treinada TxH=  0.7 TxOut=0.02
12,21,12
12,21
0.6832943999603347,-0.22988402905958508,-0.5034701299385383,-0.31850646382264275,-0.3791562797789381,-0.1722065067755523,0.7919101680614051,-0.6806185275784264,0.788602404940088,-0.15403313980165048,-0.5584901831019876,0.764495262757377,-0.42601322230978755,-0.24907504424937607,0.7038185318105754,-0.639196146762184,-0.6110591996892547,-0.6635677816307474,0.9588105840762742,-0.3521847370836681,-0.40360840708249757,
-1.8180345677470804,2.0735219043273467,1.6320452190010828,0.957559055647939,1.7690118388765335,1.5833165414243895,-2.1608793066292913,1.638086423319214,-1.810453692928913,1.2265812910534135,1.9186958610542602,-2.107830010329068,1.510221951745766,1.6014442882354787,-1.9569690132340842,1.998506967981296,1.6007169632119826,1.5199577857216566,-2.117142430162227,1.8756382462011796,1.6672120326546622,
-1.9653365588196514,2.101809050598275,1.8576501444745985,1.0844775124295052,1.6824927923754265,1.8793708461961027,-2.2355510723556646,1.5391289485225965,-2.253382876600281,1.3239145785089477,2.0694504339441666,-1.9796185848951289,1.904403796716656,1.735551005122045,-2.144349594813824,2.164916518755717,2.135970687155466,1.7416534894041618,-2.0616734118611473,1.8287825550816084,1.644181766428709,
-0.647791960189309,1.0289760845900255,0.5615431689920914,0.44363177617163274,0.5524833722920253,0.7379099409579422,-0.7792151115131072,0.5238045098589549,-0.7378093808572428,0.395329937376557,0.8152416562357606,-0.7324270604652595,0.47633094928902436,0.5347338924612404,-0.905163892006739,0.7869368507623817,0.658624797354739,0.5091652301462409,-0.6926233046255148,0.949971147535495,0.6290463106760346,
-0.15215362968001223,0.3913809786347547,0.13253806699675422,0.0010194380087660147,0.22626493520039276,0.23008889659720308,0.23104560494547863,-0.24916648424962803,0.08484877182315254,0.014443574599216052,4.47418453953398E-4,-0.002220957820453574,-0.06884849580797545,0.1730648209311954,0.1474216776918304,-0.04953522799502316,0.17983304640469808,0.1602543616258956,0.12480146171319782,0.3308048257931983,0.335643806973111,
0.7557195389950866,-0.8089721418744396,-0.7950599652432486,-0.7000854323369861,-0.58367986651974,-0.4462209037397324,0.909426986463201,-0.6304475849183321,0.44597645115369416,-0.32016901390410735,-0.3999541017843008,0.6124875019200807,-0.623809838588099,-0.5222557631717912,0.7407233094169879,-0.7105198836929344,-0.7036426609345776,-0.45781612781525954,0.6651747028869911,-0.6479164075243252,-0.7151088007131895,
1.4375598571673147,-1.6094947647354458,-1.4635349658933658,-0.8088609744758907,-1.4146045378766194,-1.4226652333367604,1.363184822253683,-1.1732471230697108,1.2493315902262514,-1.2793126610427445,-1.3801783808911763,1.6587262264941496,-1.169563554401203,-1.4398026493330842,1.5181078529383718,-1.5771190457644608,-1.561511774943427,-1.3373352772379754,1.466003451889404,-1.4514516435607323,-1.2387521299764888,
-0.19392216342791904,-0.09346188886275844,-0.12570313470409333,-0.03501277679237271,0.05879754355646528,-0.08058417145800643,-0.3825931391388473,0.22786818737165077,-0.16129630393613237,0.2027899015766657,0.0421804337988069,-0.6011097442201203,0.11624284997040707,0.2404696221946459,-0.16744387941694644,-0.10460550761027898,0.3561746720191124,0.11612189223078662,-0.4363651347124504,0.23554955814774128,0.26477978281376746,
0.9301448565071775,-1.6053068818133955,-1.0366278485556462,-0.6383188333230712,-1.0781163414619843,-1.2813583370769515,1.132317483873722,-1.1929186189483432,1.0164471695624047,-1.0247194883939617,-1.1988254638693434,1.2259458035184774,-1.1442698106647364,-1.4556744405605226,1.3010396041769143,-1.2158918639577354,-1.0634692768291287,-1.2959295369204,1.166315225002142,-1.4905729671250625,-1.0975526878453516,
1.1743511044225603,-1.2431049717887332,-1.1116115483866582,-0.9785697870830533,-0.9986754364386798,-0.9458600083030042,1.2431913650663886,-1.0999359193318774,1.1309858341649999,-1.1362889845476885,-1.4663556415820047,1.2231599301104823,-0.7483300433903939,-1.4408151441814239,1.1846990095230527,-1.0584374821643296,-0.9887652882414601,-0.9101400804363097,1.1342334968571253,-1.4520753205446926,-1.365863187154251,
1.0397500713004502,-1.216900906321933,-1.3159381464342375,-0.7890577492659212,-1.0830497611317451,-1.1615874610829304,1.0322511512035333,-1.1310290887565126,1.178022286853786,-0.8399407130817005,-1.1597800855312057,1.2641363703057262,-1.2038450198723682,-1.2242571387943593,1.0328395706157811,-1.474741113090638,-1.2589015911175983,-1.0864339506880756,1.1137130262583463,-1.0896546999315238,-1.1891725787457563,
0.41618945902652055,-1.0136997441208522,-0.7284430152416043,-0.7826446252155037,-0.7498489820694151,-1.0417226064244083,1.0349829778790098,-0.7669262321791727,0.6749412375471866,-0.7201884207577491,-0.7975710348964585,0.6537261873374941,-0.7297277748425993,-0.8179672573846458,0.6221201044361908,-1.2233410855471134,-1.1342338120016624,-0.7689257321470769,0.6615796859673805,-0.9750186050587702,-0.8813880474640259,
21,12
0.0993656308095662,-0.13772603266085032,0.06239467729175783,0.32385489069528145,0.31787629649580035,0.11138440873096009,0.02294187271199403,0.1625574028736118,0.20910905788863995,0.25712773660666094,0.24415313241592576,0.11791779550432616,
-0.13536247205483457,0.02383437155858952,-0.13202231696960956,0.11628058148774495,-0.20477243102605427,-0.22793553834032013,-0.06857443563593257,-0.08180350265533817,-0.1703685997144306,-0.11272908607711311,0.0574748331189801,-0.14901864823103259,
-0.343150395429003,-0.23844104377638517,-0.029696610345554438,-0.19889387151132826,-0.04879488560693946,-0.18757920051653454,0.03133681893442125,0.07197100522244318,-0.02465826034111496,-0.20710590560109704,-0.05573563309397828,0.06663887363378991,
0.1609251278876388,-0.01657162806015328,0.06858381167728929,-0.0833005875249915,-0.29092526379196243,-0.10793967636476547,-0.04929825842880689,-0.088326963529943,0.05707093815893531,-0.2040766837960298,-0.19434742894898,0.14814416903118657,
0.08946398713440891,-0.057451816052583815,-0.04654678340996834,-0.046596064075084515,-0.09070334926047507,-0.054224664200863235,0.0011999434083184764,0.06422167467156288,-0.28579940668689374,-0.17079070864930176,-0.2264483912251845,0.023546095561204048,
-0.1167684359849692,-0.22526064048684125,0.11654971388920751,0.09645273444336824,-0.12334774753191001,-0.018006356389904114,0.19519753129824527,0.09241218613511534,-0.2001027678377223,-0.16660593830898185,-0.11700305669974854,-0.3150977628255565,
0.005804473172462209,0.1335762356565776,0.31988487878509475,0.16812258743397637,0.1353402894101753,0.20593936161153473,0.2543825053661552,0.14293250583641776,0.11531526987787748,0.23860570160943165,0.15145607805304512,0.2699182447523925,
0.08709332854208002,-0.2126571700999842,-0.2932330809955968,-0.01596173448732888,-0.08655297444989847,-0.09151165510615779,-0.27980086666918463,-0.22261934888476084,-0.08693118718398883,0.05893940830171216,0.11814147716510198,-0.11195789429641567,
0.232972930298367,0.18708513760152418,0.14006307258156395,0.12164859164986273,-0.024093432228046566,0.17061205703683396,0.28028215906040455,0.0678305521431602,0.22487269509829555,-0.032788531975219366,0.2144678932233574,0.2991210806472307,
-0.10740276019362116,-0.1343170010675453,0.03833364371421349,0.043843228656602035,-3.002480340473694E-5,0.08052658509892033,0.14690066321010875,-0.32355483897260945,-0.22401739131434434,0.16573329264190803,-0.03177694150948629,-0.3301783470879269,
-0.10585259677299524,-0.18222279367241154,-0.14370229294546127,0.11744949941432961,-0.10304627912359096,0.17680200741273414,-0.06016447172016714,-0.24246052922559377,-0.0664391929285354,-0.11236770251976991,-0.28251571257776165,0.018878154034826004,
0.14527107245141685,0.3041459445064305,0.3253234416800641,-0.08331376502252395,0.11610467685859865,0.25034347908205096,0.17378101256759373,0.035310919296438904,0.1586161004498532,0.23776531257912656,0.15364215098846257,0.25196608833026174,
-0.07102949893819349,0.0997803958579729,-0.36919288988803434,0.018525636750765413,0.18433769548295903,-0.2901397321139476,-0.20170254649042968,-0.13768827858796245,0.04701371245058582,-0.05374959537505579,-0.19618032940193636,0.1357553421870462,
-0.20342111398215593,0.0827566526606413,-0.14162092020100134,-0.27656726994966996,0.02136306742783518,-0.14284210920854856,-0.09567175945385879,0.09157073117471419,-0.06595601361435137,0.09239597238025515,-0.23414797484226044,-0.20809578730003095,
0.09671695918955875,0.18189060960769318,-0.02253404958982462,0.3490399567884987,0.2541169726860795,0.2376966997912448,0.14306370065681265,0.42379953641059404,0.20579653630238948,0.1191624136794647,0.21150517267049437,-0.07216847151745287,
-0.2729159979443018,-0.11706677536278462,-0.25656243919036537,-0.23072808948093024,-0.18496422224220407,0.11404468551102798,-0.13620707136762247,-0.18762839838712875,-0.12343909847722276,-0.2597612246812587,0.13533971345724846,0.1379690611887454,
-0.005805837730762139,-0.22386386022957094,0.04926542735951249,-0.08737787650939097,-0.12225691214705733,-0.12991637812827833,-0.21628003494346132,-0.09374846293058783,-0.13505359241612713,-0.1640547826739593,0.18297343724292345,-0.1900578823122626,
-0.3166872989885776,-0.0451629149410017,-0.09823101430238962,-0.10053973729382928,0.08447397008799065,-0.2468828876090682,-0.19989482337136774,-0.09384370502172386,-0.0812407838941623,0.057834177895146,0.06429236515813237,-0.08029780704575916,
0.4001569553593843,0.19755217387364452,0.13431014810073105,0.05168944832610201,0.2153062610968166,0.01805891856316805,0.1270239348630069,0.217584948857876,0.15307722969017457,0.2657129281418466,0.1396137126501069,0.22392754442859214,
0.06501308067899773,0.11525261754096071,0.0053743650460105884,-0.3158298647110079,-0.006812248010677758,-0.08996055372855206,-0.29779532143311854,0.1667945950149714,-0.01047025414865003,-0.06934700577249511,-0.2814535327718729,-0.25369811117217667,
0.05511742941474131,0.08226797962443061,0.07181347958241674,-0.17391646118084853,-0.24259494298145212,0.046679633626373056,0.007457840371580615,-0.2746978851578059,0.09758393809830287,-0.17123629934301912,-0.24206840292237047,-0.15582542311536668,
