# Pesos da Rede Treinada TxH=  0.9999999999999999 TxOut=0.04
12,23,12
12,23
-0.11343035518222241,-0.35558508814246576,-0.2827876111416507,-0.3113623086930931,-0.4869357730032099,1.1114831475649858,-0.2368308397989911,-0.5410904389031328,-0.6108819281436068,-0.4745982395190717,-0.5324305658308016,-0.3613708143789826,-0.20243235724267905,-0.5763099995214597,-0.4329207707639257,-0.1528576031311191,1.3586107728230474,-0.18715554377525218,-0.5548619170853157,-0.1834264213170113,-0.3700900202716493,-0.3770557339116686,-0.22500482871437255,
-0.23980060896684027,0.26075469102489823,0.2917574971018147,-0.011492066233982565,0.23526908626293241,0.14042044335566325,0.42846350943585026,0.14414673175749526,-0.3215720822512717,0.22363344121061085,0.2628589981944954,-0.04938549722245331,-0.3883834866817649,-0.09610699657823839,0.31976538275363736,-0.006514373141425951,0.15368356144415474,-0.04615081602318786,-0.1417919495696904,0.2821221152564043,0.2903762610406428,-0.05636233855590121,-0.0971057437558959,
-0.12110467625546212,0.05778732255927785,0.20045324768819492,0.23564775059990345,-0.038034996963206724,0.2937909508577822,0.043986787507929385,0.12707666528354927,-0.16794376228664318,0.20342652353554236,0.2682848037487953,0.23998556411429342,-0.4534981594890388,0.23223787540821983,0.11944400583886952,0.23883296461332798,0.028058526962983242,0.16065242333651103,0.016276538230438328,0.4388386866453392,0.2805448849781391,0.21166173683792225,0.286643805892618,
-0.24320203075755503,0.07031310837123662,0.05939283560659171,0.12998257317948514,-0.2475034241629172,0.8423197641003994,0.11970614030931771,0.14224628108676576,-0.6102736214460741,-0.26338534708865297,-0.04668568100117583,0.09513794038794332,-0.4929488467457082,0.04344027017232755,-0.137404697081439,-0.061487626020234915,1.0287419249170173,-0.3513045379776771,-0.33391187686652996,-0.2632306266907285,-0.12114171538010646,-0.33704445098435043,-0.022139624762428485,
-0.0875274423183794,-0.2044505303088937,0.18745201375005863,0.007269151777042179,-0.2737463490949204,1.3247141380943015,-0.3748553333500539,4.6798887404621986E-4,-0.5066959333702131,-0.2984297596928666,-0.1848313353701135,-0.14026430679243207,-0.12229237811619238,-0.5570731680551523,-0.01125168082379539,0.03418248034624382,1.2099192390811522,-0.16443719034638876,-0.38739842821555504,-0.37548595529155543,-0.1489611307018279,-0.6134034539114905,-0.3012467439301766,
-0.26382690283880955,-0.3783527394374828,-0.4708385606670588,-0.5650450872826706,-0.3468790340089164,1.3964767380641316,-0.32040629804260623,-0.5227257936135152,-0.7582058782854677,-0.42022074369000567,-0.36638655971554357,-0.30616846137109155,-0.493166149960706,-0.8170818991870661,-0.33644093107601925,-0.42368479989585284,1.3475916256853684,-0.665036407836517,-0.780171656797533,-0.22875500956212555,-0.5202927623286667,-0.6289591467725446,-0.37130945713389646,
-0.28857995763009725,-0.5800831234573082,-0.865688646324616,-0.5996894262509309,-0.5503210291680595,2.3199527492408976,-0.6527569676155234,-0.7042848046888408,-1.3425080766714297,-1.017191794509394,-0.967372299696266,-0.6000243531290906,-0.16985715474486282,-0.7214941804691993,-0.7548160586182892,-0.8208741680651007,2.1234947189783666,-0.8496135078233418,-0.8875078916346164,-0.8851078496841025,-0.6978288718855704,-0.6549385035013866,-0.7501537995723108,
-0.6090892556981952,-0.3566815651745329,-0.37918901086319523,-0.5542930875839265,-0.43998849139511775,1.3231434911571265,-0.41019211427799,-0.4694775979886639,-0.4386751216424992,-0.6196612280326798,-0.6425422965794098,-0.1775014071062884,-0.3371663819444293,-0.20214696455528247,-0.25263495870351826,-0.3225325723213993,1.4066725986472246,-0.5059923838961816,-0.7143983044588322,-0.4311318768994452,-0.41227841837277385,-0.6773010128642536,-0.48660806389523337,
-0.5757737185989157,-0.6123705166999784,-0.8481139715551962,-0.6036773832788044,-0.5701132354595002,1.929025295932604,-0.8262142480288355,-0.5766734257009611,-1.0141143159557668,-0.9680205130938547,-1.081994044298102,-0.8440091259157694,-0.34283435873715973,-0.757458738656856,-0.7791714371233417,-0.5555799751199337,1.7152156672271588,-0.8526064212261935,-1.1350321479459051,-0.6569846284367558,-0.5283919175784598,-0.6311785837232746,-0.7989096108176051,
-0.45674220472516025,-0.7469383436986083,-0.8658311227244242,-0.7950493522080744,-0.699575293566692,2.2638673768287214,-0.6058295002721811,-0.8785814183269725,-0.8819927145110603,-0.8640699774242683,-0.7973417225726837,-0.6339184340081551,-0.29217560615415517,-0.7702755943790561,-0.7446664831779939,-0.890035022514668,1.7122255557965727,-0.8921989470716615,-1.142483269952295,-0.8124740764637595,-0.6423625838523609,-0.5943846617236684,-0.6634866965640057,
-0.4878859167061286,-0.9373417964086231,-0.8568385802545173,-0.775820433971165,-0.5340746942507906,1.8311763950430169,-0.8531683115116788,-0.654782708829064,-0.9892583417492009,-0.8574011129725937,-0.8094542921155846,-0.9649326972776956,-0.5843268756326908,-0.5823735584721283,-0.8146506977100084,-0.5830354072503922,1.5876908577528253,-0.4473101170514832,-0.8725750522194062,-0.5950418241211021,-0.7098154262074104,-0.9021429519972932,-0.8056542807560585,
-0.728393194082877,-0.448498523174928,-0.44838571200090427,-0.6942836257887084,-0.4331729334561449,1.7046635941739623,-0.4620743061415322,-0.40185660265176376,-0.8464876569314626,-0.43783333889891785,-0.6324758092588577,-0.5936428421310238,-0.3565666138063053,-0.7384124030602975,-0.5336720945178126,-0.7319419702548972,1.4692208276326029,-0.3376961190292735,-1.1118658821601668,-0.6814304807175889,-0.6748240708938413,-0.7229422813220813,-0.698068547346039,
23,12
-0.05233583045267304,-0.051597306107006004,-0.17209071433085055,-0.210884173465531,-0.04079658768876428,-0.1935836985219174,-0.07380957264410723,-0.16792536955227547,0.10632059821247923,-0.008715889936487399,-0.16478823073308985,-0.07294773833326323,
-0.08444008953788096,-0.06675057586444026,0.12523416475119178,-0.21708299045908552,-0.31231524221339224,0.1330565778141466,-0.33156830328051345,-0.22869824621506205,0.018960998200427567,-0.2870627944507905,-0.013683761965837688,-0.07763050179441086,
-0.21097537834059357,-0.006141087150906939,-0.041087607550598156,0.11256330427718941,-0.25252998986620334,-0.2511889984918425,0.0013655281366729709,-0.06705412324541653,-0.2907134445498802,-0.17525405624581925,-0.08775329327916136,-0.13119170785194367,
-0.1820587077388643,-0.24193984802138288,-0.14012272506866394,-0.12636170474676942,-0.22541776071821049,-0.05946838080575336,-0.17798377084317507,-0.08373237794383522,-0.2708199974788921,8.277778338969537E-4,-0.10730337343526627,0.09362174008728538,
-0.2762289042725736,-0.31022539924091286,-0.15986937894225928,-0.013509181035862426,-0.11059448435298769,-0.1236986341322206,0.06371159965288273,-0.2084739500100081,-0.1295718689369414,-0.031737805463248794,-0.10603890198701232,-0.012625404828400091,
0.35483408178013226,0.3190419957349991,0.44387581285043026,0.3390239688174406,0.5206642475200386,0.22912869357551857,0.45114133659079,0.5192260953294034,0.5472540226808841,0.4382286997609065,0.4140917024046424,0.42868522288463895,
-0.011566838934459703,0.031024433947177864,0.048808057989450794,-0.1372971986440265,-0.011838534000018164,-0.05219164372225706,-0.15633768114760985,0.024314533243849523,-0.2819371254565458,-0.08629126509946634,-0.2531789920630157,-0.32782728679085416,
-0.07149148718515069,0.06857808364295306,-0.30263954969397505,0.030918853446103494,-0.16430164106464062,-0.23877070734475153,-0.17857589440832322,-0.025279270372450178,-0.17368995370338697,-0.13931944192744303,0.0321586093192508,-0.23157408849241123,
-0.1306867439286695,-0.22603511630230508,-0.026213180711185887,-0.16844248195542333,-0.2507836231007788,0.029853587985148967,-0.15332054767782816,-0.06326340185106227,-0.15759714378083184,-0.14529588875874758,-0.018139858877995945,-0.14806391722788578,
-0.10575921495178556,-0.14356247155846277,0.02147522022825698,-0.15644109064538386,-0.07788788239144606,0.0088408801585364,-0.25783823924263527,-0.02953848686829974,-0.16611012276994092,-0.2856741148499623,-0.07703604669819931,-0.09129972497747468,
-0.19143190899363322,-0.16439519955755466,-0.2406066958403901,-0.09247237394317076,0.045559093156688345,-0.24534479627308003,0.029141393580141745,0.07502324085800147,-0.15621248891059897,-0.16806732701383345,-0.2256439935479424,-0.12378000706763796,
0.0522620637828895,-0.07046369798847527,-0.21247568405610187,-0.03888665270440303,-0.19901672098996312,0.0027827720087132773,-0.1760780709586347,-0.12490530453065146,-0.25534427819869565,-0.13703223249268925,-0.1096747801978177,-0.09343262662234039,
-0.17809338437700287,-0.273640470181658,-0.03812524776211402,-0.13688909174418418,-0.08131963115009293,-0.04070765543663798,0.027706976804677926,0.0021790735749223546,-0.013995525871238722,-0.13205354934027455,-0.041970698539646786,0.0017798211310957692,
0.025945419315821266,-0.13367569626842732,-0.07781010926054921,0.06662724307624907,0.05424911959298348,-0.1587137679636627,-0.17049727616679505,-0.3083814536781125,-0.1482053141215333,-0.17436472858497562,-0.13176953787497062,-0.1275554536418347,
0.026839779134276723,0.010684827126116124,-0.2889425874666275,-0.23848263958528487,-0.30314114133598097,0.10820839026147883,-0.2553227952417474,0.03979650976453467,-0.21292703196910334,-0.018730423976820662,-0.23186335056751423,-0.0859220099681481,
-0.1993519811071984,-0.12380395935820847,-0.09226869444530712,-0.019546159638990753,0.0060246964405630266,-0.03826699197987414,-0.0709828898904979,-0.19162225176802894,-0.2622686616871989,-0.16582103545323418,-0.04679532102927359,-0.10403837070019144,
0.43472483317384253,0.3662776229233065,0.32522908256471367,0.38436578371920016,0.32386657528679313,0.5243117456514972,0.35864159913733135,0.29535055804099636,0.2905271597062359,0.36495942823341315,0.40121171405230227,0.38721810929187866,
-0.1906190356085533,0.057763980972611026,-0.23285972766381396,-0.05205111303866237,-0.16618391397547574,-0.3087608832535507,-0.15879725651273982,-0.22584249081560953,0.08381529342657866,0.06792477473889567,-0.07169810936256822,-0.24730745089837,
-0.12284446391168757,0.023081928847895745,-0.06380832622819324,-0.3225693328690675,-0.20530068146495095,-0.34727001765380017,0.11563418919455065,-0.21332887742202636,-0.15403929208140948,-0.11531368378365799,-0.07732433633685096,-0.06428920721598282,
-0.015401785282564744,-0.042497081683766404,0.025522137081492473,-0.27086852001028666,-0.32295563971388913,-0.28089768858262293,-0.01273190982904065,-0.33619623854278613,-0.05719254343423798,-0.009167276614833865,-0.105602123094301,-0.09695355578729614,
-0.273655167352937,-0.23063826999479398,0.024882711193348214,0.027815978686698016,0.03804601617067481,-0.16758213883127335,-0.20803424542230572,-0.13701043585625172,-0.025113253089880872,-0.02168928067591634,-0.20159316287211881,-0.16994290727397837,
0.05370660404689356,-0.0681612835270308,-0.18443202665767153,-0.10915750979622357,-0.05061475172985882,0.0016891881942548601,-0.21179722485985208,-0.25500600036100524,0.0512714094049754,-0.1577685377956783,-0.2567883000591046,-0.1299611143267544,
-0.22200002918818096,-0.07912236539232202,-0.19175977255837887,-0.2000264109313829,0.02299239440602823,-0.03424584680967873,-0.03937500836864023,0.028691808090249963,-0.07418950245381474,-0.29944878954092047,-0.12206901477755952,-0.18290528099465847,
