# Pesos da Rede Treinada TxH=  0.5 TxOut=0.09999999999999999
12,19,12
12,19
-0.33427756525981794,-0.5639638977963819,-0.5653333237532703,-0.006108343356148505,-0.6440556980963168,-0.3857911262205217,-0.7396351361149165,-0.4780180372667357,-0.6283444923047304,-0.479860713124638,-0.5036959443919753,-0.21589664486847587,0.9197367476053763,-0.6380306023117059,-0.6745608187638099,-0.7160486853743149,-0.6264854392169414,-0.44647402725874097,-0.6752033755383658,
0.2494652341216657,0.05486245064726157,-0.21317067573498952,-0.6731834487062391,-0.08329469127191769,-0.301354848100225,-0.07403859579862794,0.06542135484962502,-0.4365158171782336,0.1389716458086763,-0.04439276880209686,0.07787140655496166,-0.35800793095683425,0.11003680709728372,0.04456093414484958,0.11362323883120758,0.0070936515059812945,-0.38109776362437386,-0.17499028229973812,
-0.0771588782716025,0.09908234645956154,0.24004662403197213,-0.7953697368502008,-0.05197506668514501,0.04053295916979452,0.26657399401359255,0.2477009517925516,-0.279690047346302,-0.14309841860818145,0.11554018427596022,-0.14806100212282744,-0.5639350504116772,0.30540568957195025,0.3378779578756092,-0.19514715416534645,0.14878500794999744,0.05035596308672498,0.28215732997087123,
0.004063321160575454,-0.13167342011391336,-0.2586177616173252,-0.3680636094855573,-0.2372872137176749,-0.12271085944563023,-0.44648097828340927,-0.39083969568957855,-0.7806378971339327,-0.4319604034445111,-0.6051923768766909,-0.25848146660056986,0.6647248520749965,-0.24649967975046655,-0.374828892418018,-0.4002148585848451,-0.43060964713037775,-0.16498839456277184,-0.5807943870483518,
-0.440341549659058,-0.7008310195608852,-0.3816194385313456,-0.14550986561296483,-0.5404285627746419,-0.4480239041354309,-0.5792218734600103,-0.353215045808687,-0.8799947170108641,-0.6377842542959953,-0.3169822175322155,-0.11006957455607282,0.8780340379744478,-0.5402283421656192,-0.3682866763786504,-0.4086804538769386,-0.6154401423444034,-0.1920920049403032,-0.7381004700437831,
-0.6073380189728695,-0.6015085273121088,-0.712299168925827,-0.3267155516759451,-0.3804102606825657,-0.2880191743004201,-0.39016699506298197,-0.5543616319806527,-0.6499377736474331,-0.5834889521953897,-0.6369806869376019,-0.27164165454594996,0.9698257089779341,-0.6098148131334602,-0.6195286119362455,-0.7666858172635612,-0.3647805296156883,-0.38614600469666543,-0.7048727811528785,
-0.6285029823247771,-0.7453830080037698,-0.9050063493059909,-0.4532777160489543,-0.6080810127824101,-0.8120332641939978,-0.4979372559318555,-0.7991928567106475,-0.9199544107656112,-0.6169250441591047,-0.6966684873986596,-0.8032506194310896,1.1628412230570446,-0.457824830581317,-0.7399982694214402,-0.7198727706439205,-0.7537546621033916,-0.8140860536784404,-0.5528383691669874,
-0.19978572753059204,-0.3821160607060728,-0.1761457453244342,-1.296956266860609,0.04108703953018681,-0.44805288100867025,-0.4850129730201746,-0.40127717841525745,-0.3201258210690984,-0.25434046998945925,-0.0570908577525484,-0.391191853027628,0.08051563758071603,0.020316843917271808,-0.002497969608429469,-0.01822615617220316,-0.21608474471494896,-0.3717585927987524,-0.367780209844049,
-0.758920023798403,-0.2593339521847663,-0.39027358565289827,-0.9585592117601867,-0.6577632017982885,-0.6817932155174444,-0.3854402563503412,-0.5103932998491789,-0.5923036313320685,-0.2723027004001167,-0.3968232111661064,-0.805226532405719,0.24247732676143963,-0.651719304584672,-0.5126523969997543,-0.4744481228652839,-0.2847887202838919,-0.6892366941941654,-0.4078183067431691,
-0.635775037708661,-0.46511443841501643,-0.47064316575823184,-0.7884714998821439,-0.38501617014987266,-0.7280529176235367,-0.45459817961506155,-0.41823874747366013,-0.4728204386486915,-0.3644198847077514,-0.38560100846564105,-0.8056519250257662,0.42481949788064133,-0.6672513951069174,-0.37907151873765993,-0.3092202795813029,-0.33631230825280434,-0.632407071627615,-0.4500099217474608,
-0.5782133048886386,-0.3848074246031373,-0.4002194711361084,-0.7250677240319159,-0.5179586781120636,-0.468225867429804,-0.5124175397520863,-0.2995197079126328,-0.6509720953728995,-0.5131570716736256,-0.7108339736458807,-0.6622316180496021,0.750050380918327,-0.605686917791827,-0.5842919943659223,-0.5008904347386919,-0.714486615240778,-0.763627528819558,-0.5186156224788407,
-0.3346166342631014,-0.43678526808226664,-0.2880884458606347,-0.9446732514690169,-0.45269867003409386,-0.24703883487214598,-0.27531893348080033,-0.5880088278307879,-0.7314994910297115,-0.5359111796473045,-0.4207497387254739,-0.369792097076086,0.6461782950243665,-0.40758666569319374,-0.5688429900395102,-0.3574845740220641,-0.42598424722937556,-0.37709050342595407,-0.16698531811588388,
19,12
-0.0057815441518128865,-0.18180837478600573,-0.027361958716294665,-0.08998785227810474,-0.06668788132920185,-0.20917452180767784,-0.003942124747106826,-0.145675339709348,-0.2644635453622263,-0.16717939038964924,-0.1302991132052423,0.03008756408826297,
-0.04847789333159087,-0.1792108089847774,-0.16965443536977554,0.07490401316583797,0.024939526870989357,-0.28546849466824104,-0.073755131587897,-0.035388513983877344,-0.10391413057878959,0.00281064410924617,-0.19039301627870628,-0.24862554801274642,
-0.19179850708282345,0.024336373033457544,-0.1366107547608346,-0.08496079060003603,0.011605678596205175,-0.2864534779557774,0.02803272391506308,0.07518349368376313,-0.17874154710879195,-0.2565668125295372,-0.08987225604057184,-0.13293284937723346,
0.047073726075278294,-0.04039687619066862,-0.07888503256366944,-0.10223578851967163,-0.06070804115352874,0.059338806679394056,0.059401703707685855,0.0739928256696789,0.12140466893820477,0.11636686532434294,0.08976348878751463,0.06614849665187354,
-0.13129328882452665,0.029583072894057576,-0.12650869346767174,0.11659733172515117,-0.06955231316207085,-0.23104602823443166,-0.22218782049709598,-0.03832565201516611,-0.0774892525932749,-0.04307227889850783,-0.055785732079040654,-0.326341968079652,
-0.11218370532278334,-0.32934839791899895,0.02361098569703834,-0.19593955631477888,0.08654175826571152,-0.21521041444430797,0.0028839260854847905,-0.12992415288210793,-0.12664959831959552,0.008382037359742205,-0.16987472898684922,-0.005743036346353682,
-0.26408270177820825,-0.13355907791534957,-0.10041782567625912,-0.05132060911031927,0.015006661755697759,0.08120666989773401,0.0033046180592542795,-0.14383837806451077,-0.28573741543389697,-0.07446155572567587,-0.12538560223955475,-0.06592689169209019,
-0.040665023647694046,-0.029502188292088602,-0.04622806358011782,-0.31356093608059243,0.0930371536906395,-0.137321678192258,-0.19874392440159608,-0.09833962926411033,-0.03972158949603056,-0.3187953237555792,-0.07484186168660963,-0.03026863705716843,
-0.12189842840686191,-0.16625403527615631,0.020794374521609107,-0.22336349968824357,-0.18302492518272895,-0.1290889863282765,-8.960995727351786E-4,0.10737309633496143,-0.1618183951540036,-0.09205171600704766,-0.03056128005185807,-0.20536842120334659,
-0.21567029395739068,0.21685300761164694,-0.20108155578128523,-0.027082324422065453,-0.14731289628206418,-0.17032545488601858,-0.05117432162299666,-0.27453025480992904,-0.07455184050277384,-0.04929181162731523,-0.035889139914775596,-0.16114909959230792,
-0.11643182994895805,0.23857344830578592,-0.19739772994309723,-0.08590111879262195,-0.2623420574787175,-0.005675058129100992,-0.18221459243538915,-0.2915198390104277,-0.05034122509291392,-0.28437679400335264,0.03589014765804445,0.06883360973338315,
-0.1806481221078864,-0.030963611298504903,-0.17543178434583914,-0.008371989033602076,-0.2027754776668207,-0.05240247227730789,-0.13829865867259572,-0.13091820615111413,-0.1869394626658567,-0.07994043009005561,0.09492094023795114,0.049726170936016376,
0.740677540245388,0.6334573936596616,0.7142895695338732,0.6928000255062448,0.7430864732371167,0.7711647513708522,0.7987465148184695,0.8348258812073553,0.8459406378081663,0.8914408520292372,0.8527050612045297,0.839885566585808,
0.10516809512552083,-0.1352230961817159,0.006810864179434735,-0.14278380496808252,-0.16832793206766516,0.17635890164997337,-0.1485870417818601,-0.2616915543180633,-0.10173026780932612,-0.21083305396003693,-0.20920309493957812,-0.2207096788167722,
-0.03303521006530262,-0.125976642030451,0.19346805803142378,-0.15493573744274444,-0.21072970199938165,-0.13907039000307683,-0.22497579667899711,-0.11499230533513022,-0.17135989953345146,-0.11126162987135316,-0.2406935221571636,0.10075417016521795,
-0.05587550037941406,-0.12304923190305765,-0.054924618186747286,-0.18753852288765183,0.005505297532463549,-0.20324973698235435,-0.16516307744550898,0.11642032038566409,-0.10816648827526656,-0.19362406456581496,-0.09523440535452261,-0.17922381335698814,
-0.24177333347800192,-0.14533418396268738,-0.0474587857318247,0.07778716959729483,-0.1034016360791545,0.10538088633167045,-0.0725107735782695,-0.08040698073311292,-0.06485649298665296,-0.03015358005397984,-0.24752239150242294,-0.2233031122083796,
-0.1140730883457853,-0.08613529107463137,-0.11385289286425604,-0.13115792859200848,-0.17646676644934234,-0.11957740099834019,-0.08840623552180943,-0.14125783861884797,0.07210766616454324,-0.1588618979360193,-0.07873562749080885,-0.04446084472777001,
0.05686476640280638,-0.148121018390223,-0.2690417367280057,0.052587046470740056,-0.1638635323407828,0.12432118908318027,-0.2106206555725971,-0.24574533134960394,-0.045771960438430424,0.03825582808565425,-0.24207459293606953,-0.14883303071575876,
