# Pesos da Rede Treinada TxH=  0.7999999999999999 TxOut=0.09999999999999999
12,29,12
12,29
-0.7744853141985618,-0.5130511026265326,-0.5180590002191012,-0.6976560017237664,-0.7233317511272681,-0.5250482906932563,-0.4339615275178365,-0.3445347037675547,1.0161090277541867,-0.439703535802069,-0.764617415987322,-0.8048603210368077,-0.7692986716719489,-0.6884314263422789,-0.5079862079776807,-0.6407056055659278,-0.7604087989101213,-0.666951040238514,-0.42588938170959845,-0.6300575236255914,-0.4522721484213611,-0.6876500960968804,-0.5301460634903505,-0.5644939672180138,-0.5422376784341572,-0.6647272790532159,-0.47632736679401255,-0.7427622593261278,0.5753548391552353,
-0.3324482151826421,-0.42049231922933444,-0.5937490143595828,-0.24900268304589807,-0.4339916823785403,-0.24148065959890141,-0.5906727172680009,-0.6402829204125033,0.01048147141980884,-0.21124274076931673,-0.5526728035834013,-0.5025597059718191,-0.33787122923787705,-0.2995623822949359,-0.4098944253016579,-0.6213983452713577,-0.22244514538110935,-0.2849656206731489,-0.3352515705778263,-0.3504096686315071,-0.5909267689807495,-0.5593514426867106,-0.0932952860471135,-0.27277455015426083,-0.5317092606145515,-0.7003344961510429,-0.3892815383546341,-0.5457197705520518,0.15782710138213052,
-0.6852004341670634,-0.31805216869548686,-0.39608275833901135,-0.3970354697190933,-0.15145121394678346,-0.2598086835138157,-0.6729150906697465,-0.6467734600160094,-0.01952062294754816,-0.6336926186618027,-0.6116553761020683,-0.352920906017205,-0.43519576190671666,-0.173339649130557,-0.5359297654870477,-0.21098211862948155,-0.09316427234715836,-0.35021347141890746,-0.20732892525115476,-0.3120192124731737,-0.4469922652942956,-0.6904222470372526,-0.5207874632920552,-0.3770822602786251,-0.3223602355904879,-0.6180586534373153,-0.5179247935640376,-0.40347607846224526,0.057296731137215555,
-0.8837828279330516,-0.5596922656385925,-0.7429253288217106,-0.7650860933649138,-0.6724899149300744,-0.5384726738280193,-0.468897586832116,-0.7144430337952401,0.6050125312496986,-0.7496184736972911,-0.5354763229111972,-0.4098003796285048,-0.387722031039084,-0.7660578103340431,-0.7074257004577338,-0.7580846353402102,-0.5003016639789859,-0.388864190950731,-0.44281065577074297,-0.797031396834676,-0.38392756463164907,-0.7054108016505789,-0.4797450668101285,-0.23640723027441882,-0.7313661890529768,-0.4535669651245431,-0.4977387068144044,-0.3929917490703409,0.5007362797560471,
-0.7741820075022566,-0.5639782211887929,-0.5297425951827691,-0.5185358918445763,-0.8023718256830488,-0.5582111597663187,-0.35208384134939097,-0.8012381141788875,1.079596202238554,-0.5244467418307708,-0.8677801003397629,-0.5805478222960697,-0.6673557389232783,-0.7451066613117852,-0.7075497880487316,-0.8033365974996314,-0.6407529410951156,-0.6683728381779639,-0.8883281831367437,-0.8983067102134682,-0.46079554338963596,-0.5182913356991883,-0.39683076594586136,-0.48937356504480534,-0.5374003314851894,-0.4181789046103654,-0.892225373957096,-0.7635780390963526,0.9413604570001772,
-0.5982294390044476,-0.4336410048745132,-0.7021681508754581,-0.35440328239274055,-0.5027963463712196,-0.5543886867120043,-0.8318276411066262,-0.36447869616217443,0.3309359676692025,-0.6809920779360792,-0.3348384453269092,-0.5107678385482002,-0.7478439370334323,-0.5714385933896968,-0.3163309427241689,-0.35163498539587124,-0.6981273459911828,-0.6500031480100258,-0.6125738209587304,-0.6656922355399851,-0.38138007837352944,-0.5678617357817232,-0.6685126255302343,-0.3862934655816761,-0.5688996490094572,-0.49251319172356994,-0.3565215384144001,-0.4074540377161684,0.3311125518337016,
-0.47778618806734513,-0.6165066137586417,-0.5514078084147245,-0.5472177330470969,-0.7570884596989546,-0.6075702358846914,-0.4953913985177857,-0.4099311583534328,0.4961095699811843,-0.4673842166539666,-0.4164837496425547,-0.5118466701401884,-0.3822704202368454,-0.6959337717427041,-0.5962535598674056,-0.6840665662060824,-0.7142846970782437,-0.6394861785078807,-0.6721648494202084,-0.4361908909933373,-0.3248771939772604,-0.5724262038275867,-0.5138586007619093,-0.6851274947987143,-0.41227239496098106,-0.38265689614098086,-0.5072406753929251,-0.3119490186005155,0.738587765518369,
-0.18543634236758982,-0.4710379915979581,-0.24843635616940293,-0.49786446855730276,-0.5291678355393831,-0.5377200838029222,-0.6498305548133214,-0.24572148119671244,-0.11199172897878962,-0.44997860322362304,-0.24818317957288713,-0.5434950191268723,-0.5041456499685643,-0.5823492657220812,-0.38792352703653216,-0.527257974176323,-0.27750948275905,-0.2985236588837137,-0.4103970992555795,-0.3292144900039176,-0.48047179600690804,-0.16502748306914383,-0.5402113387864289,-0.6117791700224607,-0.22687360116276795,-0.6419385315757028,-0.5663791666461478,-0.28199913724482334,-0.0358130583303946,
-0.2206194367243324,-0.2440620893000324,-0.23454227815222656,-0.6159057899109598,-0.6277370407673772,-0.4903900467232158,-0.5640431402107456,-0.4584808058067562,0.26285639452865095,-0.21487276914113645,-0.24381458466927583,-0.546524826984171,-0.3259292340645072,-0.5171516380004036,-0.48532993252101203,-0.5617542851138752,-0.5254024519291213,-0.4481235132612342,-0.5051486827579827,-0.25083111811942393,-0.5798582543812477,-0.6232884926177668,-0.4383443079323989,-0.5388641568074742,-0.6103698768455986,-0.2623375804772875,-0.29987846033014526,-0.47201347231701735,-0.2056721740635655,
-0.24827074012826228,-0.606473033147931,-0.6185488598079714,-0.32545470820345584,-0.19239917323053546,-0.40380831375463583,-0.9411475320602093,-0.44552220060413955,0.37233142474817227,-0.5364616464171933,-0.6275077265802903,-0.4483431309422865,-0.6177788992008264,-0.23237510095895456,-0.6396018183764407,-0.33576736333244167,-0.4280359836280462,-0.6187574462658338,-0.526420367423079,-0.6003080109033816,-0.7980252776622039,-0.6756240341941653,-0.6043816721403011,-0.7408655239246247,-0.4947344482572958,-0.3066845311908922,-0.5893344584004839,-0.4089469312279596,0.3011231171481299,
-0.6247386805537763,-0.5385520545667427,-0.361802964570614,-0.4303750475926968,-0.40635062569484265,-0.4252343886376326,-0.5690928063289128,-0.6974747546471456,0.14784811670780623,-0.6888929018335729,-0.6825646685200294,-0.38795880275996186,-0.3363496309329507,-0.37843513606855,-0.4978284786124724,-0.3187074895443216,-0.4236308732319313,-0.6395767966980763,-0.4432852638882468,-0.5329205638934864,-0.564474136367623,-0.2616031795344989,-0.6986075769803683,-0.6182931476709158,-0.6905959708854946,-0.5133960678617467,-0.5358049314072405,-0.6256163572069123,0.23955685213638406,
-0.5282886666766917,-0.6914897524138497,-0.6727736033527119,-0.641915164671533,-0.29897483663128205,-0.8006152502498497,-0.9012197463193161,-0.35459456773700454,0.08462221630236008,-0.4541782456099821,-0.3875720213098852,-0.4210224619228602,-0.502606557753007,-0.4061565894191602,-0.416495595511897,-0.3690007825851905,-0.6370416767164178,-0.46060848898533313,-0.5287711155505397,-0.32525354268164963,-0.7250655708620213,-0.2020487307144648,-0.39754376250694473,-0.6397470611892961,-0.4449473476249418,-0.7090391567332638,-0.32169479829543035,-0.6398001692485411,-0.08208419445004901,
29,12
-0.3858458768680488,-0.38004400174090086,-0.36371075074164105,-0.28587013388681953,-0.0738677867533322,-0.24858250980117447,0.013230211838485863,-0.04803830161564621,-0.24620387191026386,-0.09892790961279606,-0.2979335112541769,-0.38805202760322166,
0.015902398585790723,-0.24097947608983444,-0.011275046902916917,-0.02350956660248705,-0.2363039634860822,-0.29987285915470696,-0.11355209430784849,-0.1504536478578049,-0.060912310988373346,-0.3845011473498001,-0.34399624850380944,0.06747589686897823,
-0.31401561620974167,-0.2270240582536872,-0.14280274018737654,-0.11946764341375078,-0.20315520633318482,-0.11665908687970167,-0.08686301626875799,-0.31484648185753183,-0.15795536134139768,-0.2924201093954242,-0.10489607939788698,-0.20964251792339492,
-0.3309323193252925,-0.015206410927010881,-0.037882949978705435,-0.1693910519949343,-0.28647085919322807,-0.08186965050680532,-0.09572658508729258,0.03797467045951085,-0.4283515945666479,-0.15692688516930794,-0.05319224426876001,-0.3390320171604445,
-0.08303460625262873,-0.17741490827955714,-0.22875832926400708,-0.22179420569566494,-0.11334056234821985,0.02910105358211097,-0.11048676705541625,-0.4080387445114234,-0.26098470703330595,-0.33822704650820884,-0.16529177911199028,-0.03162086585664062,
-0.2605873277122764,0.11509959739562123,-0.3418862384652703,-0.0516317499128638,-0.19571583756406155,0.030756404820719892,-0.35451023359065,-0.05757739838097068,-0.2811679639517488,-0.05343780446634781,-0.25567077614748446,-0.035048907652178864,
-0.12049918302782925,-0.281033976433546,-0.370292018761598,-0.2195595178682918,-0.22001657706984482,-0.018088385672716634,0.04015993541050752,-0.1435746475318934,0.16953036403268987,-0.03988763355657784,0.11420056439851224,0.03454235715799803,
-0.09944975893629879,-0.2210459649283863,-0.062099093296535575,-0.021371193620224993,-0.24440186221126864,-0.392849805922429,0.058766733677626706,-0.20301689336411013,-0.11307590966986021,-0.18756752261310114,-0.13304188702457986,-0.351207948010547,
0.5606901651825585,0.43280884163925176,0.47190729525537356,0.4706589825463352,0.5296130435372135,0.3128789572741975,0.574307442663353,0.3658310116310828,0.4179974475874247,0.5334539610850396,0.5743920731584894,0.5342057892549267,
-0.07875431126413057,-0.22100796563148994,-0.2328855928331173,-0.0861235928252065,-0.05872161954784095,-0.1610097095225649,-0.22219163171895454,-0.3234071860901293,-0.426574857256086,-0.16114541228440254,-0.10380616459284131,0.039469141396034774,
-0.22599901916028617,-0.17277786910247242,-0.056980519028655134,-0.3295362615697467,-0.33004907294618274,-0.26312177636884576,0.008222547270978762,-0.3147604253649807,-0.20832218986252976,-0.21540871879872545,-0.30845447542248855,-0.2162598925625736,
0.09391805913948136,-0.2978211651720555,-0.20575922168976002,0.06600179567759355,-0.0643662915800765,-0.2700105396809645,-0.27666568432692307,-0.2535807847560201,-0.06519119914943966,-0.30704299111805117,-0.0076984036048125025,-0.20933762092064387,
-0.22753243271718016,-0.07369917338891555,-0.011280185465574735,-0.26234711079973855,-0.09029711897606237,-0.07488375090817058,-0.24908917067741673,-0.16173151427182558,-0.09759915911737567,0.035047580177458015,-0.3165524120426876,0.0018115224009467037,
-0.18146176824495344,0.06181284784854633,-0.2507721368918518,-0.05416868536818589,-0.272343638353244,-0.09762454132814687,-0.34185446018725524,-0.11886352124567577,-0.0901326233009341,-0.10424975405607258,-0.44289681174275675,-0.1487418236726153,
-0.21622287937698428,-0.36657618322746266,-0.2288623054412768,-0.12753148826873165,-0.12685513564250467,-0.2539626239083945,-0.06379661529255563,-0.10285360439945238,-0.34343958810810893,-0.04322398191696268,-0.20112270699336135,-0.4458434003977318,
0.011350708427467153,-0.24688927239688535,-0.05590986411656488,-0.16129947342972023,-0.3641508920506881,-0.3945425988049617,-0.23991235447316153,-0.16836638415397598,-0.12149373878807734,-0.18447406258409088,-0.21875484519337351,-0.13672728322494754,
-0.2988910955689447,-0.06838753333733474,0.14440366762955772,-0.19294087971166166,0.029968403747676658,-0.1336044950656139,-0.0067056346960758725,-0.22889087538226208,-0.03761247154507612,-0.36285596630770395,-0.2812582660283352,-0.29319913355153715,
-0.07764111290923675,-0.2967521812482409,-0.2723045154376335,-0.2157130692901946,-0.11567716205096226,-0.028631298038073464,-0.268535820361803,-0.3207071587810788,-0.25583231989311966,-0.305718464158779,-0.012419741217765257,-0.20508422370846147,
0.049049430927272285,-0.21645539111200185,-0.21901214002043343,-0.15107886467556295,-0.031854529816356406,-0.1463796146522891,-0.38772199879674635,-0.012372653228306768,-0.1200953330914245,-0.10175971235527433,-0.2142450814695034,-0.38954834530224847,
-0.2347356922068319,0.061902017043478676,-0.24627856341953122,-0.045062456534571915,-0.31628456560773255,-0.3226775825818944,-0.06257962145276631,-0.36676700285331004,-0.1671818757031572,-0.1625983553599877,-0.27779894561897817,-0.08502558896217713,
-0.3256045343975108,-0.26575701681048464,-0.31750116251368354,-0.3695964609899378,-0.3635045814656509,-0.17180768702491508,-0.27372555034331086,-0.1260974948988303,-0.021290589529300935,-0.06447798689086737,-0.06663115520951084,-0.09863843981547275,
-0.19778284163827378,-0.3789198812814789,-0.1425450032670356,-0.40823009994656634,-0.034321209412617716,-0.32260842872593276,-0.134635624560482,-0.04973382344779043,-0.3268382787144038,-0.25680881174548736,-0.06331022879701519,-0.08216956281881498,
-0.23586281776790025,0.13687948815017917,-0.051905580821245974,-0.16603858623259715,0.19032897666403753,-0.09032250809502085,-0.20520575788030623,-0.297099989147556,-0.1669287715971195,-0.10709802851519996,-0.21131183410024398,-0.22265948725603069,
-0.02313144960002824,-0.20612443028275937,-0.0519816222104807,-0.27815221578538735,-0.1709392788195333,-0.17857168066833004,-0.14959149541000724,0.07999996542491868,-0.156445846341086,-0.031496774842309824,-0.03974902743666102,-0.2465897203265189,
-0.29244890981000865,0.04560232571604455,-0.10299156286537597,-0.1640087643171144,-0.32367099866969073,0.036249350715187444,-0.08529989429844867,-0.27120565190671847,-0.19158112331229,-0.09778403075136778,-0.4140677879996693,-0.273530973567715,
-0.10781938633931532,-0.04407258759689944,-0.06383256543989951,-0.2690193016607077,-0.3101383752754847,-0.38613544321991117,-0.3754215768327083,-0.11221692232959275,-0.30515144298988656,-0.0567271530864914,-0.0508645315104083,-0.07304769923803879,
-0.29982756365691915,0.1061560398233387,-0.3173653428387182,0.025419059418978526,-0.08392624961056627,0.015658429397106682,-0.3647283060668823,-0.019899215980492515,0.019332294480373706,-0.41929585369475153,-0.21120948650170082,-0.16023426129367832,
-0.07460656040694008,-0.08906477768410255,-0.07593558069498545,0.08885161551689968,-0.11944866824935149,-0.20864181454855765,-0.08234298848324273,-0.33996273312095093,-0.28584895944930205,-0.3428671771071938,-0.020484871224396944,-0.17194896876445614,
0.256440046955817,0.2812210709380634,0.3197714798648791,0.30188645253353935,0.29671754681034324,0.5198954467419755,0.2611417340481725,0.5112091201328397,0.44831090786608163,0.36043588230434154,0.2967065663805791,0.3360397034056101,
