# Pesos da Rede Treinada TxH=  0.7 TxOut=0.060000000000000005
12,24,12
12,24
-0.5254193727524057,-0.295640821372511,-0.5004839953047525,-0.44740384855493204,-0.5172591896883142,0.8130660488119189,-0.5135774913544632,-0.5445062233487609,-0.15230566866272413,-0.4794695244723989,-0.2323628706696875,-0.3550272127793912,0.3014932728888919,0.44435753111843557,-0.567963704570057,0.6988803691975883,-0.30621799792164256,-0.47261813222917276,-0.3257318113549238,-0.4047610674418074,-0.42844013976144407,-0.6036346195153057,-0.3760003628112252,-0.6175708339245629,
-0.4100101701211241,-0.579757596998612,-0.29151384696831195,-0.376102885732679,-0.06623730251630607,0.23521871481182186,-0.22481007762124827,-0.4145317120282563,-0.11019581973165742,-0.11678097438079664,-0.11463845695202231,-0.45152493117448056,0.2706566116450536,-0.288100736714105,-0.10740391392056052,0.21250690642471612,-0.30646579166222665,-0.17824427284278577,-0.33777422556471903,-0.38156621036177424,-0.3966593608182529,-0.38722460683062626,-0.4778662824899793,-0.3987671508621513,
-0.2694206955376633,-0.5411061129197892,-0.26794157523438233,-0.12984297139863382,-0.12590394089657728,0.5093267738585843,0.05437656225064705,-0.018604673389293502,0.09214698305507149,-0.35472081973735636,-0.34844667726655876,-0.21466644264171542,0.2762945367126453,0.022580575103308933,-0.49126917638181256,-0.23558405125491563,-0.14912801219030827,-0.10367295945560408,-0.42491634859139354,-0.4931875242226509,-0.27291545304311865,-0.20771145434789046,-0.43985736150407023,-0.42697978119808966,
-0.5339226507037572,-0.21246979572195596,-0.20988886569260645,-0.49141818933664594,-0.4950759336798554,0.5688707795849087,-0.3839119977792448,-0.3682231052442897,-0.12510146258559685,-0.523586551641781,-0.15749210707551942,-0.32198876841119967,0.3666491222612369,0.2970057242143426,-0.7277065187611208,0.44522696146537527,-0.4263637884645919,-0.2810370388372226,-0.3124968002536281,-0.390617045996308,-0.6852006481127078,-0.3687698716530862,-0.4291701124140996,-0.25238108034855866,
-0.7422955263265307,-0.6159201280216378,-0.17683800612166373,-0.6604889425537026,-0.3800443837423425,0.8523231467889139,-0.3936494107458164,-0.34497146653109984,-0.42621186587855925,-0.5013165487074772,-0.4576628408392033,-0.6580220784552608,0.27346777453306675,-0.03361839958744321,-0.7431039117540735,0.675108717024061,-0.3405925025400909,-0.6806647429658883,-0.2796045615197745,-0.6151304375310951,-0.7067499051453405,-0.6647391696436926,-0.44543006547467395,-0.25583663442505655,
-0.2606481306800911,-0.4409032524690939,-0.5879740876460443,-0.6046185654458306,-0.5369622550453659,0.6757556269831154,-0.5885749865464595,-0.36271227745599693,-0.56837265543228,-0.5516101007331384,-0.3424046889232401,-0.5923487798952433,0.3315748123329739,0.15122314038552276,-0.23717364774295724,0.24526081561259638,-0.3411279818164984,-0.6731685400397996,-0.666047188259205,-0.48733443827248524,-0.5648970176563743,-0.29278260227042463,-0.3642064543281688,-0.22908779021021355,
-0.540576570205448,-0.31699725656863814,-0.3778590597067069,-0.5028978490975219,-0.31857263427941546,0.5226287912662935,-0.4324608655655646,-0.5096419962316026,-0.7536006395752981,-0.5189712764821588,-0.7441999010966309,-0.39434764762400915,0.22759812082082242,0.2617969580493155,-0.49728123231612564,0.509172806526346,-0.4554483202466979,-0.6449999939237352,-0.3426647485432223,-0.44566206224706634,-0.7386357746453616,-0.45555714883431303,-0.4540200375207364,-0.3275923595157859,
-0.42243050738573357,-0.4788725492276768,-0.25889497289643676,-0.3627121279163684,-0.4578385308301762,-0.004315805403123627,-0.3194714317669589,-0.18416697025516682,-0.17514096587726116,-0.4681162073140167,-0.2430900553478231,-0.38403333064115835,0.08485967039025918,-0.33932544419483535,-0.230993369416425,0.050947467603292516,-0.4968179908322885,-0.33527450381291696,-0.3333701755751352,-0.3477120697748119,-0.14922933573426517,-0.3657142316155555,-0.24168399645757646,-0.23216227977032183,
-0.5717686386081485,-0.305915033627399,-0.16060162425593794,-0.4538256727799592,-0.48394566393277477,0.07859896621200364,-0.29014046177931324,-0.5288868947896349,-0.4251659988616588,-0.5175469187026552,-0.28628463986108976,-0.2677427917733063,0.026845250636537497,3.589091399643068E-4,-0.2474521470618543,0.1079990157615392,-0.40393228901509065,-0.44799941904444796,-0.20609212265068574,-0.5515338071651841,-0.28785065731741166,-0.2590115075638688,-0.53374684158457,-0.32311758483168135,
-0.33492707045807374,-0.512978235997158,-0.3115801505718956,-0.24603704018089304,-0.32452028838754904,0.32649116933449546,-0.47465210798669333,-0.7464497076345263,-0.5135824043066293,-0.3733477409562976,-0.4892683611068615,-0.503174846488881,0.20167451906194284,0.07844099846591485,-0.3930324739464293,0.008043710371575228,-0.3591370769741922,-0.39223261794208214,-0.18350469663103228,-0.20818461335759664,-0.41749550838803673,-0.5199654382152281,-0.4978184682983276,-0.5629988914076657,
-0.20368560869415,-0.2378063652510796,-0.6512335740838316,-0.4541415680720656,-0.5356029952786496,0.4856388753637626,-0.2410151599163904,-0.2876527991798162,-0.2746263241725196,-0.3599008620088298,-0.6174010853291924,-0.5097031006845497,0.1612527470825489,-0.12012126459861117,-0.5005962230805098,0.5309917577379353,-0.5413008101714929,-0.40245330175733113,-0.555209765971594,-0.25334779889675224,-0.36125434912493537,-0.4718922516757712,-0.48656780406537636,-0.5594449976791761,
-0.414784715680311,-0.5121274923466641,-0.5293817534682717,-0.34555664887869797,-0.3386417339353152,0.16167624990481155,-0.3998602892703596,-0.3287297354677409,-0.6119632659431185,-0.48379947058591505,-0.5901884457003336,-0.3266354447017653,0.45110264721720034,0.09366089213105547,-0.35580874252248273,0.10792184268107272,-0.7360326549127073,-0.32191567346194877,-0.5528983977555345,-0.4243148505950374,-0.2723003913900851,-0.29337687839747,-0.3657056558159735,-0.45140173785199306,
24,12
-0.3893101522618455,-0.30129127335982736,-0.15063988404082723,-0.4397703602253332,0.03253090300625268,-0.11870517052911457,-0.12520234515828269,-0.3668422048922426,-0.054938327741053346,-0.046983009435182466,-0.26800346703107764,-0.4022989242183024,
-0.13928463613765593,-0.1657499866615782,-0.3039445072334901,-0.2694765661823315,-0.3351430412154924,0.010880455669232347,-0.14194839618956775,-0.15174743142448946,-0.05125728711778847,-0.12595491749816937,-0.03517917556902137,-0.15649576416774352,
0.03645655842859483,0.13624195904913536,-0.2083100126140526,-0.03603664215848665,-0.1206973951338187,-0.01210665367713055,0.036290662678765816,-0.03284330267050174,-0.11778935089955374,-0.3376648265079532,-0.33604217156787547,0.09165844174515907,
-0.08305766042600621,-0.08365079028460368,-0.1436938995823658,-0.17622451194178193,-0.29512586165105725,-0.3850475160076089,-0.23379714070955235,-0.35835934377389583,-0.18937827759686504,-0.10768902899161031,-0.25893485284954554,0.0071134130804938415,
-0.10714759470862394,0.16093987829386677,-0.06846490377897045,-0.12950148698716812,-0.20426118683510464,0.03458264893484332,-0.10861863858712578,0.04385161066255955,-0.0046187506093251065,-0.2113953413672278,-0.10308082787047775,-0.18927450442223429,
0.5264742305053342,0.5812112768319011,0.659097833660279,0.5746355632845143,0.7920472637682192,0.44148700277938413,0.4139467840882373,0.4230247990330836,0.4084753355010113,0.3979366911337092,0.41507571747641825,0.26249640237299593,
-0.22715612425665607,0.013957416642969296,0.07900717801683073,-0.03661094582617528,-0.07022772310689386,-0.04210374099586874,-0.2787361562832981,0.17708724671298756,-0.10413651460729816,-0.2544175404769271,-0.28116596553466056,0.08784744345520966,
-0.018533365408916827,-0.010270165628057116,-0.20926523249862541,-0.0026209835766273833,0.10016325355231091,-0.26636909145769,-0.3042654395695667,-0.016291590825710262,-0.18871888462337919,0.06789732347698249,-0.2689171948102946,-0.21513525025284086,
-0.043196461521411135,-0.08914765311698385,0.11309846920494893,0.0604908872497913,0.022821682240637915,0.030121294077121084,0.11103207246277798,-0.08439908629165595,0.07673010855246877,-0.2855990251957535,-0.2938941473652864,-0.18097806625641696,
-0.2523505347890874,-0.14845201555962512,-0.29800523022116426,-0.43995888627858587,-0.3592363473740744,-0.41027988503434615,-0.36279240737027546,0.017727057316052487,-0.14950744312103792,-0.3162815132362974,-0.02569249552352298,-0.13924232747883844,
-0.02562367186243449,0.13485503775829197,0.03609053732191871,9.491886527961827E-4,-0.10967339349733121,-0.1580081188632354,-0.2703756752110376,-0.2796725473582879,-0.1499219977518235,-0.04741404904648826,0.06319529553660398,-0.28869692036600486,
-0.019063233610359706,-0.30618520835478785,-0.31334796558608535,-0.050197220224456655,-0.28779068546023007,-0.11644983329860639,-0.10420496624978945,-0.09601051742367524,-0.19183281435038765,0.02554927297893389,-0.3684326499562204,-0.18328786159561916,
0.16156733502825946,0.17186925931672672,0.15086362862933314,0.048599583821696955,-0.014982173438742528,0.09130927219412781,0.26726603682709005,0.24210805607829272,0.4021237273461745,0.29580735753124643,0.014979908633880783,0.19093543864497178,
-0.10985857554624107,-0.19636872009278833,-0.03295520121372492,-0.10736306959246841,0.16321592128201384,0.004080213168436202,-0.10350475053615503,0.06633397975666974,0.25830791988702145,0.20674393491419435,0.2551838453664567,0.1821608674757827,
-0.31116063769199814,-0.27963859852704365,-0.25996171618239505,-0.33332014472837435,-0.08709001709411572,-0.3229467387315543,-0.2934698381753538,-0.003999815352947519,-0.13898961256804054,0.011155790036401164,-0.04644510271285613,-0.24307270077641113,
0.25057102041632595,0.1026620952917776,0.01753670913585707,0.24468965877248858,-0.0223203689403655,0.3379798741002006,0.291481709574142,0.22182500209284628,-0.004036960673846339,0.17928886780795647,0.38092431033919055,0.40054857283425876,
-0.02773903055480311,-0.17008013348378448,-0.13545251822844245,-0.2108490940416022,0.1569682989447129,-0.22997609239951572,-0.003840978841100193,-0.2765741872130833,-0.04510843384759918,-0.30439333804765634,-0.15463657070153908,-0.33101559109022005,
-0.037717309926051254,-0.02326236415736445,-0.23646708943734315,-0.03999627066078565,-0.31625945927228194,-0.14481540443853233,-0.2913372968205638,-0.3686597745059398,-0.18527419130222983,-0.2578863317196642,0.008476265430132617,-0.13312051197633173,
-0.09939508119830995,-0.22443135399403316,0.06709549403300812,-0.041823009680792125,-0.18960936778743886,0.05423211823716874,-0.27746783850170376,0.11753082663215894,-0.31598341873303837,-0.15952761614014505,-0.2700607281905581,0.08969399170325283,
-0.17360890481325972,-0.24842383233675908,-0.1753860062986843,-0.044798758540079975,-0.015797155714381114,-0.21248591507230316,-0.027710567090583033,-0.35792183137109956,-0.47306658419151265,-0.18106478745794705,-0.012204674108563024,-0.08458109155223373,
-0.35131867384862525,-0.3305585608962994,-0.28156776352451196,-0.14907673926492926,-0.3781701517869054,-0.2249802649432211,-0.10581014835944454,-0.3292254619712645,-0.13769792803854794,-0.045215453379344614,-0.09512175969235485,-0.32995819257560766,
-0.3809699061817589,-0.1365117594337055,0.08842736775915762,-0.1242943251235184,-0.298464785333309,-0.22490912234583801,-0.14398254938552968,-0.05011150201419809,-0.40631452788981987,-0.11946256661671971,-0.26922064704329435,0.12796973628017308,
-0.36327992579548374,-0.3182840862033202,0.005668890784603897,-0.10136089903400723,-0.3451717800194917,0.020912587689122863,-0.004350044269712942,-0.3504018578585113,-0.13401527113710562,-0.42463551529933835,-0.09837397542848947,-0.21381860662375796,
0.06081918134326997,-0.003470152464619145,-0.18116096176802796,0.062002299864417576,0.14723773314328362,-0.14277735990608273,-0.005996467805822163,-0.2976608987903342,-0.30245629819089964,-0.17910446788804119,-0.1233966852478475,-0.23375586881418528,
