# Pesos da Rede Treinada TxH=  0.4 TxOut=0.02
12,19,12
12,19
0.36660938656573044,-0.08818355512724373,-0.3099695205923821,-0.4180456881197323,-0.11269632483680488,0.4801727418021133,0.21491556802843914,-0.5528209441604235,0.209002621215403,0.37588083100451275,0.1665977652692351,-0.17140624043221944,-0.17705576844182783,-0.20511382924568775,0.5689224139807963,-0.36064909881115637,-0.303477229813127,-0.1214771705630957,-0.15970165508550296,
-1.4529100884272006,0.7600923599285165,0.5884150353012391,0.9838219917280998,0.837272214204625,-1.1836188899631244,-1.527854786113597,0.7270203355141863,-1.3017485332195629,-1.408807768709333,-1.0864312330941521,0.5780415593115057,0.37783470612248454,1.109856604617629,-1.4984424073595233,0.780011413854753,1.1229353621830087,0.9967568437203788,1.1490705865972006,
-1.0210932265111252,0.6321364403287644,0.35704637313092447,0.9668317367512275,0.9087775246480202,-1.27881721436841,-1.0456407731704997,0.8750802948132969,-1.1318650116174502,-1.4861002592511197,-1.0556011902616007,0.464923321901375,0.6336134072076323,1.1603317076240351,-1.1184449479796224,0.6411275711789863,1.10494250519212,1.170641056471867,0.9414259140896091,
-1.013866517690397,0.3408301624638786,0.025228754453384284,0.4862125757201124,0.6446807848626953,-1.1316365012329015,-1.0165797617055592,0.23400382848881088,-1.0286867633626866,-1.0135722778774066,-0.9750258236862017,0.2839511082100617,0.3331139943810102,0.5412873875195475,-1.1544236532298353,0.35446420930726313,0.7167415707996402,1.0080293878979933,0.5887436979133638,
-0.7671792552524798,0.10191956378013725,-0.18966733791883297,-0.06936627232991313,0.43668659829269424,-0.6834424797876549,-0.6041827642414175,-0.02362388987488696,-1.0312142453712392,-0.922916747312734,-0.5119089232268226,0.06504889479846353,0.04808151039337693,0.5543872310384763,-0.41896347049722577,0.0033599857294886945,0.4927209543719049,0.5870406407324802,0.2129910304926494,
0.3825536147834833,-0.37402098754730634,-0.34569721172343115,-0.7864554380075458,-0.41626494678044434,0.0907447305206357,0.2597735582369086,-0.5785149644364691,0.3599173014240781,0.1775099601605036,0.37267403480515904,-0.3149167038174018,-0.5261774476880684,-0.5161598456365848,0.3305652878715281,-0.41078217160082514,-0.5364818506670846,-0.5523296197428608,-0.41270547373157923,
0.6039130021839679,-0.7227273376946587,-0.5480591948882991,-0.9738572731245251,-0.6552554194914451,0.9297850683424037,0.9144355566681821,-0.5798377336513085,0.5684989020664208,0.8796758616365467,0.7162276708911007,-0.8111493359990177,-0.730318096422805,-0.6626317111289428,0.64036480848418,-0.99138157843733,-0.9451233272220507,-0.9639515990024254,-0.8778891398713976,
0.19955618628587052,-0.1722709640586509,-0.006785137644608781,-0.06193983774228407,-0.3518380283269076,-0.02537156479809108,0.338793668296494,-0.09923885166039341,0.036004290216205964,0.30680499553400176,0.1593344987443153,-0.23884777912273641,-0.2333571381013272,-0.18884095839473097,0.15896795348976928,-0.038548121278681,-0.3198345647966922,-0.4943497678491337,-0.050251467841820684,
1.1556704943940914,-1.109919224256859,-0.6495994213100295,-0.8497180741851852,-1.1142433990783347,1.012416667419766,0.874222397279235,-0.7160819892114103,0.7285436365575524,0.9964342805023563,0.6731921539730104,-0.5991984928939194,-0.8118606949541364,-1.2113713472965844,1.1586325742743853,-0.8269919908489248,-1.0574149922458886,-1.2902135471032001,-0.9798502465168344,
0.9244521992929432,-0.7203352141497864,-0.543629031792353,-0.692752275138062,-1.1510542079244972,1.2836793248066196,1.0886550877308439,-0.6913625426495438,1.0881327791282442,0.8172158926305956,1.1123793512434983,-0.7198865262011124,-0.5406014086786648,-1.0222632977776025,1.3562952675733437,-0.932239716557904,-1.1817048263811696,-1.1422013279626955,-0.7365680737635522,
1.0497017081191096,-0.7308258426314852,-0.49062712935342717,-1.0474728455160616,-0.7961308352779314,1.126512072906811,0.8230054824371853,-1.0024426729292752,0.6927696374365593,0.7270312735862989,1.0822856780800851,-0.5865838503170526,-0.5286212045449828,-1.0645045979020564,0.9655913527556245,-0.6451527686951374,-1.2508849607716208,-1.2082839212431853,-0.9838648893839592,
0.42562320496476963,-0.6411751259511677,-0.5058922279003638,-0.7091505118246308,-0.8787945114288026,0.6395776768287764,0.4256715591456585,-0.6330587185398675,0.4458915841603864,0.39888932608541744,0.2351785589990775,-0.47885805357544275,-0.28561524189716264,-0.8984188991300643,0.41300585596724715,-0.6880863054431169,-0.9049999570243147,-0.606467326094438,-0.7881577260631257,
19,12
0.05233019506821588,0.08694710224557338,0.11167537914605494,0.2929681599314026,0.3093750721422692,0.13004982242745855,-0.013699962836527354,0.03695494915341774,0.14332020673856105,0.3521905413932374,0.30327389667811033,0.3528987581938701,
-0.05803444694887303,-0.022941161965361254,-0.03752171594037744,-0.026791521952344792,-0.19537983844953527,-0.1856700981594762,-0.09858025856763285,-0.34313024739552145,0.05689350278146992,-0.08157018469650888,-0.13287584278344744,-0.17875439311032873,
-0.1674478051874281,-0.29865721705886566,0.07148161282565875,-0.06541741464835198,-0.10701570767044953,-0.03230423340535734,0.14414497607242363,-7.023914360397353E-4,-0.2824384939040686,-0.1048396196105071,-0.24424390169879867,0.1951259504772902,
-0.1692538524125596,-0.20081823103166624,-0.1718801297253686,-0.3116374061640682,-0.24398735186335258,0.04371317529866372,0.03802880456869817,-0.029607839100007114,-0.1927006659599336,-0.25544080141782777,-0.2164132314705777,0.06507720653273477,
-0.015462603190691128,-0.1326364292892544,-0.024248207758494195,-0.11118901092207842,-0.02024206498916788,-0.11867505383097131,-0.2511097791310807,-0.3485385858056939,-0.016160608338437504,-0.049680222027419674,-0.08971019660612313,-0.14953719027776627,
0.04795893109349842,0.3071792987597273,0.13576030446642434,0.11371448129341012,0.33952122638742027,0.3219115481057771,0.11574010103624703,0.42343048907102043,-0.0370029174630236,-0.003138955499804758,0.31752217135770305,0.35128109790679807,
0.44116145400054685,0.2251275052552718,0.3560498746708188,0.028645518217239783,-0.12390471534775395,0.14535799257429766,-0.0457066389398702,0.4138293555021557,0.1635425738918065,0.2525218389805852,0.32618622620707366,-0.0928210596364217,
0.16480999141092045,-0.15913401891388732,-0.21920966774253967,-0.23806992255062753,-0.09900128259927603,-0.07274611673296683,-0.15949361674492588,-0.11031944937333801,-0.19082622684359266,-0.17065085564990673,-0.0849819796975666,-0.10842450743672169,
-0.030419125015068993,-0.13745048673121998,-0.04928841359762234,-0.042837132359820916,0.1982621524796869,-0.08932906480895965,0.2859182462365702,0.3723983517019888,0.32122027134815206,0.3550559196251395,0.12799759491409823,0.1022788112661127,
0.26935354598045547,0.2002136200568313,0.15855878511860672,0.09175622781999679,-0.038117550895458235,0.20433525117922455,0.09370458519843722,0.07162966095878384,0.3280796346815661,0.20717701723691131,0.2558222986748498,0.14525421890059062,
0.058996225817638734,0.13096402338006946,-0.00743537475736704,0.36285729921416054,0.2744812288802295,0.19746983831919057,0.35007693153992686,0.0611255523904333,0.1457847406301101,0.32060240081583385,0.07644711172455144,0.181949012073307,
-0.23121358492250055,-0.018861390117667846,-0.26433821013471004,0.056311370716648206,0.086524750826372,0.012466429926191763,-0.15542322347455426,0.05892179706410402,0.08544914732577409,-0.28802496195865745,-0.2484147839982293,-0.08972293060378794,
-0.17046151666447407,-0.2156893989449796,-0.19576882004398105,0.05854325597146475,0.03822688340593441,-0.37637615513858563,0.09764894086416999,0.02276244083457031,0.012886300161434812,0.026208549019619092,-0.1096250423605887,-0.23543405250032665,
0.09099009238076194,-0.1567680964602951,0.22413746403933077,0.025232713762087272,-0.13867336020255083,0.09199619170716683,-0.2753845539503476,-0.37954974354760823,-0.24890857939992705,-0.2575711037721803,-0.28237764778217866,0.0033853302473321033,
0.3524370016915308,0.19822262829084206,0.3941695672152527,0.20046487765237106,0.19037226645985642,0.22429269705840024,0.4665130423207376,-0.009607886944266642,0.3154064266510861,0.009139564745554142,-0.0412792673184205,0.23608081000358022,
-0.30222201749537037,-0.12826511901874607,-0.22895777183992208,-0.2985280922470555,-0.18656096595927654,-0.26867860124880255,-0.03121519264688675,-0.08779885353813412,-0.23891134121058122,0.08025886265610095,0.17287098356718802,-0.14518079421759952,
-0.26092344264300943,0.14040496401296612,-0.23511175831329764,-0.22690356606680115,-0.3158838537801735,-0.1783388419218566,-0.2689636181906524,-0.09041162045826988,-0.16369324248960648,-0.03044856403947602,-0.041454776824590645,-0.13497714043696543,
-0.06419007193256468,0.05974118780423094,-0.11234547574582557,-0.05679790915070699,-0.19334843940357005,-0.051262481816109096,-0.25123955112059526,-0.07960698188111165,-0.11121890306839502,-0.16967534518847252,-0.146753272505912,-0.3291414172759389,
-0.14038859941829787,0.03560332902592101,-0.01805914464262142,0.019453237234976387,0.09178841484124094,-0.0800165123651891,-0.16795889405439884,-0.10537056125789526,-0.21967274581480126,-0.3128061560528234,-0.04843065318486711,-0.2544827359970347,
