# Pesos da Rede Treinada TxH=  0.7999999999999999 TxOut=0.03
12,10,12
12,10
-0.9159036231570575,-1.7120772356747838,-0.7892744925785745,0.6832294707334948,-1.3254098938882521,-1.4693238956631272,-1.5141687517986895,-0.8932565424735968,-0.7327183698265163,-0.6374419030664011,
-0.5270791406702323,-1.5910921890564902,-0.3255962605392544,0.111575749614606,-1.1565432553777764,-1.2235931467441639,-1.5319897867238779,-0.2962006279470233,-0.3291637355476974,-0.3421086041008591,
-0.4302657223775333,-1.9945036397035842,-0.4907376582954188,0.018642030705430784,-1.4866319486704687,-1.7668684243806108,-1.6706773188613884,-0.6998380678883352,-0.28776311716461056,-0.48161509298017047,
-0.6172598651791334,-1.804327558868209,-0.9200611688289875,0.6973943757986714,-1.4842774260338,-1.701760457359447,-1.6796926085808082,-0.5311862924107985,-0.8403561666406636,-0.9612781328467348,
-0.8772918415092084,-1.8607309957564664,-1.0579288855259998,0.5909409753478553,-1.75206616806202,-1.4290957594995533,-1.6938863768119605,-0.7259665208274407,-0.9451890200874199,-0.825898018869586,
-0.04927053821794128,-2.0993005997457983,-0.2007004813901615,0.25311950302556924,-1.7409259944962263,-1.9108541663090446,-1.7437817399484699,-0.3860955215523044,-0.4105082604689587,-0.2392932672940466,
-0.4130820598304216,-1.6688145846920128,-0.5427811264005099,0.8880096373126607,-1.3583336516797933,-1.918797688615982,-1.6624037214277643,-0.2786262299462052,-0.2523747514899657,-0.5972013013974858,
-0.2611814551252076,-2.0633100525656403,-0.2603820203638817,0.3691124693124159,-1.6699005534212614,-1.9551573175673693,-1.8411996244421427,-0.07029875412043489,-0.2834376629938225,-0.1455250909176289,
-0.12778416612233753,-2.044412752313427,-0.08308520390965611,0.5813441499082015,-1.7226478092098578,-1.8670223076172991,-2.0387249433892136,-0.034213672260477834,-0.2370749389704394,-0.2797834434731375,
-0.18305404404909761,-1.7040507421265336,-0.2536352083760308,0.6945273597649999,-1.7557148798512001,-1.6023635552200135,-1.7920265293653805,-0.38840792657087453,-0.016300883345602132,-0.21008945584408997,
-0.22871838135661612,-1.8609855637514832,-0.1559521234127212,0.4931075733484322,-1.6753948453900718,-1.7512378587211468,-1.8875389095751207,-0.5268394281436353,-0.4733236393464563,-0.1405917098158392,
-0.38820784751412457,-2.0315848409379744,0.0801462915691671,0.2873037003776005,-1.7639945853759897,-1.6310785130551273,-2.154999826906188,-0.14984110819668767,-0.19737971318661388,-0.12488047308173195,
10,12
-0.4027696418801296,-0.3746039026297899,-0.35747260007066806,-0.2870807758653044,-0.5700960051189904,-0.6225355272747044,-0.45098190810102334,-0.37691145053661196,-0.1649252062647633,-0.5321420615725889,-0.19370682840641643,-0.34485152643418154,
0.5509740263950743,0.2857724123268098,0.3992655117600116,0.35148375565279,0.2901967397047232,0.4177531736897841,0.48909039751901556,0.45537861798580187,0.5426789433694487,0.4737636929416841,0.5298574454203249,0.6608506549412235,
-0.4078244529438688,-0.21275633189578658,-0.5101460535800232,-0.3121704689867854,-0.22364561780423187,-0.3181517845321241,-0.37483957372755444,-0.7175847579199008,-0.3848050794452411,-0.24946770057543005,-0.4825581943080613,-0.45614944300808574,
0.7697639235322045,0.6939602161839094,0.7701916663537249,0.7491087785709722,0.7946977801809709,0.7727384631392811,0.7932579775805075,0.8276623416049702,0.813486314706901,0.8520859602295201,0.8262859289616639,0.832657797239976,
0.1411895147871167,0.2148451383179033,0.2867332597428423,0.16136127742047882,0.2680853640242807,0.16335084226991392,0.18696311861525663,0.16224539773358493,0.20464345572105608,0.2587503009087692,0.16104437263852397,0.08064859572307888,
-0.1118410702440791,0.33274859285623126,0.21294895078691423,0.25046751773492487,0.17154363876377898,0.14072865400019827,0.01792277183793295,0.203540835890685,0.022551185214697587,0.2299223760426631,0.2552005482101955,0.18131562594118414,
0.2979249265089481,0.3651975569084674,0.22952890613508775,0.3200811901278262,0.2561226149087468,0.18263694538893147,0.06365358901833584,0.18999622280264422,0.21094950393607517,0.3890320556816686,0.2603662224588179,0.22533577446832556,
-0.4444016676561771,-0.5329119971858917,-0.27209765117843143,-0.21201630487731726,-0.39220512359492493,-0.3996839518240448,-0.20051897788330794,-0.3683770686972316,-0.691007141200473,-0.35285264251131243,-0.3491294604074266,-0.4758896204904207,
-0.49858895952397175,-0.4803079092470128,-0.49871215689703685,-0.5774109048473954,-0.4127203915568464,-0.051201748579276646,-0.41106201669500175,-0.2811155214200309,-0.4636306915157948,-0.3658625774589532,-0.39743441991566836,-0.3248655740242757,
-0.1585875508194619,-0.11903149390055927,-0.24903614499077223,-0.4528581965071346,-0.3462404838871322,-0.473055605785381,-0.5132839522214402,-0.30530891276501826,-0.31194852607922985,-0.6348198468211835,-0.6345397572897408,-0.40643664271014673,
