# Pesos da Rede Treinada TxH=  0.5 TxOut=0.01
12,15,12
12,15
-0.43101819031569033,0.2806995472190226,0.31274393585650073,0.2659145283942654,-0.1714440511844063,0.2056318526447759,-0.09287074336835821,-0.25889667108815806,0.4755665860698902,-0.4131315053294054,-0.5272279679241463,-0.1492797804865841,0.3887461430450088,0.1310502717442129,0.20618626112327482,
0.0833602625943476,0.3948722781739528,0.3308696866183584,-0.048564718679449524,-0.33802645514532026,0.26507639326869237,0.06459439000453525,-0.12026064281513565,0.33644971070322377,-0.20462853810803028,0.05043815341591678,-0.26964422641006897,-0.06773778741982028,-0.11777154602885088,0.13344226340574067,
-0.04777435258532596,0.03456217012046408,0.3564121040630469,0.17978370023256504,-0.4204339795203454,0.2604084362139541,-0.09572104037470257,-0.3409794452544343,0.04530983909154584,-0.1448215246943657,-0.3295780221095216,0.08467488031489237,0.18873141182540862,0.2707833297497472,0.14527030498488636,
0.020529625978953837,0.022540230318300027,0.12829343786604558,-0.0477467167421711,-0.16804838966602323,0.2419341833634234,0.002664671429128313,-0.07655823508082837,0.0073952657170651215,-0.007938744122933123,-0.3231522174774179,-0.20686806520723292,0.42641582289481794,0.3002850869338036,0.07762989416620265,
0.03808989816178843,0.10413358309033281,0.3547926948733722,0.46043402994441857,-0.24707706918653913,0.4053221028852336,-0.4793868777604187,-0.14049810121489498,0.34391578105149073,-0.4084000351794568,-0.27922245365934234,-0.31187700217041114,0.06267303923783955,0.3614231108466599,0.27249944756184846,
-0.28456576300148834,0.01680623095722598,0.17425311287569853,0.20087559266817231,-0.45156217737156523,0.3884172624346725,-0.493014380031834,-0.3812100241577664,0.16985558759848482,-0.12168065771707137,-0.3492709238026877,-0.37519434248773736,0.11725095782707448,-0.02315956178155672,0.4423539260584997,
-0.45514465155406525,0.5125643432122406,0.07458628851812228,0.1959951477335382,-0.5458092224804418,0.059133299960812145,-0.2536738516769569,-0.2927447773482224,0.1939386882892958,-0.1347413419684574,-0.21787534997519079,-0.22778271454658222,0.1925318787037397,0.4299060016396503,0.1912680683796108,
-0.49696901096564605,0.21576416923198713,0.08668733891229656,0.054809747685593845,-0.266561270282034,0.09655184898055141,-0.2598396428244005,-0.42716949962264034,0.34509559653510874,-0.4854231425403849,-0.16577507437350678,-0.47282491225606343,0.24334524160475243,0.3939014574980166,0.26647802621158306,
-0.3737255171574795,0.25834161414295653,0.1158737112025884,0.5104027125233488,-0.14924490386502784,0.1207011989607725,-0.4260847518360888,-0.24017390088064366,0.37892739636161277,-0.33209818090640697,-0.2951122759786284,-0.1702772670640444,0.3400146206177436,0.2237754629054495,0.5306747556392045,
-0.3023539768105011,0.422299847770587,0.5602746446588475,0.29261482632712593,-0.20587266947287725,0.34426459130365816,-0.3198807548678909,-0.30624568345782366,0.13343331481437556,-0.12195959096033872,-0.34619937143076024,-0.3395502007311285,0.26861608999681785,0.4351614365295461,0.21280971919321906,
-0.396894920040039,0.3042549107312002,0.5106403463889219,0.4534719564776357,-0.19779796730690852,0.14040788189588338,-0.6079738758909546,-0.3506422568568921,0.3467130136260524,-0.4488705821876029,-0.5320606051217524,-0.25044789842563586,0.4933957376340392,0.34005092867990927,0.20299151062249388,
-0.44109602868103487,0.28091712150137815,0.04849935413963935,0.18408472399619005,-0.48404583704843707,0.43162429579381895,-0.2646509976822721,-0.4032038088740336,0.054676864332673394,-0.45484454346660824,-0.377603392107441,-0.2140441038421103,0.1566479378871269,0.126490761860397,0.3176053220010533,
15,12
-0.20622124675562284,-0.12629695040220912,-0.019400333535282404,-0.27788674990442813,-0.1760452618287964,-0.07162579905193442,-0.12976454195198878,-0.22920920253952795,-0.14476356843400884,0.023359799905235276,-0.2864967654794248,-0.2659876089276301,
0.12983982399585897,0.12260240179465208,0.16979196475012426,0.09334260702298468,0.2289335256054431,-0.08389282558229522,-0.007180583444389302,-0.03524178685294778,0.2873141719604195,0.26123926939244707,0.0850123145668758,-0.02500423505976124,
0.0724766004031259,0.1819362558286595,0.08345467558031426,0.1384861270724698,0.22682058432733934,0.13059307400561834,0.19530654778446815,0.13067678147837286,0.2339706824275579,0.04643988744380595,0.11559884360810374,0.1761424664373227,
0.26389031403218055,0.19325672845145855,0.03734200001660676,0.16232965572757757,-0.005864862892905936,0.14579838299180276,0.08503910066162833,-0.06708226450120142,0.13167926576573344,0.21226339922678333,0.2040662151635485,0.15700930858457995,
-0.3590891067069845,-0.3554971174615264,-0.271042227783973,-0.09588216027301218,-0.01762210544683191,-0.2029993419577115,-0.12625345904379454,-0.07648797500198289,-0.32031291718306687,-0.2472946045225505,-0.16876534701850313,-0.09039025214898293,
0.024656939504631804,0.034980587937642846,0.10595427325214132,0.24497339471793605,0.23432019134453186,0.13909380904526977,0.12197020579626837,0.275261514914788,0.16416982321077686,-0.12984236162854196,0.14409709011149738,0.1598022609079041,
-0.0847337042045173,-0.16335465661849327,-0.1420525737952383,-0.1445510289194578,-0.31720303652391324,-0.17477799298709917,-0.09885836235322723,-0.12611349247867654,-0.11258722120501435,-0.046011955028497795,-0.3380053935234304,-0.23911925208369741,
0.10704375770723376,0.02671410293474444,-0.2864805293850131,-0.06908306957439893,-0.22814173795398793,-0.25215624679912163,-0.1003839580778115,-0.34049598579922835,-0.20813689934843255,-0.2466105900678241,0.0414487513553993,-0.2341324793419684,
0.1843658376285158,-0.1709880843904962,0.3393807432300318,-0.02215249946468989,-0.0891011402446085,0.27948937521952893,-0.025748790701156765,0.04156756901166131,-0.05327909754634688,0.27812190470311066,-0.1089145074665212,0.2009741915089634,
-0.28551380712937907,-0.20051537619075205,-0.03727236209294774,-0.16553246885616135,0.03541743842606388,-0.16351192350592286,-0.36689822438358166,-0.08114121852802604,-0.02655452638144626,-0.347196094496868,0.14514136669235686,-0.17028230137894265,
-0.18289613990640596,-0.10337202921964297,-0.28821294741027803,-0.23836916761320942,-0.35611569888058126,-0.29563430937533525,-0.08065071444338524,-0.17654549090595467,-0.25822610786555134,-0.38989257575848907,-0.3181200587789836,0.046668864469321794,
-0.11156079609439155,-0.05621971943004079,0.018488377299168867,-0.08533560323929314,-0.07319500615419734,0.0781327681132828,-0.1954477191224158,-0.12848566828016098,-0.10729395608050322,0.07214457256300319,-0.2847962148549663,-0.23264003183213253,
0.21766364359738977,-0.017375111136206878,0.0044988512863870815,-0.003896119897171213,0.03506206313179822,0.025640090452293422,0.16752091695663102,0.36069442599856366,0.08595999266466833,0.07129295752572022,0.2593528942556317,0.177878282267616,
0.16920882669712778,0.19607529264588908,0.04501686632830928,0.29343329242786836,0.17055654865508765,-0.07005086012103268,0.18194451837993447,0.01548941399693994,0.012597398053056366,0.20874574059457113,-0.014344426093067925,-0.03431834330141696,
-0.15197157836710917,0.2649379358123398,0.0853062393005423,-0.02328341242451116,0.12820451737195587,0.3250241327948533,0.2051088933929492,0.24200349410087055,0.08702424879489236,0.02059362133116998,0.29799912543384266,0.17912434304061656,
