# Pesos da Rede Treinada TxH=  0.7 TxOut=0.03
12,29,12
12,29
-0.6044777261330615,-0.4527122531527389,-0.479610344026369,-0.5285353147701486,-0.05519335557062439,-0.5482153355171531,0.6719930820347636,-0.6428389669052414,-0.39628378946360193,-0.5902469759265973,-0.5710941115413192,0.10691432704831122,-0.5483606419399019,-0.29988656750126447,-0.3941346085731401,2.2327083139364317,-0.6691262494577215,-0.10102315996896542,-0.5443126455856873,-0.36726962283441306,0.9841275883498335,-0.5592794241463724,-0.644041990819597,-0.4575006297540633,-0.4544226280826536,-0.011247536441734436,-0.4350528615034116,-0.515862062588459,-0.5589223534685606,
0.8643407151115933,1.2717033338900332,1.339823182453521,1.5139088902424316,-1.3126142013602533,1.2447091508779138,-2.6487608080157425,1.3139794579561261,0.8845664534691627,1.0907088450408864,1.4430165815068168,-1.4138853551418333,1.6905053275399695,0.9384245559467983,1.1358654785136466,0.19545519712728027,1.0939895585337265,-1.4222060100039422,1.245649457003599,1.1303811939454216,-2.6126210587726293,0.27932537459615164,1.4600805320465091,1.0500130706342237,1.4040331685728267,0.4461313989445079,1.0110344179794297,1.226079367190284,1.100108021750411,
0.8255790813717808,1.2465618259514788,1.4682911716336209,1.4951972183154214,-1.4382473991056832,1.1936326121839833,-2.7583423411479977,1.4501017635756448,1.2059425574129357,0.9971189025111551,1.5204906655194068,-1.2049139436814271,1.8752227811322426,0.9146833381113445,1.4254632796854483,-0.1544316818986066,1.4016041716196461,-1.3927342911322578,1.6502078823670745,1.292766177012117,-2.7923218562526415,0.8010985029223908,1.4825317307252186,1.1455405997907877,1.36750154976279,0.5628581207747348,1.459009968911617,1.5257506702211807,1.6699501568864539,
0.21435293566615948,0.36632961806256714,0.260797482690008,0.2635948301841438,-0.9009549954993923,0.6410703083966227,-1.050221944220857,0.23653921165068054,0.517585747757378,0.6292790778936983,0.8278304189156571,-0.8806155083811305,0.6064965901342023,0.6134465575210868,0.6375620795449662,1.5506101073901601,0.6314089466469097,-0.9321700424706184,0.3828639703952014,0.06312311647454519,-0.7369776544129306,-0.0689099998540981,0.26415039609767044,0.39597626616549525,0.30707607737310694,0.19302376553089973,0.605152072581134,0.6925207573407652,0.565252859588512,
-0.14176919181322462,0.12470771422571682,-0.36242585358472934,0.2525468940957104,-0.706860171991896,-0.1963212348989762,-0.49653067469570994,-0.1469008185563226,-0.19211112471562897,0.07310933181570158,0.12610831296592784,-0.7974772634007617,-0.1505383038994543,-0.030076643847565525,0.16638394729007375,2.097873824015741,-0.19563077738108478,-0.5140972861386007,-0.12076808230932337,-0.22364784418503678,0.11718939618804781,-0.22782512919518896,0.12777560381816824,-0.0409391324216248,-0.08351187523640154,-0.05045205971215325,-0.09974986292907077,-0.051611085857774144,0.1562282022518498,
-0.48316719850705964,-0.7152927035482227,-0.4402026838482337,-0.680616859306117,-0.36227404559846005,-0.7777008240410908,0.9784735773324587,-0.6628122844446563,-0.5499373116385862,-0.2881577935102231,-0.549054747076814,-0.40053448973809064,-0.8203722967438964,-0.6693638910447635,-0.44380858476503265,2.5512699581480405,-0.7546489882492353,-0.463128401073128,-0.3456568925807783,-0.677522329121993,0.7082032866896264,-0.3183004562942679,-0.46280188945958994,-0.6882935599152035,-0.43569083171563094,-0.12080353000054542,-0.3282509084693759,-0.6947398321217882,-0.5823376975422291,
-1.203417715814947,-1.165816388858398,-1.489888948894949,-1.1135686448639335,-0.16245241105642327,-0.8446744586630649,1.7469991116922163,-1.2231378158475066,-1.1091117930414318,-0.9504970408429053,-1.3343621382116522,-0.3761103743439565,-1.295892463690473,-0.7829342302066791,-1.2426123364913408,3.125866381393092,-0.9376715215895657,0.022448122390481134,-1.2102076003199032,-1.2313449157032408,1.7610386518761478,-0.8311668269974825,-1.0789275316976994,-0.6315823168377768,-0.8828686616818655,-0.31775217947111306,-1.335831869330746,-1.1885443860466933,-0.9903607137312365,
0.19946095401808386,0.2836119689168978,0.2813613194448564,-0.017393075047794852,-1.0537231446206354,0.15470466395026988,-0.09751558519845313,0.12345472837772174,0.02324860248213244,0.20063790593987046,0.1162721131100605,-1.144994096306832,0.12734577514322498,-0.10947345942505202,0.1906211240843485,1.680289710758765,0.0901500177535514,-1.0114973849510958,0.018250400114983557,-0.09765622353189753,-0.12879472881802947,0.13323949908050312,0.24088335387260917,-0.30278014471825127,0.19406624158840552,-0.4945626395456454,-0.08279218167416584,-0.054608049648762924,-0.1533180684404537,
-0.4849825939572879,-0.9392792988128671,-0.8979429941541693,-0.8703570569652553,-0.4378279299147055,-1.098230810388109,1.279268053897694,-0.685015987384407,-0.8596443979997755,-0.9927393722717026,-1.0856903532734703,-0.8199164258633308,-1.093592788251485,-0.8492697910954219,-0.9328070155969247,2.7064528410622906,-0.7025458112628804,-0.5515890491246804,-0.9768278071303496,-0.47868608819156244,1.3097292678438353,-0.6992722193017118,-0.9793055325343416,-0.8540480436882353,-0.888273809641506,-0.5876743370692825,-0.8814195877981938,-1.0660794908269373,-1.0516218613351984,
-0.505813312935648,-0.9974819082893716,-0.6577168547433244,-1.0803063788346396,-0.567014227256028,-0.7061604579759567,1.5456176422039012,-0.8833135942848811,-0.5154407173636409,-1.016102092700073,-1.0582636951489117,-0.4058314039318314,-0.8765551061637534,-0.8778766651802205,-1.1072858707969244,2.5041451212385666,-0.9392960581757427,-0.6207867695745196,-0.8950089489730221,-0.5012858363182379,1.1325295436093912,-0.7528330943956577,-1.0754765894056353,-0.9167739311518605,-1.097760551485652,-0.811068300784592,-0.7482563197429613,-0.9505128109524847,-1.1521415337705614,
-0.4697282621144727,-0.7472479027569998,-0.8175211937283475,-0.7464607385689473,-0.4701103832869037,-0.9051074889327818,1.2348622329823638,-0.9058960031332765,-0.7737636858907594,-1.0250331930751295,-1.1505834295585817,-0.3974699041729693,-0.9531676953471019,-1.0137465414544249,-1.0664215514362967,2.6151775585429764,-0.6853985587563853,-0.14111139949240906,-0.9202951178595632,-0.958783616345914,1.262164367565523,-0.38413889336180307,-0.946519960503133,-0.7690918054996712,-0.9664855251289078,-0.7960624598212176,-0.8868747712470445,-0.8528724518853152,-0.7279344521587627,
-0.8431077004679414,-0.8102550500916057,-0.6270368092127783,-0.9203904466813514,-0.6623183647568887,-0.5791944870428082,1.1552769115509813,-0.43064229950032135,-0.7898562909201647,-0.6098431550007596,-0.582812558023063,-0.5035735882700698,-0.8844885016297971,-0.4692450975578304,-0.7284705920587313,2.5313371191094345,-0.6792066188641374,-0.8472375211143992,-0.7336243983754441,-0.500818639830011,1.2372054919205877,-0.33679004091064013,-0.7805689735970586,-0.5296870078740918,-0.9142456675453305,-0.7698228721065142,-0.8062647386482018,-0.5219549706332348,-0.6799997731329068,
29,12
-0.13994039963443938,0.038617276579050425,0.1025321593275382,-0.10795564847560633,-0.20964975356097865,-0.25822234257380405,-0.17299719908920766,0.04483175663413582,0.0805515113623769,0.0649007386747747,-0.18302204028363614,-0.13397649000466613,
0.14926533821263543,-0.2052018074958788,-0.00432632670013244,-0.07314738623162756,-0.0761049721434276,-0.07403120331758103,0.01513437223702557,-0.3170922624286104,-0.11872623802383818,-0.14454800189911765,-0.12235210330063993,-0.0975166555286959,
-0.12849978772870874,-0.04110412419334651,-0.11837863761567047,-0.22065166984759982,-0.16419261159451096,0.04313558326269352,-0.03085788058979191,0.05094486646377698,0.061531426576003106,-0.19626025028392227,-0.15756158319369026,-0.17498194854856888,
0.05189971444166444,-0.14176485843217554,0.2727785937413789,-0.15106425606725254,0.11529628820124699,-0.1707522093665085,-0.13980145766522337,-0.3005656618533244,-0.1515833811966784,-0.17423889928670558,-0.08909828590433906,-0.11660111456219062,
0.16639238290853728,-0.12996507701554333,-0.1099093566679624,0.08109082900166228,0.19027787246820324,0.2417747585181891,0.1467956647079157,0.14041998383338697,0.2763022980887084,0.2853998806013273,0.2321541476741148,0.1541528674146016,
-0.23743728399578928,-0.0318278222316215,-0.0961720182982317,-0.08605318811364107,-0.02873807653195125,0.08083797010487642,-0.11021779990653131,-0.3070783429452631,-0.16595468151826034,-0.22721604477702728,0.12772010915515566,0.09162645597737396,
0.33955696413956526,0.07414347101355549,0.01529693610059612,0.012589189157512788,0.2749154054125312,0.30043656838669813,0.342885114129889,0.2820027286770867,0.40308044935864173,0.3412725284452603,0.030874719085436878,0.2846476674349689,
-0.22386920719882003,0.1289662039988355,-0.26093798774935784,-0.07315179884620765,-0.07239937849089942,-0.2536536363732632,0.09848034134945835,-0.1815159268921468,-0.1983317077407969,-1.6808635972093058E-4,-0.025825159532590677,-0.02048834484628018,
-0.10041826650532319,0.022986062909761986,0.11409677648574384,0.007295385283460541,-0.21104308998899868,-0.19348796634257123,-0.2510148555659693,0.03347612450140545,0.018311551844950792,-0.17977973604252628,0.0857367715240497,-0.22991999990525902,
0.11978705456219621,-0.29916169506789586,-0.08467990135224414,0.03322721161347328,-0.19921216809608847,-0.19066797520209416,-0.10135509439540971,-0.1691970396115448,0.0173272499054909,-0.28134372095362076,0.03933758846940047,0.04707236208479738,
-0.1817625591956094,0.05598691061128401,-0.18774975966071344,0.07059637343220773,0.15585169433778714,-0.2545469408730553,-0.06277187289959163,-0.047019069407638094,-0.14094554649903973,-0.07860795185613006,-0.20197774796651707,-0.16765542934267932,
0.13090554577111752,0.3174209078032607,0.16226491207964178,0.1533706665963206,-0.07972577135022646,0.0808378201435045,0.3090321257018331,0.11203847582015267,0.032384344030831576,0.11895160231638753,0.4745895321888649,0.2633537503998775,
-0.02116468992831276,-0.015224052200318715,-0.13696874891410699,-0.17466310649167877,-0.14038829025527302,-0.0988709503101106,-0.10985101167675315,-0.22414949990707408,-0.23427172187084455,0.1108928347015938,-0.20874234706937025,-0.03509743496731861,
0.018805983270483596,-0.007820850840925342,-0.003610318725990364,-0.11596280615278153,-0.20438788294611643,-0.04984675063816644,-0.25393068702154353,-0.09670874430130275,-0.25354301017745823,0.08413817557281814,-0.0780046976899531,-0.015429373948282232,
-0.19428956995437155,-0.04243851746590471,-0.13643271051301095,-0.03689156573523784,-0.09565018535762414,-0.06740755977612149,0.0748520841535366,-0.2536949216200419,-0.14169896095688064,-0.18672192899388446,-0.08499083782104652,0.08634759221450203,
0.4799863161515438,0.41327553178055476,0.6325303013106615,0.6074151868549306,0.5136260132907647,0.5270150665560244,0.4539658429080502,0.5852530688806148,0.3182107514246248,0.4691992237714029,0.6276555467856894,0.5727353765138,
-0.2743428917835526,-0.08939079091496542,-0.20706833291312413,0.10726917926872244,-0.28332901858910015,-0.016225981974057325,-0.25611074802168105,-0.12232220790097215,0.15681284815889568,0.12793931365571243,-0.29215028798018355,0.045426894085429,
0.0689602904921784,0.010830481845232588,0.18110939261646203,0.13591122113246323,0.18051555315710435,0.22176347730554768,0.21642881000357872,0.31368668748473394,0.4753024012120876,0.33020586197522245,0.13201323024269293,0.3246013636605425,
0.005282147323492531,-0.20124569748101054,-0.13235024544301724,0.13484480531077697,-0.1776085335061881,0.1727450019543781,0.13594661212440734,-0.10597918006461056,-0.27410603089768204,-0.1731840620391336,-0.12318634987418625,-0.29816533246217714,
-0.027081011320147366,-0.04279461896378538,-0.22756351475432293,-0.2059810329996757,-0.26977874768721244,-0.2588299628035896,0.013113605225146369,0.03350197746706034,0.05554959929538537,-0.039433886669451745,-0.2113649615661408,0.05390184526981229,
0.18430614062004255,0.3614104109866033,0.2887255425628928,0.2903431390630312,0.20124800723444944,0.18079396157254776,0.25313076603689855,0.2147103189744237,0.3616605611526938,0.3213166550807649,0.43495698060274723,0.2295629963525326,
-0.043195139052063014,0.0793372341332191,-0.16748798694983208,-0.3613342410939911,-0.16974147976320475,-0.023917978245610493,-0.12153030331120963,0.08379649507486253,-0.15010131863610993,0.005043383414994509,0.17440408143320474,-0.172568749180039,
-0.09466858542722206,-0.21191525476883086,-0.07230794548705281,-0.12442346546886077,-0.014604080623778999,0.025183069580823118,-0.1322145965996859,-0.03688127600963918,-0.11389013353593166,-0.22650457860544884,0.027102894850003174,-0.16982698480154063,
-0.1864209076567473,0.08191497143035695,-0.11094061697471048,-0.14739915138574133,-0.10808755554161924,0.009710333125363868,-0.10561191285137891,-0.22076802569069806,-0.06357859488873659,0.13223230675558936,-0.18387162244622424,-0.0914709625428975,
0.060988544823167,0.08212412122733857,-0.08638469241626126,-0.03728115818233424,-0.09370335327913681,-0.11453401271153651,-0.09068210822546544,0.0028399998603211604,-0.12943419517931806,-0.21192303989251987,-0.15325527137598968,-0.19782649147438644,
-0.1230533737690336,-0.19877048334848663,0.04657646414537966,-0.13196660954423767,-0.005008603146553337,-0.062494727474389604,-0.07380417920042355,0.1933458589476144,-0.14817729314839476,-0.09423150306431644,-0.16880634554674234,0.026196926603767445,
-0.058422355973598815,-0.017526440710884925,-0.15431678578307328,-0.085511231781346,0.1118999222473812,0.1461753694825272,-0.23352434036508005,0.07243030262511156,-0.17939626633301678,-0.062069863551048925,-0.23586698993521768,-0.2748597871502227,
0.03412085970021697,-0.24837413361463367,-0.10698118135375886,0.08703114078635393,0.13006275437058062,-0.16442005743622465,-0.08009440006886497,-0.27555189250903606,-0.010994460678690782,-0.16740159129014212,-0.09883515931197363,-0.15302378248745466,
-0.2639435100079313,-0.18930470490312326,-0.07555212896274537,-0.17802733206479002,0.18680072878795448,-0.1743388652389362,-0.029587921696053485,0.03735559074079785,0.11117740090400394,-0.22280410881907695,-0.14211047267451068,-0.17251837031638198,
