# Pesos da Rede Treinada TxH=  0.5 TxOut=0.01
12,25,12
12,25
0.3115232840264928,-0.35055219302420393,0.15511970299844835,-0.16104904479175397,0.2824359565760904,0.037628161493865206,-0.36361905903651887,-0.039629086165276425,-0.05432299254931325,-0.33846160674218756,0.05963877384787551,-0.1317750612450033,-0.28659090161381345,-0.39076244648029845,-0.07891496710137243,-0.36291828911310464,-0.2638714531376027,-0.3056449747660864,-0.1243339651053198,-0.04500056199091456,-0.09772944050916109,-0.06780393080577898,0.41620033136459184,-0.09900538125278595,-0.03114266492144694,
-1.0780926752763806,0.8913323210239356,-1.3016688490542265,0.8176843557604109,-0.821958189206886,-0.9873579868111322,0.3978732981876935,-0.6292092331318402,-0.5088919800343494,0.33182671943479614,-1.0813149247015272,1.2003927170405186,0.9154012748995964,1.0366869848004943,-0.5680022539733668,1.043253812216685,0.6922275342379766,0.8574091735532506,-0.15871394184962162,-1.1466808288791714,0.6579678478008782,0.9881029776791252,-0.8722551775748011,-0.8325958871682259,0.6236497129445449,
-0.8779592291313996,0.8601583358410567,-0.8172112224432698,0.7063724084861822,-0.5750197982566677,-0.6185204524882615,0.7721812744930951,-0.28672240504440394,-0.30024398380354517,0.2198108901656189,-0.9044560982511032,0.8250407166031162,0.9262413293493963,0.7763696867091843,-0.5562611994482493,0.9741908932148138,0.5200454948382733,0.46329208573403996,-0.17673653401327813,-0.6753915007393281,0.21064715699278638,0.7145125634910079,-0.716576784563224,-1.0966471670681834,0.9058662919209501,
-0.8909033845569831,1.0186285690440056,-0.9970156391281534,0.608441907327466,-0.5264726972527484,-0.6628887234562805,0.6029661453945654,-0.6292989899162674,-0.6063329113222012,0.21819902803636093,-0.6123571928164792,0.8532052221232228,0.9674632719540921,0.4453052743549144,-0.5232797511142651,0.8841986861149926,0.7583130750278965,0.5452234838282963,-0.2676175940678473,-0.5245016862463404,0.24717155685371064,0.5743796962293978,-0.9954739007018406,-0.6965498769807454,0.7657408157752736,
-0.6800152389552017,0.4439713780328037,-0.7855891140516411,0.39088846587443904,-0.37024943736335253,-0.5317020653168858,0.15988910747201265,-0.11149427768850638,-0.5329482924426948,0.4532862186231791,-0.6050691750995474,0.6221682517996612,0.5490751677986943,0.2596853767224921,-0.342879279081143,0.3349865909744643,0.5943175407868968,0.32279004062009636,-0.16973367647480195,-0.725589962022423,-0.026059362183361943,0.5828435553311521,-0.5678195228290746,-0.6655081334482722,0.6442953412369861,
0.3985018547164819,-0.3322925258274666,0.3251018354431032,-0.5657615892646531,0.1167057778911798,0.10474240421753005,-0.4283357660518854,0.25593764798549506,0.07962772713624532,-0.4805504755707859,0.23740294444562363,-0.6492416111109386,-0.45341480387218347,-0.5479578765400663,0.3388879043126901,-0.6283792978595971,-0.545672909825818,-0.45662044758641485,0.19942417723830191,0.28091371381492564,-0.24431532539098638,-0.40582530204241607,0.09777677340744899,0.15532799061406524,-0.5457267752464448,
0.5939127500287514,-0.851965956829455,0.26483153360260314,-0.9557731657119689,0.4906937925540861,0.6383753050613347,-0.7712563069738718,0.19607767973206966,0.11834355146593789,-0.44306703632648964,0.19644555927787605,-1.0268339566269578,-0.8161562145085643,-0.43645899533604277,0.5421054940054053,-0.8740585786081083,-0.5679502574080838,-0.933618632372234,0.314359166424005,0.6174634411679288,-0.5814805120417207,-0.4925426422191761,0.4714116335184486,0.673656399759166,-0.5859227052638871,
0.12897669315007104,-0.4031726581678491,0.2771880411814437,-0.18984437536984258,0.24945327750836813,0.3137520935179919,-0.2270371339213055,0.18959150777386377,-0.08333728047546111,-0.07307129651010595,0.08851986267339325,-0.7157581338228426,-0.20727191575551943,-0.3804481371313067,-0.13333955584429236,-0.31595005504548146,-0.19882707073025688,-0.32504988185965733,-0.20070657590797447,0.3266059301132971,-0.07608218179615704,-0.5354931765051821,0.22913099773032242,0.3097906545817203,-0.39951021871374603,
0.7112972963316267,-0.9103836383906985,1.0048241827356128,-0.9902997211906251,0.9112804228037121,0.5368737249619361,-0.8489575336691653,0.44024894689341204,0.32504710257615876,-0.8028453347030463,0.5582846118164738,-1.1032458790148583,-1.05848072580895,-0.9323241767503123,0.5593625827670955,-0.9992042753623464,-1.045210405080573,-0.8289656673373949,0.29654032030908056,0.6990450129338228,-0.7006059577671477,-1.1472626094260565,1.0643608435653193,0.7986373238105864,-1.1569829434593586,
0.840926594843675,-1.0983355827881534,0.8246817232068431,-1.1938183684977945,0.6059290812996657,0.560037992018402,-0.7693823653064895,0.4504391531264276,0.12998269750693434,-0.7965851082925652,0.9015267144515549,-1.2871595989697042,-0.9030364798786672,-0.8733446613473255,0.45016497858073146,-1.1651710968353075,-0.9648170065413048,-0.7577845028503285,0.4070230026443832,0.49943878897224586,-0.6487417487387993,-0.9576423078822849,0.7666875062265726,1.0592278839381712,-1.2150831138925913,
0.833245057190748,-1.1374181287728935,0.4896212500710485,-0.8080859371696448,0.5499694633323511,0.5428178793949036,-0.6566523651689993,0.6632611121883988,0.20267855721300718,-0.6789261284441575,0.7523793104763203,-0.9660966008004941,-1.1235079158452728,-1.0431567547687859,0.5398229774060793,-0.8857020426797231,-1.0275759765441044,-0.9533994943523694,0.3225727094495955,0.7722778874906028,-0.47964592090853614,-1.002664631558935,1.1449478987466728,0.9041268041727059,-1.039356290874304,
0.437201989675912,-0.500232625391945,0.4748413322901513,-0.46423473551262273,0.1734617523698063,0.553170649504099,-0.6911712881190397,0.2322102715034417,0.15551401151799432,-0.2823951061068889,0.3780288866009468,-0.7554236565811046,-0.4505425740422729,-0.7098945711051199,0.06698608571923277,-0.4990031436381631,-0.3557861785619768,-0.6119704007209535,-0.14226933349438847,0.14619336674970984,-0.6657732595018722,-0.7116800778168029,0.583170719155161,0.2621000997515838,-0.588920555356008,
25,12
0.3340134451737387,0.2849245148387724,-0.004254892299228485,0.1376255389315889,0.29256402687841093,-0.13944433420226968,0.05552299743163982,0.3255678686995195,0.20204814737547744,0.2110133847664911,0.029562549606930007,0.05657209188614448,
0.10826319597193884,0.13613398213572744,-0.11720112614178542,0.11304130883791587,-0.2293790612135605,-0.2117669036630816,-0.25158545250587916,-0.31098922316032757,-0.0593242656552803,-0.3064932135328029,0.05941159688223621,-0.27330660343856616,
0.22465578535651273,-0.08091305204906757,-0.04863546311015198,0.17348056270376994,-0.0567979659328358,0.25125580709186657,0.22315792662550538,0.2966652409837301,0.21567411239533804,0.16282788945259985,0.14096174437599157,0.0032990668085241797,
-0.1478814485770935,-0.25458451103834595,-0.06177799969061657,-0.08907413979916456,-0.2344408754778067,-0.18780820175099783,-0.20401960066557615,0.0643858638617074,-0.1834298426647851,-0.18372583621537264,-0.13611794608630365,0.036715284033207805,
-0.13265897362130738,0.21442571957752957,0.2771217850620972,0.21274839429229134,0.2594516331321767,-0.05976527299253402,0.047568738861031315,0.16144858583612862,-0.0870230470917857,0.26551031905383643,0.10920837507156024,0.3276997400756715,
-0.10389195571279648,0.09898954157294336,0.1176929766358444,-0.0586637863832064,0.18159326486044297,0.248540349982465,0.15047156144688323,0.23105196282581336,0.23387012676706423,0.04209374986956963,-0.024657004605202915,0.30792597837687935,
-0.32187208214599095,-0.0056888078761503525,-0.036789299429599326,-0.2418842986649443,-0.13641168027338776,-0.2635911527415939,-0.10249993930282009,-0.22926855091262058,-0.07765515000356353,0.09366476102503318,0.16738739474449052,-0.17799208827895419,
0.12830094140104803,0.3045515467303481,0.2876090739506676,0.07465114816181667,0.11336815513862171,0.2807471959611358,-0.03076952781869141,0.2357637888994457,-0.044489304476291534,0.07137022689174627,0.10157658506139641,-0.12131647814028271,
-0.17406804928961653,0.26372252926127787,-0.08954469492680295,-0.18811354086777948,-0.1081955968985682,0.13371667634137085,-0.12942816616950492,0.25910145586287103,0.19183014883195756,0.2062153119134378,-0.1125508048347176,0.1321182659262324,
0.062430346661811034,-0.2721217123142964,-0.0032979014672841226,-0.279048623922929,0.1481032699136206,-0.10292012011800111,0.05075056916307692,-0.09019507990323777,-0.01125082952044256,-0.24777947635184777,0.016442486027416547,-0.30439020182093324,
0.09751423959221334,-0.18548474337213372,0.024309324897200457,0.22379888090864983,0.030705495683132147,0.0744371701203034,0.15473477615540268,-0.10615154454507623,0.2687028689712614,0.25507697141225677,0.29635054549911055,0.1622277603096503,
-0.20548968175037907,-0.11887316189437583,0.002487027491927488,-0.30011111924636413,-0.1777849892395709,-0.1315442350329924,0.08148473809938783,-0.28871355441989016,-0.1827241591682806,-0.19692004632949647,-0.23246038778785574,0.02307030859930038,
-0.2219783905879612,-0.032300562082973515,0.08909266062440561,0.17304732948439022,0.008929064999598937,0.03226651677620253,-0.19679915346896376,-0.15676326639676547,-0.2108497029090886,-0.22929631346628943,-0.28059925421617093,-0.18854664244762237,
-0.1755291419425032,-0.2725358343669887,-0.12216382045569975,-0.08893938713396905,-0.21473124809265717,-0.09561780122901462,-0.16885225826983996,-0.04951158985930282,-0.020364518425635632,0.05313228029373502,-0.3282783683267531,0.003875648198432702,
0.29680376669800834,-0.021536450889638112,0.11228526987038998,0.15925165004769282,-0.10529240775172391,-0.14462207904666027,0.2805314075464499,-0.11315043357688326,0.25962259067083915,-0.01018821212055405,0.06764367518123779,0.2568958521453724,
0.1194784735625451,-0.2007284204396025,0.11579695829873186,0.09878529814258837,-0.09214867883964524,-0.1779045666198333,-0.2496934210390629,-0.2651322419657515,-0.2069192448493672,0.11802569872386301,-0.28142652171777266,-0.3422745509087791,
-0.22312215352905937,-0.07034555442874127,-0.25155241387525507,0.15957854603755334,0.05740241414733916,-0.1379677314754302,0.08219269379598744,-0.32459351693587946,-0.33975326856793653,0.04850848863719389,-0.14404811275689944,-0.01157507167274957,
-0.2838810999417914,-0.05139218694010233,-0.3299275136163233,-0.2570060585396163,-0.22354006200648854,0.10299295242607591,-0.17205981356634914,0.005827945026535029,0.04742244641677968,-0.3087792024644,0.06023756712517085,-0.09876417432823895,
0.19997474697884254,0.10382486114439643,0.20850112937126888,-0.11461014485460617,0.19724171336996033,0.2898130856473439,0.07011935451082547,-0.10601176363613171,-0.13168650179149224,0.09731521105632324,0.16477077182999386,-0.06259957780768056,
-0.05959376476070686,0.12410571873076831,-2.0497297069273603E-5,0.13881244849246127,0.14220056530160627,-0.011525827609454744,0.17164236519469792,0.15283637039420456,0.015478303835104026,0.14231504421470567,0.30961663022750535,0.2768809047658813,
-0.017071680704781156,-0.19257008749150764,-0.16686733984450433,-0.25772893945991526,-0.09433206019197543,-0.02105181470456558,-0.10976776107383221,0.1349237148188909,0.06710220070503217,-0.22384020809899768,-0.20297241960183066,0.02947679666501983,
0.13416905432942747,-0.0949613570418322,-0.0861499981529242,0.010625766103429853,-0.005885663597806362,-0.14534743095564243,-0.2551068485595294,-0.13309976380830518,-0.23394217728661967,-0.04723223552324622,-0.018119217608982184,-0.31980285971474187,
0.21910030020351165,-0.0015790640748249041,0.1835084065068854,0.32111216718667923,0.19587400891643741,0.2251378181087196,0.3359327489891621,0.10854336257692396,0.15974233835179896,0.009610669215406067,0.11907355261094923,0.027112446333918468,
0.20407317813000725,0.1269973242178418,0.11213889423060283,-0.021278783779853806,0.03480384222388146,0.24645339192242977,0.005475841988508061,0.06625573893360719,0.27441396145104524,0.15637015792426526,0.23538094656745134,0.17399097449506928,
-0.18056744795339455,0.11170729171503783,-0.29384747356339225,-0.20329252166172798,-0.08068435302603084,-0.1293615758694438,0.0745242946363014,0.029360035422102033,-0.25180239954507827,-0.28796494239771064,-0.2084839295828596,0.027360330417688226,
