# Pesos da Rede Treinada TxH=  0.4 TxOut=0.09
12,13,12
12,13
-0.36359520355952024,-0.3187980311874094,-0.3811849252142948,-0.24903080959697174,1.0873663217296912,-0.3202865256789566,-0.6010031924465834,-0.7132778689708562,-0.3199235084028621,-0.7374758042887851,-0.733207606452315,-0.30869850512159513,-0.3054234685256239,
0.1909496659503274,-0.04768897901986358,0.2691413556280554,0.42856867739408055,-0.5229256435068499,0.11235202230759016,0.35571780559152655,0.28536510790904296,0.09352956483759542,0.24571940631611533,0.23345094955267046,0.1254871953222999,0.14279490880509255,
-0.003944565425646981,0.18894945075300446,0.20640818944898798,0.05722542583065234,-0.45794274986248334,0.20660546712961564,0.4164706523755747,0.23885260525144883,0.33913877004650606,0.2461155667150427,0.4017863356927599,0.20824368777910982,0.1881876868557899,
-0.15964170102633182,-0.20701028738797778,-0.15804895505123956,0.16313692455371043,-0.026266064523206855,-0.10655228135551177,0.041934303828861395,0.13314868890261392,-0.11945981740680327,-0.19389823815708318,0.20572711552644948,0.13939795723667298,-0.31805999241840105,
0.03485846829594177,-0.07718014230291724,-0.28059905314405476,-0.4032138885954744,0.4309589274526546,-0.16780759523958894,-0.0693660084661278,-0.2757829466832282,-0.44518510490206703,-0.17397828451547914,-0.011049197350453234,-0.07856168815192809,-0.12300205926178139,
-0.5831896937570737,-0.9312359066043283,-0.6967145684270742,-0.6351428926155263,1.5908043532118135,-0.7703583210283694,-0.6885968919072581,-0.9307206143827272,-0.6111685409941077,-0.8014907505328498,-0.6456348247517133,-0.5226409139616809,-0.7529679811477001,
-0.7274780462645135,-0.7957394530253281,-0.8237468302798614,-0.7807138669743608,1.926093952931929,-1.0542727931349867,-1.0040363962490506,-0.8300656129929586,-0.7235423525354594,-1.083310314948282,-0.9530335766023618,-0.851556692054744,-0.5845730981863736,
-0.7752009070344006,-0.7664519923697405,-0.4593890970767204,-0.6795251157502095,1.3289329354744353,-0.7766239432648853,-0.7957424996698956,-0.6385330967133005,-0.4232996325079932,-0.43743741549671955,-0.8780258428069685,-0.7652480348503669,-0.55874894719771,
-1.15529832253288,-0.96067199354417,-0.9901245521107164,-1.148249730810653,1.9563738317386277,-1.0732959300469334,-1.0796186997906785,-1.2586510869619894,-1.1281977473056568,-0.8883665634848076,-0.9474785846035395,-1.2474540047698222,-0.723626210950876,
-1.0491065939426345,-0.9133465331534923,-1.0375090526858495,-1.2148934394993958,2.165257714755038,-1.0923253231376884,-0.9791043073366842,-0.8223410066444419,-1.0649978935485853,-1.0138577404385978,-1.2218763293801107,-1.258892912970986,-1.1457078385387864,
-0.777911394500348,-0.9972355512887706,-1.0712697711996557,-1.0035536372396983,2.0590125102674364,-0.9091731506248241,-1.0843219739848304,-1.0784174678252303,-1.03193312844331,-0.8737811369749069,-1.1228514528515823,-1.2236812570691293,-1.093689926155623,
-0.8783362774683677,-0.688346672857733,-1.0025469348294962,-0.7343172147884852,1.6558286263054762,-0.6225318560433627,-1.0176174227300612,-0.7298863469419683,-0.9257208415662619,-0.9890629426480623,-0.887823871378285,-0.7215725573660008,-0.8255478521241583,
13,12
-0.15318365170932677,0.1046147476298356,-0.12015262447914321,-0.06372224218316123,-0.06331462784455087,-0.06761897750690073,0.08186503572823035,-0.20361817826585762,0.058929537236937626,-0.11961300195647487,0.08817814265537355,-0.2597463844996451,
-0.025152330763405527,-0.1943895436837769,0.1703758775085432,-0.18157089816143845,-0.21379495826740022,-0.2298674050459661,-0.008709164869958753,0.13788929117038934,0.04459956263385172,-0.12574825964136296,0.031728863461656265,-0.29662305665068783,
-0.18007646498863258,-0.13199407787535794,-0.039941916303356896,-0.0865254785848339,0.07730557188299493,-0.18949937553482288,-0.12793789993421897,0.04628486613146507,-0.20222713251900162,0.11844503958415066,-0.09565247728011132,-0.08219372335871693,
-0.05727587952704941,-0.042105914059477036,-0.058113366600909024,0.05813078498366356,0.06947446808004618,0.044735635069800744,-0.13299137753315507,-0.26450142782353475,-0.1318712561209121,-0.01017958645185763,-0.2781762484733875,0.07284604394643808,
0.6870436150964849,0.6168979461111797,0.6828716632778392,0.6649558781912371,0.7079626374825947,0.6864979278124526,0.7069736279968705,0.734413320783226,0.7230329574187689,0.7557211358204972,0.7349483591245788,0.7377474005357436,
-0.028615374231259424,-0.18003232429101318,-0.13518580235936148,0.08631629800492792,-0.2304037934636484,0.11906353532344989,-0.14747794457008115,0.0874214605918776,-0.01261712584494843,-0.23745013100180104,-0.11523509740596123,-0.12087405066016696,
0.04033468565442862,-0.21596510268428748,-0.07599927285809092,0.10527354813498226,-0.18867532689902908,0.0024229847080886255,-0.15665928755347786,0.08287067543835075,-0.05351117208649338,0.0584505799381026,-0.3467274498579819,-0.2334230090680748,
-0.25079687498049513,-0.1738045893639997,0.0752282678751137,-0.0649783997053455,-0.0809949817566693,-0.13225133252306667,-0.14656234173658583,-0.06725240711310604,-0.08099540708615749,-0.23228045326962987,0.18122506079431053,-0.04107025950027292,
-0.0389125067467796,0.15763260043447472,-0.13423238618998998,-0.1987906991457836,0.06797836461095867,-0.24774653997363463,-0.1311581346494535,-0.16324646254028263,-0.15060763720510034,-0.0817740110758663,0.10684524913279142,0.02169388254183975,
-0.011640027382830945,-0.2891317049518171,-0.15822180758022014,-0.11166269287536038,-0.11354349378538678,0.020771180240467944,0.044686922551456114,-0.18729821408369846,-0.14220509499269632,-0.11017237238859268,-0.07791189542593879,0.11328368364194132,
0.10687411780762317,-0.024796216248175677,-0.230283342389783,-0.13442611102967403,-0.18843107783532395,0.12971710054880586,-0.11945064603325115,0.021650259246675442,-0.11717383080719125,-0.2718228916225529,-0.22956541054789523,0.06582145241706484,
-0.1622029665094039,0.1631257510538771,-0.07085983990708437,-0.1919934752226033,-0.05349052641496398,-0.06583030257219961,0.17267634190429987,-0.20462385972092179,-0.10239369834386781,0.018438131741440662,-0.2320059471724399,-0.20949949927919442,
-0.12384727285063145,0.04262582960377544,-0.06704174096896574,-0.055705571327834984,0.025842961747525737,-0.24030938289853027,-0.2118471876509126,-0.18928837242234783,-0.004112695889431933,0.050951317076934934,0.06467723561721973,0.06731477282468105,
