# Pesos da Rede Treinada TxH=  0.5 TxOut=0.04
12,28,12
12,28
-0.3296189463519202,-0.6176126110153549,-0.627315202733947,-0.5114332546932925,-0.5529881799268203,-0.3979778755568687,-0.5906441990202834,0.7785958740113401,-0.7109897331302821,-0.23528400226262022,-0.7141693568061126,-0.7832720640668732,-0.5755968251018267,-0.6111260583563198,-0.3645221422269085,-0.30958163170290837,-0.5840849113272926,0.6089627746726272,-0.6439246176903631,-0.6333801675823311,0.8028421390527242,-0.4332879402831597,-0.6269593145835862,-0.5541743373419854,-0.671316981797869,-0.4274645650549567,-0.06558220870544801,-0.2892137636367751,
-0.43701832522379636,-0.010006267286335722,0.3203526251316104,0.26760293481633707,0.08936379619332817,0.006609803409098794,0.3740811782755408,-0.8059439163182702,0.4931587259994062,0.025358171271572316,0.0953728671106321,0.35524219205420776,-0.01895961112302892,0.23893989549869782,0.20977329063440825,0.012054330692472907,0.34819082590618056,-0.6126414990081173,0.3419336029753374,0.12941580148555992,-0.5552533224159536,0.3083826754803905,0.33680793907117307,0.13041719402772597,0.19014068470245174,0.17679294786207578,0.12293927649974551,-1.0291271108922668,
-0.604326320355914,0.2664621713333561,0.4820308894447669,0.33591552413673603,0.10809808364583418,0.39932207370696304,0.1301156263431799,-1.1528928223435204,0.6380823425276282,0.08101991388207974,0.5211969168065835,0.3953272414018251,0.2755166356048542,0.03171232668537019,0.3765537459264871,0.35507415467011005,0.4901706371889912,-1.035236037363051,0.25454208589690247,0.22634947356395985,-1.0572471676452841,0.3981152355002651,0.31333816146215837,0.09257452545872544,0.1454785593102395,0.530862971233255,-0.1418530944789907,-0.9354398996945678,
-0.4121117223854567,-0.22517033371264855,-0.13229252086323995,0.08905574525419847,-0.2503866668139553,0.032726417680716394,-0.19787501925485645,-0.45109356586731075,0.1160581542589878,-0.22072942717318514,-0.22836936281762787,-0.20271714402058152,-0.22284666078460272,-0.008690089715022397,-0.2819046349656592,0.1112661767775056,-0.08608904951765356,-0.06104377427499079,-0.069240906630185,-0.21402872047075072,0.13963325312381894,-0.051260667805923116,0.037785355815425116,-0.14853517084248477,-0.06669367629355014,-0.2715838521544276,-0.22537039783221993,-0.888568076105429,
-0.3142469555533786,-0.19060231901881075,-0.0848871722888632,-0.2612332153712885,-0.47196381134124715,-0.2253729732946914,-0.6031981025194625,-0.21350539754902367,-0.4225350252719583,-0.10685984654809556,-0.4091770650114108,-0.19027086421003128,-0.3981092121512563,-0.4307368185310283,-0.16886283670539493,-0.410554974984343,-0.37691287906562765,0.023009736976730383,-0.4591748067153588,-0.4793120613488659,0.6277496205027823,-0.37847825536172897,-0.3575230341359071,-0.40375161535682497,-0.38260680543744374,-0.5740388106035232,0.038149223226538076,-0.29053738262684675,
-0.27316901291363754,-0.4070227686994604,-0.40290150877344877,-0.7567653790961831,-0.6297282948460394,-0.8575617398595677,-0.46977789065849607,0.5999069799392106,-0.5188129222968474,-0.3760940366495834,-0.7698145746356264,-0.43833100997814295,-0.4804882263948272,-0.640155219726498,-0.802532157429933,-0.574871915445465,-0.8315067328803196,0.6086045953415753,-0.41591208203214997,-0.8117684352191403,0.9421888512532541,-0.49914859780558635,-0.4833981225401161,-0.49715533177374693,-0.45650867751363755,-0.463838086965908,-0.510088722258247,-0.1638017461177465,
-0.31744021244463433,-1.0286549134703444,-0.711372744622207,-1.035570899913962,-0.8522302210121776,-0.6439576745289662,-1.0805856958482627,1.0772193804753727,-0.6419181104232926,-1.0272565708483155,-0.7214976643311237,-0.8014045307337071,-0.9876441028930153,-0.8154669807868831,-0.6982560029601116,-0.8722459863282299,-0.9702615835444645,0.9218003508998213,-0.781534844630065,-0.8916327205644292,1.5432215836676748,-0.7106978383652934,-0.6645249527260891,-0.6918608587651861,-1.0289484156910425,-0.9831785311173148,-0.7033209569110551,-0.11722989261284704,
-0.416423426082644,-0.23096926960272451,-0.1682946495837248,-0.5181475896707824,-0.16332045093824976,-0.41827943092810865,-0.15220056912772176,-0.13575756231587366,-0.3552919414706213,-0.15862418124993155,-0.08870996070111994,-0.20786620843031353,-0.384536519992362,-0.38439960969952075,-0.5966881611666818,-0.48701530143241606,-0.3628611562583902,-0.1163867227265605,-0.22537113382569646,-0.5749355428068829,0.1771793373254583,-0.5236518897989465,-0.5480524976489664,-0.22390783300772246,-0.5703294832763784,-0.2442993022202214,-0.5573478699866867,-0.9551669870243256,
-0.6353700276511459,-0.6835527847763823,-0.8818003821838958,-0.8211955687899591,-0.49234579470690304,-0.8358623672344333,-0.8198308422121289,0.5264233390181136,-0.8430940455209498,-0.8704368500204605,-0.9923586214568157,-0.6038289587636892,-0.6756176825118481,-0.5410033914398382,-0.8676046971994539,-0.9040979995394562,-0.9117281602077966,0.7537681371933308,-0.6796296266507641,-0.5915867546203192,1.0907786115069384,-0.5407058318192973,-1.032639686457441,-0.835185859783089,-0.670025749544825,-0.7131474245923285,-0.8667645932741065,-0.3642658210519827,
-0.6727203006755497,-0.726865472175895,-0.8861544893707975,-0.6016899540058596,-0.7165436735454143,-1.0227047992658491,-0.6582017333188734,0.5853021371027594,-0.9251613264231809,-0.8574959725562687,-0.5241723812048427,-0.8594046811409962,-0.9905374892817992,-0.6625080726875754,-0.5791574521924783,-0.9038286604066476,-0.6683085465611586,0.9446818849861077,-0.9883301803428497,-0.8727702225477606,1.2443089971016694,-0.9539560096434367,-0.7066423412141106,-0.5253909138062657,-0.634708005501805,-1.0446259028610914,-0.7501711286640762,-0.2674502899845246,
-0.43247097760039854,-0.705258672461588,-0.9054744396156448,-0.5699169953787738,-0.566216083195262,-0.6935862569305236,-0.5786092520756123,0.6352352096990231,-0.8861636650290917,-0.6472490679166543,-0.7318626427398047,-0.6941562896262512,-0.843729001582161,-0.5616382396081065,-0.6937969455850217,-0.6587561336851188,-0.6592608749224294,0.7313671502074831,-0.7064678388502863,-0.6057695850795117,0.8709581140137942,-0.9165178781861898,-0.6223797219768823,-0.854509743425653,-0.5240476088902528,-0.6984357095156155,-0.4757473741723973,-0.045846028386380716,
-0.4176236028801557,-0.9460796866282769,-0.7407127638571273,-0.7288316226252235,-0.793177558013552,-0.46082815212997497,-0.7864395343347675,0.4089531922645785,-0.8703377380781032,-0.7379741371439549,-0.4765638642488503,-0.9283187220903226,-0.7692134005021026,-0.8332969019017981,-0.6116944373147667,-0.5375646983132125,-0.6188294875904035,0.46599654668286816,-0.7172544800275527,-0.6477541026888166,0.7039216473882441,-0.517093227392599,-0.5429665716381126,-0.41774957241281696,-0.4066680614233319,-0.5735569323790028,-0.6414210677628397,-0.43141005283039213,
28,12
-0.07210693545388215,-0.06059776517900435,-0.07843963674538815,-0.21267401838404887,-0.08629466955480766,0.15803015894169078,-0.23720513158288015,0.07410062859558297,0.0724222172171518,0.0872337538187492,0.1509295724558613,-0.08313332889531005,
-0.10029846020765887,0.11690707582518131,0.12434664140687754,-0.2301770873105303,-0.11038714023840367,-0.026309177536643587,-0.049158573530393185,-0.020825872590633884,-0.18863490640647299,-0.1612159777942044,0.1141096005219839,0.015862551803132965,
-0.21117886382642453,-0.05386336432263844,0.09981318459621316,-0.09933742328037266,0.18450247299735348,-0.21552996052541226,-0.17409664938615063,-0.2898026884859602,0.2106375509050863,0.018675157176654543,-0.2677178807891709,0.014041942046736441,
0.08181723900554884,-0.007219766525801924,0.1861644536455564,-0.06958114517546797,-0.10562690434869425,-0.06699219401902735,-0.06865952933073675,-0.18868748980870842,-0.13247486165595404,0.11012281064274262,-0.29593273441999696,-0.1496315685024296,
0.05107791946131092,0.016418889169209177,-0.24549126765894352,-0.2471640195262763,-0.05508218922008862,-0.24844793921997527,-0.08998016330953479,-0.02591036537157757,-0.06288224107028727,0.08043444286766759,0.08252220197201225,0.06136430288855632,
0.12469544271224617,0.16692836148663318,-0.0012475099123939884,0.03439000056851966,-0.2036616863324984,-0.24027653751567427,-0.19113190918505743,-0.2197178034717595,0.013196175534736858,-0.016676345659526845,0.08909599265098694,-0.12204930697654627,
0.048768033962209516,-0.23032771894274623,-0.26803802051607545,0.042700273594773616,-0.19461329841683755,-0.14309600013372897,0.042456712171032945,-0.019828277770773225,-0.21037588904903332,0.07785838893888494,-0.011644150983146025,-0.11080132106377719,
0.1387883908886275,0.15888148491004714,0.14528056083371332,0.09849964709707801,0.06786775755059907,0.04016558569846257,0.1543462961351976,0.19157337327607912,0.2184204272080944,0.06910222679169208,0.08478661374690832,0.13344568853131825,
-0.03027589477232907,-0.029693077178168367,-0.1624195165044833,-0.019135327222351627,-0.1549689377174918,0.05701137436053408,0.010632416470926907,-0.023822895967039067,-0.22894709898098956,0.01773607246563106,-0.10292174457761002,-0.19329239211536098,
-0.023078777627447575,0.05624980762140564,0.10756280477172599,-0.2246282697975383,0.16745243382692368,-0.18801178439573069,-0.09190960117047386,0.03710264552956319,-0.15976056689800666,-0.2981227560971627,0.020343962694843818,0.13481955798913806,
-0.1594975557704735,0.196946941320046,-0.12879465051701208,0.21090662913510022,-0.11881853282343284,0.03525306981020869,-0.11495421173823206,-0.29261534259153654,-0.11771252453720325,-0.03517373234578896,-0.1336552066500935,0.10224946770019697,
-0.1451637623525752,-0.03937633931329236,-0.2144961844261556,0.05479722380551819,0.17265707913817588,-0.1363059629225305,-0.07811918248932995,-0.16180951628411136,0.0255769438417626,-0.22944495010229005,-0.05296641970474301,0.030374292205588935,
0.007139589157206647,-0.29667843299605684,-0.2633983664511911,0.045129081956748154,-0.03339505058171984,0.07334875358256814,0.06905810795078866,-0.07222712940897608,0.07630462889763145,-0.23159975878106984,-0.19951791828933862,-0.2165767829845165,
-0.31871231166370034,0.010709916637088368,0.14413774689462405,-0.027333554381398163,-0.30981587243615133,-0.18119089206326192,0.13451659265521312,-0.2108765401298808,-0.04405523107285628,0.09041582007035161,0.14208166990775373,0.05544469565421302,
0.20770378968064965,0.012280701350103309,0.06000001586899927,-0.04038803123094984,-0.03251679392565361,0.049824624095283016,0.09608935196890869,-0.014211024850930776,-0.1596484354003036,-0.3133988128014591,-0.09870537075648875,-0.28424318433286927,
0.028070310082162438,0.10079895230719668,0.09122177904955724,-0.10990609551041179,-0.15792559053469693,0.02110184295533491,-0.13035632685128018,0.021151048553733735,-0.2515278187630702,0.12800862113999814,-0.038324445618082355,-0.21173633912503315,
-0.290783293856976,-0.2063356075749237,0.17463820532623217,-0.19332942000094872,-0.11091688204234966,0.07105043018060044,-0.05954228051964529,0.004852870713930365,-0.27184389378354146,0.04835323119438353,0.04681792658344554,-0.05052923820023832,
0.13116080933363006,0.04593196210151257,0.11027832809591882,0.21903380937730105,0.2414753601280337,0.12133242177255069,0.22332812270602898,0.20863074848554644,0.2588478575203018,0.22939373958306067,0.31813020568356454,0.2763204407101487,
0.01654103146904994,-0.22975881594452388,-0.013656645941891211,-0.2140562968507909,-0.22189868751072955,-0.073945151457125,-0.16777091546428594,0.048661802282393314,0.03929513316219388,0.035367188730575025,-0.020839701545656005,-0.12229252347934905,
-0.13257178692337793,-0.3151298466711886,-0.12662535437425762,0.0691803307410384,-0.08991114347732333,0.14560124670433913,-0.07656488745996903,-0.02865465716580044,0.1161510228973303,-0.23820442708111086,-0.31349112676496943,-0.003120659632539046,
0.4995678326508539,0.45521387422366144,0.4904596083543719,0.42853129005468255,0.4652766355566839,0.5770287615716467,0.44354562071846043,0.4513995762812108,0.39670534687633613,0.5349395122971972,0.44288027045211775,0.44911553359100737,
-0.0779773533670256,-0.26275689750456316,-0.16553837596683746,0.0625200516981873,0.18657943398154425,-0.25080795749268026,-0.1067736960304492,0.09329848802543214,-0.14491705256303725,-0.2452998063609264,0.08176425938170663,0.027172859411932277,
-0.008783213361816474,0.04173169865765272,-0.04235913984208508,-0.010194518576702678,-0.10437436574683412,0.163193367864769,-0.2338229251563296,-0.0024619381056523,-0.1573145632453684,-0.13911732325273451,0.03733584231957254,-0.1110485184904978,
-0.19506187912071357,0.12710996054770832,-0.15287542959104689,-0.027546429841700346,0.1131979005021304,-0.14584963507416918,-0.033243356154783694,0.10058685419645842,0.005148761751067993,-0.30297419355267213,-0.0707339842653781,0.03372983358526415,
-0.1592894734015934,-0.06523915024796942,-0.10140065485190806,0.0834860977128659,-0.16223467689797105,-0.22844599017705128,0.14493726106564628,0.029119036137205925,0.07121994443981693,0.09970324373023864,-0.15448746694878407,-0.3145954692342731,
0.1543104853083637,-0.11322442448567673,0.006987341048545182,-0.151490061868393,0.19508920688527495,0.09202044716700461,-0.1704156092978193,-0.10138410665196342,-0.20806119999672096,-0.07183188774915944,-0.3138001517277355,-0.019043030826321517,
-0.2121296264594815,-0.04883547493788828,-0.20102211781731918,0.019203480806387077,-0.07708909367604391,-0.12456716882380016,0.13414777821329532,-0.03611251241915299,0.11851476415973396,-0.16454030471546033,-0.07479061305390901,0.01039465885081972,
0.0936803130163343,-0.13136521269296192,-0.1523714803090277,-0.030697702417874815,-0.05442962993385203,0.24040998954001735,0.06915212116446283,-0.15666816535650446,0.13610025397774655,0.23877663010906114,-0.04570834164309662,0.09278211502391265,
