# Pesos da Rede Treinada TxH=  0.8999999999999999 TxOut=0.09999999999999999
12,16,12
12,16
-0.7454255588891897,-0.882340270828476,-0.6438966528590969,1.1936859735616556,0.6262581362534472,-0.5145714526284965,-0.7657027082376489,-0.7312024466032591,-0.6463041521494627,-0.8678954306463063,-0.925175921703656,-0.8756055548711373,-0.8342562171800361,-0.5920359521951681,-0.7240547712724253,-0.5388174191912487,
-0.19533888001666738,-0.5083922582155431,-0.324184155156507,0.414843058339049,-0.35038325803078546,-0.30017872924726346,-0.14851985987917732,-0.440266707003164,-0.39086229767669156,-0.34264654014104545,-0.49306110636753514,-0.18037489277313004,-0.4103842120145818,-0.5770849870094692,-0.6454491373031771,-0.3786729495356078,
-0.3010471777052369,-0.6625128296640539,-0.21511397345996872,0.586939553516996,-0.22809273872400357,-0.37365675039232554,-0.1478573482411428,-0.5383551663533399,-0.43886990540321336,-0.32344721302699625,-0.2453854941821687,-0.5484317966877306,-0.31046949280982655,-0.5733806040641768,-0.19297837242819377,-0.047176850633663836,
-0.8190325719829679,-0.688502443291282,-0.9421237208801678,1.315380245603907,-0.024546705246527547,-0.7137636884563567,-0.76901665308579,-0.3391817201418755,-0.38443809544978325,-0.9192644039249606,-0.6500589856371982,-0.8122281575797223,-0.5698163397775228,-0.8149672560250308,-0.7471517435474074,-0.7163479696354469,
-0.8837728766650957,-0.6678804226310266,-0.850590292361877,1.4120299905606153,0.19886986773877388,-0.9773249625440033,-0.6342806510790905,-0.41547901694885375,-0.5385175417406628,-0.7705069231982768,-0.9633194414142006,-0.8211175471146995,-0.611709915861803,-1.0741769767633778,-0.7249977285916236,-0.7794151778756708,
-0.5994003973013247,-0.27647758530947625,-0.35385640593425505,0.695784079109521,0.11241758431789896,-0.6624245845051574,-0.4047924948718494,-0.47757942549089055,-0.28802236948182175,-0.6419902250380808,-0.5140301574571897,-0.4841025397784583,-0.6609208678757481,-0.4797801399466683,-0.672410317765047,-0.5748258208020257,
-0.5944046369656166,-0.3606285237011874,-0.6423430798777084,0.5615121297514711,0.166591183067158,-0.5753713337855852,-0.7935420290178059,-0.7316492165353933,-0.7876930889239482,-0.6216159418092924,-0.5379595616239654,-0.5121793225030905,-0.6725435425037883,-0.4938287738255435,-0.8351459891337369,-0.3760396159598406,
-0.18945912980573856,-0.15412795171331872,-0.26618817944539797,-0.11176838758365656,-0.6188411116367082,-0.36061498446466494,-0.34736727968417896,-0.5294113812236599,-0.22194456994399606,-0.05980912820032747,-0.38619693988423376,-0.2823785486025746,-0.16512081712679053,-0.0640062462310727,-0.006049114832271757,-0.43562815913200736,
-0.2430406460000843,-0.23786839530627976,-0.3736151349895494,-0.12162387444749596,-0.23159252860887458,-0.27937659597249564,-0.24506084505511216,-0.3707941923518494,-0.3505557927981636,-0.1116611198369509,-0.4253844345708166,-0.42863332290487416,-0.20978384213705215,-0.018529131054383023,-0.2891906089856884,-0.5008369512981763,
-0.5062385321117281,-0.471595487045664,-0.6010054474789406,-0.10640308670670726,-0.36510245380505274,-0.3171087280448186,-0.48347360543930135,-0.2253860517004999,-0.650179856876363,-0.275023089984973,-0.3470009961588877,-0.2684126499030681,-0.24230944840008414,-0.4457315092346339,-0.24719871353757328,-0.33778619364654544,
-0.23529311823557048,-0.5656345466647956,-0.36563552685768214,0.3344582517123274,-0.2139008723037712,-0.4552239798293269,-0.6026712387569122,-0.4669578477418255,-0.3162453958578611,-0.5355889105324042,-0.2546737226124321,-0.2184008705665553,-0.5912001625745291,-0.5459573076553864,-0.5837117997858784,-0.2578448014028797,
-0.6459330448408842,-0.34893133974739393,-0.23816155905599062,0.37769852607693605,-0.21799590172134745,-0.4107339715870876,-0.4714693892813746,-0.3858493116870549,-0.5953627536181578,-0.4838440523100894,-0.3419345953039207,-0.38946495410850435,-0.529267883782576,-0.27488750816007734,-0.3059684575779573,-0.5811144136496577,
16,12
-0.07750091189550712,-0.28883481859844434,-0.3672199024983007,-0.2437898958736887,0.02174740868716419,-0.3970768847800654,-0.411035095142234,-0.41976616229596847,-0.32270146082101353,-0.25531856405915243,-0.3989561776049583,-0.22553585784556546,
-0.24960345188236932,-0.324078348545658,-0.24792267119743908,-0.4781301934766706,-0.39334458496379254,-0.11846494968575794,-0.15557287194740915,-0.17823703699093515,-0.052450725513405884,-0.2239886161232843,-0.1544617793332648,-0.25962212267908985,
-0.3571995115470514,-0.3548030835540939,-0.19107943233298968,-0.12751633249369468,-0.24809687163556773,-0.4372435220667818,-0.10831610203260675,-0.24135879655362447,-0.3720651713462776,-0.18237449565372865,-0.20823632451290314,-0.11526837119077953,
0.7995801134601861,0.7204479654869856,0.7970640251560622,0.77529418275622,0.8229421630546647,0.7980728676359213,0.8227112975374118,0.84671000915235,0.8323019779736153,0.8705359764967738,0.8469180892088998,0.8498330861297546,
0.00801078866445154,-0.08283867974782981,-0.08680527597173826,-0.09143708671684356,-0.06347803757367351,0.023554933759860487,0.060181284241003004,0.0575163389491708,0.1158337294414826,0.10921054968747343,0.1012877195269644,0.07045128095563805,
-0.2888842546836362,-0.15968207715252714,-0.2340251234137512,-0.19660465891851595,-0.3571385738844562,-0.43247694358839667,-0.17521225136951168,-0.11696045749558696,-0.17295432219970924,-0.5885021839957947,-0.18621787611514887,-0.313654642254119,
-0.2338283045658547,-0.2038523757724751,-0.18554803743639903,-0.24074666872125455,-0.26112340161889147,-0.14585975200180287,-0.38526139842534973,-0.109307740554417,-0.36462505141040935,-0.36939119332418735,-0.24982065702607376,-0.3018446922553166,
-0.3060880817470214,-0.0820156287342099,-0.3803501138889917,-0.36436171240583964,-0.177894091832479,-0.08664698194272843,-0.11331460968159246,-0.28580970597017946,-0.2815688322941307,-0.03099305942212263,-0.07848154201984252,-0.3036100216211957,
-0.1322803055988187,-0.11742721300385578,-0.1316176939488924,-0.14670527177217765,-0.15796312242075505,-0.1064146902015164,-0.1866823014968236,-0.25675343122093347,-0.21847492068594296,-0.15819667541630322,-0.5286716047129402,-0.307977355375949,
-0.18734305719228747,-0.09155921186411263,-0.3209232925848171,-0.21678974262392478,-0.3047078287015097,-0.0675777475586141,-0.2184573228922779,-0.2747502895428359,-0.3490514828265044,-0.39732815950044315,-0.36774598372803174,-0.41341572119589093,
-0.22822264342892684,-0.31199731408843195,-0.2867984608943719,-0.27468759687112754,-0.3102324594798866,-0.2399602267615752,-0.22118084728508225,-0.532329599161657,-0.29383409781339864,-0.1962784269249952,-0.382794456486249,-0.306229339760258,
-0.2032912466620175,-0.09001381462761641,-0.29795428916460437,-0.0013729511139273305,-0.19881919945525123,-0.4173193747529951,-0.34486366712686967,-0.2709933988281702,-0.053831885590714446,-0.46410324735109,-0.435950907603968,-0.08331684957136905,
-0.26194109807931376,-0.2621890771103473,-0.13661986872526213,-0.09557166177228874,0.002410416929858449,-0.39237500385288643,-0.3390112544393298,-0.19324100040183378,-0.46040124019637263,-0.2652625379873846,-0.15534567466547047,-0.33256823370501304,
-0.3956493333356395,-0.11459163008470258,-0.17146419098355684,-0.22929724020215525,-0.40536429719650147,-0.28073316871382115,-0.3231496696053213,-0.27358878482751,-0.23024481007197353,-0.191538263033079,-0.32127304693256165,-0.15711641796006043,
-0.44332682334350754,-0.23831346689397778,-0.10719178682967208,-0.15853904301514798,-0.17243425834121467,-0.35315282190587793,-0.3900611468072889,-0.29098311557248907,-0.2155065804977764,-0.19070989313674014,-0.39665733277902443,-0.2244740178630044,
-0.08410307607342692,-0.14370363609209946,-0.0078082422907578344,-0.18125887696245924,-0.2771430610197374,0.05319274321746036,-0.24663246394529562,-0.24434971626788468,-0.37130622973292976,-0.42380129858703547,0.0033308363696786508,-0.3019547924531035,
