# Pesos da Rede Treinada TxH=  0.8999999999999999 TxOut=0.05
12,13,12
12,13
-1.1520888084691767,0.09529017675995238,0.8425350497350997,-0.9822233985546751,-1.1985421761994788,-1.0362156888171112,0.8228697840580338,-0.7842669089384886,-0.8396381407243391,-1.0025318236371437,-0.9284210023202455,-1.0686972946488276,1.2725006507590555,
0.1958306961731661,-0.6176247564072449,-0.2404773660521391,0.13898033347906374,-0.09204112808672232,0.19869290481921406,-0.3230069391440676,0.13868871780653527,0.11660615384922159,0.012357757448567003,0.24107678329352614,0.3061805707930068,-0.4808579222732718,
0.4182669512987217,-0.8410203038313429,-0.3347093577037151,0.27414413624878503,0.2881994463915098,0.5604099827902684,-0.6410548954410207,0.030402533844380436,0.44141328430427584,-0.0709073752345411,0.6607348262561958,0.24775129144392363,-0.5589499189769297,
-0.7113273990662412,-0.16246782207277133,0.7379424466738429,-0.8526727840846572,-0.8595074992371117,-0.601986400616713,0.39524855222426936,-0.6312400017487287,-0.8785511285321358,-0.4717153531431741,-0.4097716270633102,-0.7466296022228421,0.8283178049957413,
-1.1287596446981023,0.0725464589916619,1.0793138694256847,-0.6786541374026519,-0.7997402538633579,-0.6978945720037689,0.7861393688635294,-1.1976520401506805,-1.0689239514021711,-0.8216234761659289,-0.9771144632223105,-1.021087566792523,1.2810164168108873,
-0.5130533764696382,-0.2794246558518736,0.37320633955482535,-0.3550610811557859,-0.41545782171751744,-0.5663638802477513,0.30518669744424615,-0.3341259578460618,-0.7145337618516744,-0.4723004868050848,-0.7224963032963062,-0.3219877649432729,0.33587784266633364,
-1.0783687685683276,-0.37759127883860627,1.1896286162122927,-0.7633833059754167,-1.0082962236257564,-0.9742643933868015,0.6161267833303876,-1.0003122914451426,-1.2210622845649843,-0.8659260733370777,-1.080327077961322,-1.0166096113657612,1.0788576538442605,
0.03858161941743619,-0.601439529145921,-0.2696806449257257,-0.13588322209506593,-0.1275593590941804,-0.22038071610559853,-0.5362133150827265,0.0373402651046864,0.17888360799556005,-0.39314677189989705,0.1261581560820209,0.30366825698252153,-0.37543853767451263,
-0.22334944267002727,-0.6442139630841948,0.2576668336754328,-0.4915271688682168,-0.44997143234314707,-0.22484476354791622,-0.30033715710049136,-0.42853332706520675,-0.1243928401806556,-0.17817411508913839,-0.2919686917128777,-0.4090217215935964,0.34162248449762916,
-0.34100314106435897,-0.5548606032970972,0.4168431053918371,-0.587801132078419,-0.33349934695720695,-0.4518430826197195,0.057012838673871975,-0.2689492021687243,-0.553301462463763,-0.5979580497467742,-0.6046546517514202,-0.22004198415083936,0.47243859660552195,
-0.4836439383764438,-0.5436404546347134,0.39186805602538416,-0.38987236493722277,-0.4933197811375212,-0.7272522949454483,-0.03662687852579704,-0.5201956742814202,-0.4642875696898655,-0.28913360031305996,-0.7465422485304978,-0.6863974064946573,0.2309155425096624,
-0.4154817959989389,-0.702443692427327,0.13589035937246371,-0.5557424416792358,-0.208599831142653,-0.5252085668972185,-0.17459377672625656,-0.5765676734953217,-0.41982995230868775,-0.3616143648965745,-0.42319126334452256,-0.5236044166799769,0.41218076193555786,
13,12
-0.19542225482563633,-0.21440403946926787,-0.3402119665817205,-0.2961464775933885,-0.2533318244380425,-0.14036272964556343,-0.16762309863848224,-0.27182645666966315,-0.5450518883377694,-0.24736641524319658,-0.3534289288340451,-0.47008745531155255,
-0.19587657000864286,-0.15267175912602488,-0.29507972606345717,-0.44572466642414754,-0.22801816398391428,-0.15773134397480568,-0.06555918303117497,-0.16250583367206978,0.11157759732902078,-0.01696285967451325,-0.015302490562867593,-0.2353205474588489,
0.29915910315796834,0.40991756190244183,0.19132020645853023,0.3503388976786855,0.3676581882335477,0.4712530141391203,0.2901903767051031,0.4899636491373369,0.3291912097124982,0.22267617667214865,0.3872249820732134,0.2362314092967571,
-0.3707142209608703,-0.25871266218140815,-0.08003631843328746,-0.09503991588305613,-0.21950638786748022,-0.4328994355595368,-0.20811873024426897,-0.042958205857511145,-0.4948419257014468,-0.44380968871560755,-0.314071532546115,-0.16733377523722037,
-0.38599885930839717,-0.28257553457343554,0.01006397023371739,-0.16129126931794863,-0.2531971794717337,-0.39440704813270094,-0.4296745977117493,-0.3962149772451961,-0.13220626420850348,-0.3961769718280166,-0.33061937854700696,-0.2252091309016398,
-0.28701444805323645,-0.06677693261018913,-0.2364278609969608,-0.22631796300341564,-0.19363654935693994,-0.22729801233194827,-0.13904493134477433,-0.2470166099748292,-0.2593351700715586,-0.26773730410623203,-0.4794552625604343,-0.3929899600343558,
0.048976975732174036,0.03037141767848201,-0.07998622549582272,-0.0676965131219661,-0.15767479137565085,-0.060461377976170655,0.008700802961391483,0.08164763498256243,0.15119245806784157,0.23797882383071672,0.15895256064761057,0.17179418106405883,
-0.3454708224410738,-0.34982599299203637,-0.2709450548779037,-0.4981143794667064,-0.31881686571206685,-0.0883370926610174,-0.22026464008380692,-0.3582429612291309,-0.429989475971638,-0.2481165044120865,-0.2706263922030989,-0.13275493639327435,
-0.03189715270044381,-0.3632539896699143,-0.43569545323112996,-0.3554564221517393,-0.3323305004891966,-0.19060277036285925,-0.3613338775165003,-0.40986303873632385,-0.26340548465106767,-0.31071635635444167,-0.13281639663828806,-0.5005615426579915,
-0.16233779227694956,-0.4191843391241926,-0.27312280562565744,-0.10410948417465325,-0.27824056627691274,-0.3521072054591954,-0.2441672460030223,-0.18002233682142035,-0.08316949379959254,-0.23338747335923388,-0.3162516817995172,-0.21870250691876986,
-0.268841648275716,0.029288804047929235,-0.24139984927602737,0.08956620303938075,-0.2569784181590108,-0.11792874133656234,-0.42320813787232175,-0.42748814101239285,-0.3355989517104462,-0.44072801354085234,-0.36850819426159653,-0.22578865743839405,
-0.3436516760543983,0.0358778289639788,-0.37106426427757727,-0.175198810290808,-0.03345143586895607,-0.15097376099536025,-0.40961397151879325,-0.17272222153590058,-0.5302477190035536,-0.4533697427013895,-0.1958100846439034,-0.2551170058726883,
0.4530385067014688,0.24843680357320638,0.6227133352728191,0.4285819691523871,0.5145662368890697,0.3351418995802413,0.5039305747759409,0.2938306739217073,0.420222524017986,0.4880647760613397,0.3498764104968083,0.4825166243533654,
