# Pesos da Rede Treinada TxH=  0.4 TxOut=0.09999999999999999
12,18,12
12,18
-0.9804655034509474,-1.1337669842050269,-0.9318328712014181,-0.7664963779820018,-1.0238195714413443,-1.1313220306621115,-1.1298835820473436,-0.9767227125664264,-0.9268658104445179,-1.1106783832261347,-1.0556714426536304,-1.1183772614096053,-1.1064792073580938,0.8293952699578935,-0.7704658635624817,-1.067380922571181,-1.103130988907299,-0.9175699186918692,
0.8666198619626493,1.112105424191359,1.2804135296660122,1.2115205581691488,0.8569281416179165,1.0530461216167655,1.0265688280865408,1.1061071689809125,0.7910763564203446,1.0027129513868425,1.2404458786205976,1.2859483051723841,0.8139071545583669,0.26853069967329696,1.0967650067393413,1.255067063625577,1.0391588252201511,0.9672009173101872,
1.45196965906901,1.2405124958387361,1.5029217363441651,1.5001411699882203,1.0568734604236687,1.3167963385988934,1.574465822790872,1.2722990434668615,1.5571533828827044,1.4259406177719376,1.6046359190508264,1.3891302320516339,1.238899444220116,0.041431209393031625,1.757983018339653,1.448802496304479,1.4842132383481825,1.2640611156256125,
0.43839225620123967,0.006631767606645062,0.43069784617551427,0.27093580135288586,0.2888928641505124,-0.1349804238580666,-0.05056288048049993,0.396948310610985,-0.09980589015100817,0.15513214950479134,0.2217953025036295,0.3414115048802984,0.34246091158939856,0.45110063605078865,0.4576509745637197,0.2392445852297248,0.27914876244784387,-0.11255456924969907,
0.06912134411312211,-0.010254027581352498,-0.4357268441151246,-0.29965385708992676,-0.21966897967885954,-0.5314616029571994,-0.11974369952592213,-0.40145278226793607,-0.29932711103151194,-0.2741047352172096,-0.4333255204915229,-0.0868706018878453,-0.3741190414393115,0.668133356935521,-0.19331836886947343,-0.10570309262291688,-0.3893727231179389,-0.23050635109432682,
-1.1956725512947703,-1.4640553618948482,-1.2991133114111337,-1.2767040631328737,-1.2091246550232988,-1.393885436793266,-1.275188895217014,-1.4264091105332313,-1.28567833778573,-1.1397392074277335,-1.485048818191315,-1.2319456218355609,-1.5281346060460872,0.8358171080899286,-1.3913194608207815,-1.140256078785855,-1.2275964599850613,-1.1922052293611445,
-1.489546471650955,-1.7878454568066093,-1.9005885468564536,-1.9450673557615794,-1.8862593587320895,-1.4320845265768514,-1.5586708426346525,-1.5698797597900194,-1.72049919987008,-1.6231376885408455,-1.6634506899216361,-1.6104006549290883,-1.518341497043365,0.794715429238752,-1.7208205131757983,-1.9411918619786577,-1.6319693511362714,-1.5740000010190964,
-0.22172175891052606,0.07369821153079574,0.0770560799349054,-0.14245357773609965,-0.1320417398912,-0.36534412120605336,-0.24370608239496733,-0.2406255562491016,-0.17262800095569034,-0.22164060267659422,-0.2412665356387075,0.16791446521422296,-0.2536746578419997,0.9202801581082821,-0.1321174933385613,-0.11531226062844868,-0.22852606536411646,-0.21936429443686034,
-1.3753672773001244,-1.107301100795234,-1.3163756568477125,-1.0817732598469494,-1.2435629562934847,-1.041462214048106,-0.9092405071536983,-1.2284600504552163,-1.2644601430694387,-1.2152043705923723,-0.9416271866053092,-1.239893282436532,-0.9161321368318787,1.2900594636223137,-1.206305261892717,-1.1160751100230786,-1.0883074018961916,-1.2783504842862539,
-1.1317310160710368,-1.208186616678991,-1.2056495973611718,-1.1330435035151973,-0.8830877983766715,-0.9948124160628946,-1.3542389246142228,-1.3266765216283714,-1.1519351597060987,-1.1354909509635187,-0.8988147766881388,-1.3439913707417763,-1.2307226485543394,1.0865755706111466,-1.3038636759070399,-0.9719339073334178,-0.9972721211223875,-0.9928674073659812,
-1.436808362492902,-1.3137168713505913,-1.1216753077087591,-1.080698994734573,-1.1251691824732,-1.1638227401101597,-1.3550396375864748,-1.1278850997789478,-1.143344371916748,-1.2962650820477337,-1.3316353915601031,-1.3991347611687444,-1.3864708078187278,1.0816623953262798,-1.0631204425564194,-1.1503549298903712,-1.384871588145188,-1.288997086294713,
-0.9593978428297901,-0.8442766707387568,-0.9488871638101656,-1.0017033739383023,-1.0405270410655574,-1.0201028017390121,-1.03357474251751,-0.8756301492869257,-0.8828541488024129,-0.9186533189162741,-0.9052074347479598,-0.777700914444593,-0.7422713125953239,0.7592894878551762,-1.0483257188179882,-1.1671599730419737,-0.7626887049431776,-1.121345196736164,
18,12
-0.1081053486236781,-0.008036994616236791,-0.04470337427806915,-0.01844844719123168,-0.04832037182668104,0.10741659793013966,-0.10851358662072448,-0.03918612625878948,-0.0743770234379113,-0.08668261707064687,-0.07146851798621184,-0.1659102638817698,
-0.11897217622964822,-0.06356396682708318,0.0383055684534525,0.08660724313632066,0.04313921417713966,-0.043096266455858755,-0.07657340720918694,0.025940301026521152,-0.15775851978272343,-0.05589264274278852,-0.03171068841337257,0.021002450548945988,
0.13320591304516446,-0.013642391814039537,-0.12968165042870905,0.10033955606578887,-0.034146186601721584,-0.23479208107948554,-0.16998749365133717,0.12646744951852512,-0.19147099179392488,0.027994408410432978,-0.07798131332455017,-0.2732028642869504,
-0.08602392298124432,-0.041337578786961066,-0.13181862743484243,-0.15268823175474142,-0.23047201682597102,-0.13887172413604804,-0.11249127837551955,-0.06834253605975422,-0.11201876932917457,0.061617517351270565,-0.008351565005921937,-0.03538786970652467,
-0.12185229012590779,-0.0679315591884672,0.036658858977445585,-0.08062030168090921,-0.08638523286160073,-0.01547734572296893,-0.14324429671977035,0.08249171146017957,0.042964297250520325,-0.043212632188215756,0.0816170427053669,-0.058227730094607015,
-0.03435136136143405,-0.06798550680444426,0.041338648349685994,-0.01558840421069803,0.007834321571590952,-0.03911985318970145,-0.06364331723964087,-0.10627101742571773,0.05962652919960029,0.03418156564292946,-0.015561590167791989,0.13171197208312718,
0.03124490691562413,0.0012327882004112502,0.035626815429736294,0.052374065819998906,-0.020862326370905012,-0.03107014049770667,0.05552617179483885,-0.16010880029766103,-0.0339099625082804,-0.10720902656896536,-0.06944311767432795,-0.05290853343329626,
-0.10666534585090706,0.13399552897328187,-0.0870877179277388,-0.02591945811637502,0.1402954988230225,-0.07974376560231435,0.0035293999002168567,-0.11825368617127642,-0.2250280811927881,5.820131993428128E-4,0.13348088203119837,-0.05679750989825428,
-0.005886980916034643,-0.07445783975403332,0.018764388039086328,-0.06977445481407007,-0.09732118426524525,-0.07067545919217237,0.05368244087347533,-0.044331050672145496,0.02966446023454546,-0.05336271281847289,-0.09102515245004944,0.06265466701057108,
-0.012057659269039556,0.03201994289949034,-0.0557542949261007,-0.06876960993528997,-0.008636281556571881,-0.014964561124022606,-0.006638002240108536,-0.13375547175148148,-0.054040875613055636,-0.06874689726175578,0.07589908266138319,-0.1184447644423682,
-0.18038671990316263,-0.05151498371240029,-0.16319398371792102,-0.1741576774303446,0.07284404939395298,0.05477093979460848,-0.18447718526381793,-0.10553402022263926,0.01960840027659633,-0.06554690482010861,-0.029720912424748246,-0.08195884683318833,
-0.1645244445345825,-0.12724006021482767,-0.022133889583417363,0.04254848893877923,-0.020932019724617338,-0.11321555754536489,-0.12119090304659609,-0.05112396934176006,-0.12054123346956785,-0.10410335727136405,-0.15616840504326096,0.03848668428997941,
-0.08663165572614458,0.15394009830719305,-0.06069814604906344,-0.14552825480997136,0.1398995271557165,-0.10833890099900817,0.07077279270528684,-0.13845651685797097,0.03926645715469126,-0.06625040743084286,0.08093794062050383,-0.05339967116835588,
0.6901613380491451,0.6227265904162766,0.6900806518339834,0.6696421894402989,0.715332780571982,0.6919852499768706,0.712977673850975,0.7352138934373917,0.7247742480031292,0.7566495729353342,0.7403646663705645,0.7454425410307097,
0.00291402672260884,-0.22360243701510177,-0.1510157085263974,-0.06221706111068464,-0.14597158644216332,0.05270355044182778,-0.060951946528021946,-0.09106491963453753,-0.10063115722607253,-0.06444732331469752,-0.31884597568619105,0.009375934899940564,
-0.03593714407563654,-0.13110543504162564,-0.0033567620098225773,-0.0910865909126846,-0.22660850906533245,0.1384973450164101,0.07649980132991034,-0.11638621779635272,0.02254331232271771,-0.2112457025496559,-0.2204391944557096,-0.08084893646490174,
0.02292157124918534,-0.13609551576291765,-0.030174784252718585,-0.1114719068842735,-0.15892940047038404,-0.2703020006465411,-0.07268806447702678,0.03534652699357758,0.10502908029940508,-0.11286949556321163,-0.041951172480915316,-0.07266693560653659,
-0.04033444368536462,0.07961365994337533,-0.00409300077351623,-0.06293794884635015,-0.0619414438027188,-0.05102616376891,0.06387865306372383,-0.00964158539767362,-0.09841578589106742,0.011195981501908783,0.04076851594781716,-0.03684584690304187,
