# Pesos da Rede Treinada TxH=  0.4 TxOut=0.05
12,14,12
12,14
-0.6456289561799914,-0.6992850423089227,-0.45579526984563323,1.055162580498131,-0.41036844016942065,-0.5175159877658981,-0.38532176775791993,-0.5914816025200279,-0.5994507434992604,-0.16461660272184492,-0.4127634650232397,0.8933018155659634,-0.5801447709277435,-0.3798872141796414,
1.429047198595901,1.1164128699473754,1.2672875582062963,-2.8032788364405525,1.2696726730016161,1.1740156865518865,1.4838915199727725,1.0795687766622488,1.4753477337686072,-0.9500290274665827,1.3682732037946974,-2.58920517355439,1.0253662886514432,1.0299094449110453,
1.172440849134998,1.3955520495189733,0.9778271450375955,-2.570116964023604,1.0906022929147259,1.1532143909681831,1.1462878283710596,1.3572862898760079,1.3269257242667,-1.0702042918240104,1.1924794928706046,-2.6938183001017513,1.1525078245627842,0.7231758269026595,
0.4256691711742293,0.7702409707701224,0.31355047398273395,-1.0691848153096746,0.20679514357829307,0.3683108200949689,0.5999160088345552,0.2820364995693707,0.4283092036198252,-0.7915919762887587,0.35197103762460097,-1.0453781106264621,0.5716181987034897,0.19048376557585986,
-0.31184189424363096,-0.19038031127073468,-0.25009192890947723,-0.0230301616335577,0.06445063030687985,0.26693884516054245,-0.04441933390459743,-0.28513392881938493,-0.02370818487154749,-0.8055216648915677,-0.06658820589135367,-0.18065789987483552,0.12778000895931915,-0.1659233590192095,
-0.519884900925929,-0.7399342449816593,-0.7145594105039402,0.6631992611928834,-0.6282522157409308,-0.4058743023311467,-0.7101593008167205,-0.4141479537166315,-0.28201142406072577,-0.5718601036468393,-0.6775425118293291,1.0002599959461937,-0.597603343143434,-0.5814626264988637,
-0.9209207923082904,-1.0585507352350685,-1.244787579224258,2.0394603812022685,-1.1664392992894803,-1.2488552120029581,-1.1793218417266618,-1.127865209093155,-1.1650549180447674,-0.7533331700578667,-1.2013600392943151,2.001953743070559,-1.1779739868701518,-0.8796300691185157,
-0.003874277164096069,-0.007454544939029757,0.0951514028282139,-0.5231633049494716,0.27659697179891657,0.07132601234526657,0.19149550330825482,-0.16294554993517407,-0.051916010328330285,-0.931445695415173,-0.11284581022491355,-0.2818934226753026,-0.14799528782326818,0.12162321619667672,
-0.839398885106744,-0.9564511559023581,-0.6510819051369192,1.4154993360999621,-1.0864107947675765,-0.8709437533765503,-0.8895557232234692,-0.6358615435211574,-0.8257022224030957,-0.9783889510319307,-0.7538207715568657,1.6473845665401983,-0.8453725230987722,-0.8734526703925768,
-0.9414588302395507,-0.6987341135381906,-0.6834913195099565,1.47690460324078,-0.9780680320252108,-1.1144242109156148,-1.0954544077182868,-0.7568926812695951,-0.9979341031006785,-0.6175626289690775,-0.8565677131483752,1.3974037759949258,-0.8749133135057652,-0.6717899868872118,
-0.9066965117093198,-0.8901120127095552,-0.747992096110082,1.4864907083959347,-0.7714515330641618,-0.9203888535701151,-0.7695356476653866,-0.7272176302960464,-0.8091634800896699,-0.8356126071932921,-0.9957688589795548,1.277039746714617,-1.0600133491209696,-0.9186777858975581,
-0.7781970818810986,-0.622133396787579,-0.6466399342061631,1.2687557908654192,-0.7944238044941719,-0.7759867373534314,-0.7751327944085115,-0.8967865608647823,-0.8404380636236064,-0.5020562411641711,-0.5816701678003995,1.5330597200299834,-0.4271763417489054,-0.6717449379290391,
14,12
-0.20419596808064788,-0.10146613534319851,-0.29233867751543424,-0.14883493663901745,-0.3650790771975997,0.012633835985636709,-0.13097980044725657,-0.1495443663975598,-0.08971805726526899,-0.0455231063648603,-0.18154624066240355,-0.05929750906521182,
-0.2922785070540247,-0.10111291387545933,-0.12097729529475294,0.0903267429903578,-0.22840865304326546,-0.1517254593447289,-0.1441228947419903,0.10559828533203762,-0.18915619944581993,-0.025587837354594137,-0.163430798172316,-0.2600102363378883,
-0.20208573659541024,-0.3010730308075293,-0.2660122305230527,-0.07766048002610415,0.014594505655060687,0.057776600306235805,-0.15602173465907404,0.04083587147115424,-0.27022325777409034,-0.287878924457588,-0.08643650884865503,-0.06990199456659196,
0.38955696587537064,0.28731455448757254,0.35241446482646654,0.25739685626872105,0.5202878945265046,0.4123369475502484,0.4029915660348523,0.592393535776342,0.5182146447955235,0.48842052038427086,0.5543378862327508,0.4229824359446581,
0.0923934041433834,-0.22236803005259148,-0.27906497371033784,-0.06446683509039997,-0.09957146399676825,-0.2648000624894254,-0.046418438922999086,-0.22412120031712007,-0.1092063144610827,-0.23829440024645535,-0.11228214518002888,-0.0348120130237848,
0.004201699482841797,0.15645779469789955,-0.025660961021028172,-0.27297614081557364,-0.0011835846398903472,-0.03448464066320887,-0.4045928649356465,-0.23090166862106196,-0.21145486054999224,-0.2963749387630356,-0.11753407505764689,0.06816590883720755,
-0.2700061276178161,-0.03960979331252772,-0.05304611697314227,0.1602605229167804,-0.04274971792800698,-0.2843903769292433,-0.16919000021942435,0.007183170423561194,-0.2733947033550592,-0.10575308383577128,-0.04619227063016202,-0.26520054171107327,
-0.21908967275408822,-0.13616252007060348,-0.10222492404268009,-0.19973109231577527,0.001605219997580907,-0.004390738400766537,-0.03564858099603178,-0.3824068268510684,-0.07552738974963857,-0.05920093785719284,-0.06432770447524663,-0.3179485372663164,
-0.10685046324752445,-0.13654593735051468,0.04447953433494968,-0.1142078854061111,-0.025696607910614126,-0.13279796499325772,-0.07724240639810231,-0.21570903604206654,-9.062698518124155E-4,-0.20498337431174987,-0.3592607153145856,-0.06350650257487896,
0.32095890157285983,0.0866881757867807,0.2815431962691676,0.25596257240737724,0.09025770607189867,0.4582478585325405,0.5408732073419353,0.5027980820393293,0.576277836134529,0.5221883221964884,0.4108417640481852,0.47782249535365867,
-0.05295932349407984,-0.137213251718826,-0.03772550083731293,-0.21567364800090907,-0.18311881958638215,-0.1797876663913101,-0.22162334991140015,0.09643214711716296,-0.05457847406714404,-0.18331309988475747,-0.1695321189472535,-0.2227043983796653,
0.5453121595241534,0.5105017674358826,0.5429685701594903,0.6069692773891785,0.4011463381969119,0.5237151050793615,0.5704124599902173,0.3957773236829892,0.4785239862464894,0.5427851970163691,0.45025010476468363,0.5832284045708582,
0.027164937055388336,0.023369152034997558,0.044694342239801774,-0.31654386125368905,-0.27297027548131897,-0.07802218512474021,-0.07485661825301186,-0.17388723475459714,-0.057642476067749575,-0.11560964565892193,-0.23005288878180616,-0.21148863758230443,
-0.1536002137895461,-0.08948201863942493,-0.2006990779064404,-0.08874358328330384,-0.03692469112275128,-0.3346965680781458,-0.04161958200387427,-0.3797026210258129,-0.20984969734924888,-0.009082936134181426,0.05266038890069809,-0.04676076364113548,
