# Pesos da Rede Treinada TxH=  0.9999999999999999 TxOut=0.07
12,10,12
12,10
-0.3075266194190186,0.2523967309272115,-0.25474038502854374,-0.3115912549189965,-0.2362217301502181,-0.5612882425076215,0.6853451547045534,-0.573213048110073,0.5371153878118533,-0.5960589004540189,
-0.5430137524611787,0.4930364457443152,-0.5408340892682493,-0.2948257743907115,-0.5313625609882794,-0.138511352686091,0.6261585268158226,-0.5018770978532644,0.3376799668557263,-0.466702392808193,
-0.4520867729435738,0.5067004082490144,-0.6268856707524197,-0.2516793628076202,-0.33835060168055076,-0.2871460123081596,0.2788368854982065,-0.3608505026381018,0.5014524800695165,-0.10133829460252412,
-0.3139471248112346,0.629225419289948,-0.1627800873006254,-0.5717175919816883,-0.4215764961444217,-0.1564682672973811,0.5471063002530202,-0.2616468568537304,0.43821819627467173,-0.13905010965130038,
-0.2972828116595804,0.5008431440032509,-0.3053959372374335,-0.6009811693592587,-0.25412250286384075,-0.44336843161491846,0.4653195022907036,-0.32768516817383586,0.48082381937018814,-0.5884977405887171,
-0.5641340982868146,0.09682739659743463,-0.543939741655635,-0.5680888743257932,-0.30535787924966035,-0.5481399436626799,0.3370211543727272,-0.6007244637392972,0.20673534140851405,-0.145610948731431,
-0.31796997765688917,0.31077605911910994,-0.4396945566604612,-0.21975948128735423,-0.18259670863602503,-0.3510260411937175,0.5622524010501021,-0.32240141098433167,0.4162623338004374,-0.42714537161369726,
-0.6101779703653346,0.40999495304626066,-0.4052743831721865,-0.35147331562615053,-0.43153233314840744,-0.27986305590578364,0.25657587937328963,-0.3755948816680603,0.2770228297713485,-0.5016341488148768,
-0.2365827544915246,0.3148159914278027,-0.4959172336254339,-0.41788119936883,-0.3944345096555545,-0.3406799880847199,0.4860268607642838,-0.2730668050146607,0.3857458847295729,-0.31301810839035754,
-0.6035870787713431,0.5104602948781519,-0.16921356780996574,-0.5995033903967065,-0.6299787701982644,-0.5569842345220247,0.2159342314250303,-0.39554561683169104,0.519428927773815,-0.2835763889073546,
-0.24213525756010826,0.09163510066876711,-0.6279899090047412,-0.38613935782280134,-0.5477502798597583,-0.37752493605857884,0.17385922474773002,-0.316712608035613,0.25401491124296566,-0.42816710438960226,
-0.45357012749018766,0.09422552628720267,-0.20661756879386417,-0.25281253227348155,-0.4992252081361633,-0.5125617588248151,0.13295775984586528,-0.5462824544515966,0.17374618944855222,-0.5906180442602603,
10,12
-0.27157039634433977,-0.3578864692176455,-0.23812687793748885,-0.16528001107485962,-0.32733667659122895,-0.02233328252755146,-0.282571367487558,-0.2310692038290965,-0.014539992669566024,0.0409028582336891,-0.3871535651395964,-0.1534332685724785,
0.014385858841764323,0.10054447738676826,0.16703440152603,0.09547337942471398,0.2386303854538559,0.25049661570721826,0.059076311693172484,0.37602829477791233,0.16655242684279897,0.18454677913887493,0.27454010126505,0.13564359074632243,
-0.009189141958139102,-0.3130290911483666,-0.32721543209448656,-0.10116412495155018,-0.014219836860162484,-0.1594346908289499,-0.08254388558313325,-0.18122483636961492,-0.21691408944414953,-0.34315480345204014,0.0484930740252844,-0.06854931476952815,
-0.264176345664052,-0.10286316319049076,-0.3201535083822674,-0.25050983085393086,-0.07176241151094474,-0.3787677786122155,-0.12472294002871348,-0.2517398609258433,-0.06483793123281809,-0.2544755654370554,-0.18898004592581166,-0.2107115928561572,
-0.2529724087629724,-0.02609147258294764,-0.03565146445512473,-0.24523010642523968,-0.20378760773310584,-0.2325605242502461,-0.0984035074545245,-0.29336769327593476,-0.2599831156648418,0.04177974102410312,-0.3790772061365796,-0.2676703911393808,
-0.18903943125950373,-0.14901754128398384,-0.04608016516670984,-0.013059969397364054,-0.009590487449620126,-0.04679196009933795,-0.269519299190319,0.0743734967328463,-0.18192044038360713,-0.1866737089014532,-0.20543394953241825,-0.24646252472970523,
0.28823667545460274,0.2626187736861746,0.27353323953713676,0.5091889892910487,0.25792027665956135,0.12675187253598635,0.5815031741619505,0.3406178148985585,0.5175973334475067,0.47374244046773356,0.46413567705656517,0.26609585774679645,
-0.1470896161692502,-0.11922445361419114,-0.06461735958503721,-0.16112984090348464,-0.23786853934991536,-0.2580605260638636,-0.1768346450772806,-0.1602516094797387,-0.3966530224334688,-0.38824879502671855,-0.1674493579282613,-0.0053978655684867,
0.46407740799672287,0.3097166929314142,0.30899138861854974,0.12423495708207086,0.2957069771253708,0.39327756876487435,0.15437810281482875,0.09213299690963153,0.13407363394054164,0.1879820353572784,0.08294310176706611,0.42235204856124214,
-0.08118688673307176,0.06868318646618363,-0.06074425043708721,-0.11182401395251686,-0.31024653199556557,-0.0774516173025561,-0.18331745801455107,-0.231721772800943,-0.11407645731538002,-0.2359515011953843,-0.006545642103310461,-0.3063470274051969,
