# Pesos da Rede Treinada TxH=  0.1 TxOut=0.060000000000000005
12,14,12
12,14
0.0020825451966392404,-0.30913767825529714,-0.13715238482591513,-0.1146180363258655,0.03193504763038609,-0.21324490570032784,-0.377474035022002,-0.48200714864311844,-0.08750425428239662,0.04536366112482953,0.09868114755275374,-0.35151963755187077,-0.31631026130412226,-0.22656430099915453,
0.32739867000695394,0.2959619252827896,0.46184784762044734,0.365120209091287,-0.5712616964747089,0.7071420446697264,0.48731693238729196,-0.543944664645436,0.3539934237428569,-0.5557660751549934,-0.9315736501127186,0.30261935019887576,0.4121505702694723,-0.6502027979221356,
0.14761498250877514,0.4827743735990495,0.5386459035134847,0.1448153248460844,-0.5741469697001063,0.48314574120163345,0.16841610163454912,-0.2702420934724468,0.5448174033596742,-0.9590149799421449,-1.2162340956015698,0.381843994990711,0.4811595512836834,-0.7088206492835449,
0.08050845615479739,0.4283358338815415,0.5336403419351832,0.3305919780559925,-0.7052199141286657,0.1914493735376962,0.018498593506333236,-0.6634787055484608,0.4003097293623581,-0.49085255194659627,-0.8235916207445384,0.46268747931379617,0.26412070492827355,-0.5797843763657073,
0.10047653312636953,0.08001707406345111,0.3290111996985538,-0.029398914930321967,-0.032979998486103154,0.2509444974877181,-0.058165660547744934,-0.5213505222757555,0.3406295124520226,-0.5744242913407401,-0.841758735845199,-0.03256598170303832,-0.1358198045255481,-0.7136939838565866,
-0.2462306508799188,-0.3209181753282383,-0.4355962489902643,-0.28211520562504483,0.3342004024637663,-0.2980266781203438,-0.2615215402612366,-0.5650469982253987,-0.22820081817726318,0.2903821291958027,0.26029588405092546,-0.2596232964657959,-0.1871574907401987,-0.2487260742726707,
-0.3565328726269188,-0.4675907727439789,-0.41912935486033176,-0.38100443330555245,0.5589608902082566,-0.6087080568309634,-0.5809560516495164,-0.48631095205359115,-0.46648642775194277,0.3758595342512509,0.6629377905291194,-0.6456967785931284,-0.44749053075573775,-0.17268086529164173,
-0.23486934459759204,-0.07990547536159903,-0.11728013928660917,-0.28808597537401065,0.20742943493422997,0.051018965960336324,-0.11753114728964328,-0.26198960078071665,-0.2783293121462143,0.24740910798332394,0.2526652182547935,-0.27608384466781244,-0.45982272740877955,-0.5750526018941258,
-0.6477928898837872,-0.8037962626339219,-0.5505533490866884,-0.766581493956515,0.2045184007890846,-0.7344015887885024,-0.3661418010553469,-0.4348730307190785,-0.6351094817817011,0.6826554715988556,0.873602036196841,-0.5042113264059951,-0.4064368711864485,-0.46976318561093583,
-0.3878878230648235,-0.6770610179424276,-0.8149414588023713,-0.3472541320052212,0.5193305940593775,-0.6586563973361965,-0.3395446116585699,-0.602339449525641,-0.5130815904445508,0.7043796630352347,0.8273472090184708,-0.46910563641513375,-0.4368275817071694,-0.4397304032509371,
-0.6616232998915333,-0.3887893746212916,-0.7633375847682146,-0.553599744779228,0.3281134211491538,-0.698230294591681,-0.3398984037169397,-0.16193811497263125,-0.8520295230041203,0.49239991655347576,1.0043627144984832,-0.5702563211807672,-0.5347722407854909,-0.5409225960601761,
-0.4672791058433474,-0.41471288804177847,-0.5499364947150103,-0.3321331229372177,0.2715775531170572,-0.49274638177167074,-0.5854319199627793,-0.37382435158850763,-0.54754696704595,0.4674349029972485,0.6364453081455517,-0.29609410640943173,-0.4796803838075853,-0.485517171445309,
14,12
-0.28035641410012446,-0.3451257666349133,-0.4080044738366794,-0.18280852250278146,-0.008348314485010744,-0.3109879303728587,-0.1796852041153758,-0.08326564984976002,-0.020278241277162334,-0.0824333911559308,0.007492009794316888,-0.3761139777973873,
-0.142984934547425,0.05274467608659633,-0.2870176144456858,-0.25203381762624666,-0.44183559151804536,0.021363306488233622,-0.44198804003545455,-0.053105133754245686,-0.15447521503761108,-0.1254741312477535,-0.30779373205556554,-0.3769418672553582,
-0.08136925135346791,-0.2357597556502684,-0.015112456256801982,-0.22534479856076844,-0.029072493563510913,-0.3351999009462183,-0.3228947753813305,-0.229425114453271,-0.4330734396038117,-0.3695622775459342,-0.3409657190185462,-0.19284887636885711,
-0.256349960195971,-0.3790697989233679,-0.19562826296106015,0.00829171081253775,-0.1420391451709825,-0.3558324495982263,0.003525183124747551,-0.15172237892775614,-0.017741024441696278,-0.1962636712445791,-0.31584832757597897,-0.0713910982344548,
0.4309262300797991,0.3686801551738601,0.18405153705129498,0.44483719337712374,0.319711495761695,0.3591082881998055,0.3608793254769834,0.44786699428785404,0.2656697306306185,0.38473369432620297,0.42286259581498314,0.44301873071283226,
-0.36417040868510087,0.00641120056633566,-0.2833163775647034,-0.2951658840040887,-0.05917138296960548,-0.23084323027838347,-0.3483995958493844,-0.4013123636611472,-0.09776225755719038,-0.483910393410654,-0.17172843639743654,-0.08350871134491927,
-0.041034367826012635,-0.3116849633048446,0.07797012356032723,0.057062814575519254,-0.3505881647936234,-0.20530130445699965,-1.6483460211160817E-4,-0.4685808909356397,-0.3414645944415432,0.0933412011662284,-0.13695716565749075,-0.3164358613770907,
-0.09919357372456207,-0.04882742943094379,0.06697921364879098,0.1338389263886075,0.10747195753471359,0.19788308111682298,0.21988628177837624,0.30479416836505574,0.31829183881030604,0.1082302380492317,0.1968269814527942,0.2276171732040229,
-0.23055131819064642,0.05570931820515206,0.002929411220934032,-0.11156642875400864,-0.21515354676017315,-0.30315035141768193,-0.13892555910724283,-0.3707938396406631,-0.4331044057154113,-0.36175623354283454,-0.3733263429525067,-0.1370673319443142,
0.37927394053203756,0.3557089322233326,0.5522395116567793,0.28308863617886476,0.5145360071552351,0.5491642071218128,0.562903114459535,0.5720733668218964,0.3858906969929733,0.4182516982462709,0.5744784534243342,0.4234099046580715,
0.6152717754316872,0.5093626302982098,0.6133094486219605,0.6269779598864845,0.5706712977959277,0.5140693149311377,0.6316060344905291,0.6367118942322344,0.9146072831598261,0.8629007906959116,0.5957451947623771,0.7376074697891699,
-0.09590221900071828,-0.2055443038130121,-0.056343747494529015,-0.2889262838167839,-0.030657382866455547,-0.005782923563873501,-0.4057149453296744,-0.27117794815732316,-0.21636924720091436,-0.368090305976159,-0.04845545044236419,-0.28725145185542644,
-0.14381003696772537,-0.015125723584998007,-0.3156348980994773,-0.19589360274202167,-0.24008043785028893,0.11266871038842137,-0.15150469840581682,-0.17336119331478805,-0.30245169257347343,-0.24058844432615528,-0.28516144080997097,-0.23338169503616196,
0.29685901114269986,0.18996034001410844,0.058028191615199044,-0.015092401698060722,-0.026111865094955455,0.013541005566260103,0.3088909427594137,0.39813291892108366,0.23908750975691317,0.4831424279666438,0.25931010976417646,0.3991520008280097,
