# Pesos da Rede Treinada TxH=  0.30000000000000004 TxOut=0.08
12,16,12
12,16
-0.24617124848953342,-0.15639332040694964,-0.3913832574335877,-0.36204762986094313,-0.4161875172982945,-0.3748721540047293,-0.4593519511931762,-0.4037399767564518,-0.11386978989604989,-0.08233802890619178,-0.1521674530330477,2.3055309973993277,-0.28921752659323874,-0.18412752489375633,-0.24257510442286653,-0.20983962402142078,
0.695510300798534,0.6040578169343278,0.9983866183173057,0.9967541221594837,0.8500090729810031,1.0290371598061236,0.6719934864187224,1.1881603202959496,0.6693842765490224,0.9659132230131675,1.130006156541356,1.3980310568651995,0.7389380596878843,0.750258254468987,0.7457915541089825,-1.0072381865180633,
0.6319950446012536,0.7939981976654868,1.0254028812386478,1.0120664910337533,0.65479272188773,1.073644832184005,1.150085157815809,0.922830649979753,0.7558801308657587,0.7029198365947161,0.8947484351165493,1.0074426360206523,1.1382980069238906,0.9948886811699239,0.8031035073972382,-1.1809921724066974,
0.25847360886585247,0.5823534265222294,0.4605194513302032,0.48958983403979567,0.5638548762659481,0.7148268036736366,0.7228979316898685,0.7556732535604778,0.15874532049979262,0.5557001598546022,0.6449218735749903,1.7011315064710597,0.33635686731053843,0.455640865335272,0.24665852593887322,-0.7690944510990938,
-0.07055121947453652,0.007996863373513975,0.13293226579099074,0.3602624355833383,0.38859702006823854,0.006198921912981086,0.3173622440653618,0.356055722446372,0.08924203631000777,0.11349212722569149,0.12292255785714755,2.138119768929192,-0.0572205264323181,0.45704788373362704,0.3120755326835743,-0.44051431256174384,
-0.5464180736891363,-0.6894017551189559,-0.5904351559468646,-0.5439293860226999,-0.6025251997719238,-0.4848533917458574,-0.4708652517666035,-0.6813400289765468,-0.28001967837478553,-0.31675860218529744,-0.46444629679739774,2.11019113714608,-0.5547125126848872,-0.2444410611171187,-0.4668747035772321,-0.41973328361473183,
-0.6553039123151926,-0.8312083339308902,-0.8507375358276994,-0.7414254867951426,-0.7404986471512285,-0.7174888683695287,-0.679586913129457,-1.0205093291965173,-0.6949681927768031,-0.7291300793264154,-0.77275639664545,2.5854082056616248,-1.0465448922485778,-0.9403750823319921,-0.8746721898076721,-0.397676928456418,
0.010280868673788777,-0.11822379107650274,-0.21039464416415535,-0.10069234413898216,-0.18119431411743617,-0.4317465848294754,-0.24555983671512774,-0.0860357689721495,-0.39053292328041606,-0.337335013327687,-0.16121218002033277,1.954646890683519,-0.005340917751065315,-0.14687575942877598,-0.2553872841599845,-0.6663149054831061,
-0.6682031906591075,-0.9772031517914741,-0.9904992719276668,-0.9462641973226967,-1.0804452248279817,-0.9140330044710755,-0.7579101553802424,-1.019112323144708,-1.0060294729594856,-1.0254176749845745,-1.0105757633107622,2.54896399938225,-0.6870507250983771,-0.821026708786774,-0.7034366644107475,-0.29157482124664247,
-0.7738056232187933,-0.7895842874024215,-0.8554596211010757,-0.7479079743754647,-0.8117772598966124,-0.7556563073889742,-0.897116991514554,-1.0402535039618979,-0.6908068153721242,-1.004608715149257,-0.939001360932185,2.4553427919236843,-0.8892776410984443,-1.0746706836715683,-0.8027516856138303,-0.6219162167023962,
-0.7762549744712215,-0.7456990363368816,-0.5134533639963375,-1.085063373952935,-0.9383380020017458,-0.8866762888346341,-1.0806191769655729,-0.8108604829492663,-0.8705009225634553,-0.7079051328496102,-0.9483226267252145,2.612582270905905,-0.9880190968034188,-1.0138166471353836,-0.6720062965621585,-0.5291095970779067,
-0.6722070942684951,-0.4628107456950691,-0.7288221716357092,-0.7322116898913145,-0.4461391163382881,-0.8746272746044438,-0.8873891648376654,-0.5761011850708062,-0.4872121024078495,-0.7492658344780225,-0.5914964593673071,2.6097416324481646,-0.48192059332975257,-0.7849457677705802,-0.7583867838809873,-0.6285000845188233,
16,12
-0.2734252615610794,-0.021148674609994887,-0.4249544975433001,-0.0268585651402542,-0.32760314908764737,-0.10364886150854695,0.01959415206502963,-0.2782714868008188,-0.16162620295139954,-0.09313485931192324,-0.1225923536196186,-0.304423063579508,
-0.2668423472784583,-0.19982402055555537,-0.35586701715165997,-0.2697851037641054,0.012013797992893451,-0.08359951636985204,-0.14464182216751467,-0.26416997881508925,-0.33002369534365167,0.06561825664887978,-0.2766033001484757,-0.11356761277935497,
-0.35211694060567716,-0.31468251936753633,0.012330271821180046,-0.17132818635476468,-0.12031097753038707,-0.05039309604031645,-0.39911790028881944,-0.08643833976366684,-0.35439461813133527,-0.2558112603375753,-0.039924739636955565,-0.12118502560987524,
-0.2915278471141215,-0.16380364792658478,0.045886926753398415,-0.06110664677778871,-0.06310297504193899,-0.08844147877858495,-0.3445871586151279,-0.3451466766130721,0.08440896416977678,-0.38359920875570525,-0.19295246180165665,-0.3069589929341136,
-0.05150542958348061,-0.29360586832085944,-0.28069166033914633,-0.08370652998534213,-0.020826920749869405,-0.07522376289979323,-0.141195720947088,-0.08819924294925244,0.02184192721182662,-0.5130215446284017,-0.40911451964806406,-0.169481994882091,
-0.2285876710764917,-0.2777487988398158,-0.0579730682685164,0.008839783232488518,-0.3615458197442478,-0.2363865154823507,-0.26782132237380674,-0.06702872186713638,-0.15859174619425914,-0.2197433079355536,-0.05582010216397748,-0.3976779418015269,
0.19013689550441454,-0.032982153560923516,-0.1985370011338996,-0.13140114890412963,-0.3089382623722302,-0.17318125106684856,-0.18755747717040772,-0.3200741663565068,-0.021225573777091108,-0.3656754656544311,-0.2980530910770798,-0.27822260724600134,
-0.37393432573198315,-0.14879671025088345,-0.1767514855676417,-0.18629584311140196,-0.0628026330387465,-0.19761423245556808,-0.14628023222817813,-0.021458962096063933,-0.4224295610151749,-0.2513463223383471,-0.18005928326828002,-0.17878466918625358,
-0.015861613263679675,-0.34383781566793786,-0.4371258527436365,-0.14927901674415625,0.016401667164020976,-0.293957489368105,-0.16945868152193191,-0.30444589753460266,-0.21687763486909628,-0.0848168028977899,-0.22386642915914887,0.07820774715559645,
0.05244982013909835,-0.03038407117470213,-0.061683769280481734,-0.23199104819664274,-0.4285051698532541,-0.2590153974605587,-0.19501518032945409,-0.3425169068137679,-0.36787742551365676,-0.05665422392056919,-0.08526458156022715,-0.1385334418852331,
-0.016154634182554004,0.0682418732932852,0.010777488924471102,-0.1423373142750725,-0.2741413615162388,-0.11824802488121486,-0.2068674320674713,-0.26061978926758933,-0.3130326941637043,-0.3035018450921092,-0.2292089070736204,-0.23267455165304884,
1.0002824168984716,0.8387497358616904,0.9162473208950284,0.9131481836685511,0.9831583100887555,0.9857128081804328,1.0282949947441633,1.0504079391792853,1.0539000053916325,1.110504307434215,1.073452430723061,1.0688766175281754,
-0.29283519366491634,-0.34550050876382105,-0.021890434227544147,-0.28861070549573864,-0.3845644319333624,-0.24200972697317144,-0.34651596984662847,0.014992280117370091,-0.3079080426438374,-0.19067340015069104,-0.12719953373973178,0.06712025116624862,
-0.3324402253431972,0.06600460327168177,-0.19534927195054613,-0.23939016802112892,-0.0523606980426647,-0.2722150970952286,-0.0307233878695008,-0.2345698963736449,-0.17471691778686152,-0.06170609667191204,-0.34527450302168555,-0.29064246056853843,
-0.3211619040405754,-0.01689802749796276,-0.09213463273066343,-0.20793236801234458,-0.013180576417452522,-0.33687263496375125,-0.09505542948482992,-0.09799930441747134,-0.05440504734277199,-0.20096142255881366,-0.26283838467940723,-0.33306733995762317,
0.6639819050261899,0.4091744583738406,0.4410347744271151,0.36447676038690385,0.4565285955214357,0.7242816131426031,0.7509233335760359,0.7656367006477585,0.8933662070808099,0.9236205474564392,0.9301771824138055,0.7921702579257357,
