# Pesos da Rede Treinada TxH=  0.9999999999999999 TxOut=0.03
12,22,12
12,22
-0.6422300392420927,0.569389241211214,-0.32024540567588955,0.19755300524693128,0.1376026063449862,0.7383471358920044,-0.5146277556681039,-0.805625066193723,-0.8533646929703723,-0.39988781360620174,-0.5335865030258043,0.05081010928656536,-0.6971108675746915,-0.30992297890740556,-0.37869524339661387,0.6643343090726571,0.4378513752280016,-0.7731761815553342,-0.3866665579782264,-0.6267518686491445,-0.5719068801450519,-0.5313546756978845,
-0.014709157222479036,0.12644344886928596,-0.3929079332004361,-0.21257331198219506,0.021675013480379656,-0.1666159228427472,0.01907171935452945,-0.33432063364505193,-0.10977052407224198,-0.2180008738036368,-0.25229522142039124,-0.22881726113939552,-0.1145904330158574,0.017417683470187774,0.05385557687694024,0.03711851729655949,-0.20579297013438894,-0.0017691043215741428,0.12709435159942914,-0.30634359728117294,-0.03359202795245714,0.039072494850792325,
-0.2953293201916753,-0.17427442567275886,-0.1372487539121811,-0.16436876247244545,-0.10365293719815061,0.19653391931981296,-0.09515957748951258,-0.058506162213824424,0.026969218265615547,-0.06702666558114109,-0.2751213062416369,-0.17531016623588302,-0.08022464152213014,-0.15727085551523726,-0.37757172693619967,-0.11311751845929957,-0.2404452406340704,-0.07748965442887842,-0.2473990117669056,-0.13309754618179231,0.05410989874798975,-0.1116383702404667,
-0.6292514211002362,0.3253831311241433,-0.5350193331421482,-0.05215552435730947,0.12786743826492183,0.15387288038731164,-0.27210216416972954,-0.3845619602086753,-0.409591173183363,-0.4026182528081408,-0.4245084254965443,-0.16841562863128973,-0.6936202667088631,-0.378904938973278,-0.5719387301531512,0.2871234991536803,0.46117741772688126,-0.23611427487774075,-0.32296885179219376,-0.4902004430354717,-0.7045400720550832,-0.566722152477602,
-0.5571259919625684,0.6460368585077031,-0.6956715766709204,0.1842115715339692,0.29027042022051175,0.5399842645552255,-0.5309209812781625,-0.5022969243980102,-0.5941481247242972,-0.42187432086006593,-0.4986880451233785,-0.22291085141851946,-0.37503216342997003,-0.6039742776497067,-0.6858619920962054,0.5326274604960705,0.3917237099743795,-0.5884354510040372,-0.6092605175073881,-0.31330493655840574,-0.6619256096312097,-0.5872680086009826,
-0.23609021031112656,0.2870317349450482,-0.6873108716658384,0.20687773927245734,0.31328796641690265,0.5529681643521789,-0.3558639297017321,-0.5597092488564505,-0.38262830306251205,-0.20842795701960476,-0.4259869778515463,-0.27098596048960516,-0.5179312739683228,-0.6420738462176773,-0.22843851913263868,0.5264571134175938,0.4581932316456006,-0.5925676920119965,-0.45977964772774416,-0.28399843423606935,-0.39316950490565133,-0.5379201338879355,
-0.6139127209809733,0.5927563785301225,-0.4482003455490554,0.2899777923538973,0.17298231097698138,0.3408238079225387,-0.26207111326195487,-0.4371551609487534,-0.7382725110227433,-0.5431545037964978,-0.4759930375430552,0.03243626456135912,-0.3740544955365196,-0.5095889521872763,-0.7902501854449118,0.5606143511474847,0.6282433103776217,-0.6057972727413565,-0.6634555858365866,-0.5528692839639738,-0.7896109008250699,-0.38567452908380495,
-0.15777291445105335,0.1480471356891274,-0.28774436789961505,0.07730320195907595,-0.14878345677614707,0.018322002189997317,-0.4714735137825899,-0.1529984042752939,-0.20209014322802185,-0.35266725573621677,-0.5392037578967446,0.025731886389177627,-0.40249823125338274,-0.1528976300694341,-0.42552073904697674,0.351524697219989,0.05164583534408177,-0.4340057961204703,-0.16952405451458097,-0.24853044963743515,-0.367273311387288,-0.3383429668832204,
-0.4595781830407331,0.17545635985316457,-0.3251812832915396,-0.021288218906855092,0.14785486447287371,0.2564166634243007,-0.5541783016947212,-0.3571217465768259,-0.35230582311917114,-0.6101796273440585,-0.3433527300713186,-0.05730233764925524,-0.27351552485239516,-0.46329038927752586,-0.21721406791956874,0.15101220792549486,0.45549197869982133,-0.3332922178137091,-0.6412248805601899,-0.505850238605768,-0.3287437846691942,-0.5517369802951944,
-0.3573188764735413,0.21567700872198156,-0.5313318798497083,0.32773624403973356,0.21912024293477814,0.4617150251518266,-0.6008090604669906,-0.42166115945036875,-0.3572949031099368,-0.38146874930979585,-0.28577716179108775,-0.2968491842902618,-0.5347702803183461,-0.33640740224330806,-0.532143311894893,0.231194148812225,0.5814507873962205,-0.5120158225654475,-0.35567268652385853,-0.4617264043563302,-0.6990406569895815,-0.6407792753093075,
-0.3165181966933358,0.5610434722668248,-0.2792500264884449,0.2098792932092527,0.41905107451163226,0.4352258613923299,-0.4667205856864415,-0.5309221412787778,-0.47642641247912665,-0.5356292646838278,-0.34436522816597026,-0.08205296887643312,-0.333743500141765,-0.6438104417870663,-0.3039583832091136,0.2854673215338711,0.489838146175002,-0.5351670556692922,-0.6005368454120352,-0.30715111635571246,-0.3584524456183559,-0.28909898630535596,
-0.5946123359861685,0.5715124142159349,-0.28289042130679626,0.19039534095342842,0.41173324265378686,0.405061154324487,-0.6142735723487769,-0.3138968930722514,-0.6006739473115281,-0.6231990082095225,-0.5657526085376511,0.02199255511087946,-0.5808557966201198,-0.37403872646069763,-0.40481021764847497,0.14331924616795222,0.559731407921604,-0.2759526078033406,-0.6316592017027959,-0.5463179544613679,-0.33759764604090253,-0.3946720370981015,
22,12
-0.3103319245451047,-0.154536524023627,-0.2837833185365822,-0.23526517121245555,0.08034613092401739,-0.2348494169347711,-0.13773457578739703,-0.32517112700194883,-0.23645984590784233,0.035727920133491825,0.005945768200758683,-0.05465269464566758,
0.2360374848585022,0.22444303532134188,0.27384465725372015,0.19758071242965075,0.2049073946919583,0.24192822670537256,0.20249022110055392,0.16258098364833878,0.22288005598282815,0.36490909836516083,-0.0038051606408618,0.03652206401606523,
0.08983198956124579,-0.22654423819655425,-0.1712948182937233,-0.24753304223124148,-0.1297837020632686,-0.21369301395473866,0.07353190460736861,-0.15432691263807707,-0.26678386362717876,-0.30777088771710626,0.09773418658394593,-0.35236689977408314,
0.22353326402239526,0.03205565674513733,0.1737705231264054,-0.12537862881517983,-0.13990187132378573,0.09357672961985271,0.17289793630032832,-0.1637865555674405,0.05151615406676596,0.2688347369246093,0.1525431991227821,-0.20052614272905386,
0.0011711227029183669,0.013272138790426526,-0.07054830783174408,-0.09362715808812573,0.08649613427847917,0.06164815165382714,0.012140843240061847,0.33790268479385344,0.17126568183788543,-0.11068971337336367,0.1536810213748588,0.1959361757234961,
0.11633557053140078,0.2226583675187304,0.2987201993833993,0.17091049855004659,0.3554164891926548,0.08756832839936221,0.09292985388938246,0.1986135727849123,0.09530282655142933,0.21008620424760474,0.3101900669189388,0.15733042491972682,
0.017145851865825564,0.0720915663607002,-0.3977956934305793,-0.20629661190887835,-0.018590999238055364,-0.20878061635101317,-0.3531022359896788,-0.023328581209848938,-0.35424361520320596,0.06992654880759047,-0.20220639566769072,-0.1018575259031351,
-0.17926948690649702,-0.05515889618633239,-0.07786591812274268,0.036284692265924526,-0.2921322720069485,-0.3393911616814988,0.017824280027279,-0.031202435314165215,-0.24353710422117159,-0.12141163371282783,-0.2864868758700157,-0.18945512409569956,
-0.32190723431247537,-0.29661732193328527,-0.11926976707542365,-0.3354872158464647,-0.1239226156517034,-0.26946551462047613,-0.030910623343411842,-0.16212003000353417,0.05413341334350468,-0.15975186006522415,-0.23513399782622368,-0.36954514386051185,
-0.28716136052969543,-0.019446160352454632,-0.1336559055527449,0.1505750127645548,-0.0593808707079931,-0.29210231165083045,-0.19749915964957576,-0.05287601184440201,-0.23428735436154172,-0.3048949453383271,-0.27199021892634107,0.02674230666887917,
-0.3378930079110546,-0.06484127304420498,-0.011785521081702997,-0.1531215646549326,-0.3071154411879069,0.08718820634920162,0.06722993328358165,-0.3267769316742921,-0.28454374720034487,-0.14396725594915785,-0.17070284561205087,-0.29390181784820146,
-0.08184527822828655,-0.08014832290867567,0.0175452089819958,-0.07643071585939445,-0.1745251727043502,0.06438506671589571,0.04423236479897624,0.1275275651804544,0.17434365131741408,-0.07497054961403549,-0.07961810915944496,0.08237368356525235,
0.021874250555331952,-0.329795476317938,-0.17637337046116744,-0.10395854377512057,-0.060509320501186875,-0.25315184450752365,-0.2640379543435976,-0.3957743041783306,0.09498905606339018,-0.20344186202257608,-0.33555134889930976,-0.04347425862885669,
-0.25250630121380657,0.03766202808600133,-0.09401678388102452,0.12489374371983748,-0.04187901738475015,0.018847790424864303,-0.1844388586287353,-0.22108701318098897,-0.14178061575567583,-0.30415985737617773,-0.19220702187293537,0.052755147037092234,
-0.3565975222332331,-0.02850820145350166,-0.204314246794285,-0.1475510412569278,-0.2671985022978902,0.021354741119221306,-0.10187400440861917,-0.13019364956147264,-0.1698384151495469,-0.11593683100684878,0.014199918524703977,-0.33195724649611474,
0.007532467256359885,0.18618350047205826,-0.03945780907250198,0.28017247970137743,0.16138604614885219,0.10537299172504495,0.20904317736404796,0.2993219303590995,0.06446122728991348,0.28878747501192087,-0.01563134728469822,0.3132098869550296,
0.3272824630610812,0.0891588476463282,0.2017006557873336,0.32047911947985436,0.16634483496913335,0.2598607387061333,0.212048486367352,0.03863800963912014,0.2781847540566102,-0.04939675427700644,0.3506228302648273,0.3279880504566388,
-0.1376646420084379,-0.31352927467324304,-0.10951553899759067,-0.14788309655179815,-0.14544702978096005,-0.06867684191298341,-0.2863368781237243,-0.11381762080091232,-0.1700418972788968,-0.17729514571258564,-0.2463695581571989,-0.3059498719565814,
-0.05020305428203305,-0.2847265824580404,-0.2088673189961808,0.009530830117019492,-0.24896167032263275,-0.25224575924583553,-0.2551215724485556,-0.33182217778857115,-0.1432518767135151,-0.04550517141795804,-0.27351664369143874,-0.14515259437759195,
-0.005093149027703906,-0.19528997629758865,0.02448495116025677,-0.3316272490856986,-0.23560008650850808,-0.04061529552777024,-0.34393270780963364,-0.0465003470712948,-0.15111425948749307,-0.07594269048727144,-0.11031625399379073,0.009852671499579002,
-0.018789314223755377,-0.12772753765741574,-0.405206251077254,-0.30234789534816325,-0.333720963217376,-0.0990175093751012,-0.30521684636448015,-0.2750877673083831,-0.241045362863445,-0.31743504024754327,-0.15121341858654636,-0.2447587136320654,
-0.2514878347722705,-0.040470522039490184,-0.05133070110695255,-0.2164874307945938,0.06619947743718382,-0.3276214563768372,-0.23147306951643176,-0.015219578626619388,-0.20938183203161095,-0.35685790868014605,-0.17192334257968103,-0.23257331032312048,
