# Pesos da Rede Treinada TxH=  0.6 TxOut=0.09999999999999999
12,17,12
12,17
-0.30700485638792835,-0.35720878479534446,0.09457417595981643,-0.4680616957490421,-0.48754927720662494,-0.3751157427032169,-0.5523374452979034,0.2830161998616115,-0.4019518411344638,0.27408163688648046,-0.10842183567025421,0.1762241889974519,-0.4984637299735863,0.2903131345465661,-0.3335612019147698,-0.25623031543683905,-0.4232444292179062,
-0.3564945931062195,-0.042482260198199256,0.26498995582421925,-0.08206937110641035,-0.137337397642127,-0.07834756193311578,-0.29045893329620764,0.062405661454036136,-0.46972933212884693,0.2795234032694141,-0.15227639490250283,-0.13726697801930984,-0.21135497103084783,-0.016011298185591154,-0.023565808015195335,-0.3326114514101379,-0.46104314032294796,
-0.5015380917516014,-0.45001247251842297,0.3139887779726646,-0.21055730954673485,-0.29145348599369686,-0.1944218556607303,-0.3775054242562613,0.2132329916657398,-0.4366151246095093,0.3436820022238418,-0.20668705628297457,-0.15751822141966973,-0.4946074095496569,0.28445177710736497,-0.40278413782046796,-0.4467683092194082,-0.3349151109327882,
-0.3672160666116644,-0.12904341729018406,0.3481490907659657,-0.21678508414284747,-0.3645864941747331,-0.12294213877936953,-0.18014331542815004,0.24609471976325836,-0.10125203964665411,0.12771943509211145,-0.4703320591823587,0.19166373722305546,-0.2733767233704453,0.20103455366568151,-0.39570089797110997,-0.5035498501755948,-0.4016488140463935,
-0.47769832088793507,-0.41049455313637295,0.19361582517899406,-0.5485463178172637,-0.24055545282351287,-0.13034403401697534,-0.40541602979388436,0.29528775055913764,-0.4545750928192456,-0.04315037329560796,-0.1302073469376192,-0.19307477729265418,-0.39012763600717326,0.3547329746730045,-0.07802311830181427,-0.4320930862809328,-0.3281838409207227,
-0.10433981960409784,-0.2468308618294229,0.3820662765445749,-0.2675083892870777,-0.17476171005409796,-0.22164898462852733,-0.43298768168308555,0.0790074510089606,-0.09762648412975439,0.22117628968037453,-0.5303249207821397,-0.22922691195148642,-0.20022497595574723,0.1099256949375407,9.727636625275794E-4,-0.39025302208810736,-0.38002316957741494,
-0.588888917521624,-0.2342555255790194,0.1421623134479359,-0.3688762889533592,-0.3100120241362029,-0.13747241648125508,-0.12711672450177325,0.18750206345473355,-0.10627834338132967,0.4878968937450307,-0.4134422937191622,0.20607807000237996,-0.5404286242816226,0.21422835361577608,-0.010365798627391228,-0.4733308746573936,-0.5556702414872716,
-0.25112631251825157,-0.2436728086459263,0.01920363408011273,-0.2504234310651729,-0.2358117318342992,-0.1334539938919602,-0.5331961802447092,0.3752173112222487,-0.3114769885267564,0.07018882752953114,-0.3899407923977642,-0.016966988468890158,-0.19880582725096174,0.07498476197032732,-0.01607076013489322,-0.5456340347072496,-0.19143635033672401,
-0.45777786216620014,-0.4588841072136559,0.10905258067835237,-0.3799766356329072,-0.39283007196515596,-0.14046114328898174,-0.3697973961551088,0.33952052124774723,-0.03349628939645638,0.5296771946713722,-0.5949180470003627,0.05064631641012481,-0.5521860650319139,0.4965656399233023,-0.05602257786107907,-0.1307812238323365,-0.3896949951348321,
-0.3075804872931615,-0.3227193757998616,0.4563942707936358,-0.6124059420860926,-0.27541531233570776,-0.09054381954934336,-0.6006579547924403,0.1972407380647494,-0.37669436679430107,0.43196588730009133,-0.4117052595223493,-0.09747981863879154,-0.37765567786555754,0.43209697482218185,-0.3727981452362784,-0.5546800898662039,-0.28688324566800893,
-0.43209228349321643,-0.2239993737031359,0.47079005956240744,-0.3077417350365295,-0.5245210125810387,-0.3786316347552244,-0.4717634447134823,0.4930725030105164,-0.5066232005593198,0.20107458256640962,-0.2965333729409435,-0.07520687605229028,-0.33149766484015863,0.3408147310242185,-0.3189247843169142,-0.26344065023165303,-0.14702806993879244,
-0.157655326634338,-0.5024703826556761,0.32674064245691503,-0.45537552336765197,-0.6167361624606391,-0.43063751206584333,-0.1451969934878981,0.018671890905876627,-0.23249322685774326,0.3512217397517729,-0.34915634464224704,0.02417885070708724,-0.49057650708245804,0.22227239046238922,-0.04952597774010685,-0.41111877223825205,-0.6057218103375317,
17,12
0.0485030717258224,0.005147996209599264,-0.29927341734128654,0.11468002287391194,0.11706794227477972,-0.2995488340496571,0.05015322126223015,-0.26151611766582006,-0.11706990522133234,-0.35030751021315903,-0.27919234569387624,-0.17619190807488747,
-0.1971853254874433,0.15111117024755205,0.13693581992155823,-0.1705607967053958,-0.17695381412485753,-0.24828927637466422,-0.10247698193948343,-0.25896163338740796,-0.026024481553671226,-0.2590306201651365,-0.03865372603099181,0.13878072087735255,
0.44837143874136676,0.16018433785577446,-0.02749601310680625,0.11222966664309805,0.31696164656366793,0.27345745792772036,0.3827845682950249,0.10246154518522205,0.2123928394014454,0.18801430355978802,0.35242083538896185,0.11141112435181774,
-0.01648898980648462,-0.24172294187324336,0.12487044038454458,-0.017036106868729955,-0.037459023761725226,-8.559943504308758E-4,-0.01865509813026682,-0.2862697829788201,-0.37016652564030167,-0.08725706468470716,-0.3554376498582554,-0.19441373678335788,
-0.3326355035496528,0.01940241333528338,-0.2532052077239661,0.15361504190969902,-0.14409649400936703,0.03940422375107997,-0.26864379945069267,0.06755807648583054,-0.14566300875743854,-0.2485502825198488,0.14122373266431906,-0.17612540152732853,
0.08333561328369704,-0.10077920748604262,0.13360210400190364,-0.2565179486916516,-0.20085325348533864,-0.03328524694990432,-0.24442440258688364,0.09266990712874272,-0.0999545706628764,0.09778954499246019,-2.2765925996774466E-4,-0.0758189740136448,
-0.1545026064589261,-0.029232004735168623,-0.27147439192248146,-0.2235534246743591,-0.00406561815826754,-0.17803707218536918,-0.17459379211272397,-0.14499134291381666,-0.09002303432475314,-0.18744352369091785,-0.03564083413577027,-0.2309856826730595,
0.05748476718796979,0.42022461484172374,0.051182226268013074,0.2572884902190644,0.1385543743842121,0.19034493616527925,0.03993790057374158,0.3076680707917412,0.2691851888558047,0.18766498597812425,0.2061385443421201,0.2514398702958493,
0.013352651094506519,-0.2812194193674335,-0.01359850216036181,-0.0021895125388297835,-0.20692046975941902,-0.324210203931724,0.06485245814532821,-0.022938796960727415,0.031961831685051935,-0.08726859525819809,-0.15029270024823538,-0.060642904299515986,
0.08175815656357673,-0.012254807770567706,0.3980241779831518,0.007023481735793799,0.14389385052336975,0.15769413755598108,0.4083304424128207,0.34000332090306806,0.1912278236921754,0.24761402274095495,0.3628613395680476,0.32021504374802795,
0.05440613236513787,0.05638534632812827,0.12835944161186996,-0.1375193382391816,-0.18117420393498546,-0.1160586791833216,-0.14865892602343125,0.0020124790186163573,-0.11214134944497268,-0.3220915985707782,-0.31150055334585636,-0.274347977567998,
0.2039503665109242,0.18356105647467494,-0.17916050926252897,0.1263497036421942,-0.023259551794906425,0.015104825545548432,0.08687741044775966,-0.0274796350554771,-0.053664335351839794,0.20070927648035414,0.09304410750848918,-0.1378895079107261,
-0.1104156938694431,-0.17004971601538652,-0.231806786335685,-0.21701789471132793,-0.09491458195137717,-0.08458584179921726,-0.25198120462706547,-0.13009186016597682,0.004394244024909448,-0.20921585410940124,-0.2605584682898456,-0.011044186499979843,
0.14533348753382785,0.055260339233934426,0.39992662317268324,0.35247372170683455,0.2859426005070611,0.2235792349917832,0.006544948022942366,0.2723801335018694,0.3522598383523821,0.24264476515245276,-0.026807302914845753,0.3627138918875232,
-0.2616932366719367,-0.0638392836304887,-0.028859849328021315,-0.1845828510623438,-0.08327065464126697,0.1301412825906323,0.16595460346012744,-0.217523314106184,-0.0036718961827274573,0.20830077279414877,0.1663892740464383,-0.07706626231244666,
-0.14848565677914619,-0.24646478739410277,-0.11429435685976409,-0.0951165215537215,-0.023191206503411093,0.040455301106546354,-0.2318196040141954,-0.2595669667856599,-0.3384377186910624,-0.1151383075660929,-0.3518539185006019,-0.2989553886903227,
-0.19340860245353167,-0.03560990737436545,-0.1653775788287336,0.06097310841126866,-0.041522361003860385,-0.2715200902248745,-0.26979316910166956,-0.20818282059154203,-0.37543799286525703,-0.10140954891178662,-0.16355471211538025,-0.0019071063823201486,
