# Pesos da Rede Treinada TxH=  0.7 TxOut=0.04
12,21,12
12,21
-1.1644403185043894,1.6627727151625762,-0.6880828584209588,-0.8888728781453119,-1.175164385580575,-1.133334742796504,-0.9401337952603771,-0.6413870127887433,-0.6808834962218892,-0.6133211158389115,-0.7987211282210999,-0.5262973533965477,-1.151847170200639,-0.9582608965170251,1.6525421999245224,-0.8427763265860494,1.8226499762626867,-0.906297512026433,-0.9966344905095265,-0.7577297999992839,-0.7138433602779239,
1.4705672548695095,-3.7190809871520374,1.621833837852899,2.0293503131347435,1.8820353290520457,2.0380759936574537,1.6835945860840527,1.9187112660713177,1.745148097442881,1.7055905656058032,1.8457757638719694,-0.020239345811274373,1.6044774491938523,1.637061885120799,-3.950045495916681,1.7422021008691648,-3.632150011858501,2.0087753618156596,1.8010998342780624,1.8660776146875495,1.9111631629228012,
2.140713912244992,-3.8308480509570444,2.1632950384186773,2.4340608397412082,2.2942383479333452,2.209893415302136,2.1642430523393306,2.3419588940332368,2.4588819785373666,2.1097208471191333,1.6599505534880106,0.08137044820224124,1.599308446968358,1.895282560441871,-4.370713540944509,2.099907862723284,-3.8814295507780208,2.5395797716263058,2.219247002586455,2.280434672390529,2.2581074265074577,
0.3811806892054354,-0.5818797388651129,0.3000579310992194,-0.05032528470575214,0.1854316432916823,0.15064556665603324,0.2919537759703933,0.42063861977069483,0.11572054054783854,0.14669590267679733,0.16957109762055353,-0.5187307140825845,0.08777667171418808,0.48455312292748715,-0.2187966850047091,0.17087755899574147,-0.6333947782617154,0.2713230248199086,0.07671270463230803,0.43205667553455807,0.39003803436684514,
-0.4895348933667927,1.3359279771850965,-0.7161218997928183,-0.5358115012159472,-0.4510790092887506,-0.758008827848701,-0.8653028132045038,-0.6200754692066601,-0.3024826378405853,-0.39969538826730494,-0.7969486032757763,-0.8648657120790887,-0.5062139704522737,-0.25139909742744604,1.3399056239386011,-0.3318296561508793,1.2595436615708033,-0.58678293087573,-0.6923226904594689,-0.4042278366855024,-0.4382786995832226,
-0.6354004203855591,0.9272601862238106,-0.7646681393346293,-0.8038327915456847,-0.9084281412020774,-0.7133783584492606,-0.6485180573992662,-0.7317329080513612,-0.8627030677644921,-0.7796227739413166,-0.7610129493111867,-0.2950363293599804,-0.8699795546644795,-0.853883861987448,1.0086151006218513,-0.8827620613374219,1.1249849701995616,-0.9020564911572941,-0.5786063986805202,-0.891329118237057,-0.8427698931935572,
-1.6263501164213263,3.2318720608871923,-1.923478364551864,-2.1237740546038855,-2.089690019470626,-1.6514988105739294,-1.9489075146577781,-1.6754583184169016,-1.957128333383341,-1.9436627775181987,-1.6609324482643617,-0.8676163489918989,-1.530969566509528,-1.717474611504097,3.2228031462258113,-1.7037971583363003,2.8913655620801086,-1.8221941945366045,-1.6758541586570124,-1.7895581215034166,-1.955052200456499,
0.5356716390017857,-1.421716159066042,0.717736325868831,0.529656775708727,0.8582393048048729,0.6621692691825458,0.6662636622209557,0.5056681902850105,0.7384690493038589,0.3729864448179234,0.2541830345587642,0.199897018746878,0.4508194847969086,0.27514275370975544,-1.5794490515299913,0.29973300087635407,-1.8174024801626674,0.43695531043818053,0.647017968290906,0.469513209580444,0.549678804576021,
-0.8047315951201854,1.005183014030813,-0.7133597431777966,-0.8049048894082148,-1.0061585781884381,-0.9288814626799847,-1.0839642088624468,-1.016467824934578,-1.041147537771931,-0.7776531282703376,-0.7160498077836719,-0.2384722647636549,-0.5516036661991893,-0.8415085692191685,1.4042938651354526,-1.0484200299779003,1.352263327083067,-0.8225223876370474,-1.0897670466313023,-1.002288982342793,-0.826531287907669,
-0.8850882550495492,1.3617312462754037,-1.1129757403566698,-0.7623665150221232,-0.9477962995816634,-1.1182268500559494,-0.8595393338151003,-1.0351242750521905,-1.1084743069455414,-1.142948178497421,-0.6967251592798394,-0.40548009773796373,-0.6991051557754354,-0.8135760533565755,1.4541358950548273,-1.0637634668075324,1.386343532520364,-0.978802008747379,-0.8357364395189938,-1.044112552345973,-1.127499580517618,
-0.7510092854584774,1.2276298698856387,-1.1183518815094071,-1.175235531090935,-1.0956441403100543,-0.8398589035214576,-0.7679989508439398,-1.0480040647720594,-0.7960177947189513,-0.6487991280146475,-0.9785044271680345,-0.21259559726661348,-0.9484115367752156,-1.075513988692858,1.452335433166133,-0.7502235892144199,1.3609503896118398,-1.085398614528407,-0.7918047178429244,-0.8285596943884591,-0.9383061881531883,
-0.951088217503738,1.0589091454448267,-0.7711642580310529,-0.9714888178002565,-0.613694347326169,-0.7837376987278561,-0.8049614277272978,-0.9628719593623234,-0.8088986526416264,-0.8978443981797554,-0.7942519526201003,-0.42547861319391406,-0.670646816955706,-0.6790287499848268,1.3838358160154536,-0.6046310064109894,1.151526530513905,-0.9635248598085228,-0.9694178574216343,-1.0157435551309593,-0.9216652509953082,
21,12
-0.1418099401047755,-0.054106785938350034,-0.12675600834338246,-0.12195912771622333,0.13913650087010312,0.04749430883437577,-0.21609243864157354,-0.23717585768250482,-0.05377606944188696,-0.0690959765240354,-0.03424341529170141,0.02228343033350674,
0.3462293809802733,0.2308679847331946,0.21137153746791496,0.27323689658699857,0.2964812657403861,0.1563276888876509,0.1661418350287293,0.23809953437702505,0.39362584101496023,0.27683873342201276,0.3794471514894393,0.34688518010031555,
0.024000084001654043,-0.07356105260414462,-0.05738034292626987,-0.07014376664688711,-0.16774579184524774,0.0801788138645983,-0.013797032562791996,-0.1333997310981803,-0.05651405108776949,-0.011153623559998344,-0.27782933617154254,-0.10999453517028587,
-0.13252290804469957,-0.04941804491980453,-0.07974259314272154,-0.1000387406696807,-0.14904476215847548,-0.14001677462715612,-0.09065707664497022,0.049794458357575094,0.017119407553529583,-0.15960757431641417,0.024126327413279428,-0.2118010854989721,
0.1268926716888552,0.14596160666717814,-0.21225148214373016,-0.08889482530265365,-0.21042882042282382,-0.2192833212935938,-0.1516385901035026,-0.004116247378453032,-0.20895634321474468,0.03817950953210521,-0.07447517469652115,-0.11378250791750488,
-0.035075968293124586,-0.22407838373828126,-0.2619703609848768,0.0664510468451402,-0.039329108524653975,0.020667625549850414,-0.12239930767597496,0.00901810144288085,-0.19132643360348642,-0.10707258808198608,-0.12971387617982905,-4.422887327263942E-4,
-0.08106533228008567,0.04390312380985094,-0.053129490152653454,-0.13762933030290503,-0.18161554694130738,-0.011325411384775708,0.03803275132664099,-0.2559921604351623,0.07875228274511319,-0.0024942797585657366,-0.17265059608143563,-0.20215025908891457,
-0.24354952023893098,0.03263236614349132,0.12802265555751324,0.007248996129161026,-0.161349257435788,0.02790473586528127,-0.15271895396671198,0.02361110876756051,-0.13495778580041956,0.012992426170406612,-0.18723165572680261,-0.019657009295428598,
-0.03409924982219259,-0.19916200903266912,0.1391297038647884,-0.023827442658753126,-3.036203118568461E-4,-0.20233055179778967,-0.07028969678976457,0.08056828309743576,-0.0925099800701157,-0.1557418785171697,-0.19909804485389143,0.027963439192677284,
-0.08525993908235587,0.11832913190763093,-0.13216304335860377,-0.0160516082704642,-0.16116686796198057,0.13704545536759968,-0.1822851991812048,-0.17248461432494852,-0.12946425064890635,-0.16555568557466227,-0.004725800501732675,0.06083600555778195,
0.030574925784648346,-0.18183149400974355,-0.21258137714896166,-0.05291522387525917,-0.08018563108262727,0.0826662381962302,-0.00951020485691506,-0.15310722108350847,-0.05790206983921621,-0.19594868716580477,0.06242154511566863,-0.1904150077675848,
-0.1937978575752561,-0.276119988573486,-0.2553770020131398,-0.3708850642864156,-0.17406448316210632,-0.07780366867045191,-0.017457747543478307,-0.06363835278098762,0.04116957376320948,0.16612394679060752,0.044279100548048844,0.0042807916653455885,
-0.06029364747084509,-0.15076811264761525,-0.04003786737729103,-0.17411617570889276,-0.0836309243154816,-0.08949171564714258,-0.20290452232953035,0.016589102685210796,0.005085533752989279,0.05571404738132984,-0.19635735549907427,-0.07934908946678111,
0.031730303052374335,-0.0866606190911692,0.02846065294323418,-0.08813708452250164,0.007520303913975924,-0.19145035975656238,0.126730784060035,-0.2498282489528418,-0.10009662612671916,-0.019654757756178764,-0.15306390954005938,-0.031899754595345706,
0.40042649029836064,0.3009584414910756,0.38668931733711515,0.3238004540930536,0.35283503071464883,0.3975756338751617,0.39553814991943786,0.43583785783467105,0.2440567460367794,0.4602040657351807,0.38150781202798417,0.2635020548757754,
-0.15219414598829722,-0.051626049673560534,0.011189942031308997,0.012093658561975756,-0.047828408734938585,-0.17515219793431677,0.07339085911352833,-0.02018859075066925,-1.090175418569245E-5,-0.20427064057582212,0.021921205055372893,-0.18894674289820085,
0.17548257307367432,0.26012806054009024,0.2592752114548549,0.2638536012311039,0.2875747756100967,0.3696676044909498,0.37576773966386817,0.30307767305244676,0.33126943933734504,0.28448407897493233,0.21870826551013872,0.3814420448448711,
-0.18599467161061445,0.03753108385563809,0.004096810918198581,-0.11683612727928379,-0.0410685440424243,-0.16673622963098725,-0.22397822173487258,0.07276610372770398,-0.007969792003429451,-0.15595265836229089,0.08215591248569921,-0.16533543805161197,
-0.09881591818258952,-0.07075899707924733,-0.150146590900758,-0.008071017957321392,0.00811851327046511,-0.11799814229577121,0.06661069575496786,-0.11252221836969864,0.013082876896360448,-0.15880043933617652,-0.13363618220260873,-0.10028054740532956,
-0.07237755775436326,-0.04377897035714707,0.09282423185016478,0.013391795407242602,-0.10053271358074352,0.06301812964464756,-0.05785924646985961,-0.16428317504517861,-0.13404426538579692,-0.04205104423953488,-0.0016412834643289523,-0.23874489168755603,
-0.034503442271893614,-0.027712795860600797,-0.061413889382204934,-0.06083107181779989,0.010822792324763911,-0.18003856341188781,-0.020101003866146605,-0.14023396427106355,-0.22404441560820754,-0.07576302190736861,-0.07303127802308129,0.09376782603628721,
