# Pesos da Rede Treinada TxH=  0.1 TxOut=0.07
12,26,12
12,26
0.06011891175968721,-0.40493981435117254,0.318515033372367,-0.4098464741466899,-0.5525217013818401,-0.41476285998848844,-0.21775176726130996,-0.4268018182440096,-0.26558467025244165,-0.40574501624750314,-0.32088483855341227,-0.49659976915228504,-0.6165710436609722,-0.3790655904617003,-0.7079418438891127,-0.31479924744646826,-0.2815608843185184,-0.7039075255355081,-0.35453881142218285,-0.15353021225681335,-0.18165332185319044,-0.15729400237502664,-0.2515085467385928,-0.4054798953798028,-0.45197444350110827,-0.673988503137114,
-0.2727531476623468,0.17866459392478687,-0.8136575190012476,0.17488139980401757,-0.3378558815895724,0.04262161373406909,0.007927529473267721,-0.16910167084783914,-0.04567173933351241,0.35350047059672307,-0.502239065908121,0.009704949936656914,-0.15203095315298548,-0.4554405554208402,-0.5066471727804692,-0.14671950320594498,-0.2867029710291159,-0.4889909380648986,-0.2158498447950642,0.137851855422074,-0.005888996906802656,-0.035442913989498864,-0.163470248417058,-0.683488427026727,0.07896193471232922,-0.2639056811644128,
-0.3608093513775483,0.28820069557831246,-0.9065732969208455,-0.23621451590307024,-0.34690613064200765,0.3076909694671412,-0.23977246902612329,-0.02735170837617805,-0.16621116737083358,0.244618372787617,-0.5280666590517468,-0.08702182987094022,-0.2091188501158347,-0.3532041316472546,-0.49184250464623086,0.1889359168205859,-0.32669046194697093,-0.5215816616479786,-0.07159732329384881,0.13150938635403986,-0.3026137370054332,-0.2342453395626461,-0.23736977179672414,-0.5276950508770564,-0.14595520345861038,-0.599531494319507,
-0.14708196189268552,-0.007078769096879606,-0.44559022981056634,-0.058275624410952534,-0.51644155329031,0.22392033328588437,-0.2883110779775364,-0.06313987623380671,0.17526714036843657,0.11174619618455049,-0.6111864693952473,0.044698646456552686,-0.3879362764924193,-0.806630484816339,-0.7810131269471536,-0.2628689837438686,-0.03175430314487653,-0.5848870017356615,-0.04589282133469633,-0.09172566168475707,-0.1686538693596382,-0.24216963945727052,0.11714619464956905,-0.925000003523041,0.01999320020647674,-0.261982136852286,
-0.2237883608064951,-0.07458870815530617,-0.29625317285939556,-0.07549200795492826,-0.4781830219323204,-0.31018297280008417,-0.29088994946738556,-0.08126390872126626,-0.2068508763935393,-0.05733176379403638,-0.6685021910031281,0.047388841922760425,-0.3617166629722826,-0.7804421276086955,-0.4316444626463602,-0.12844569495566138,-0.3076133658949879,-0.6700836980809038,0.07861308864480399,-0.0709488528190264,-0.36679615458961445,-0.2149693840961179,-0.34209905827074055,-0.6823243607541956,-0.045167344078126406,-0.3367269743661825,
0.4092313885897576,-0.3105692747525045,0.40022635817738034,-0.5234681670291131,-0.4326280206402239,-0.008474823834681433,-0.5723748575536247,-0.40709416528927106,-0.23568605033276047,-0.20037553995583107,-0.5776165983687334,-0.28971477537757334,-0.16798695171422381,-0.5832719849044938,-0.3414457218773266,-0.4282532336786343,-0.530005264129678,-0.6894706314949101,-0.1021129722046505,-0.16224667656462557,-0.2706843001200856,-0.3159964307156066,-0.041288796919393814,-0.46114352297584016,-0.2783044974801082,-0.6224130020019023,
0.2646028699058385,-0.5453161920326399,0.5967361149394942,-0.5580903227368104,-0.24437491148102675,-0.19418285239587246,-0.5258340983978049,-0.05848175932448163,-0.21657087041172016,-0.3039547122743594,-0.3439593544221615,-0.23789355641199364,-0.2537306995893428,-0.40951175490807373,-0.4190001886919429,-0.44841186344656836,-0.1825681965713924,-0.6160907728495132,-0.30262772874525246,-0.30691489470041833,-0.13087007109374243,-0.4011919982426847,-0.23806172333981274,-0.6662474524459737,-0.2659388982207871,-0.750767575666426,
0.03917592152838851,-0.2791260679998753,0.22068110787212852,-0.1992242109154904,-0.2392251808289259,-0.1806530906604695,-0.41675177523508466,-0.3265770641567156,-0.33715840907115663,-0.4075784871663279,-0.5966206893728574,-0.1630038238737162,-0.4019331946784419,-0.8447165243104813,-0.6768138596869752,-0.038981519641171025,-0.4439383570059053,-0.42811507824051387,-0.36809183652903427,-0.322174235679417,-0.4341788391043121,-0.0584029685789966,-0.3609648859859196,-0.5957550490784569,-0.16137941865236485,-0.6855303732803391,
0.5846331405159959,-0.17572661039835755,0.6504392402460335,-0.24242067044558033,-0.34758041477236507,-0.5692174940948339,-0.45978166143018423,-0.25566206368633365,-0.20092565907584428,-0.4951790971330852,-0.7048046687948138,-0.5872349657130609,-0.255120693589761,-0.4424200741277306,-0.7184650747672724,-0.2963665997041937,-0.39282543889898874,-0.6623821729044027,-0.23683510698307628,-0.3592708388905895,-0.49441235806805006,-0.2337702577238777,-0.35695587989790994,-0.5029534374305386,-0.39025090281312097,-0.3425335114975692,
0.5541075990046911,-0.39156478572435205,0.434684710744263,-0.3028895364237894,-0.27110902580925905,-0.5621996540307801,-0.3314837569771637,-0.5315703371493394,-0.3546131548225967,-0.25566480423008564,-0.6304096161955327,-0.12546085090662445,-0.3583872547447455,-0.41570197807724224,-0.6381769998416006,-0.1980456239401954,-0.12340417002661816,-0.624390246987487,-0.5264604330003825,-0.523429934182104,-0.2984929862855806,-0.3293764536362323,-0.30366072808210387,-0.416574736177918,-0.43190442214502417,-0.38815967540983903,
0.35561936687937973,-0.5187802339951292,0.8219726262753733,-0.27567624759385273,-0.5382025355643112,-0.20130359535824646,-0.15164314871363183,-0.3973653757235635,-0.313467159468928,-0.4122092804462037,-0.5404458296974457,-0.5396834807553889,-0.37572984133941517,-0.7750354888170111,-0.39420561895069456,-0.3587803632143726,-0.25788050878812807,-0.39069330175978445,-0.3800820068004787,-0.5447902573769108,-0.2905805393570324,-0.2886274190116371,-0.5332335304939486,-0.4090931191279303,-0.51778858574197,-0.47494491653647697,
0.12003539595378056,-0.2806913684624769,0.40368676188709196,-0.37210664745323485,-0.5400276124210652,-0.5119571062763076,-0.3025499084360972,-0.17426777138541238,-0.5501290685907654,-0.5062662191804361,-0.6916913405385386,-0.4858152402151251,-0.6606758942720387,-0.4330471763582574,-0.6509536497115289,-0.335568110684918,-0.3772857089260379,-0.47155036006880163,-0.25444232469359807,-0.266637657733952,-0.14224220358430478,-0.38958920142031644,-0.13097043104193976,-0.6560776655111826,-0.21806970105463855,-0.6943995002672131,
26,12
0.4591546865280505,0.42837009045386965,0.49018791327008654,0.2603774123249267,0.46332253083170943,0.45631097310825247,0.4498033529098335,0.4971598681664538,0.6245584074857918,0.5403207586585672,0.40103214425522493,0.6098685634036134,
-0.2784706553108358,-0.08001216049160263,0.0740351069897847,-0.10912269498575172,-0.0012962775173339766,-0.24624741901850647,-0.40306240137994853,-0.2978157263121898,-0.39248918224430424,-0.0880477991751177,-0.20686793645268575,-0.07880231496772896,
0.8418289444550081,0.6403174334696352,0.7446518579458413,0.9522833508420723,0.783163156789203,0.8495206588120051,0.9511764604874281,0.8591290602687066,0.8024400480965914,0.9113339279931876,1.0323393439857402,0.7840510500117122,
0.055831043054578644,-0.049678831687168724,-0.17080975452518016,-0.3141289390083869,0.0529509939364573,0.06973545016856049,-0.03540536843966332,-0.009769010670970114,-0.2892946772793938,-0.18675437791250726,-0.18491240362187134,-0.22070286261836922,
0.10539018697722381,-0.12119749752154994,-0.18304048576459872,0.06174611183814193,-0.07574286699086985,0.02172449256448489,0.07475132732636491,-0.008050126716931274,-0.006699703827541622,0.21943933901909854,0.12560932672213082,0.2577699317158928,
-0.35784709971026235,-0.32560423019741475,-0.12489500138806063,-0.2893431241600419,-0.30886144352432887,-0.30605482363791825,-0.1330772693200366,-0.23561200396133486,-0.3126640860876713,-0.1560699459609606,-0.39325848118935175,0.024137162391300836,
-0.2801854648808229,-0.2313114464726911,0.1485810454683431,0.15281795048109556,0.0768518288146329,-0.27751740555766435,0.15865979640846237,-0.09377077960732763,0.14147213978590656,-0.16465116166312652,0.13644868151436873,-0.12317110421460069,
-0.12464470777372297,0.10035971035683426,-0.3224150951379777,-0.15110323794477806,0.046286010067308696,-0.1094266982699284,-0.13084424486182208,-0.23731731478124088,-0.21670234489765128,-0.02339977131835729,-0.07492933373022946,-0.31123063663531564,
-0.16998799966211153,0.06488117435034772,-0.10567723470036683,0.1963164107362248,-0.12381996427951673,-0.18837127206081378,-0.18209326883343716,0.040755087021345386,-0.19151132356365747,-0.33529797037391834,-0.2988401051187901,-0.3017687214850746,
-0.37974829056393916,-0.1134581413872081,-0.2612314065077977,-0.24523959463353892,0.07165359262894001,-0.10512806779034799,-0.32487374197799984,-0.1319830361031721,-0.4024955264677067,-0.31427810231188247,-0.24586389717421578,-0.3430290003516495,
0.15289052448868037,-0.014739084427472099,0.3120746912787024,0.14763188753408132,0.26585221806250575,-0.0053181481073069,0.04823479301848665,0.47957746983073446,0.23149484393520078,0.3318418203140111,0.5521156229945523,0.33573532009441626,
0.06125256723951028,0.10738187784143496,0.0739675656862088,-0.15405679872015215,-0.07221983328572464,-0.12259543433778461,-0.2573836525786028,-0.07647073138496636,-0.0508815915467899,-0.2893551918453884,-0.3967906698251179,-0.1545678553354775,
-0.09360079937961349,-0.13941287019926898,0.15302863421320187,-0.20712058754158927,-0.15922287847746397,0.18978978843705838,0.06442606219254952,-0.21432737684004116,0.011075645862348328,0.11488312544670787,0.050186984230149355,0.15736695839610382,
0.45146184512685705,0.24779403078397547,0.273792010298625,0.18741646752988012,0.09769088112654253,0.29565135364704,0.1605695879393574,0.02425100149156642,0.36137827637127534,0.28760475411155423,0.13399059009358663,0.18059212503648908,
0.32425628228259257,-0.019905228935737432,0.1040576465157757,0.2781275943423781,0.16817470081884742,0.34639996010403457,0.31253577451994946,0.35466514689305045,0.06138632624999011,0.41042175235061384,0.16540010582976267,0.26331105254923765,
0.06495777300395975,-0.22008821573679138,-0.27141697019680083,0.10562566946973802,-0.3333185382698705,-0.2098078848223383,-0.3780110843551441,-0.38426519010542126,-0.20296753173192308,-0.0971277719445394,-0.017824538832952614,0.029630475331086096,
-0.19509994136332864,-0.10242608525854022,0.0017480170407190398,3.0031453088916454E-5,-0.1715303681998419,-0.2698147901826947,-0.06863620201070174,0.1239817821661036,0.041234893387880354,0.042778490633400154,-0.031437048738271,-0.11642098332996081,
0.05437586197339833,0.21642919170447042,0.37613208240125473,0.23956793011861763,0.3478402298333005,0.10516667818278702,0.37150210205119105,0.21051449593488464,0.35842359283061087,0.3784862806155874,0.3134710085284883,0.095844038519033,
-0.072623135378317,-0.0736201435563474,0.00562772626174484,-0.2577711844435397,0.026527489499774723,0.14537731957610123,-0.29600373144247066,-0.2543065581129055,0.006725617828814178,-0.38698873227669073,-0.22908778151945688,-0.29153520052709975,
-0.196295568091856,-0.263646226986451,-0.0521597191313096,-0.09759048418037511,-0.1700609504127687,-0.3278144854714024,-0.15559231989604952,-0.13412961450161912,-0.1549804704380086,-0.286033579653886,-0.19037274449495709,-0.13196140741529797,
-0.10015584387297696,-0.21888467086532876,-0.3145458855351408,-0.40237884378070155,-0.19620666663444702,0.018248085369479985,-0.1750405103259622,0.09869258065020695,0.13883922540314278,-0.023264065011993587,-0.07197273306804772,-0.32099098687612104,
-0.06338130656530905,-0.10013697406408643,-0.33528752975310255,0.15069683742284812,-0.26569200316914143,-0.26054123692608405,0.10011667154636318,-0.1617864104097754,-0.29749840523778276,-0.23091782723679977,0.1238310711085331,-0.2214427411639684,
0.03281191431165472,0.0699385195609119,-0.3245378543489564,-0.2006430334391702,-0.17553805164158076,-0.2522598241029161,-0.25336408939194066,-0.15745334853110213,-0.20855512605465718,-0.010291092870600215,-0.23151208518699812,-0.06356294713550183,
0.25942526636062685,0.3189551853036821,-0.016611668328643685,0.2658415607598481,0.04951835305069644,0.4512846253704588,0.4407555972446175,0.2987683969351712,0.503750444032256,0.2391896772599831,0.2298322846478238,0.326189166036484,
-0.2634503789652746,-0.11210177299273615,-0.008119363990294191,-0.2558905611640887,-0.281212605058593,-0.027839540511040282,6.304649519373527E-4,-0.1878103208701105,-0.057051998893852054,-0.15987589145103093,-0.2577535152195455,-0.055497855280929,
0.14770414165871817,0.26115976039720185,0.1393275770227317,0.11126284705997891,0.2267626327451631,0.2890316140954867,0.26004739543197175,0.10739484560086873,0.12562535697890448,-0.12894407768942942,0.15986300022486208,0.24167908847985212,
