# Pesos da Rede Treinada TxH=  0.9999999999999999 TxOut=0.060000000000000005
12,24,12
12,24
-0.6813810965810891,-0.6396427181967507,-0.6263878515058801,-0.8442794841807104,2.9334955818167385,-0.8540765481377114,-0.8112168472216471,-0.9264184767469217,-0.9911039911027425,-0.8135203833272503,-0.8327815191800054,0.31752669733221484,-0.8003505036620814,-0.7072839864977548,-0.951421775264247,-0.6328331355115888,-0.7385140401921271,-0.9553700678892285,-0.723614590142354,0.21135452312939307,-0.6278281050272432,-0.8703479610392744,-0.922103703321899,-0.43448222791021723,
1.8306823052433752,1.8099801171085796,1.657047734231347,1.5908175730091587,1.2413970475428688,1.425497044215262,1.7704681033812868,0.6277927492228912,2.119562209992482,1.7290008056531379,1.808824974998421,1.6682476159719186,2.0473681243562125,1.8373266952538643,1.6779563781299291,1.869484384916975,2.1655711818957677,1.7572267352270554,1.599660788950957,-2.1897622298701838,1.8810938616457262,1.7456158531619634,1.7693941310580288,2.0951951425180613,
1.7910550162681156,2.121627890663566,1.949440396366894,2.1571632567193477,1.0707792393217836,1.8097030233656266,2.0555826419326717,1.1789082250886076,2.112612995727392,1.8274850743456095,2.0034911546879663,1.5952453421037494,2.2607780268729853,2.244054138307972,1.6452364954194842,2.1651937305222826,2.1045045230449646,2.12782051487217,1.8535228608989884,-2.6049484528545883,2.060624825364293,2.2990690124063238,2.0836528734999744,2.4339762907665916,
0.1489035089953091,0.05118385812961593,0.42730839325159997,0.11854091519833723,2.640992794593845,0.2730845692095788,0.38749004792547775,-0.5728900233519727,0.337349073341479,0.562568605483444,0.44244533623143356,0.9625555201435321,0.4388422908990457,0.1261940085507181,0.03163039764247717,0.26048920497469485,0.4896155653192688,-0.24843442036598815,0.041777455130518275,-0.6154059963055253,0.14698852952455443,0.2888998953842494,0.17150976984473348,0.49233616909508426,
-0.2220503268080116,-0.33879160941567343,-0.44664790429336404,-0.5539038426672263,3.6172441746459842,-0.8101553061357482,-0.3727189698372152,-0.7891031657451222,-0.4506343838761774,-0.2620181774392233,-0.6369631266126686,0.7947876320125625,-0.09750072418549732,-0.4396252283313267,-0.5870290213854263,-0.2877423034982914,-0.017563881825002278,-0.6037691881114767,-0.19239319499237995,0.32945468011493373,-0.3228793913950264,-0.34696758729184973,-0.2776021662614803,-0.2319315469148097,
-0.8793146461995006,-0.7166617205624611,-0.6774490994830307,-0.7707927533312626,2.5154251336592215,-0.4583192762178403,-0.44174957405631826,-0.4356129570621553,-0.8004162219611768,-0.40365454182964233,-0.8710192358866377,-0.5213597810844577,-0.6446885681816074,-0.61130620998158,-0.5322731026896053,-0.49045658945921133,-0.5321856140237324,-0.656371135710883,-0.573978773513542,-0.2924354611895978,-0.518739146829784,-0.49384118419879475,-0.6162682954782917,-0.6250374552993554,
-1.458831885148958,-1.5668524760504277,-1.5720117286418316,-1.6542707774938108,3.82371519035736,-1.786812566096914,-1.5233345921582457,-1.5248301803081874,-1.6076790763489235,-1.778554030297775,-1.9406619559691716,-1.169894747584017,-1.560197058754959,-1.8780505815238169,-1.4869118538209043,-1.6641759051196061,-1.8641187628442404,-1.9942717195481763,-1.41096324563565,0.7822327513737473,-1.806009360498218,-2.0153476143049907,-1.772032588336535,-2.083058025090831,
0.3335652954012846,0.14879732087057518,0.20729451385633854,0.5151896265540502,2.099198973274757,0.5342047182445284,0.2888875375965972,0.7337551304062306,0.45817166726156777,0.21821085160228332,0.33407451828554646,-0.6819547354102549,0.39516446987521714,0.476546525755649,0.6008840798327819,0.514203860419404,0.15726924614909885,0.6024417872940191,0.3367766776517647,-1.6819389962695859,0.3548761110927366,0.45755912920084124,0.2109208025486649,0.26992155338622265,
-1.1316489922286321,-1.040158622890303,-1.3409359031280081,-0.8440079176027511,2.665025109970208,-0.7186894344587007,-1.2110541201433243,-0.27725940226091605,-1.0826388406007186,-1.3776888430431131,-0.872412679553831,-1.7772420259137227,-1.412538478071857,-1.187314940678148,-0.8765208106167944,-1.3640615145898902,-1.4362249031199061,-0.8301893380941971,-1.293395031907264,-0.944919874812705,-0.8791111148850942,-0.892589459027003,-0.7748565057349432,-1.2831993296457955,
-1.2302534636309477,-0.9525727204112523,-0.9350744934494895,-0.8436581169513291,2.985811068036482,-0.8600744206899291,-0.9452235169490157,-0.334214329650764,-1.1524763071350599,-1.003785212875236,-0.7681136741139579,-1.786183050195657,-1.0679962618796541,-0.8630577747446122,-1.0761225038717046,-1.1874597571792433,-1.3444462434448359,-0.7631679533222222,-1.1403194741239129,-0.9122707002408473,-1.0122416479264509,-0.7859126291733951,-1.2047706875731268,-1.1666146852394557,
-0.7442404023475321,-0.7758582786803199,-0.9557208532304258,-1.0817590357566713,2.9749288711191038,-0.8548927993600873,-1.1651060859378624,-0.4973152367193397,-0.8489993077758842,-0.9772556398316974,-0.7580143644989453,-1.1237100921876249,-1.0842371401973414,-0.7013243602666689,-0.7463514605862878,-1.1572677527760318,-0.9818708672740746,-0.6813702258696835,-1.0062380206784594,-0.5760341200547269,-1.1288161750073722,-1.099279284636326,-0.950597866289163,-1.4128537374556724,
-0.6236351513057519,-1.0252460213756502,-0.7743917887629839,-0.8084440903101842,2.9097103449757644,-0.8033744636265514,-0.8495094655270161,-0.4879952907576911,-0.8955963046755729,-0.7570758326858126,-0.6399803301658127,-1.3069678092281027,-1.0752359919908754,-1.0173576934546293,-0.6929578543107773,-0.8631991644762562,-0.7179840020234414,-0.7542509715506891,-0.5878085223426749,-0.8927083777138477,-1.010755321135553,-1.005403716414038,-0.6835882606715922,-0.9864379018759473,
24,12
-0.05093062657560998,0.07442759936233073,-0.04421468339669014,-0.030314733567391085,-0.2081440908298368,-0.2349930387055735,-0.0931115736876954,-0.08973773104681815,0.010900421406073698,-0.18863499582686014,-0.16126697449859903,-0.14432196622931787,
-0.2197039096197913,0.07573494615149898,-0.1426725825548988,-0.16360648507708098,-0.16321364172763697,-0.04292801518646785,-0.11155802897331972,-0.07846564046862911,-0.19130662271846421,-0.1053593995857622,0.004930513657385924,-0.15783054293335178,
-0.04482720146983615,-0.21052604692019558,-0.08217944510115534,-0.21211722005292863,-0.10937996987207502,-0.07135777645316539,-0.14166309766092092,0.006710587105638969,-0.10791878959352927,-0.17331081808429033,-0.006845932049048294,-0.23690725623051356,
-0.0051300235697317835,-0.27939224334146484,-0.1582373097419192,0.02179671235412853,-0.11437570907091808,-0.07839394992251342,-0.3198614233615803,-0.27314689566244876,-0.16196788430172737,-0.05569304745203725,-0.013443895241580187,-0.018332217836037706,
0.9238253181109388,0.7948691154600488,0.8760896566700908,0.8583736472571452,0.9222883366337186,0.9231142332679684,0.955783373129698,0.9782590529546529,0.9806640495222705,1.0280133323774543,1.0011216424203755,0.9874014843953876,
-0.1796525780240365,-0.1819238903920183,-0.126330202327674,-0.30510154476515694,-0.11583132127896599,-0.1581787833518986,-0.013966795068300439,-0.11398546679357993,-0.0924845880051087,-0.19728418858833813,-0.0745542182990193,-0.0039094222389151065,
0.009140460834540367,0.09120948592597516,-0.2354764108039397,0.0806812594739669,-0.21097220317128118,0.04024436571377016,-0.0747274366519121,-0.01505884219591215,-0.07965946136148455,-0.21692254290420657,-0.22771320504841525,-0.26761870850619723,
-0.1560303810105994,-0.16325495015293082,-0.23174299204800364,-0.198617170043047,-0.34077686194697365,0.005545161502770806,-0.1606013912021297,-0.013669995090800881,-0.17136621244419367,-0.08654187999186345,-0.022369228518670983,-0.02838077352707488,
-0.24283394942205572,-0.2185097004282032,-0.09811835856775838,0.014810634731382397,-0.05676381554660609,-0.1899456763332482,0.07264781139631092,-0.09809829914636337,-0.2507042462929088,-0.12617140869394175,-0.12323340492421377,-0.054964682878598084,
-0.10157889474100931,-0.09611358669796521,-0.27749491116240743,-0.06454771180384646,-0.1314061192407808,-0.01744479552900383,-0.10891201165655298,-0.09563089813015244,-0.13745937396486954,-0.07856316939983664,-0.20871533130401065,-0.029665366329153002,
-0.19016385255082213,-0.14029859855402416,0.1288837075018193,-0.1377448121865173,-0.07808062649549843,0.05463278293212553,-0.12377603324328205,-0.157596169690563,-0.17838008190119253,-0.06811558456667158,-0.28279865369950963,-0.06574999315178315,
-0.19253993827808716,-0.022032222866845454,-0.03980950710765924,-0.06101902016755591,-0.05653775037326106,-0.06115705928263669,-0.07984138203839877,-0.17492922101716618,-0.05761609793400557,-0.10142045661767751,-0.058881189678904856,0.014030936470547048,
-0.10671290337700275,-0.05718088772526656,-0.03557578481863499,0.04321125067453536,0.07199906994427392,-0.15000506760048904,-0.22057716309090675,-0.07851216657668221,-0.16430395410256338,-0.1385927275134083,-0.11628766464359339,-0.12420884961146574,
0.08451210661693867,0.010864971520227388,0.08179256325345421,-0.051607219951147205,-0.17004273777738566,-0.1412738993047075,-0.17865465059193114,-0.26192283134203137,-0.08393581297545206,-0.21985278209566855,-0.14311690225662926,-0.07559578505794637,
-0.27614556405595225,-0.1973855422253375,-0.12811816633999387,-0.12753922057013192,-0.06932913136737301,-0.12399459590537709,-0.041548849720449726,-0.06393912031625636,0.05554092074075963,-0.16777709107109717,-0.17377288830983054,-0.14237455176786248,
0.07748755179577595,0.05999498701819709,-0.03626111823866649,-0.20175421626502865,-0.12450123866571008,-0.0469777708131819,-0.1764949871152597,-0.10828999568365756,-0.20881337100679828,-0.07217036999287924,-0.16534860453068512,-0.17865031903391632,
0.00837088671178203,-0.1677827870960445,0.054391456334244206,0.06262016846285509,-0.1271221418593589,-0.15627330585465812,-0.26339071638256106,-0.10442451460321892,-0.05413355990765457,-0.15034047823482719,-0.1473924106639216,-0.10287119674914555,
-0.1654222966615817,-0.17736796696415938,-0.16344561964907744,-0.13817840665730624,-0.12699430583862803,-0.23891576820752267,0.03452031431845509,-0.11197655896483086,-0.19431246356102025,-0.08268320148862146,-0.19867064105533186,0.01852091665495769,
-0.166344576790555,-0.18437916044556577,-0.09596834284496228,-0.11735703353270431,-0.12936994581736214,-0.13494066427281595,-0.157040972403716,-0.1936180181638034,0.09005382225328357,-0.08743200916517761,-0.12663427451543702,-0.08819275333994754,
0.42237275303580907,0.21283327909399863,0.22521737045682075,0.18439001929659915,0.2914908771006132,0.44675532732109435,0.5504785647384314,0.49511959468412026,0.6395493619007054,0.6776054704858406,0.6283254136252227,0.5210134547356859,
-0.14515997821734883,-0.10403783172707133,-0.20649763009800837,-0.0809437603192616,0.09690894165990291,-0.05613234152382025,0.03270497746905719,-0.19035839687399747,-0.09232924245115065,-0.1887517904798924,-0.1538213905617442,-0.1872422432317946,
-0.19952674208723808,0.19678361769894914,-0.11801868930097674,-0.16025027591424287,0.06940576817145251,-0.23037451954990526,-0.08933278751328935,-0.07050808444659092,-0.09267062706108685,-0.18475448080141793,-0.06457956053307115,-0.22090252866913956,
-0.0871212286734652,-0.1491409267100547,-0.1220927380343406,-0.15518921861589322,-0.12022521754383005,0.0057668591176670185,-0.13540497133014656,0.03877700762918826,-0.2419408314406935,-0.062185773464143355,-0.07997428338849358,-0.2647710451472098,
-0.036791265274896706,-0.12925356433346363,-0.0687349932020989,-0.11774450559049986,-0.07255652262932544,-0.30831943490592706,-0.12277253740848532,-0.24968242088398104,-0.15406136445472848,0.06516287992056341,-0.056814758387662735,-0.1336827446661178,
