# Pesos da Rede Treinada TxH=  0.7999999999999999 TxOut=0.02
12,27,12
12,27
1.5379646332767065,-0.8350484660907705,0.9364148718622208,-0.8663726870066166,-4.703796156052523E-4,-0.4238120328424994,0.976986813890783,-0.7211819761111867,-0.5846755632423845,-0.4036319299895514,-0.5187676749451005,-0.6666294005293051,-0.7053969775417182,-0.5411080264888306,-0.45398737994540866,-0.5936898295414943,-0.4413390335472123,-0.4979058680182891,1.0170422694008576,-0.49322341411203174,-0.655911195841665,-0.5585864629834417,-0.26505944628313505,1.077414946092395,0.898394269736028,-0.7212997232062349,-0.6998081838489224,
-1.5573623811247834,1.5178474133184288,-2.881948224517815,1.2668291309761759,-0.8154072626872,1.4018217545586447,-2.3354317465597783,1.8497025452674003,1.66824998106599,0.7782621211075087,1.376678505420636,2.014331336895109,1.8651620478437323,2.0482556686980495,1.8741455914535636,1.6820300166362776,1.526757947342737,1.5773007808085326,-2.5372855742167695,1.5673938014832074,1.480928780752461,1.4827620132286978,0.2663173261254748,-2.0721803609634555,-2.9075654802306223,1.749836687739219,2.1034259930901884,
-1.561700651826203,2.0237951984665234,-2.7213885647184344,1.1025811307273703,-1.0934010336428572,1.9039935795382852,-2.496686827490692,1.913729830183848,2.062167920656882,0.7614377658100324,1.6322967094324017,2.0554415680714073,2.1399047216346547,2.027808325784375,2.0452179680439464,1.9686094591002847,1.4794170248288931,1.8268359087684383,-2.6602907479944555,1.8227301058860208,1.7669876067352452,1.6723792550273635,0.3606666245631909,-2.005857683808059,-3.297327769580347,1.6370758453943546,2.4873446405784603,
-0.6243360107349415,0.2823773315168738,-1.060298980160207,0.448843690621052,-0.969289310031129,0.2855270999779218,-0.8437004232002678,0.6488805128603357,0.6973654342488617,0.13529423773512853,0.3692990313842584,0.5550282619540314,0.8373397409884669,0.8311163765419334,0.6899571262203975,0.4159781506590177,0.3581726315206928,0.7370541480864873,-0.692786537004202,0.7019079385710716,0.23293375744822084,0.31853028917059956,-0.17282079662155442,-0.8515639781244886,-0.9360647029050523,0.49632666481050736,0.5818507083401461,
0.15573616774954635,-0.3147108509589792,0.06183139044460166,-0.16322619438579236,-0.46964459165801,-0.3457318741169315,0.27472940165816123,-0.14726289745012475,0.09960692239722899,-0.26173004060000343,-0.4229685464804493,-0.13762178841023975,-0.04082423990931447,-0.0485912438005438,-0.10459775822698791,-0.17221864274919516,-0.20414016462763354,0.14767071103071247,0.42839269017287973,-0.303443627820499,-0.5243348769150642,-0.23211452661115092,-0.5037266702471873,0.22600158130983514,0.347865880188721,-0.1493933868503794,0.29759771896641113,
0.5769535980674377,-0.8094722677055606,1.0382797273680413,-0.4541558800429452,-0.2789794343435176,-0.5637796548496014,0.5428413383804224,-0.6221694056098961,-0.6519658625396375,-0.38440335710153267,-0.8097698711177193,-0.6026009668152463,-0.5382074289406926,-0.6626480639502111,-0.6205457916094235,-0.5417220810192918,-0.7493803284432287,-0.4850468820186035,0.8869685318256989,-0.5194363129592388,-0.5941827405106281,-0.5508310718711145,-0.25028281050576734,0.669867091128703,1.1126232090525519,-0.7169786673040196,-0.5343952743452942,
1.3482324759998205,-1.311033523396044,2.227228638012586,-1.0300106193512886,0.08909672063206574,-1.3345331266466998,2.0665865008164,-1.5670832000199597,-1.3533908663005156,-1.0383508835495208,-1.2408447417709583,-1.3464333761836105,-1.5910906777220817,-1.6751679833073259,-1.4289718492761403,-1.6624407423050385,-1.2412978963047467,-1.5616309863653803,1.6956265881450843,-1.7175696522559856,-1.484756402975569,-1.3075541987908974,-0.7339306163308907,1.603719091123759,2.3715168567303753,-1.107640977656353,-1.8744054509179118,
-0.5647989280296642,0.43631000516284396,-0.6917594313614049,0.03319327928719264,-0.20637221519127452,0.14975188550963853,-0.5329675085446346,0.13274585022894345,0.5333609536156277,0.11390671518879968,0.25093784263093044,0.5275426392579688,0.3731921583793943,0.09648506318837641,0.3214981846855798,0.22684383028113242,0.4946063513690659,0.07158085511164565,-0.7113847636578791,0.1183359679800396,0.2087226970853672,0.20838772511653034,-0.05781901831849753,-0.8081574619920914,-0.8070139411301472,0.2112918906573159,0.3222570429560396,
0.584626090596356,-1.1853587316614873,1.4885233632513226,-0.7932039499313046,0.07874227383096023,-0.9384991044753852,1.217805012686495,-1.105708760598884,-1.2192926129729926,-0.5713058783401754,-0.8433120178108037,-0.9819497417659845,-1.0830422233723518,-1.1716081146806312,-1.2896845309643739,-1.079730749766933,-1.0929522102310967,-1.1885425779053163,1.360089597647874,-0.9432456747459844,-0.7799428956630247,-0.851016879300501,-0.38201042681109126,1.0658725390216572,1.3275895703901632,-0.8977191406319529,-1.4943841569203615,
0.9994534257948077,-0.9452756936631489,1.1659469097266124,-0.9792650458158625,-0.021047309433040777,-0.8383134135805818,1.216123167085476,-1.0197484590424513,-1.2002577097252776,-0.7799371763252065,-0.770547130329126,-1.1323770967721223,-1.0748027430375802,-1.2654798548851038,-1.23298330478648,-1.0152142747171051,-1.0028623532262824,-0.9727089004072094,1.0881421085186025,-0.8838629810580595,-0.7915733960065212,-0.7681140462541567,-0.504029808361398,1.2356096382129558,1.5032746891244952,-1.0440309671358057,-1.348629380460811,
0.8740047557153774,-0.7391184263552276,1.292407118070351,-0.6463006927862686,0.25126220542563926,-0.8073056786630426,1.2481558210927153,-0.9863337099213835,-1.0594552492786522,-0.44131754428929015,-0.7205934670752785,-1.2283516686091143,-1.2540566067515266,-1.1092060509194936,-1.0933603710353283,-1.0423360712465013,-1.1770504817378526,-0.7983923546316387,1.2191581885327165,-1.173742339593565,-0.7019969078820723,-0.9846334818286249,-0.5215838733650137,1.1326618221604086,1.4876744959821975,-0.9639045441028611,-1.207910451393172,
0.4954841930264877,-0.7472714717195768,1.317725093390591,-0.5878770065877256,-0.5810063840916443,-0.8168902524141891,0.8784592392745822,-1.1058403962708998,-1.0183580948525366,-0.7085761694278583,-0.7131018291247605,-1.0249352246243255,-1.2335729890905143,-0.7203602725885033,-0.8680137372013335,-0.7669611591566716,-0.7140782058869813,-0.7379488186292577,1.026370146992788,-0.6412176060044958,-0.7608982289209925,-0.8340711567440283,-0.34065504702053157,0.7231712422665024,1.4783126507052402,-0.6940980324458083,-0.8505853549456724,
27,12
0.039838316771405945,0.19185024588060207,0.24101262103242588,0.23413423763534436,0.01544866544604654,0.0907942492870124,0.040366795456528645,0.2254071154068724,0.006718256811826359,0.32417004431537216,0.2165901400346626,0.0038877892305706056,
-0.10636426446957999,0.10425784805402595,-0.10346380749458493,-0.1437484624567884,-0.2487673884917818,-0.05606235889299206,-0.17210494224461315,-0.09413379757478704,0.09508451182880441,0.05777390804976374,-0.10721912355094813,-0.14492201346282468,
0.12259460284634101,0.16450198815555708,0.08575537034262808,0.09496113000633179,0.18490832023089132,0.1899852121300222,0.17146476126286245,0.1064449737892211,0.2508250127639306,0.20116193164798052,0.22223372663185637,0.3013394913227913,
-0.02332391305167315,-0.13901904901864864,0.006110277663771473,-0.1368463851035709,-0.012303978754638189,-0.15465900645107317,-0.17264049872745496,0.07612147787055125,-0.04340188425127955,0.09187331979359618,-0.1116553845965132,-0.12795911521649025,
-0.11049320839266037,-0.037635593205235594,-0.11623655633264998,-0.16337113065813721,-0.17804980303628287,0.033236341529929866,0.029874717327884794,-0.014941136943581556,-0.022717292298685108,0.06885850901667996,0.14175707205009733,0.12770883055387258,
-0.24216621059705604,-0.13668224805053802,0.06013635961405814,0.12655490626424687,0.015144259233515337,-0.19842306438264826,0.034514233767411966,0.07783617230462124,-0.10929021043397356,-0.07114850923002791,-0.03899220926348543,-0.1695113190678469,
0.3522067104026132,0.08890859788398948,0.08266536965408956,0.28760223443968663,0.02820471585413605,0.23184561155101077,0.20747045290186586,0.3051168801278769,0.12004661376903271,0.11530426508532211,0.03689728459807738,0.17453117061863976,
0.07340428439421506,-0.2194483759444627,-0.2085338945241665,-0.18267466939402596,-0.05031443382667125,-0.1344187517526603,0.04313374659283515,-0.26968415906666837,-0.09274983718264142,0.031208456189228635,0.045937075072358655,-0.1055670842738382,
-0.006159165987655423,0.001984708527640499,0.11480008063148714,0.10796535822033039,-0.13167536347744385,0.006406333852840053,0.1619753196424963,0.005000953084803547,-0.22048246636893143,-0.18608447048088964,-0.156032412506478,-0.20912440288440393,
-0.008093892762635302,-0.13842549839935916,0.026405543065359565,-0.14061477027883548,-0.12974524946681834,-0.09365394875259232,0.10657976610431423,-0.12207992357558965,-0.14731382958585376,0.04175079704261463,-0.10229795667371581,0.05368594612381035,
0.08321192187397165,0.08775559262639844,-0.2362828365451377,0.0044589904167219785,0.06348051296975099,-0.07262166532039081,-0.13414239466272868,-0.13176024438256922,0.04576120280045677,-0.14009420662378164,-0.004105114301566836,-0.21423144175548336,
-0.005897267321792769,0.05326960030369967,0.0927154261395676,0.0951348764026952,-0.037504034376440135,-0.20668977608204323,-0.12834988959682606,-0.09946602071750843,-0.0869455890987079,-0.18082455602857248,-0.07467377807943346,-0.0209716022417908,
0.009452820945308305,-0.1698660623107784,-0.015409844681257305,-0.07388140221608017,0.10280662173245644,-0.029915722911570304,-0.06510937688753948,-0.13596005432170163,-0.0829004439143377,-0.1246671802610937,-0.17662283996282882,-0.06599967120690384,
-0.21109213464384446,0.0957199514827417,0.01311202878152821,-0.03849088707341262,-0.15764657461986997,0.06295907925413972,-0.0685371911084659,-0.19902991243548884,-0.15832155690969743,0.007663534732498517,0.031510895946108675,-0.1212346953090507,
-0.2167007493642192,0.08169549414142738,-0.01757477755496285,0.03766411641300283,-0.07663146636673504,-0.10363852640741954,-0.18057755031429765,-0.09732362614758512,-0.10500898754209854,0.0434719404177031,-0.10961795107374438,0.048636664824717624,
-0.047661462026851495,-0.16735537855940055,-0.011870401600552092,0.01068936972681882,-0.07177000133803806,-0.09532525539771776,-0.21821416645948932,-0.3241594245537609,-0.05524576691924696,0.08179700457788369,-0.021405444386015365,0.05259334855753068,
0.13297262401422255,-0.22192630501570212,-0.21430226062502447,-0.031330560898483344,0.06711366931394523,-0.1804207356681155,-0.24035803414605775,0.03577567424878311,0.14728416439862266,-0.08584301688577876,-0.229724592367392,-0.053396324445311574,
-0.09870525192131663,0.08321264279349196,0.13361411056809674,0.12539488032753235,-0.054065895111231554,-0.08618813785237768,-0.10778608144278727,-0.08014481076356288,-0.0923719476517262,-0.23357933879900833,-0.15516574250918408,0.13154230793921415,
0.2851768384011379,0.028743921349330088,0.10959702636432432,0.16151413518155563,0.20945329348013839,0.040301004508283056,0.3745880993494354,-0.008348592192432143,0.26349405604629167,0.16154208075990928,0.09638557793904765,0.20162246966616645,
0.06526000228014978,-0.03219375536423755,-0.1450890767717842,-0.1617854827920877,-0.06210529240083616,-0.04562267297988912,0.044170692220357154,0.00856161905410801,-0.1575044524191386,-0.10045523574334402,-0.08943867231369738,-0.12845689604806085,
-0.28587606574670654,-0.16516336652582084,-0.16721535711237723,-0.19001938625683248,0.009159603568608348,0.16849021814470688,-0.07605682603110522,-0.1366502334634077,0.0445964253533764,-0.03555142484259046,-0.12275812474173103,-0.01633705556622816,
-0.21127559357317335,-0.012752689560873427,0.01979576629266503,-0.11971479983998508,-0.10104138327893351,0.0575063425522933,0.0820757316426249,0.03704386339941035,-0.009376153720248677,-0.2710215406378301,0.00622436198828585,-0.18529950844152943,
-0.1445757689973772,-0.03548845375935801,-0.2567849016985486,-0.16834981162566304,-0.21730651251011301,0.014832001959652254,0.049727282421197866,0.08880052973044114,0.02575283953786205,-0.034315787026419686,0.1192089923925402,-0.13443923717273226,
0.07911617154087709,0.09875484951453946,0.06076583378566758,-0.06819618992147027,0.19803665051368713,0.11877791629092416,0.20084115697543137,0.03174169754340033,0.240494906914103,0.11548316685765385,0.25128828592801244,0.13829158171827663,
0.1180719283020883,0.2601134011328096,0.323255598275216,0.1702918895922104,0.34661044883060443,0.3158869237903795,0.04431897379628614,0.3776696517842781,0.1883583062231932,0.22006182079156864,0.2671050992221344,0.23911597525726055,
0.06539139295080346,0.09018907989110622,-0.22231973026935148,-0.16100315606141255,0.01981616043618965,-0.1033899537082657,-0.15884603539024683,0.14131909031597675,-0.16193882793422298,-0.22003912908893786,-0.023645582709171185,0.02436157471594043,
0.012777485732422801,-0.1942492768241035,0.09045518345023314,0.06931829853368429,0.002255646752470266,-0.0065762506420346655,-0.13153020563027848,-0.09003851163959914,-0.14508938391691567,-0.1449117597131572,-0.17724608866934566,-0.04595517527724444,
