# Pesos da Rede Treinada TxH=  0.30000000000000004 TxOut=0.04
12,20,12
12,20
-0.4222062666713106,-0.23123618426335185,-0.34400432499223504,-0.37912856936116535,-0.45204987099958815,-0.2058449506960147,0.49307275370791015,-0.4729477099375645,-0.3115260936456139,-0.4651486327323688,0.7664647998809094,-0.32399432870302153,-0.3038437797273473,-0.495671060661206,-0.19907676648991743,0.6106138547201049,-0.40087010309133836,-0.19297268311204266,0.5343909915198273,-0.5524519093696855,
1.1490576689319352,1.1372577011779013,0.9346001903562275,0.8609255775844669,0.8695850315254059,1.089953330758711,-2.117150056817013,1.2801206620571042,0.8489735315175676,0.6634121906122542,-1.8036195398112402,0.6790752888596194,-0.9165739297439294,0.8564038161261455,1.3147188127727323,-1.218561544488283,1.0769215484293362,1.0666229824128763,-1.853001024735677,0.8749022447450081,
0.9383370051338914,0.8355324785049721,1.1055118986205512,0.9506172625097389,1.0508270139542608,1.0951104395384144,-2.260306638045329,1.395118415937059,1.1168132840519118,0.5603483737030897,-2.0863895165308883,0.6107110806815739,-0.807117293231412,1.3388901109258684,1.283006639534699,-1.1049967253453687,1.1910125156966036,0.9519572733673531,-1.9422227651409947,1.2037420444840012,
0.5944063179364791,0.23807210204779178,0.6332417002221159,0.41941247886861194,0.6199770300766718,0.39239972970257103,-1.0429416579893551,0.5746529592510936,0.7029835131852589,0.34298127513396154,-1.231609660106402,0.46175756799117296,-0.6338632031680137,0.47387741669525824,0.46926167322623896,-0.8123755462182065,0.581587528787832,0.41995280822338066,-1.0727569062237774,0.38518770795493107,
0.1748140733683693,0.212204677773001,0.32387062450914045,0.08180473852779636,-0.004648439001150037,0.07998033502830917,-0.6608831459181312,0.07353384819082841,0.32830550451922025,0.07837289298484378,-0.21892172708476232,0.20465580135096975,-0.5115897238358689,0.185737239771572,0.13085336317774984,-0.23908301066652937,0.4473235577061972,0.09283190234609975,-0.5097152862920087,0.050830476980945234,
-0.7385888628866518,-0.396380161983612,-0.4559060322969176,-0.6165655561867242,-0.6368804530266172,-0.6398495849784439,0.6252996543272255,-0.4668335405892445,-0.6791607883895665,-0.45251586008329725,0.8404191024716058,-0.3378050731229063,-0.04695493721830215,-0.5745310035846005,-0.319319793279891,0.2809510193479011,-0.5489310741462932,-0.8062234616525977,0.5275844242598845,-0.37730177657656616,
-0.7216566049204357,-1.0536851289155469,-1.1093240945553802,-0.7512721830915144,-0.9163531047232403,-0.9946957864243207,1.5548220703437983,-1.0433767984943851,-0.7934139297381332,-0.7157814697969678,1.6216239251204165,-0.8834400653641552,0.13426696994547813,-0.8959045995699975,-1.1511522018548264,0.7937509463222624,-1.0510176131654134,-1.0164688610147614,0.8819620651503997,-0.9016872483931664,
-0.20109175671917856,-0.27801456057678164,-0.11948404454067826,-0.1779937818675472,0.07319221850746102,-0.12135116804015611,-0.18267247123672783,-0.2400578585642462,-0.2192608918666193,-0.38874958070254656,-0.20605761511080858,-0.18935376681884317,-0.4901774617724592,-0.0033891753354164268,-0.32452376229020896,-0.2951129279807148,0.26009190388770903,-0.19642473464378177,-0.2535397145272565,-0.12277469241973103,
-0.6641747692987463,-0.7889194510813671,-0.7259910091516931,-0.7026166618754566,-1.044126007268442,-1.107108312357136,1.4165138872374783,-0.9659907037287516,-1.0497348357076846,-0.5972162821058906,0.9861562025164474,-0.7247503411440793,-0.39095134748733573,-0.8759378943738244,-1.1116256272432357,0.4084835692994569,-1.0199642882429216,-0.7207757586433873,1.1941302620374261,-0.6703923921383205,
-1.0264126346047666,-0.7233071466335147,-0.9469510054852904,-0.7775042516253206,-0.885754450216428,-0.7234282823665068,1.4329641622518905,-0.7490080474433896,-0.882448227311735,-0.726409553132001,1.1900083308139708,-0.8927352034252287,-0.2636953538946106,-0.8958788454571274,-0.8816321787160675,0.5248491859868674,-0.9268448019241948,-0.6938860808273952,1.0623353933642115,-1.0387869140215866,
-0.7953139823389568,-0.9386480111782823,-0.8087470466696377,-0.6450988795641367,-0.7823768923673575,-0.7786588627526588,1.3986768652170183,-0.990583063278622,-0.9699256421776339,-0.6141259329687528,1.17346812230974,-0.8707632361295937,-0.08641002769625211,-0.8983148467437366,-0.7272139034541948,0.6954533207372079,-1.1234729964141192,-0.7836080022031838,1.1425222568326505,-0.991845710864911,
-0.6514807094506326,-0.6465160183967402,-0.85538789271101,-0.7224766142793081,-0.4875219090712176,-0.6608835996917861,1.0834748837331207,-0.7046935137500618,-0.4807876024662167,-0.5253013238735578,1.031222686200014,-0.3683529061254667,-0.5396424033464656,-0.5994866707983406,-0.7949096595623258,0.342390049403897,-0.876310156837343,-0.8473294540086093,0.7194826948731122,-0.5051729105820723,
20,12
-0.22702691575023076,0.06906418964452925,0.07513336363534727,0.1694864176780514,0.04221845060337772,0.0750223870791934,-0.028218427846703312,-0.23381927138540026,-0.01081542329624349,-0.31089239811238656,-0.1316995619039422,-0.2384037881194778,
-0.053915881743303,-0.3257931840867896,0.11947077361141464,-0.3015489731927924,-0.1846591998936994,0.013066223945114712,0.09439433873014297,0.09832346207072487,-0.2447872595420039,-0.18725690523078442,-0.06801077873457123,-0.1163736769995385,
-0.14044083887175268,0.16199519831401615,-0.11342510275372444,-0.12797429420537065,0.0738369240868818,0.04718135922286989,-0.22353733457223599,-0.2444521907482391,-0.18906839944188125,-0.06230229369177454,-0.15290195935179565,0.026019526776177526,
-0.2610603078244009,0.020266680394030817,-0.18445487814743855,0.18867333874037476,0.020258003826549218,0.05414975405998435,-0.08075609603283401,0.013602639590638786,-0.06090660741777792,-0.09449691302385932,-0.21682692649544164,-0.2158365418706633,
0.1396223782488629,-0.15143022293008526,0.14505691353742073,-0.19213224471559484,-0.1787010393627843,-0.4097273217676759,0.02878941304432841,-0.02244809619097754,0.0386565522936214,-0.16588222814300183,-0.2240371571478555,-0.1445506939056318,
0.07748092756675068,-0.12526679477221964,-0.1719400342707581,-0.05405887072600267,0.05295243198266104,-0.20572546846902395,-0.2294486855762912,-0.20699252145141941,-0.22463530202464038,-0.1943253221570062,0.13222253048937416,0.03962289480105069,
0.5113086357819906,0.10809482478658307,0.42767035057718294,0.3439953770929326,0.4700755492079706,0.3237260855798346,0.3527361051819125,0.3857473686327742,0.38168882464561416,0.27895070278568845,0.5252685961984322,0.3189918899479766,
-0.2739908443568449,-0.06397998269373927,-0.10786269666827465,-0.17211465429482706,-0.20599197816955517,-0.10455893493556458,-0.045587619327040536,0.04397074665308721,-0.053596976915261926,0.0501802429399213,-0.2803000273184608,-0.1031666132050935,
-0.2185819048339416,-0.03777713023225946,-0.13174831923925265,0.20783314559452976,0.0214664023516505,-0.23695086257328127,4.5759649463029777E-4,-0.177807237042485,-0.1583973210399422,0.04046064199045973,-0.14903403418953753,-0.11798141836349367,
0.14104103527651962,-0.07149904630876851,-0.27224560122074215,0.024891491505218213,-0.05025701195045408,-0.13123543120618392,-0.023032991135695617,0.021739629490113155,-0.13602588104104663,-0.2789315346471359,-0.03922352023800898,0.023617864286548617,
0.36633290700736254,0.4862367522830915,0.48333748806208726,0.44930730310112793,0.47534483212947176,0.325803239654585,0.27332516131264367,0.3635178244440586,0.35327811774845796,0.2799396512465098,0.2809093657267818,0.4970816804297494,
-0.026672513850695946,-0.1291047423662166,-0.009805943984410844,-0.14493866044140571,-0.21391633070090238,0.03422886411328828,-0.22306897377469834,-0.035224496888610124,-0.0036006504977090553,-0.11477035877935324,-0.18175872821198666,0.11499904242265686,
-0.13499756584290717,-0.12231690762643299,-0.11187186565041574,-0.17332848596503103,-0.1375777825945614,0.021983948618133145,0.042270695879537176,0.06418677422618362,0.251530737290844,0.2566148058249889,0.1642619409901117,0.23213596419129306,
-0.07113442259470704,0.2507014396866015,0.2430276221804728,-0.24512119810749647,-0.12482809428207525,0.045205574315162485,-0.24847934219682208,-0.03314000636906256,-0.21953775983561544,-0.20340768116215896,-0.16188579360643027,-0.09627715969855331,
-0.2260143215361125,-0.07350432505312883,0.0014802343083695738,0.13053565358559094,0.059001492925995144,-0.19623239986656985,-0.26733159640781834,-0.0971305876094892,-0.137297470127651,-0.04089652811707264,0.053285056102265846,-0.26650399576596445,
0.0990098016414395,0.19103748531572562,-0.14943480059665804,0.18476945719765778,0.26635742687753555,0.09127034428246455,0.1680258699437462,0.3617465802745065,0.14589318544201493,0.32568921794711747,0.14287969963039213,0.05066757186542466,
-0.22238986141845646,-0.0625627197281704,-0.11206086705756692,-0.09874425881525942,-0.12369783977714897,-0.2724082765591423,0.14988116399963897,-0.22302853396094688,-0.17675856662185566,-0.15660712354453005,-0.10095786690549663,0.1094634572947498,
0.12479401532361858,-0.32259350138494197,-0.2772502004841572,-0.2278471551476523,-0.025855071783952462,-0.02319562520064997,0.02969732447858006,-0.29208217145566473,-0.05137154340251253,0.01220024478711893,-0.03721686323809916,-0.21244103554678825,
0.09148374179554147,0.1557464465837031,0.15136120750979296,-0.0012156691778407664,-0.17604752367373386,0.38043695323849,0.4039865621863961,0.13180440899193901,0.341888329510591,0.48930328135069034,0.26778296704147114,0.32037523648498883,
0.11156054770781165,-0.12346188141607978,-0.16880211664685235,-0.14101078288165014,-0.24352115589876577,0.03754865274322707,-0.3245271511251013,-0.07055248988759144,0.032846585989460074,-0.05409769120051716,0.04022592189364499,-0.318738313722528,
