# Pesos da Rede Treinada TxH=  0.7999999999999999 TxOut=0.07
12,29,12
12,29
-0.730060570660937,-0.6853106016228464,-0.46665803698794794,-0.21390341885056305,-0.350762034673041,-0.2458348134991502,-0.5588912004311151,-0.47501703246191923,-0.42240039531166595,-0.14208665338742396,-0.6064053765194765,-0.606603834510479,-0.6411938778180166,-0.3181693210619213,0.8416822112579089,-0.4135685768030592,0.5731604993774485,-0.44063710363021685,-0.4038043771854458,-0.5861733507025478,-0.35371931931873946,-0.4100338193004647,-0.43273224035833424,-0.2837041928818621,-0.723876898342935,0.7010099797135685,-0.4078106879440581,-0.5969880980170437,-0.741107186119187,
-0.28786761180897796,-0.40734612705629547,-0.1991561379064159,-0.30612002777854463,-0.3373012337710425,-0.28563330025758893,-0.3971813241524006,-0.223372478054515,-0.6211834219226112,-0.30935265897338193,-0.28521774559932095,-0.257046862544882,-0.35425690489543143,-0.5204007192309597,0.08520758286308709,-0.15350158849787748,0.12048125193321678,-0.4641019336896673,-0.43201886347529517,-0.3572243034925217,-0.5693666947401975,-0.22366926650416438,-0.6650022271623786,-0.4198961159123833,-0.45438618480898946,0.3725938373565243,-0.3576600954973837,-0.14483211665839496,-0.3908505911898775,
-0.2010285289231539,-0.6444180744085589,-0.3101716869007059,-0.43326585417136776,-0.03564640652651526,-0.270560343706303,-0.45288497545472084,-0.49239328147945133,-0.41904948108861806,-0.4330536237456581,-0.5157786736745472,-0.4176236154026469,-0.4783963887914512,-0.3825404016732244,0.2962592190560644,-0.31049881084040337,-0.12136986357287709,-0.5558699388365116,-0.404415477334731,-0.24046308352059256,-0.6189889754574122,-0.22957340376061033,-0.5082095890436712,-0.026247844951737844,-0.5851016594456997,0.27350400676599634,-0.31112800561036474,-0.4686206317478285,-0.310879743502704,
-0.5544517585901214,-0.4948445292143305,-0.5691991378804517,-0.29716760552118565,-0.6078827202461757,-0.41462566595415024,-0.30455547231925784,-0.5821318102459132,-0.5134260714680787,-0.22334708590852598,-0.5812609869007774,-0.4020789997316241,-0.44017346741002433,-0.2565167598955926,0.7120197359215337,-0.3008011194422943,0.20189386501753775,-0.3290536316817976,-0.6393799665002188,-0.3072202444783886,-0.5553462386620379,-0.4872094059435152,-0.38166964731485903,-0.41267188716274184,-0.47148958946335207,0.38717114700678423,-0.20513468490018552,-0.327998280390723,-0.356854057735701,
-0.31075932957005226,-0.6281276990013428,-0.2989551847660418,-0.30358104237979344,-0.2846580682316619,-0.3749314221434736,-0.4608087130417806,-0.4266683000824752,-0.3994856064368577,-0.4701122649956497,-0.8598417577477561,-0.706595339696415,-0.545999988904652,-0.409641446082926,0.4220379733058582,-0.466847819230257,0.2534851179915277,-0.5864354878679321,-0.37292649905052777,-0.6781865081185787,-0.5901942269405238,-0.8672666288866121,-0.5927244891266386,-0.5172678627172227,-0.7660686427557843,0.721123102937005,-0.3578969633484051,-0.45425724322906275,-0.4901019036829233,
-0.6225439994526522,-0.43871905318314053,-0.2538188376664584,-0.4289579063875255,-0.5376124259115331,-0.434137183853899,-0.4722909396526534,-0.318824049800559,-0.2647895969449248,-0.36821671370943154,-0.3609191435762703,-0.4318324206701775,-0.27002149317915436,-0.6625983943043954,0.2860406148162909,-0.26952640237294406,0.21018907020644648,-0.5157872647589724,-0.3463100564507466,-0.5272998401469872,-0.3319004028919318,-0.2816878301113705,-0.62753581133426,-0.5317062523906659,-0.40560743629728174,0.5877315648717414,-0.4200022656316052,-0.3571355409889805,-0.5644029813826088,
-0.6583574609224981,-0.37233780054202276,-0.6708589674246457,-0.7199034429678721,-0.6871903602207033,-0.4941818347362234,-0.4022097400945305,-0.6167783790391781,-0.3094343300787031,-0.5894428613124791,-0.33902602318442937,-0.3963659331360559,-0.733179148735322,-0.7100029649033761,0.25051016978799834,-0.42250619382809973,0.422260896172804,-0.5250377508395346,-0.5329274027048789,-0.5813114188274985,-0.5737826526807652,-0.5627796188013235,-0.4397343624685991,-0.7240505032646168,-0.3879834951740276,0.7337547163500893,-0.26117689493401014,-0.7199467030759524,-0.28394200364876176,
-0.2906488181680823,-0.23973187215379557,-0.17331431920921572,-0.30375098380820464,-0.4273981535403213,-0.442851635510701,-0.5760394359010289,-0.30464878522863004,-0.5796205127508304,-0.5878732492016049,-0.2712252161409367,-0.546957448016081,-0.207794046569697,-0.27275089913223444,0.307460410769961,-0.37121331491098414,0.0285220183410655,-0.21778639655153975,-0.2926630267736805,-0.20641315950845143,-0.34494615440258897,-0.19736399590512604,-0.4987914905448652,-0.5578438592372322,-0.29557756896477383,0.2827212499644062,-0.06314558251740254,-0.2675598923671741,-0.2913330792526114,
-0.23690149694788348,-0.263088338177979,-0.1647424826716246,-0.44821018965537424,-0.5056327306043061,-0.42361652177333725,-0.536570545503498,-0.22589853026955165,-0.5228703118004199,-0.3045298300538527,-0.1949079716057704,-0.1826423011583011,-0.1785364131771119,-0.5833383010896662,0.21627337902530064,-0.6276499421901255,0.031508996081756724,-0.23748899454746483,-0.3071552885131778,-0.3746238045431677,-0.5929788826211101,-0.5071586102256012,-0.4276763881074328,-0.18616074107363922,-0.19646031633867408,0.05746416813067695,-0.2246280963555804,-0.17991145575485795,-0.3165575732979227,
-0.5984193704414348,-0.3816480492504692,-0.6175972244717605,-0.2417017070890571,-0.3719055634325073,-0.4650615051324513,-0.5666207358529209,-0.47279345916794296,-0.6335130674207182,-0.4963019588980824,-0.6109584766642755,-0.4298329630888195,-0.6520460091995041,-0.5565571302527278,0.09142582870939901,-0.38422803710030473,0.2884273490891776,-0.24783251410244606,-0.4158618835045893,-0.48431754201090377,-0.15245468559376316,-0.43546734022720474,-0.4158181109144947,-0.2570524869649082,-0.23260892736617308,0.2995847479489387,-0.4154079055561898,-0.27973582468419506,-0.5715153806849466,
-0.36350678100714506,-0.36387868915845156,-0.3376501830674438,-0.45810171249715903,-0.4852734009576926,-0.49708045474281903,-0.24997197616016748,-0.30712251004031715,-0.6975893561484408,-0.28242319836081065,-0.6020001595540293,-0.4398323540150139,-0.1821863363067583,-0.3677350369515136,0.41135651793534644,-0.2875134936175566,0.4474221222763094,-0.4414145005834995,-0.5508546433089646,-0.6328918688912252,-0.48231783519974114,-0.680735014342848,-0.23246875399793873,-0.4861482169972503,-0.3326755106621871,0.2986924226305186,-0.5514263381870053,-0.6656054322498391,-0.3789617580093112,
-0.4335994439949673,-0.38431496808580445,-0.4290538287262939,-0.33281302852096784,-0.28135357622936485,-0.12076440885905942,-0.410300205356455,-0.333951923062103,-0.47376392501928155,-0.250353594491107,-0.23200567135623548,-0.5600986199393524,-0.6379653259816718,-0.24786690233589023,0.4006201455232982,-0.4443805416321062,0.3409729280067128,-0.5332420199615978,-0.6528680930249171,-0.4207191917663711,-0.18459619229677673,-0.45998430505776894,-0.19536090324359426,-0.38549273187255906,-0.5165095085978566,0.20643958030676757,-0.3351996852959939,-0.45284444195118984,-0.5532718251657456,
29,12
0.0254961098695037,-0.1583360161702931,-0.21512990868910276,0.007909192065216133,-0.28649723264701754,-0.12384808350620499,-0.3152442961394548,-0.25791117435917016,-0.267845714224422,-0.18432554143803245,-0.20875328786420094,0.058243703051341356,
-0.2242580745283178,0.05395070721603318,-0.10204986606465505,-0.20880303629061034,-0.0742591711818775,0.08083107850042433,-0.2645539727835376,-0.17121782688643777,0.11072045926169945,-0.11663549792366033,-0.2986925016592028,-0.16835754663541258,
-0.07426849077700699,0.10180609349813637,0.03653510232306,-0.11345064273641839,0.18971189417772272,-0.18063156357768548,-0.0824815011101573,-0.26325635970828754,-0.17774052527024498,5.1595822971163876E-5,0.12538455963680448,-0.2792796026318391,
0.08517028271135701,0.011615608182019609,0.1786814653589775,-0.2165600841033958,-0.1644337785609924,-0.24093484059268194,0.05704841211246022,0.10311651865165726,-0.27675209791423094,-0.2684211977155955,0.02345506591723498,0.0698925145295147,
-0.2023088279641231,-0.048184806729339925,0.004862494261285119,-0.04092247777275969,-0.09724328999965898,0.12993442211852677,-0.08328339947836923,-0.17830488052758633,-0.32215872690973646,-0.2899501230012353,-0.12195384072060036,-0.18376090630040168,
0.1446859791001511,-0.10152800841595101,-0.1341918459270802,0.1408205565720127,0.1631576733190362,-0.21175967751092054,-0.04973641585958065,-0.02489287705425719,-0.3446215042185856,-0.08335861547692458,-0.009033208267992088,-0.09198928940196185,
-0.32274428659796717,-0.33403322096770754,-0.2525193272006937,-0.3017005376124813,-0.02451773383356289,-0.12039303636395017,-0.09530435440287857,0.04097934346971163,-0.23879267734504572,0.06561598195526602,-0.21247342145928538,-0.03904798602861004,
-0.19792541270706987,-0.07615075713061877,0.11832754403420127,0.15521282603418626,-0.02192022304958903,-0.30097971958539177,-0.03390410038948234,-0.26977998958527116,-0.03388259554601927,-0.007027552680898885,-0.0016015319577506498,-0.294792858089001,
-0.2868911699250004,-0.12931970683419877,-0.16640342565557475,-0.17530234484793364,-0.2813660696527174,0.01868710170400598,-0.017482261171136954,0.052856624155977215,0.03043212763366513,-0.03087459843454111,0.10851740141064124,0.01737236997255062,
0.0845559044939363,-0.01661859864347774,0.03369849668464006,-0.10417681293070011,0.17021929775472067,0.11514742555538436,-0.14399003161910431,-0.13038564141118691,-0.12722339579882103,-0.15222316900220723,-0.05383156652364233,-0.2035038572758929,
-0.09784632646661306,-0.34685182396077624,-0.17016753873808574,-0.3171483646689157,-0.29383467698520044,-0.3134586372803049,-0.08311494059660215,-0.33600646943552276,-0.042511330428234045,-0.1184450741457483,-0.16106007933585995,-0.026188720572330747,
-0.3293459335865686,-0.056952564724634926,-0.19214867305822672,-0.3105854664466289,-0.30089565925892325,0.04356148935700029,-0.26756453031963523,-0.13058291846997822,-0.42107131037654155,0.016635131663596932,-0.023963379164665205,-0.34305398448211427,
-0.021908350809921866,-0.1965777626037099,-0.2693639074442833,-0.05470911259245428,-0.1512542046300154,-0.3635986442007154,-0.11325161791755024,-0.09254877520553823,-0.0686538043876768,-0.31354800994395193,-0.20607853274713378,-0.12395319902498869,
-0.1665418460850065,-0.03729247025958932,-0.15859023687472412,0.03249783898613216,-0.12367484709943963,-0.02424517508278177,-0.24461212782255864,-0.19230695283436944,-0.23569340780882023,-0.09928066069515745,-0.37071781824874966,-0.2625271469585242,
0.5363900270874236,0.2803603595784885,0.21071850087432897,0.24685918252253067,0.3461283273825008,0.22423077172782022,0.3643755032881805,0.2979415247606322,0.24447575947576405,0.36384764603636766,0.17444125522298443,0.3725252722769629,
0.0853980378303655,-0.15318224854035473,0.1085649044956025,0.039244771342013214,-0.0806089364063529,0.07898311495657215,0.09656120307799976,-0.2125855178711113,-0.004112801775432499,-0.12519856826171105,0.01632205046588315,-0.17369701601880985,
0.09549406040712374,-0.013808624914654014,-0.010964044252859746,7.359552598863832E-4,0.01645297466371301,0.17916409094679212,0.27684570342669257,0.174968524366303,0.19787270617655187,0.31605484462859906,0.33399283897626636,0.2725239617884388,
-0.24111995290220847,-0.07563703939659558,0.059225158408390675,-0.04601462637222165,-0.08194482527786334,0.019952806185210403,-0.14646554008858223,-0.2112348865285194,-0.10637069866354053,-0.009280248096162446,-0.36981773742071405,-0.20698190641173222,
-0.2152180871768654,0.020982172095135438,-0.15337916951451877,-0.1369126820541996,-0.2166763151069283,-0.343078449796524,-0.29744905018344125,-0.09882765426881847,-0.19179849436511062,-0.34868972529159825,-0.1374728911147481,0.10518946474590722,
-0.15025547427313748,-0.29281384334421295,-0.26445694326420177,-0.12126590115142559,-0.2427315279418871,-0.2898026753396929,-0.15926107506618284,-0.2615950487867959,-0.04577229384865202,-0.3721826408730386,-0.08607349796908378,0.03656100779088442,
-0.06777413297324608,0.012535524988614016,-0.25185694572200984,-0.19619427369435977,-0.13427609815386318,-0.1466171862774594,-0.00446000018369193,-0.1050804704672784,-0.035814550784132856,-0.017419853916549814,-0.27159722722297375,-0.1462506852086048,
-0.3069787351502928,-0.17827108900455071,-0.15648219335018482,0.04645120855452698,-0.190429250120931,-0.3342003552547207,-0.1277411069415355,-0.19691214698393805,-0.22049122920476152,-0.06571404242915518,-0.22245920827878815,-0.2731650579526446,
-0.008169653826482564,-0.10937596884195082,-0.21694857402270729,-0.3387513672626126,-0.15382826288303061,-0.12261293343090746,-0.06693430249149432,-0.1523005968329138,0.027661717092674305,-0.13522974076859848,-0.29855952064893476,-0.20311840889263338,
-0.007983028238421095,0.01978296933517087,0.04456298037538698,0.07317817301235838,-0.026447562779703164,0.006516027993584393,-0.20476116138441616,-0.048145347849264074,-0.32221061640068416,-0.15451039469365363,-0.2831676915254399,-0.1891927573796101,
0.00472443461300174,-0.16695743921408432,-0.2549938160352114,-0.06200255297864081,-0.1821838477782692,-0.21325740110959437,-0.10727275889790062,-0.10292397814070794,-0.03681053431697721,-0.36035298804726346,-0.31207742185839454,-0.2132509200758294,
0.23164863613436182,0.4138908902204102,0.5260971393842372,0.48783497974448936,0.4411370665846443,0.4419267112851269,0.2596678136287671,0.4502010309459613,0.5486163285381312,0.33587808242031403,0.4088974677704983,0.33557549581054125,
-0.1974359425181318,0.1354830974264252,0.1312306654460811,0.08499822918874457,-0.08104932161768731,0.08180221834880808,0.10425048333274,0.025152707488437644,-0.172360002001312,-0.2093212356950132,0.21944691756964643,-0.08047620461614623,
-0.32696087149316383,-0.05779163360634649,0.05984547111045005,-0.24987259333543632,0.09950927729996706,-4.4886484646003465E-4,-0.2094460786630582,-0.09327281784008462,-0.15028691890786486,-0.20603088862726834,-0.1551363863232283,0.005831635251505015,
-0.1667924806270207,-0.10377338611350657,-0.2531773524495966,0.0015715752324988513,-0.16784356409415357,-0.17199211001439238,-0.24301921422331876,-0.061154141015895655,-0.2524929457379894,-0.1909720479355197,-0.04687812038848932,-0.22489592888497437,
