# Pesos da Rede Treinada TxH=  0.9999999999999999 TxOut=0.09999999999999999
12,10,12
12,10
1.0333679306677814,-0.5062006648091161,-0.5884911832379977,-0.7265750455511101,-0.415932825606829,0.018947134236425606,-0.46957687016491817,-0.985693042253398,-0.9081652238301103,0.2513064364064175,
0.6153473054290555,-0.03322295273755591,0.06606470285273892,-0.549229123908142,-0.42609638249740406,0.24648200107188628,-0.36876377760354245,-0.3734051050373937,-0.5239485258547262,0.10163906683142446,
0.7757936652628109,-0.1498517251083801,0.006801662495524854,-0.33512557743532084,-0.4393417146253571,0.3502773946651112,-0.14848663629629524,-0.47279362144844533,-0.6845334584253938,0.17910088137369176,
1.0331018401032874,-0.5399499641812968,-0.27899795254986637,-0.7327797176888469,-0.4616874537192066,0.28711120301915777,-0.8745830934025509,-0.5967322652881122,-0.8248845785011316,0.418802174531489,
1.2132985092902613,-0.6671093153551214,-0.29802313505694633,-0.7799470990763776,-0.2626285266611312,-0.10535291014606361,-0.5003308354159492,-0.6561034088127078,-0.9446279998403183,0.508308574313478,
0.2339275820227977,-0.20659377175600024,-0.15415198364430643,-0.3812935851326779,-0.28382345725431746,0.05185992963915042,-0.33920383565812917,-0.41397868909456476,-0.5114446513522651,-0.17642246908064707,
0.46738332764764157,-0.588433808124118,-0.5631205832986733,-0.4224132870636244,-0.47813855969517566,-0.404562612149483,-0.3852838410200971,-0.6316819427937364,-0.48754061291295336,0.04603287341966603,
0.47525493403566393,-0.30683510395359287,-0.15632065135477283,-0.5175031971615851,-0.3726810329659961,-0.15496082600984315,-0.4961953069863454,-0.26329941666879775,-0.21718645114439233,-0.027304861932391282,
0.24190463712710894,-0.2517097653522487,-0.5129088752673171,-0.41913784260747255,-0.5933432809634118,-0.06056907240867501,-0.4085113043391629,-0.4136653862197148,-0.3295890204659913,-0.18986119334768403,
0.17724522514898677,-0.5253787605307161,-0.540119543359827,-0.386752666369544,-0.38981717109053876,-0.18944294725371225,-0.410759598340381,-0.4392567156168628,-0.31504925967263436,-0.1577290950105608,
0.17711124525026425,-0.279558460983593,-0.37631154274017325,-0.3060149320430578,-0.6657207052175218,-0.3978839198711529,-0.5655283010072145,-0.48068559382722426,-0.10856192729338227,-0.20638810475952335,
0.07797520441761596,-0.255114375759529,-0.5941137720628674,-0.4172843325677686,-0.3687713060350401,-0.1352439387164077,-0.38619235028262244,-0.4003182830158959,-0.13121160251154076,-0.20639778324807045,
10,12
0.6777689675786973,0.6063563721219496,0.7221078539635111,0.7868646954014662,0.7354858195345763,0.6987884036462595,0.6559668948416955,0.7125898711946612,0.6541625113028496,0.6638356739915133,0.7048854948968902,0.673366127924466,
-0.021291763492208085,0.01637509270448855,-0.06615596625866092,0.05019452778226431,0.04187085057216648,-0.025435169701710423,-0.3290686844182184,-0.2153829746571929,-0.44321965498775817,-0.11727968927240608,-0.40946477974735057,-0.31199777736946455,
-0.22284954525928338,0.14548233870317118,0.16361908188946217,-0.010644043075222124,0.03925539492888885,-0.23019177073711702,-0.061341241628440214,-0.19289299596521822,-0.26875243116616776,-0.30502119989349763,-0.22053552667915882,-0.32956341130206135,
-0.34183727065915626,-0.2991846563521955,-0.5539418307639044,-0.2832634660663807,-0.5156555903562394,-0.550201468468117,-0.34548491599466785,-0.3915630053036765,-0.18285606143947683,-0.4542170988036689,-0.212759872883127,-0.6266672056123224,
-0.23286133278839152,-0.1961713589036821,-0.2204711248192616,-0.12724845285346142,-0.3486042974329359,7.937127040664641E-5,-0.06851677513528592,-0.06755543259011007,0.04715256502299248,-0.0948537254895749,-0.01950316426981554,-0.08513880266831934,
0.13519203869211882,0.20531069904686433,0.060775624006412884,0.13213602383824316,0.08770828813698374,0.04902652466474814,0.08685754976440722,0.0413782019383786,0.1344988982942229,0.01779638519193071,0.03237442957710441,0.14928615275756882,
-0.10907945944253108,-0.24154471628354945,-0.09226799726996722,-0.21905025674275366,-0.2184748478189087,-0.1615430751221735,-0.3234114221100698,-0.42430488604234506,-0.542567772722542,-0.5472072958501535,-0.4679658450685298,-0.12160173651694003,
-0.3393419848613373,-0.5494019529951198,-0.5484823648064588,-0.6444477544972674,-0.41021962850003885,-0.44144670386148027,-0.48237854338145336,-0.36940356954236997,-0.5549736717383167,-0.1844355964274742,-0.383078625494772,-0.2976886901363105,
-0.6669406002454611,-0.47819213161438373,-0.33204021176641724,-0.22807777622703224,-0.3292771773457137,-0.47321046974464787,-0.4627120691494432,-0.3881636463814763,-0.21072007621358235,-0.6080129180855268,-0.4080908999892959,-0.338778051023337,
0.03892141992411263,-0.08256833122333515,-0.06574302648926633,-0.2831400748842135,-0.050453070905663,0.06422717289872147,0.1758558013106132,0.15595229236003438,0.2104942310271013,0.3359676393350099,0.20285650921029058,0.177943136142358,
