# Pesos da Rede Treinada TxH=  0.1 TxOut=0.05
12,16,12
12,16
-0.1218219298359091,-0.08791536913866321,-0.2273592215336976,-0.1068812987848951,-0.22661560747671045,0.08441931803703481,-0.018952970608677695,-0.20598209437063286,-0.3325993705094702,-0.3661137714055314,0.10880713264968925,-0.21197135378104906,-0.0888981391886174,-0.2659070774052914,0.2101315163088198,-0.30630821384240414,
-1.4141697081593056,0.1742591332621816,0.11406226281771172,-0.09030732251879808,-0.5717184367019319,-0.3878646873695096,0.12639482338513516,0.2543993162523672,0.26559986323212237,0.17140601707666245,0.2704225108808633,-0.011722534238083565,0.12355602567452655,0.2517232165988204,-1.087441063283653,0.11751246975152566,
-1.267805248549373,-0.08968165397542878,0.019686287625324518,0.0020698036989355044,-0.4394859773806306,-0.3422019207777139,0.45450766775354307,0.39248695417580093,0.3607131965277189,-0.18460577552310767,0.19803027660509367,-0.12147524294000092,0.47705095900230177,0.2720757437057202,-0.8759216805403865,-0.08201606512018762,
-1.011215614179227,0.15744120663468794,0.09272727289347799,-0.1084126593992991,-0.1764713539364784,-0.64758962911681,0.37948528987182073,0.16793936687396646,0.16393901019331247,-0.2274648732820221,0.15928022390518382,0.09848028001875503,0.10469408471412034,-0.07873702095816275,-0.9496824148572611,0.301741336433136,
-0.9674401902956782,-0.35034609399711764,-0.33859760029663316,0.11649662652636655,-0.29107038816007164,-0.5320708655006918,-0.011137502467819716,0.0782673408761195,0.32040831649918783,0.13082510752642673,0.041548960797389956,0.06996770073147203,0.03287632054929314,0.1304645054577928,-0.88898260158228,-0.14740260985676013,
0.41426781764320064,-0.4736850318244553,-0.4788571186942113,-0.2891157318540507,-0.4232026726629329,-0.058849621071673366,-0.4053489985340071,-0.5145514034050712,-0.025009044847491203,-0.4715340729966494,-0.1712388530278914,-0.145770996670066,-0.3797259386584381,-0.3692808208781531,0.18478385198939623,-0.09605856756333522,
0.6054101352917309,-0.20659325941047188,-0.2738944304999973,-0.13422039449213702,-0.4978779694648827,0.10743830854627424,-0.2640444087786478,-0.43675528866091884,-0.48554436261543577,-0.20196442689592967,-0.4671577843436362,-0.28353615163131846,-0.24375962156386585,-0.38646991018749455,0.38847259503298887,-0.42450705618592177,
0.458806853769638,-0.13320515989749926,-0.23272188755442513,-0.12428113397076097,-0.29003626493386253,0.12197656119327431,-0.4145528346954617,-0.1267495829547674,-0.1542329707553441,-0.20781743752604384,-0.05270305633435405,-0.2699504526946723,-0.3456471983867851,-0.4693954341379019,0.4550802383260018,-0.17474812676487575,
1.3531107540025484,-0.48453568800780206,-0.163382283955387,-0.2611529793413572,-0.34405310070626505,0.48011623487462374,-0.32453144128850714,-0.32220221726423975,-0.6617982714347451,-0.2714143932772021,-0.6411828474930928,-0.48954543532749717,-0.6069830983651073,-0.49586719233050885,0.6966805531356216,-0.25547237008316304,
0.9882074823278088,-0.3785932090976567,-0.22558505738049764,-0.2927933362419158,-0.4378031170543184,0.38585390739751846,-0.4690632801893989,-0.34811307665674823,-0.2784109368461712,-0.511235259922423,-0.5270817964497477,-0.5363103808781239,-0.5539822712325339,-0.2064095770521826,1.1236932180591193,-0.39995550023289284,
1.1969532756363792,-0.27241580015611705,-0.43610658909505423,-0.613860131322528,-0.31014555251689335,0.4831581243218586,-0.6017838024033906,-0.3118579269016178,-0.6092187750895683,-0.19295782155203933,-0.45467736555395366,-0.06586073736341598,-0.3052334458704305,-0.27628646069011426,0.943144812825188,-0.3790116284114209,
0.6411076489667951,-0.46841113852428273,-0.449916352220177,-0.40955847553313524,-0.09738924784014992,0.2308377945026261,-0.4144348402317561,-0.6121808597889186,-0.546364895333849,-0.4252324633013677,-0.45562062521947233,-0.45313008690281903,-0.23431916369677774,-0.21887819770688702,0.35362508180825325,-0.33378298918884297,
16,12
0.7058416135974586,0.40936091515978845,0.6614522154257096,0.8651971584301769,0.6441822911735193,0.5480185957572811,0.6158162498126899,0.931148864365229,0.4907310791837509,0.6858946221577176,0.7518547514152896,0.6358272243799906,
-0.27124189777540814,-0.10297265535886713,-0.281769517573603,-0.21360749367529427,-0.25070124822242307,0.10253161760236282,0.017715667837118053,-0.0748551201447193,-0.17009298137859558,-0.13678393064293023,0.08667462966657981,0.09511362105803835,
-0.10237452658385411,0.047223573202514135,-0.13672789742380406,-0.15539805724175906,0.06619782117211843,-0.08766449096324065,0.09351952576502856,0.01576250222028808,-0.1766740465792772,-0.17107871024946297,0.1756900177556649,-0.27360501137220267,
-0.292329990471628,-0.005021233814162795,-0.20910457158333595,-0.1696433303997941,0.08254356300639844,-0.3165592605886506,-0.1447722846175904,0.07230080720469836,0.16480653198020703,-0.21535876643866522,-0.24853830291228285,-0.043366902715593944,
0.002632422548178222,-0.2059305768201974,0.14292579040968117,0.10097678409995324,0.035146466634959565,0.07627098045265887,-0.11293925467154661,0.11205706650309764,0.3224638633071424,0.19681250931613498,0.12291468208700777,0.0015868628606913323,
-0.061708448558048745,0.2141223035423148,0.11400200718830276,0.017420228652360602,0.36376578151027145,0.37590521449183756,0.21014977662398476,0.20030706442256485,0.4030503302524647,0.31052755007693894,0.34456503194898713,0.3617404958132658,
-0.05058472245031627,-0.11560023748288678,-0.27575397470403534,-0.07407929740172942,0.04684063460212457,-0.02033654689756271,-0.09253152005768585,-0.1443166094705817,-0.3609606717297977,-0.33587780934004946,-0.1805308977303658,-0.22535920445591082,
0.08414864345661865,-0.2731759783696001,0.06164319644291415,0.01018637704276407,-0.19732933948893178,-0.3040433526247805,-0.30753369902680344,-0.34253428315614964,-0.30266271789268334,-0.14476494418495767,-0.06272680752123352,-0.19785536912696064,
0.04080706398771406,0.03666029664623257,0.1408491381974408,-0.22477529855615613,-0.3294252195839821,-0.36469340921410254,0.008981334778017958,-0.39485988845830833,-0.1352609513969321,-0.284084382263188,-0.25516074565563385,-0.3104898881716137,
-0.17717357344740392,-0.059143214314861796,-0.19682741333334597,-0.31429247468548843,-0.2802798405745423,-0.06888385573989546,-0.025482663040721356,-0.04547459939491967,0.027861010251994847,-0.0844503187081928,0.09849254753087709,0.028554601015212788,
-0.338875933776369,-0.30811453213999096,0.0315396815394598,-0.021124051588233966,-0.22921657131841883,-0.05305655793943149,-0.08061099515245684,-0.2800369912807515,-0.2700158271138346,0.028807544870699895,-0.3451269614447437,-0.2287582007863419,
0.03695668640971694,-0.004311142079258621,-0.23596015388326355,0.007300822492276826,-0.21641940965277878,0.02374519690200037,-0.10741647567791344,-0.31659089374901367,-0.28381771595087757,-2.4932924324947613E-4,-0.13755081168397515,0.06655475695146748,
-0.190128462436112,-0.1598825976563614,-0.11304077815528622,-0.005273817181550154,-0.25287324995577787,-0.058701815401616654,-0.44510122452462286,-0.12786763344501456,-0.24336774596346336,-0.02995549698326528,-0.11283914496209828,-0.287881605092852,
-0.06861482117847,0.08689235131304916,0.016210878555642853,-0.18772325789779437,0.06110343771417875,-0.3546267366141,-0.28989633309344087,-0.06401423729651155,0.06319509917375751,-0.14259120020408977,-0.37918684344291625,-0.0032181374278726564,
0.6351583435812304,0.6148374064211609,0.5483093030012317,0.36193485760677424,0.45922509193020006,0.5671007583396219,0.6138337753277301,0.36939303765478476,0.7318993906414405,0.5936791230891376,0.5045436764985944,0.5652625477078848,
-0.014569919123678467,-0.21949980127739666,-0.2775197992461897,-0.019854605800669726,-0.027787463235156008,-0.05556252662944745,0.0070814859330133135,0.08192724289733183,-0.24161468265362812,-0.2817913486304952,-0.3609715136445611,-0.1762375730393448,
