# Pesos da Rede Treinada TxH=  0.8999999999999999 TxOut=0.03
12,12,12
12,12
-2.2469197602229753,-2.81041049576595,-2.4071264008603226,-2.6427595568892976,-2.7524490287849437,-3.119728185205232,-2.6169157050034833,-2.6846500114413776,-5.49040116850417,3.369448799966213,-4.580850167873815,-2.3345708141536545,
-1.9971132514362693,-2.6177740632315167,-2.42975900011353,-1.9786301928389363,-2.7010749763338175,-2.283046553570936,-2.5535701550671477,-2.43379454974392,-0.4250844804192919,2.83574629500502,0.3884595759563223,-2.2913440556062734,
-1.9929310709124566,-2.9816073802602845,-2.6125397528411862,-2.7054567769584064,-2.90376196329088,-2.541619290019233,-2.4515483303128747,-2.7674138923637503,0.3812047366132014,3.2124469663967603,0.6426014635362232,-2.754795577569541,
-2.2906018439499225,-2.8486841690471953,-2.9405082245108036,-2.251694896661441,-2.867469799957199,-2.634559848349364,-2.5931202332634804,-2.7845475653671734,-0.7003541000956406,3.320570865156126,-0.5562209426769924,-2.745644511569236,
-2.4017866608786216,-3.2592376642745386,-2.826143833721701,-2.8720310575886527,-2.8788340935132464,-2.7698487020646922,-2.8373317031268854,-2.9350161863955795,-1.6032402862780701,3.1291468441719568,-0.8448965951256993,-2.9485159723989187,
-2.153622395246188,-3.2680570640656845,-2.5227084410446894,-2.8787739885051855,-2.4179137839514375,-2.480127864225555,-2.3575601052102666,-3.4346652203959587,1.3145490537134539,2.9261539696582712,1.260644999633077,-2.316349320678292,
-1.7980197372657507,-3.293654186983324,-2.109504360700611,-2.8628016276832176,-2.3446008446885633,-2.5841598163595836,-2.2345529070461514,-3.186305531918855,-0.7131994206423078,3.078396058880456,-0.7641312319202466,-2.145432740687672,
-2.280835833252259,-3.270676207952055,-2.373920951711158,-2.6337612253646414,-2.350580216479312,-2.336082856234369,-2.191703432969529,-3.0665928026361224,0.8354042438825556,3.3584828185970714,0.7225796372049778,-2.008933747444145,
-2.114382179111316,-3.235809386890657,-1.8850631511481266,-2.4544926817360486,-1.970101567982374,-1.9729427884441348,-2.1490973637987105,-2.9617853079997025,0.8861657223816816,3.0848676953218,0.39418678138484037,-1.978931043843202,
-2.147860038458335,-3.208417738968038,-2.0163383167277864,-2.9043680682404625,-2.274554225093757,-2.1740545882968627,-2.335910333406317,-3.2478120877795895,0.045560959913417326,3.454265491590989,-0.23496167027554726,-2.2095210266526775,
-2.0431630217384007,-3.0340522793024376,-2.287881133893212,-2.701183118028783,-2.311761069867947,-2.3090643263880644,-2.328110662911773,-3.1003605111427257,-0.5686574329901772,3.3498722259263696,-0.7404251459813982,-2.2528059673666703,
-2.3004580999631923,-3.3105900150306513,-2.489874755346585,-3.0828715236693554,-2.1507396545325235,-2.6876525550064208,-2.4607684957671747,-3.2676308946418122,2.77096370907533,2.8975931752322057,2.3219967009516456,-2.408763973061445,
12,12
0.007333479496872195,0.15992871270202244,-0.26792522706044813,-0.060870123609176666,0.05427194350969927,0.0442997504097047,-0.0010975983130911626,0.051455081166571125,0.031617644448207284,-0.10929009001076917,-0.08970150693188467,-0.024205477072371476,
0.5793567469673457,0.5534002349447574,0.6379400524949139,0.5690044964079347,0.6358299867377006,0.6286510188121688,0.5350681759211214,0.6104772825161984,0.6990752871710134,0.5982122313443213,0.6105363415746236,0.7136344544279184,
-0.003236506234367464,0.04950280940058589,0.03618021318786429,0.04638682898185401,0.09344196940982359,0.08520246372805233,0.03003216762291903,0.12748820647205739,0.07464599178055024,0.06819359412061796,0.07413490291328505,0.10454631431436702,
0.1821896474626316,0.10619722871964468,0.11099865332422368,0.14100048596963696,0.24899388118407498,0.04479037613840285,-0.07773740950662095,0.21832247866796942,0.23068114639246198,0.14406520616938218,0.22452305050554128,0.2969635247532708,
0.1022211267995269,-0.08053815346706332,-0.02798764233196087,0.11656636618516482,0.2679041970689664,0.3447457895124879,0.08118939117918915,0.06213379458554017,0.00974582113179686,0.09765268243624742,0.09756320118897274,0.07293920713771532,
0.029864587253254353,0.17480525249428297,0.0947106975939225,0.04040903337443793,0.02336868020421972,-0.02880024203574035,0.07826204548660444,0.1446846777304653,0.15224857895104382,0.19572268326755074,0.0778311558798558,0.18772753301152847,
0.14211987156405415,0.06997389871981252,0.1006329959553028,0.10270096510564082,0.09588077886592551,0.06987397032331596,0.12644614036826232,-0.021350908818228043,0.08302732513758725,0.03515388347975449,0.03532030826432999,0.05552015729494727,
0.4178500117027578,0.4435899807161969,0.3047933938832064,0.37162003821072626,0.4375984291294656,0.5565937124220012,0.48463985952338096,0.465543798020498,0.5705595521033496,0.4604286225660267,0.5292956099149787,0.4613396377325016,
0.0015318928224286876,-0.023546976559652707,-0.09183094434516458,0.03727221024842761,0.018263363450286466,-0.0021845147296521497,-0.03154407457579038,-0.0730227180390262,-0.0033517284585138953,0.011045306199332586,-0.020910341196458335,-0.021328778122565225,
0.6858590685181357,0.5956310580729792,0.65479455005033,0.6456386498973161,0.6906847672114602,0.6869997762738814,0.7085777743226542,0.7269755066253456,0.7291494718886946,0.7624774344063774,0.7402971636328728,0.7369959251793899,
-0.018348968283024153,0.020494615891569146,0.09237357126804038,-0.040578450525492214,-0.024713854840156778,-0.015252447700874187,0.010780201750554504,0.0577666922111738,-0.02194162733702292,-0.03809775180287327,-0.004394779953607236,0.0021535721374014577,
0.05540701162297383,0.036880204456561476,0.049629877308804936,0.03439569504332799,0.012165299310855106,0.055035774172024106,0.034229514542824434,0.09930329481108034,0.026507371221295286,0.094744907903869,0.09708237358491859,0.02527554649284434,
