# Pesos da Rede Treinada TxH=  0.6 TxOut=0.060000000000000005
12,17,12
12,17
2.0631735286821646,-1.0818789657533974,-1.1335642067129827,-1.246550189210079,-1.1667523829083222,-1.3429060319622719,-1.2243197221830042,-1.0658768472296292,-1.4272305762693454,-1.140844191256164,-1.0897477999623397,-1.1354527851560512,-1.0756522544634197,1.9684969552794387,-1.2201559872812926,-1.1894761591014384,-1.164031475536896,
-4.493711887962467,2.0983312382380506,1.6369335247681602,2.1299196925153536,2.328812594132825,2.1617205927897425,1.851057654531685,1.7686451708384197,2.038633564292367,2.2335877777109054,2.039017290415502,1.941226745980456,1.6923300922627218,-4.527704432046356,1.8370423773897153,2.0734081795229167,2.205139749157432,
-5.074870974599638,2.5873214331588317,2.183224316308369,2.289912062256628,2.645547388625808,2.3634382397401947,2.3265644159102075,2.2697579453885943,2.599030355425342,2.0738797880122495,2.03732517155921,2.105166305306592,2.253916456560218,-4.996273622219371,2.1623577745448648,2.504574514696105,2.0663006486103814,
-0.18746997710107702,0.3123731447860385,-0.15105608697095835,0.1173313987348478,-0.14309066989418073,0.06348807851979955,-0.14765157956587743,0.02793126597168126,0.1285483106517794,0.17190849941673658,0.0993932734708615,-0.07878073110920403,0.17210848187215472,0.1658800494540591,0.24470816926816027,-0.1084929108610209,0.15196226575932795,
1.6669621182237657,-1.147221657579232,-0.8836259265152039,-1.1471696712132868,-1.0672484379804168,-1.1217951535859019,-0.7655744664011108,-0.9355794515231978,-0.9766358437651237,-0.7728623727198479,-0.9723717988461544,-0.8568823117356034,-1.1527031218252035,1.7921608539583267,-1.092850387288602,-0.7742143981413455,-0.8343433693189518,
1.0452640515997813,-0.6570623241714737,-0.7638209932514334,-0.9887341308229178,-1.0173491233659329,-0.8193548607499752,-0.8822453465122118,-0.7275467539354609,-0.9411878357333185,-0.8451544481605373,-1.0302383404983328,-0.8291329514275022,-0.9325411974076927,1.5718397825879018,-0.5815150927283189,-0.861149728398869,-0.6095386492621504,
3.7482935762694014,-2.2392061432632433,-1.7590102743456115,-2.1371221568397836,-2.386415310478263,-1.9100031891989249,-1.9183230261048938,-2.085485883656655,-2.295325693397345,-2.1963519933543845,-1.9177001527131525,-2.146294506231354,-1.8012678602074859,4.458441763756528,-2.1897611851563634,-2.1211651452532037,-2.201031303825425,
-1.916072665692435,0.7262086047576267,0.6803358243128516,1.0444107543186876,0.6335090591798215,0.6688278243211118,0.8597113201178824,0.7792579143568853,1.0110062125285249,0.8758885017496588,0.9875693325420575,0.7102909057078116,0.6967458900462388,-1.8316603394143283,0.5595854091424637,0.8930962269619985,0.8098336920821926,
1.405622146878455,-1.0900129558058294,-0.8424027235324192,-0.8269112067371486,-0.6178164342208406,-0.7563946270611307,-0.8351181642594399,-0.7997138349012918,-0.7139393050511712,-0.9045763714255449,-0.6835688719065646,-0.7103551109867688,-0.7249634449868333,1.2223462079483183,-0.6196639320447196,-0.8747957418791338,-0.8248236823241567,
1.4477511250884072,-0.7568463860498948,-0.9603154987520046,-1.0778813765429607,-1.1220614086142162,-0.9905399999185158,-0.9932812850290886,-0.822189582238967,-1.207984820550981,-0.8527075138663244,-0.9610825452050917,-1.0106695710257405,-1.0495550850340782,1.423988397939409,-1.014535959364633,-0.8318418948766994,-1.1313205169810434,
1.6064261440688885,-1.073598009633858,-0.8855802512802577,-0.9911948621930047,-0.7010304377315301,-0.9188296493537043,-0.8552906655584999,-0.8552665790084832,-0.6507073542182845,-1.1036116365171094,-0.8810043424438778,-0.6214520305564393,-1.03148329695516,1.3212439925703925,-0.8097649186349963,-1.039153659060946,-1.0273847704045747,
1.1732766520339117,-1.0039454485528483,-0.6842000576670358,-0.6341954485949719,-0.7843092519783791,-0.821336888212281,-0.8939970559626981,-0.9719041841093358,-0.9097789327652498,-0.8944916965596522,-1.0258642925509378,-0.7852919927102844,-0.5297824717688305,1.836998626056168,-0.7167344638012474,-0.9732061458770294,-0.7387961487138089,
17,12
0.29584754568178184,0.19002084279323264,0.17348785952443732,0.22947018471340586,0.20691972489278757,0.30865474487892974,0.34152958626734387,0.33814207750895786,0.40885634729741116,0.42158053373875176,0.42499472254940557,0.3571740629230347,
-0.2367110857447084,-0.055997750075008415,-0.061451197040042885,-0.0908563797938981,-0.10097260955348515,-0.12351200734788462,-0.007119420838216491,-0.07154611380603784,-0.12438072162247339,-0.24700395617541612,-0.2508377705210309,0.062400771229072616,
-0.11298168830241177,-0.10931583760124185,-0.1738631462125643,-0.0873051058330793,-0.18450745249631373,-0.06545272487994255,-0.013526296662614802,-0.13977666331218744,-0.11373976950322989,-0.16052210032951195,-0.1292396384436111,-0.11389528038954809,
-0.0698264775995411,-0.14909543570069397,-0.04744256260225931,-0.19313613881218017,-0.17106033355070652,0.03108004054127831,-0.2696151619147947,-0.0919285274952025,-0.057219024891380005,-0.2060654468978091,-0.13518894057744033,-0.18985167109522536,
-0.11536325021416968,-0.24811405411012363,-0.049164978090411135,-0.12503476675718528,-0.054146079139240216,-0.23248607938676416,-0.2092613165316955,-0.1277816402789299,-0.18310677733214314,-0.013083742777473373,-0.10572198933200862,-0.07074577362518845,
0.01656028435881531,-0.2421013862198071,-0.1797914428798668,-0.07607839897654894,-0.021417938138035667,-0.06380241780187745,0.019665360736064806,-0.11186118508405617,-0.21291895504185135,-0.17181433965041465,-0.1309589623042278,-0.2554116441403465,
-0.22023495146216782,-0.05662552372543126,-0.1048000357667533,-0.19040238312077024,0.06869272869412738,-0.21524163934139934,-0.28370506905988624,-0.12591439336011442,-0.051209856488636796,-0.007542094143006882,-0.11235101183379145,-0.0647510460258336,
-0.2386147456831778,-0.17415907393731267,-0.12575273719373936,0.018783232951182026,-0.10903344264594701,-0.13013739506886376,-0.008437442413826896,-0.2352925020633874,-0.29836799372133876,0.00912367126603938,-0.04804419200544711,-0.003337169549742666,
0.017990399357908273,0.056903271110210756,-0.192006970005071,-0.1352799922449562,-0.09330195015968275,-0.11508554084132887,-0.2202275672294991,-0.14230435736196867,-0.26757249173136444,-0.10774742716967443,-0.1456062868689608,-0.027434497235711293,
-0.04182761403611105,-0.12889029271178604,-0.10947574670433542,0.019633551617119126,-0.10609143379529014,0.008035735140641882,-0.22465751330022612,0.006033083529438895,-0.24521881684684774,-0.1810893276992534,-0.22267025887510933,-0.022903596485933944,
-0.15067809536556245,-0.01879040117821534,0.01953825650167537,-0.26222122532656195,-0.1947748553533595,-0.1820534198104793,-0.0040174081534575376,-0.1881060496888876,-0.09201049902974984,-0.3223641928109322,0.020484072566619903,-0.05707975614068865,
-0.1447594999369151,0.029034166880478697,-0.007364830075071591,-0.07978264188345163,-0.16621442906169867,-0.11063795224528217,-0.1736714788278412,-0.21819891309868913,-0.08999626008833175,0.05858600260345971,-0.17612049136415625,-0.17940389395367165,
-0.18803871338467545,0.0499771526434235,-0.07736908155448446,-0.1003811108515931,-0.18133456995731223,-0.1789899716737659,-0.07613397402678504,0.03767704359006973,-0.04426217686804805,-0.16564003900778307,-0.22841741853056702,-0.13042677982088438,
0.6106145065816168,0.6060490096196034,0.6869365017972044,0.5997877856391857,0.6853232930523389,0.6094588783037657,0.6325520018025117,0.619290610640194,0.5766484724768839,0.6102745803363752,0.6290330654233378,0.6432586747959325,
-0.1553927551767711,-0.14096908606381356,-0.1668069917875013,-0.130380102277641,0.07296353919760042,-0.15710194867590904,0.006773210056302823,-0.18646365859154246,-0.09522545089270476,-0.134194359239275,-0.05675491164280363,-0.21681821285535383,
-0.040099287219076386,0.027350893716498462,-0.15896364385029962,-0.04207741274798839,-0.022800275431312966,-0.1077301848760761,-0.0949577377081843,-0.16623581355510994,-0.12339556318953385,-0.24560884449749015,-0.007765732330646775,-0.2556920032759282,
-0.09262101744411141,-0.12667856854553428,0.12506698247723685,-0.005888191806818139,-0.08690586877703237,-0.15716126551059192,-0.08966805478738497,-0.17987449735560576,0.018033124607422516,-0.12356598293816555,-0.19828681822516267,-0.24785254933927262,
