# Pesos da Rede Treinada TxH=  0.5 TxOut=0.05
12,24,12
12,24
-0.3437840066612528,-0.5099552700736601,-0.3860604152522731,-0.20872983112211077,-0.44432758205315703,-0.1849183859569265,-0.20477149641550874,-0.3651918308560212,-0.4085099452770398,-0.20684210989263555,-0.5717372187207472,0.4590006772132872,-0.5538444373294262,-0.16613655636009317,-0.5277931616822344,0.4485015995805223,-0.6209191531916137,-0.46479306440595414,-0.20328299941398312,-0.612760016526217,-0.28349286070052704,-0.25012551698940283,-0.31172622762688573,-0.6176909041740101,
0.3591396917756992,0.5965515561439445,0.4903809327790385,0.2722107345433747,0.3490743188728835,-0.9304263478552354,0.10303054436260885,0.14848902210178233,0.6346365022706498,0.229772503118366,0.22605604851577007,-1.3508787514611356,0.5481767838597762,0.11627929791489323,0.36296406079647714,-1.1100832023561993,0.14613503409150375,0.12915620276775414,-0.02344419737651791,0.35422678562510335,0.40814117833199165,0.288364568339534,0.5713803606764376,0.45808331302331895,
0.29740374250718216,0.7054913836543748,0.5207227698524584,0.25467358121125544,0.5824334211751585,-1.2131889245409093,0.012293659480727595,0.49736753381658044,0.32486572308330347,0.2341408900802999,0.4103136320778171,-1.0889572702312005,0.5235744510112322,0.509413002854996,0.36050911200388897,-1.435672462114537,0.6298708989153796,0.5781534573017407,0.22559020711876882,0.45878333907392754,0.3214340425114033,0.25551804125407895,0.24131362821514224,0.39204356162314513,
0.306406920672774,-0.011160768190784657,0.1425893007030392,0.24603592921758288,0.33323687729597185,-1.0031715367573273,-0.041884378219767295,0.27636414440193996,0.0029778878532348055,0.018656867143777726,0.3297865197028227,-0.7683961495206952,0.1272552708447241,0.1753291974245941,0.03995228193830217,-0.22984154302344245,0.37217072738504337,0.18867315588423975,0.23000836226865073,-0.11684900973603705,0.39856901366396125,-0.15260581111397306,0.21083919095570094,0.23992878759389277,
-0.27115386195887153,0.162893453188173,-0.21541799407318662,-0.08030647872733016,-0.22920971229047923,-0.7634704391579522,-0.05846251193837216,-0.2868600875852473,-0.21320572678404723,0.029283239247567178,0.03800516721221857,-0.1635271774260469,0.01668931731946654,-0.24261526938888753,-0.3174150438262076,0.19703492561563535,0.08190855419803922,-0.06868603701711087,-0.26107637175364173,-0.09035723778018448,-0.13897699321106616,-0.3234319824523987,-0.2301622372387791,-0.07003606396838394,
-0.4690741485410815,-0.6663377358984154,-0.6862450815888278,-0.505849826674125,-0.6367963461593917,-0.6575970525557735,-0.5160987322881329,-0.5573245780200793,-0.23558070388038546,-0.7382653879771781,-0.7259314945507093,0.7847853773177376,-0.39571834330749817,-0.7694823090413776,-0.3578751163606202,1.2968321517825458,-0.6092953323673405,-0.49609877240338823,-0.7617606252716996,-0.4502211146286547,-0.5277414248642368,-0.46165811988360295,-0.731588066748326,-0.3512138584404601,
-0.7422347706641443,-0.8575800039040359,-0.6064180041416867,-0.7723825998428384,-0.7836877186931379,-0.27720502276313624,-0.3846802107056231,-0.787645407824942,-0.8273000384192107,-0.6013327350516259,-0.940162413866291,1.4610372357878803,-0.6251605490691748,-0.6897576756781023,-0.7295303190705335,1.6352047456632317,-0.7914840545264684,-0.6758225222133253,-0.7341890829021568,-0.8974693227439035,-0.7682257415533912,-0.9749929175936365,-0.927260016011302,-0.6420290358250007,
-0.17272109138584266,-0.1252669015177448,-0.5591714226212467,-0.615300800861086,-0.5643660034971189,-0.7315069565670388,-0.6965964805707697,-0.14609897300736485,-0.5102910280007952,-0.47070486005886586,-0.26245763290066504,0.7069855816117069,-0.4724560183299603,-0.1305543140081616,-0.4230827252558288,0.7911019923760443,-0.3256541596999701,-0.3381993908377905,-0.2280855186201764,-0.15182168147414174,-0.47277252049227014,-0.5434822966792864,-0.4235919624021989,-0.2620807146541029,
-1.0452436539305814,-0.9627280270348151,-0.984387592291089,-0.863263628634005,-0.9391795740223728,-0.5311652485166831,-0.8501987679039532,-0.8496505553753838,-0.7979789786519095,-0.7684354737347238,-0.8551037103182756,1.6233755910129746,-1.1010164390050006,-0.8550286884484564,-0.8190984623434804,2.032222907114543,-0.7050943352454131,-1.0175619933708104,-0.8255176415442417,-0.610871395744908,-0.8986004694371791,-0.5688573383815845,-0.7167570744964544,-0.9840956657965583,
-1.010728690193127,-1.0452367399317384,-0.6641604581034489,-0.9090709955157437,-0.8046129971875823,-0.6141485432437154,-0.7875212677844934,-0.7267755904262934,-0.8619665111120502,-0.8004930758660445,-0.7957141411506853,1.8080319333105634,-0.9632913922632416,-0.8518532420725617,-0.6185986332723818,1.83876515948328,-0.9951972498423881,-0.5531242151225632,-0.7565950879393497,-0.8039975345044265,-0.8059949835077274,-0.6277229299568675,-0.9037921406341137,-0.782943770079131,
-0.6682740291785737,-0.806090629169834,-0.827265171695698,-0.6792973305816239,-0.5682679890312666,-0.7183451679874869,-0.5778996111539444,-0.8606541924760952,-0.7178053114458076,-0.6998625074304456,-0.7746420178129794,1.66217838625286,-0.6720127625420808,-0.7449124662000722,-0.6774934022723481,2.0360303771231414,-0.806664126673352,-0.9049031261753941,-0.6351892303851375,-0.9599765041375231,-0.8358347848255117,-0.6538383640532826,-0.6290998706170636,-0.7927927812694168,
-0.649997287062376,-0.740215233240667,-0.5010622599769892,-0.5472722114875516,-0.5695222476847303,-0.648392971448224,-0.40736056544856986,-0.6828974429459319,-0.7184535147473302,-0.5912030578168701,-0.48452001015297747,1.4415461977941628,-0.7138381041382053,-0.7553811159510349,-0.6499468906061827,1.5382527576312774,-0.7531135807987451,-0.7021570042004303,-0.45238981151064916,-0.5315124936695784,-0.6924581858589206,-0.4939462464129156,-0.43483259025176135,-0.832552698284739,
24,12
-0.23196384905216624,-0.3215789193341636,-0.29495408539023904,-0.1322503519285475,0.15255312909507918,-0.06249542270313758,-0.035356765458706335,-0.07959288248186557,-0.0031985207237423766,0.09775165776794609,0.0038934383521499784,-0.23054190845686348,
0.038680397931644905,-0.2301433973481838,-0.19881481208614327,-0.069541696952933,0.14159057061188093,-0.2847089905314348,0.029317006339855466,-0.2303974445014059,-0.12315164563943361,-0.10711791516243742,0.1360851040453288,-0.18604665797381864,
-0.16072170529426527,-0.22217911384135797,-0.05532608362863762,0.027247337068169748,-0.12918731223919813,-0.1626332436570698,-0.035718994185603634,-0.09851760910779875,0.03948230240532331,-0.23032242100266728,-0.16499518673468083,0.2159483249835169,
-0.21372130434039974,-0.08152881756846268,-0.1469802921793167,-0.23184503034300327,-0.14428530993209482,0.02193337097239334,0.10996252753123702,0.14527088162191,-0.26713863208784744,-0.013507769253258977,-0.12290823274241398,-0.06788164535292751,
-0.05129088360297605,0.009471550171660218,-0.17517571986511346,0.15087468315437336,-0.061137163790511685,0.06495503731809923,0.017396689970924955,-0.1441372043081071,-0.16130645836984958,-0.30161782259000297,-0.1189296694139283,0.03206856426454137,
0.17564617535901358,0.030321069170219143,-0.09800636356768162,-0.07387883055194283,0.10067558722478355,0.053267723993716265,0.21222946504090626,0.18659301990673194,0.2847195001870378,0.29057061615058183,0.29068065247453384,0.31581026395210227,
-0.3082807464389469,-0.10182602553453715,0.04008910542030369,-0.1204591846544327,-0.2957950239243832,-0.03172828217133513,-0.01238004078059231,0.03310710752540403,0.024435155036058868,-0.06190962322533406,0.032191374880218095,-0.039444940262811805,
-0.199654872612154,-0.0027907517609874095,0.12468216541879797,0.02295771094863934,0.11926818175885519,0.08295218157835202,-0.3111552171869064,-0.20937611756236918,0.022692878020261653,-0.04862808893567187,-0.2503484392656329,-0.04636648874922134,
-0.11093974822389983,-0.21153939448100773,-0.04062693201271895,-0.2658443447152734,0.12000575022002678,-0.19986645996412886,-0.13442881010680088,-0.16927159260164365,-0.09748502248022839,0.07397272651181133,0.045362448721322404,-0.062397681806912124,
0.15421846220890195,-0.04181858577176741,0.1141747822669666,-0.1628022989639588,-0.11699378399415322,0.004098519471831684,-0.17137301552344356,0.15742003426123813,-0.2421974011770051,-0.19280479695767547,-0.26710758628226705,0.08943728828626567,
-0.08926517103260738,-0.16848791182096276,-0.10974728131749792,0.08264087366826557,-0.224794995680697,-0.03775899543605489,-0.12214163047280914,-0.026141350666534398,0.04598340248867828,-0.09736487218473083,-0.08888774428900834,-0.13887593565102718,
0.4406063949146857,0.2042161204926151,0.3343331603016899,0.2896646477403273,0.49000611723427584,0.19629122403182786,0.3845468904799236,0.43846289523896115,0.3218584647370169,0.2479828984197381,0.43145487609590377,0.5057625937356107,
-0.23082967005521066,-0.20543136553437652,0.09520894436873467,-0.12914298845025748,-0.26320592769267875,-0.33226693224634907,0.04373568189640184,-0.11255328224892135,-0.21914430825029876,-0.023669742967234852,0.01736902803349291,0.19922153048839567,
0.0954361129037854,-0.10104257568502503,-0.12651426004651933,0.017376523091916174,-0.10364204638645437,0.14197613814921742,-0.17954350024230498,-0.13460279060961705,-0.08474114484007446,-0.059699793265552234,-0.21464894743608937,-0.014495095112369778,
-0.12293440567337424,0.1098115803075074,-0.2046054182413215,0.060197023655792645,-0.0341168810584408,0.10277410961692798,-0.2967453124063213,-0.14170715348550983,-0.08164181912026862,-0.15143899000279773,0.015210262202956952,0.08338171909246372,
0.31442697541249487,0.4563353777145489,0.40494909456350664,0.4336862942666896,0.2948716447011159,0.5253684101871353,0.42338725892567164,0.37584312727410396,0.49424757320125823,0.597187701297608,0.4005185559709999,0.33236089108500005,
-0.20035322041018025,-0.11765843715031045,0.017126428389959637,-0.2052821647814606,-0.006626378968963306,-0.07647636750655527,0.022008890569664635,-0.09097560324014377,0.01372140894387805,-0.0031292149563715635,-0.09508539428354609,-0.3048347449830951,
-0.06369939287598819,0.21503613750420597,0.09537675049372504,-0.051193522548949155,0.22115954931647275,0.16129338813671798,-0.19968778091034545,-0.13568025182496646,-0.11547445559094692,-0.27834558106311436,-0.19133239962423196,-0.16319638167238176,
0.05845923577715979,0.09705205027060569,-0.020169913518847518,-0.0834334112942763,0.020641020339853097,-0.09867008410075234,-0.1739365925093147,-0.023069113970360967,-0.17107940890208465,-0.07585900187203111,0.06781167669319071,-0.25016701321565304,
-0.17833164209915942,0.08407256940212897,-0.15553959914778354,0.1883804907057541,-0.2561438588222929,-0.08765446611782216,0.009174682175203484,-0.0324589110645738,-0.026700232680207627,0.006802877857562438,-0.20917948770791378,-0.18326308824475326,
0.1777387732338127,0.031846443866415455,-0.19507447713396325,-0.15807941773129633,-0.0430787502591975,-0.1558348902487327,-0.18718236755837678,0.02457166911735325,-0.07185366701808578,-0.17600439349299718,0.08139326349456011,-0.2236306852317316,
0.2042564745663327,0.10731896478665481,-0.034846708751500484,-0.19295192129856792,-0.2818774527825169,0.14250033881467097,-0.2462294997582381,0.07771181346948297,-0.23546794273172644,-0.03005271046056726,-0.09758676370911736,-0.06518119403830128,
0.14654678231653978,-0.15648556786660658,-0.14841168921376896,-0.18604568491605983,0.054512231210486047,-0.3097346356303601,0.014795125189022762,-0.134609726632026,-0.07291051793238243,0.010140610097897986,-0.18804793965715721,0.02516874068140053,
-0.12994998688162318,0.11218786206642485,0.1074943777656959,0.0896048296829293,-0.31863240412638,-0.2414036363331846,0.14989074588904433,-0.21869680031857233,0.10376604809805584,-0.14606145449091376,-0.09649390273053085,-0.2576317653438584,
