# Pesos da Rede Treinada TxH=  0.6 TxOut=0.09999999999999999
12,29,12
12,29
-0.6877207723583338,-0.32128592719185206,-0.594739223025171,-0.3382961170187126,-0.6728122820961656,-0.37971295124911264,-0.49737247275959084,0.6713624239023702,0.2760128640125186,-0.5718434896062684,-0.5593628539928782,-0.4102343799215423,-0.23109903019883254,-0.5010134293101616,-0.45157940264923996,-0.3292068663944918,-0.5057911099829623,-0.6155430615343725,-0.3894815220349744,-0.5637608535876953,-0.33786701126283186,-0.6055975562409367,-0.30198494392024705,-0.31249600325289695,-0.5950594231037604,-0.4462944136980502,-0.6782460121181411,-0.204889951158925,-0.1574269708517223,
-0.18870183104278845,-0.21712533777329351,-0.4479254475976716,-0.4551569651363094,-0.33479505049654534,-0.13568778239858262,-0.3129819211075097,0.41069642019057406,0.23246145585736808,-0.2468744236356874,-0.5363690441775797,-0.5876062512427059,-0.35464518287621677,-0.46041530633251715,-0.538391256841317,-0.1753300781864345,-0.5456006609239064,-0.543627966798903,-0.13867558377172415,-0.29598084745774184,-0.4173565144914445,-0.2516291990134401,-0.43981856261274854,-0.42359393752003743,-0.4580493440504457,-0.30823279439208234,-0.5620468320725311,-0.34794438236662745,-0.17748289837376038,
-0.5461071386858319,-0.14277803270766376,-0.4542407925661996,-0.5079187425511991,-0.40249830847518997,-0.38627943726051,-0.184719492564549,0.2945111145712765,0.06533668315148337,-0.34883356643823027,-0.27573690823471336,-0.37758304478696014,-0.3990447104607677,-0.4423908526780859,-0.5486198297287282,-0.5741828249757998,-0.25999192252362824,-0.5203658525055165,-0.42427122936233025,-0.5057026696671442,-0.26111182329481575,-0.41625450200017583,-0.18355107872813214,-0.4943016941587791,-0.5650828150840047,-0.47922428391075933,-0.3931129467510969,-0.31182461261767785,-0.4917169289063161,
-0.2768530636914769,-0.2619850162976321,-0.43398891801009476,-0.23435845831998087,-0.5612356652933147,-0.5451076089501011,-0.3772368906332591,0.3453641836120117,-0.010529843367163876,-0.6109451394400136,-0.22247875567122252,-0.3938727719575939,-0.24646481724671043,-0.5758514731237103,-0.14835158301417897,-0.4456348012870258,-0.351440159522917,-0.23363527784425564,-0.3818732567299626,-0.26525440187849386,-0.485976165464506,-0.5551135036281997,-0.36115174235394415,-0.18540840920771554,-0.28818407911180316,-0.3253214094696057,-0.5837579088531323,-0.498362197593609,-0.3814413329189688,
-0.3484724274995989,-0.7001598468005044,-0.44471869834352207,-0.7011373155162376,-0.5291506255824632,-0.5604670061337489,-0.4779474432588119,0.3116609388749365,0.38762691413636874,-0.4270391297965412,-0.31950216210424714,-0.3021554805331709,-0.7373434664575796,-0.4309676435074581,-0.4331788657975604,-0.446296035263531,-0.5073911454240503,-0.5183765546375604,-0.23640599736423157,-0.5509315710493065,-0.7026234250771786,-0.6638026649205575,-0.3255043704779169,-0.5188328932791727,-0.5770789773166232,-0.5315179380304837,-0.3987935579300395,-0.2678317794729548,-0.5815193829471222,
-0.46450608500033647,-0.6401432285860105,-0.40450876608175124,-0.6405227829224266,-0.26628037961734174,-0.509403497681536,-0.5380861087804124,0.4787235052084657,0.107145058578612,-0.5563746890591117,-0.5588894923708256,-0.3436905030034892,-0.6206315773563181,-0.34696145935465156,-0.5578789482384345,-0.5229404562074426,-0.3783405422658004,-0.5205297187047887,-0.5699135228299843,-0.364486896820249,-0.5231745517532654,-0.33362792639289435,-0.44258518788394247,-0.5309882526199498,-0.346329539968835,-0.5376135823132078,-0.22955500609992013,-0.36148981405228925,-0.3961420549594784,
-0.6033360478549125,-0.6401548587017355,-0.2569285228298633,-0.3435633540265763,-0.3791259647555836,-0.7003999395403279,-0.39678232606277386,0.5833929420589191,0.23725744012942623,-0.5429860147113081,-0.48292806432457175,-0.672383954450183,-0.2333468974262553,-0.27101477074662617,-0.4167502667185959,-0.4199474050241963,-0.4405648593991479,-0.4480478075217997,-0.6463118019525363,-0.44983398527145535,-0.3226651795291836,-0.5273327567392958,-0.5623764766122071,-0.4562674413000802,-0.3720365789191342,-0.3325343310698644,-0.5237076688523233,-0.3985747904734027,-0.6481528462857341,
-0.3657358078242541,-0.22433947669945883,-0.39229468803640094,-0.41775040503949473,-0.2573283987748074,-0.35769840737885483,-0.25879452416348137,0.27958073173194764,0.10104782660356809,-0.48367702066316537,-0.42818459845622525,-0.25611836982475583,-0.3533637060235208,-0.29617439511499577,-0.2000387685892218,-0.18441419366213246,-0.18247195048967785,-0.18697993737327906,-0.3842233920992778,-0.30855211521295184,-0.3760522049513697,-0.39877696175322297,-0.5834081155328488,-0.21458029526155764,-0.1615862181873624,-0.5652623148516094,-0.5991933374896454,-0.661970277351432,-0.5679119559625333,
-0.225370241911503,-0.5603700744535232,-0.25774176139436417,-0.4126293483274112,-0.18611822988515547,-0.26905661561096084,-0.5567865213063191,0.2347163031565377,-0.022697143269478578,-0.48639743756995824,-0.3734002161460863,-0.6003719855933286,-0.4055931420131167,-0.480309841339197,-0.28297490111729995,-0.5772568840715824,-0.4354404469470021,-0.35179245811242293,-0.3309194845033132,-0.3595141713477954,-0.2792170081920424,-0.4239170333258474,-0.252535588097585,-0.5522378719672884,-0.21283011893100484,-0.1712068477923202,-0.23717087785549743,-0.35072061153983924,-0.3130372874755624,
-0.29123676500106643,-0.4214925694417183,-0.5458405251931925,-0.5368496103403615,-0.6550297245524602,-0.3305688295534618,-0.24975726391292924,0.4293859820099691,0.07779136173951247,-0.29985942227951473,-0.46495168423798056,-0.33930350728754677,-0.6300981486862918,-0.4098997048908491,-0.6132296165346229,-0.19739170032588177,-0.6253244074562556,-0.3510947078827978,-0.6153935425141627,-0.5241507470263449,-0.5030926368163384,-0.18510365072834908,-0.5189754840464257,-0.37484680225791245,-0.3315634126075895,-0.5287984577740176,-0.2459412942356004,-0.7027405701931457,-0.16218099777350298,
-0.6211839955004703,-0.6409136555900127,-0.6004703287963317,-0.3614923192816771,-0.31353888298838356,-0.4622921842519811,-0.5129489719738638,0.1527461546547969,0.37395781556979213,-0.2414188549302385,-0.4673373495561244,-0.5332388417294387,-0.4500544533360082,-0.579829280084576,-0.27919743840483024,-0.5049795184664521,-0.49334275966109586,-0.3643665950656094,-0.5397053383959479,-0.36162430268665763,-0.6142186008600617,-0.4376245456974786,-0.4528203840126127,-0.5371005092166834,-0.6420046716795949,-0.17642564507945832,-0.4850333458582473,-0.6600069242278982,-0.5767168324846059,
-0.40055918420913195,-0.4498297300073865,-0.47055235764277814,-0.28942188022685283,-0.5175634738009411,-0.3208315850692204,-0.6758162336004293,0.22002140619972374,-0.10702237783948257,-0.46751485497310674,-0.3683836200471595,-0.504561334960698,-0.5988802799782275,-0.41528048174041904,-0.5257037938823974,-0.6331985622924136,-0.4172289235758045,-0.3267134824802748,-0.3053024651939012,-0.550034990951216,-0.30708359624778475,-0.3375105884658331,-0.6066110708999491,-0.5590892934938385,-0.5558812591981792,-0.5659399405822096,-0.3368090950041501,-0.35959113425063693,-0.5349815207902251,
29,12
-0.19564730612244946,-0.20793829886495382,0.11855810575651737,-0.13942035742918585,-0.022082827691154196,-0.37481966446948106,-0.04716665233191223,-0.19767044177853516,0.07373877490394369,-0.37531159473491144,0.027808160353867403,-0.21205334698645328,
0.06023787878047462,-0.28217717231012807,-0.0659702873417737,-0.2898764360468328,-0.30266120075090597,0.02820351799788188,-0.17306803578614544,-0.12353606693554912,-0.08298782188507368,-0.2676941091624677,-0.48641257536892074,0.08295778605931019,
-0.016155059083215226,-0.2513786087902426,-0.20498409919682153,-0.1612661615852625,-0.17400951762439915,-0.2218967349583542,-0.29058552601869664,0.030697666028041453,-0.36664709274000035,-0.07793961909172753,-0.3193099659524716,-0.32279236180272525,
-0.2249311596895755,-0.3029513587620537,-0.021040549275428897,-0.1928867733553454,-0.19045460356004126,-0.20162254240365565,-0.28316524997434517,0.01310623451305347,-0.1932718652301634,0.0051248201083283875,-0.06401338708010153,-0.020377068044252836,
-0.32180524731853705,-0.028723755065502458,-0.07430504660729721,-0.17587488285880384,0.1393716773886169,-0.2162564773988428,0.05093627530123697,-0.3625351833555007,-0.23414362253484414,-0.356029552659451,-0.034979353803402655,0.0726444844524208,
-0.19752612185145502,0.13125110699463094,-0.21022986069336957,0.02791914721413984,-0.17234951588887923,0.05852734738536207,-0.25696567146352073,-0.07659214174291804,-0.32200302641330497,-0.3991960550614223,0.04721655913071976,-0.084896041075813,
-0.10486705097335741,0.015392687102903145,0.0756453974652986,-0.19555609221952394,-0.1921020074902183,0.045026751169822576,-0.14688317352789834,-0.05425134567630526,-0.3326748490518046,-0.3443258563879583,-0.06941370385337618,-0.2254961568431208,
0.7212479294930924,0.6723692735427854,0.8012677087046413,0.7647018636400208,0.8237615186295434,0.754131606425352,0.761787141520737,0.6892839046385159,0.6528323865871749,0.7883348055133803,0.7439233371408346,0.6857336949667876,
0.1699865708691483,0.039839529101076646,-0.014923519327292838,-0.011568640816595702,0.00167748235954664,0.11171957916446403,0.15680219808393916,0.2839311720012315,0.3490246368219306,0.23058614629324312,0.23513903647398546,0.2970788981791709,
-0.26052407775099945,-0.0058375565355825495,-0.11751264129971199,-0.23928458793966795,-0.043886495799004735,-0.284393681745294,-0.11796663316187829,-0.15561873195666528,-0.08031998225957851,0.0046299709440830875,-0.06383188125115932,-0.36017649595063983,
-0.3183742591221042,0.035842990992601416,-0.24480080019962352,0.09056661964177656,-0.010018913570439632,-0.14982799344930678,0.00873841622924698,-0.022664226243429373,-0.3601862127932068,-0.37801902524414577,-0.029789616295315343,-0.20506413220901143,
-0.14092785830328836,-0.2856804285310174,-0.19961711388579964,-0.05753058066618072,-0.28364570988665816,-0.16983036276413613,0.004125050356771415,-0.427860904724218,0.0460154939193209,-0.1655879557965991,-0.45343720787998815,-0.03131014158657745,
0.044998633767476925,-0.28387363475001365,-0.21650300776146247,-0.14430553993555478,-0.3118822331033012,-0.3307846248833944,-0.08984321142860179,-0.11636257587063673,-0.13831517136152896,-0.1365061632309593,-0.3541830366507546,-0.14494610655606896,
-0.3170885218120194,-0.12431772231872161,-0.21071510859245465,-0.04373241175087411,0.15718816346627085,-0.3301712461961686,-0.12038992916932494,0.07261178004120891,-0.16390712335902188,-0.10576979482232542,-0.3756524097431116,-0.3296812076435661,
-0.22120273711324934,0.12137222309381049,0.006376202222932395,-0.03974446207410705,-0.12121571819106704,0.08380855469152716,-0.087106705542364,-0.3149904212449557,-0.34373135848866854,-0.1428966587303028,-0.0589017773714267,0.05314079360885889,
-0.03564230283502845,-0.043824260434788355,-0.1845708632485306,-0.14132897555532153,0.09224838926942037,0.029416831395891054,-0.09826236278189732,-0.24824398652937582,-0.31621977798570955,-0.309088303995009,-0.0404607799418196,-0.1309578265587879,
-0.14103525525776817,0.15560963679245157,-0.10721991928880609,-0.27469966640023114,-0.15448993470788633,0.021069348273385014,-0.2482978753326882,-0.01383906359871161,-0.2599079540572864,-0.3318935597013801,-0.37717453088064906,0.003525225049307925,
-0.2990549015596721,0.10011434190974228,0.12412028553805929,0.18160521596227305,-0.3245780415474004,-0.22894964448628682,0.0010999959179934554,-0.2957877519525116,-0.10874995336629444,-0.008073403893031853,0.014868405988218212,-0.20271387850732736,
0.12531430615393233,-0.20903213004322788,-0.15199254662853845,0.07752548234859642,-0.24830515448446436,-0.061423204144356244,-0.2182094762158249,-0.12208438743023896,0.04536467571176672,-0.3054104932748568,-0.3268934207675922,-0.1765834805952275,
-0.253907220148378,0.1163208075739501,-0.37249274670632965,-0.03998097837087782,-0.09196820144867336,0.02841634796208315,-0.3292159491809535,-0.09480681373029187,-0.026968131884226303,-0.23684351468968942,-0.011838167126625068,-0.221418660807706,
-0.14730180207767352,0.20642253552885173,-0.2428755230467637,-0.1835379192384145,-0.27896059098981013,-0.3753686535456269,-0.34159106322389116,-0.0047207690506089915,-0.0716789048576935,-0.2402800391399519,-0.1609704108671701,0.047905677938137645,
0.09242298900635308,-0.18420506103514378,-0.18084051031552895,-0.016125113564575168,-0.15272760624493562,0.024534054186923254,-0.13379574906647962,-0.1615911934056006,-0.31582728162481893,-0.01144970644794657,-0.22139117646889564,-0.32043043915638053,
-0.03944812789794189,-0.17095721966902971,0.018395651201176914,-0.14085382446403477,0.11711089862104793,-0.16743173548524853,-0.2729920346591859,-0.3534562663189016,-0.032226616968059785,0.04374399238183071,-0.29347041886564473,-0.18684619869018845,
-0.1296692295708257,-0.06699779476071793,0.01204497371832203,-0.17321652881738786,-0.24575283814269241,-0.2868172853406279,-0.2599872469464074,-0.07854059467933233,-0.29892702066637655,-0.11621289034462673,-0.2473864618076597,-0.010597127901950583,
0.01883204108454823,-0.22619124426218093,-0.18352431585070283,0.050399873705631246,-0.13908385692779018,-0.1223633184145702,-0.36296765476804826,-0.4095755345061777,0.07957110593169733,-0.17699838056116773,-0.11230053565828298,-0.31037757331648297,
0.03339022158965909,-0.2668707374681544,0.05699143890646556,-0.058277204740369126,-0.15131090645433037,-0.034128387011357265,-0.047462886461534695,0.008172058328125864,0.002746407986810613,-0.3908141972601784,-0.05384224820369427,-0.17646525796529403,
-0.035013712122271466,-0.18087947941194776,-0.13265513136831403,-0.1999221633297326,0.011034574102586502,-0.4179884386336314,-0.0321230485197229,-0.2809752752763458,-0.009015931518754936,0.003141948999745336,-0.2150445507414489,-0.31659778043728665,
-0.13874885810408394,-0.1876077756888793,-0.08420817346487423,-0.02162428620067362,-0.06855019847083661,-0.0012925631570537097,-0.09738887068138559,-0.15306761816640838,-0.1380170190825589,0.09138189023371508,0.1394442149588041,-0.2140156817697205,
-0.25416073792426397,-0.08706589611893631,-0.13093352347369505,0.07032510701483405,0.1030408556036789,-0.19012789559789567,-0.23875452569633693,-0.1046647524588257,-0.3369555647219335,-0.08430398527303767,-0.2618445298341057,-0.021334215058298016,
