# Pesos da Rede Treinada TxH=  0.30000000000000004 TxOut=0.09
12,17,12
12,17
-0.6816679149870903,-0.6330788337166554,-0.3954823987660429,-0.7691775983357788,-0.7649558257508821,-0.708463880288971,-0.8092544559285206,-0.7332802363005415,-0.6637490022983943,-0.7238861240341367,-0.5515401196574032,0.19541646469674415,-0.701881327826647,-0.6095479729202332,-0.6647374651498543,-0.6314800060489946,-0.6026848410941099,
1.391373608431958,1.0790853722404032,0.9548905764674133,1.27528237233421,0.30178126820268386,1.315124683315329,1.3632647671844313,1.122252726274931,0.08444410872681964,0.9972921658830455,-0.42881367171007273,-0.625845658699464,0.9294031011067482,1.4207776886811345,1.1567166974191576,0.13342992798560674,1.2294700866249941,
1.3902750692607744,0.98350317796883,1.3783328932004264,1.1620886802430674,0.3748758827342548,1.4009465324315922,1.1007705308694535,0.9131294688057161,0.19499510886102664,1.062609447102998,-0.1730882556369244,-0.9878280066444558,1.406691447876876,1.6601620782673785,1.598930149688432,0.29247054060946276,1.2723845234016677,
0.717878267490672,0.6710970015020108,0.5896208214219297,0.8634365061063335,0.0885025039351489,0.41540278458140384,0.9103565920833487,0.6979608680554604,-0.1697475328280457,0.7229989877431224,-0.5834163655641229,-0.3084485312902856,0.4657809818591056,0.7790870199179132,0.9886696083697573,-0.14570669271916484,0.7282924362872403,
0.29108675816254354,0.13148307082184388,0.29055675012922527,0.30630450821581856,-0.22608835665198504,0.34531284354221153,0.4275100354822705,0.44083832194616007,0.025377637639770006,0.4738407449856784,-0.43499483666365835,-0.18283291851297376,0.3597500735169553,0.6175087153299201,0.6101503149182799,-0.24622197603052084,0.5304184705353167,
-0.9642825661573781,-0.8940550876613739,-0.9209888204161452,-1.0310047655081802,-1.2524943511260234,-1.1671289857249865,-1.2129778767275858,-1.0223560760329395,-1.1709228224530273,-1.0750506443394052,-0.7730059230218331,0.8974385460547499,-1.0556389573667304,-1.0377272193486162,-0.9790986438865243,-1.1646335245872226,-1.0389948960657593,
-0.9618196456411923,-0.9477723195350709,-1.2631963379125224,-1.0663429574849799,-1.0729946842662963,-1.2185676968561043,-1.0416779796319515,-0.8780608861467125,-1.4775806688984516,-0.7785742478788737,-0.9548933214358251,1.0120409167122093,-0.9498981015582599,-1.0640163932607845,-1.2029541172580347,-1.148758136688282,-0.9836201656606133,
-0.3284713170694025,-0.3292701912661837,-0.1278006910303103,0.14294905318953824,-0.8783441214905113,-0.08906764903320208,0.027502611174208574,-0.19391660187783857,-0.5804923381732464,-0.2504106095028834,-0.5152172888732782,0.7258966191793532,0.024627464267578742,-0.19766463644754093,-0.19230734673524866,-0.69463343536611,-0.1929832527461984,
-0.7789149528551489,-0.6735662614941084,-0.8605534475639115,-1.041242309272585,-1.1879647273978704,-0.8739566726978997,-1.206740464211561,-0.9737140276144669,-1.2752035044688446,-1.0579062004843265,-1.1075050819533556,1.6411420550884623,-0.8363811203606655,-0.9028794683204165,-0.8349329833356797,-1.5569938226220343,-1.0532404177436856,
-1.170249351284577,-0.7441087068277273,-1.0511145285566212,-0.8720946177214858,-1.1948136977889616,-0.9151924108550434,-0.7918533162108635,-0.7807523599079921,-1.2171745878847091,-0.9510420563223451,-0.9669973234555546,1.2429664548460955,-0.9672802021584954,-1.242375583020178,-1.1713991697766148,-1.0904686074568417,-0.9740014687817496,
-0.933404385946915,-1.1930694134720408,-0.7898641449185303,-0.9293255647172003,-1.3333190288202483,-0.8244692132541326,-1.0470460974111895,-0.986958363199367,-1.2469825553924432,-0.953608445889433,-0.8806319851326427,1.2397979920549291,-1.2117763558510983,-1.4152571447956075,-1.0960381201549358,-1.2039086356473423,-1.0753401140783392,
-0.8368047583501055,-0.6502501986159596,-0.8234582731107889,-0.9196328036289103,-1.0807914569376547,-0.6012538103069559,-0.5937336076669106,-0.597306591570889,-0.9704031247878901,-0.5401971692795547,-0.8566016278438426,1.4288324563619483,-0.47148870004732607,-0.814059790819296,-0.8889536528216604,-0.9059983434131303,-0.7082073126920843,
17,12
-0.37578836162214024,-0.1508084078779402,0.07196633520676414,-0.011289004198090527,-0.140006474179911,-0.30556269458406227,-0.15622482947808422,-0.2939016245044165,-0.2502556072580588,-0.2572347686360155,-0.3399854381276205,0.009650947789464525,
0.007630061151708421,-0.1964439307267389,-0.029869902136126225,-0.2572656003251498,-0.035158928382320154,-0.206682179855953,-0.16924951994473733,-0.12101444758902827,-0.12523805355215464,-0.1714754144513618,-0.30063251825489623,-0.05400377091674648,
-0.0936933800597207,-0.30874546230116684,-0.006566959052270569,-0.009084851495828798,-0.16778240808476727,-0.32160075238383135,-0.15860666254084013,0.02431859247114834,-0.15834327355518538,-0.23707887278724385,-0.19196556155817956,-0.2738153719003607,
-0.05891826300229156,-0.21377569613075997,-0.2957065829607372,-0.28958122828753746,-0.16389738764109693,-0.27382092970290794,-0.21212270931937888,-0.10004390140261249,-0.2524576393254809,-0.13754647353146993,-0.17622904974668477,-0.2711553962240776,
0.44016942951126664,0.11225200819686097,0.12944539165820754,0.29621687489244763,0.24532487802211136,0.3934709856851654,0.27575222675134775,0.19818777464843343,0.28175145200635726,0.2378298447234235,0.3464433031968635,0.06498348369763578,
-0.20233810073256717,-0.06415224027588007,-0.28013924040863447,-0.18514147616895457,-0.20367653200488786,-0.037587110995110376,-0.19674981206167347,-0.3163450985941325,-0.21279917334187679,-0.11917184497125838,-0.29645928952780054,-0.07755752830606834,
-0.16294184066697856,-0.2594262017713951,-0.3798612021652811,-0.0683538034290611,-0.19157868812838028,-0.05032657565188932,-0.23815923557304544,-0.0379654377244634,-0.18381707262364652,-0.3210556442257886,-0.1620686299070289,-0.39220014214171184,
-0.018852024417943782,0.011731795372203457,-0.24818396721542807,-0.23726269132160321,-0.21371344468288575,-0.2911408032348922,-0.007861371300874422,-0.2392635033411096,-0.2103611336493924,0.012999649978642027,-0.15335904992521798,-0.3018524974654604,
0.23968152844471816,0.2937210542863251,0.13398855608780172,0.3317323422482976,0.44104626690886295,0.39008275552051985,0.41905538177989776,0.3594605597216889,0.27880203705930456,0.4381824553186961,0.31678927666458867,0.4674018659794872,
-0.35788347654784236,-0.20726631049526548,-0.17013495066150028,-0.1899688874408269,-0.018067891561510802,-0.018481257021463117,-0.28483589643470547,-0.15298188725144776,-0.24158718784287334,-0.14466803178960233,-0.2218507845727819,0.012888952027296669,
0.5726437262147649,0.5580013165754659,0.43770234851567114,0.26936468751577036,0.22602719479529568,0.7000519639563,0.49432242371511265,0.6858445334706232,0.7696002782437058,0.8484926249896347,0.8592410645419741,0.5434710867527459,
0.9088554823319928,0.7843414225496693,0.8551037532762134,0.8265342269529702,0.8988417655566767,0.8995117882301354,0.9316569209803038,0.9646442132071543,0.9629799000443011,1.0074962550794198,0.9840937090566434,0.9638801295561861,
-0.029180816911300776,-0.11321634358796354,-0.19609478470114364,-0.23612686764018143,-0.2018710316612449,-0.16995568828197177,-0.17052889196983023,-0.11055705301603408,-0.0811079278897272,-0.2634427251055842,-0.14657644858622965,-0.23519726970691512,
-0.2050118665876035,-0.27567639455062387,-0.14480856095307132,-0.18584015951012353,-0.21589562046154523,-0.20235278245925628,-0.3221958563238221,-0.19043153769494375,-0.19487727675175798,-0.4229504948074951,-0.2382219023114769,-0.23093795318493648,
-0.32843429150774517,-0.09540413366506316,-0.032915629827594314,0.09700009063298584,-0.3150892138961856,-0.054849043259802596,-0.16238341036612491,-0.4665012092150932,-0.2380722939198185,-0.3771331244504095,-0.01029566055813198,-0.3711863398666492,
0.17796515480553873,0.26548817452045864,0.4078521743433385,0.16600966710507511,0.26100324824489396,0.06079188427266271,0.3406155467675622,0.39282906029980547,0.40380589482252865,0.3064690603860793,0.3951085226629437,0.4657019011640247,
-0.37049127641770074,0.0016248271849096275,-0.1963303098677457,-0.29623366517074,-0.16498645155900005,-0.23676895508218793,-0.14769908382429436,-0.32054669469521907,-0.24952248738171487,-0.07593285039578589,-0.26672673355010496,-0.07068949706517892,
