# Pesos da Rede Treinada TxH=  0.9999999999999999 TxOut=0.060000000000000005
12,14,12
12,14
-0.22249118414432784,0.4183450791752678,-0.5721850972286545,0.3706814383702187,-0.2537944589473062,-0.44212177952128895,0.24358085205999033,-0.5359288122372509,-0.13366426483081878,-0.5752625270486479,-0.27564605685745175,0.3397465711303618,-0.45751600069404047,-0.3933862385693462,
-0.4184372946024296,0.3395470437120663,-0.2722045893359431,0.3851098183298155,-0.43745369001448814,-0.012570304392926081,0.4198270719439593,-0.08632052745002423,-0.5587139099760277,-0.3425073291909837,-0.21975593674468785,0.4645738637362303,-0.16078073698796547,-0.08312185150381932,
-0.47542346705982835,0.5281379142584662,-0.5565700362856202,0.37020250938139415,-0.4986712905335221,-0.2143242242491231,0.3825727275283353,-0.34530190096059177,-0.4162288454253369,-0.5683527998111033,-0.5133860772427304,0.25795825329868616,-0.4545712833620346,-0.1272631232432568,
-0.2778134368173702,0.6110020098922052,-0.14208055546216547,0.2399139989465355,-0.5929657951601217,-0.31850872085704557,0.3442467443727601,-0.13181445033474404,-0.34640195619897274,-0.4938054047870276,-0.40890623778774643,0.6229421172315351,-0.47566442279289645,-0.1772445353755662,
-0.27083083337030556,0.22448990766689453,-0.3435551031018228,0.4954668673520056,-0.6362698602918773,-0.07521309484872135,0.27897231062614214,-0.4052260330002177,-0.354289335428779,-0.20149472956269596,-0.24230175184502273,0.5327195283475913,-0.4869708117644934,-0.453006524420373,
-0.5337795827145989,0.232560839820961,-0.40347611110742254,0.3430906749334427,-0.38907584423715535,-0.21018705431505696,0.34790146133666855,-0.5245029757628433,-0.17853532723792062,-0.6268509065773645,-0.11730340618709582,0.13226271015011767,-0.39155726354037984,-0.6279272985035983,
-0.5156955363894525,0.13078413740068515,-0.177287649018416,0.48285807233806105,-0.3059521184771793,-0.21322207682089378,0.16298456992812224,-0.2641479843359421,-0.45498311402461106,-0.3151927892680918,-0.24129582101706404,0.5150528054801683,-0.22577201678719835,-0.5293373000446906,
-0.3377425939484403,0.5803630503635613,-0.4676876203005693,0.5298068811711588,-0.3008105886889082,-0.38390326269120867,0.27819379651488224,-0.16051337127783227,-0.6001238322319968,-0.42255856388430646,-0.6205407977627825,0.5027310985457999,-0.5233678923760429,-0.5843019079853894,
-0.25933932353752126,0.19685808359901383,-0.48243406760164986,0.17841181456117147,-0.6129838732144519,-0.5945299220592245,0.20843757419492745,-0.4953499127320089,-0.44377002488279643,-0.16943845775824837,-0.5005201655788746,0.11857513967357967,-0.6049055932694503,-0.3494789066739197,
-0.4629012142187971,0.4189533038095545,-0.39957967448738707,0.1810827938365342,-0.5195990086859695,-0.41302262688093105,0.443241798320704,-0.3330759742729233,-0.5545146019605816,-0.3478818641997629,-0.4044121747762406,0.5670091587636239,-0.45018934662400717,-0.34222887951567665,
-0.17492627335027378,0.21643862894655375,-0.26665910549079647,0.5234703639659244,-0.29695770827411627,-0.49402944157285117,0.16461953314634037,-0.4541738250000873,-0.47816233061093066,-0.44418911029997643,-0.46477228820205363,0.4278121681462478,-0.3658144680521299,-0.5545127215511576,
-0.6058920443897107,0.5408379731713194,-0.4735558075095224,0.5095579413073513,-0.1633630006298529,-0.25062887935824885,0.4267120872992955,-0.4130791559898313,-0.3190694182481754,-0.4625672737441886,-0.5477073283811943,0.16677495731814962,-0.3664016893989584,-0.19763601659812816,
14,12
-0.10123639045387064,0.04195621116434323,0.029772983102199304,-0.18758697816805547,0.04875174532603501,-0.08704174090251432,-0.31866568990614563,-0.09548933386222949,0.09785642771007895,-0.2360470546697075,-0.10395518403295301,-0.22090614688617197,
0.3397980792434717,0.1096064655659887,0.3470290003331027,0.08211935123400564,0.2541876825099421,0.14793538545445073,0.39104957872686125,0.1001715425879303,-0.06127452254022286,0.08847717324271492,0.27382313879357323,0.2703455292057974,
-0.2831019698792868,0.09182430141282527,-0.20083498406892264,0.13253161421194087,0.02502047527602252,-0.23973045999617973,-0.24905636268779763,0.05271026412090786,-0.23862110108453397,-0.2795950563895137,-0.1417148713149801,-0.00392146913506551,
0.09341093272646574,0.06107387762558893,0.3454027870925635,0.3593971362246766,0.3185372812838429,0.037866361079109706,0.2826804126318485,0.3231890787991456,0.40192981539243694,0.1955203987593533,0.30354486694812133,0.2866233123810858,
-0.07306588947901262,-0.1655421432861303,0.13883287714415374,-0.10279095361551031,-0.3179792793124134,-0.1428871826386546,-0.30679698703893044,-0.12329842208881597,-0.03001284310037791,-0.28948832603895147,-0.07243654724920197,-0.2656841525557691,
-0.04722469827312677,0.05860827539683512,-0.19090284154271636,-0.04027451832631727,-0.17608460778294988,0.008733961616885635,-0.1768144709893497,-0.08562289286895018,0.015114044872131697,-0.07714399974933082,-0.2687867448707074,0.1405147871633311,
0.06669215095144185,0.17508070006306226,-0.006250991990552356,0.037068260069627816,0.13082823828355553,0.18681253844414827,0.0906715843827905,0.16440962211651924,0.23172167915181285,0.15508503684726663,0.012167271153161609,0.20195182118707503,
-0.009376164203227098,-0.12390790691623893,-0.009838483704040914,-0.15469353183665263,-0.21293968573347058,0.04926237975509741,0.019051642548280394,0.03569096331838663,-0.19203519293651083,-0.025820762696512185,-0.1589653206767035,-0.18790358612539984,
-0.2010387540276267,-0.04547505330825369,-0.16368275112921976,-0.06379608286662279,0.0022312863770576788,0.009180719451643239,0.04079062685992768,-0.22564744197930856,-0.27884723620304985,-0.2548648409639014,-0.16260242868239239,-0.27940163661731404,
-0.3152593505112216,-0.32299424692639533,-0.009480419864517383,-0.1050445096171485,-0.2466988962144319,-0.25747028062104244,-0.07547033736652933,-0.21633382638948803,-0.0677073960743992,-0.1304270358764088,-0.041062894485797675,0.09399504218771974,
0.05919002762445008,-0.2187496124728751,-0.07413615071103252,-0.01896729005249002,-0.06152470230008405,-0.21264883764925355,-0.3696344659826944,-0.2966200366713388,-0.179988188902137,0.03242108255796462,-0.16937439609382737,-0.020288675857304324,
0.28076934979615426,0.3013491209578856,0.06699239596896389,0.23008455612255502,0.07473714247048521,0.39838508775565024,0.06172432500370047,0.23015700793043575,0.24608162128267627,0.4296113685750421,0.2678069743238652,0.06957092879445823,
-0.27793970161660075,-0.15257382977270412,-0.3211012277138534,-0.30185218685542015,0.12530754016288548,-0.18050989719646918,-0.0015255450420814613,-0.16059425942577438,-0.28584483100980357,0.1071448294491499,-0.25287689460006413,-0.18752191267650115,
0.009511531630554999,0.05419186789252988,-0.30769023856910244,-0.14471800178415048,-0.23999371497359342,-0.008210916045068085,0.1287503687840862,-0.07607889492447412,-0.01769304348177337,-0.1864152785745106,-0.06508877489304907,-0.22055906748517548,
