# Pesos da Rede Treinada TxH=  0.7999999999999999 TxOut=0.09
12,20,12
12,20
-0.7925412850494347,-0.6440997331423799,-0.29098035746422696,-0.3943346793244187,-0.7382817063632197,-0.24566463836090416,-0.4432826875739125,-0.3878288405328044,-0.4311877312071955,0.4499169670456476,-0.5318430178008646,-0.757992473902995,-0.5350792679636099,-0.5667096707469265,-0.4158473610406036,0.7915063534174794,-0.5787377096607572,-0.7766658955663548,-0.3836550608666427,-0.6686564421997325,
-0.49497821157594596,-0.5201055064512724,-0.20046558462157743,-0.1949579117936322,-0.5402102696141123,-0.41623404749742815,-0.42821272005933053,-0.15513723407663718,-0.5319082979621328,-0.06473976198792093,-0.3189472075589756,-0.5639181950899536,-0.1625885723839954,-0.3158490168587427,-0.3826435970224006,0.36351455719187675,-0.5950311359483339,-0.35251786279168423,-0.23007809647532468,-0.4923199764520935,
-0.5559691401098692,-0.3122162292286579,-0.28467319891609605,-0.31509321398527806,-0.360227476565492,-0.4302726888391471,-0.4401384143177759,-0.3229369656434036,-0.44565688543949866,-0.0028093274969394344,-0.2609560037242319,-0.14535156685872605,-0.37097080064683374,-0.31230480485894174,-0.3612417862406185,0.21165819254003693,-0.5474191325969484,-0.3155006299497378,-0.47693992458088236,-0.2679257663793464,
-0.3986287013668362,-0.8163715275523107,-0.48582943299112064,-0.3372393828540034,-0.37332466918926016,-0.2985061045153731,-0.2698641169046999,-0.463165350842766,-0.4156604280628563,0.5414910043014824,-0.5019355580335737,-0.5463580413941673,-0.2655799270111731,-0.4319024751453573,-0.5568062380524862,0.7195060001701471,-0.25930036773009674,-0.4789719119688651,-0.49707410294535426,-0.6685785832273052,
-0.6398928617518174,-0.5650101951917444,-0.39920369132015915,-0.595964047496482,-0.5756863788063745,-0.6966529686693701,-0.40457452177446984,-0.4202606665653044,-0.3866126377555861,0.6531276464550462,-0.4597864493909447,-0.46517728924939505,-0.49119184941055344,-0.7481824999125372,-0.34268367690562757,0.8627234413729377,-0.5094040112456286,-0.4821385051610596,-0.34401653218804856,-0.45460492077057724,
-0.2568121106766377,-0.5003468531641052,-0.5741437188514246,-0.6101580007524704,-0.5872024655566225,-0.30877933120963197,-0.48974355567533806,-0.4756582663568619,-0.33902796562099274,0.12863203324605865,-0.5666045298298155,-0.3393400730133875,-0.36482699178988415,-0.5157703389152152,-0.5388086999487308,0.5038987145135225,-0.2814240532861138,-0.35012604628651806,-0.5089887240007731,-0.5221130566883706,
-0.7267612358039601,-0.6058828843355966,-0.5907063080926859,-0.6100125961771962,-0.4046362587550045,-0.6574293359711177,-0.6238825180177643,-0.7190077558975125,-0.6164130945217928,0.4807746683336631,-0.6902268244333292,-0.6362315642291935,-0.3178410574114346,-0.5238310816959479,-0.472321580717369,0.7880738979686915,-0.3047054336228913,-0.5580647337954678,-0.6604140431840712,-0.6136492379669491,
-0.38851106321949525,-0.5015433816107382,-0.41242101391730723,-0.4033918540723065,-0.47013519961081673,-0.36949570893858735,-0.3174190839813191,-0.5274368684185821,-0.3463572754729509,0.10901308534012352,-0.22479518762493605,-0.15285999481676057,-0.5793078078414631,-0.0826745684670661,-0.4660490898789254,0.36008776803667464,-0.5685934758072098,-0.32670124415249796,-0.48891561651597587,-0.13625644705783183,
-0.20648167820690982,-0.2385112300424142,-0.325413778357957,-0.4082619405128465,-0.4927559520475051,-0.22856052587562461,-0.4767232761085327,-0.4583005005301903,-0.38943451149872393,0.15408218335023552,-0.10109188221000731,-0.14485869661167203,-0.4219783843493866,-0.35236831147853154,-0.43079818015587656,0.010355157697513606,-0.23095102953304225,-0.33694070549942884,-0.4684309365078985,-0.15465683295683103,
-0.2923372340103919,-0.26982149389564736,-0.5948801837573582,-0.5216904632591496,-0.09543977425883698,-0.42733853554232987,-0.38663619197518834,-0.5960329644849693,-0.477053531285825,0.045230950383467715,-0.41682906541216913,-0.4905339683264553,-0.4873019077211385,-0.40560070291185524,-0.22752480094595517,0.09062718768563899,-0.40388085821174086,-0.5354845171130613,-0.25147496509269757,-0.44964725704952624,
-0.5544913931611103,-0.26035903459178933,-0.5332183326784378,-0.42973902616703424,-0.5213362545925369,-0.3144205816019532,-0.39692909718443464,-0.557853136995094,-0.35632418662515786,0.10358671942978653,-0.593920767613072,-0.5971943262399337,-0.5438405832297366,-0.44565246501168815,-0.24199252414057176,0.4097927756625447,-0.4229672713065139,-0.549475935064314,-0.41684317007567845,-0.4919484142427231,
-0.26116295681615426,-0.2599281515234375,-0.3017683132183231,-0.33178717654058376,-0.5054260006974561,-0.656292110801543,-0.5632808013465915,-0.2964569874295327,-0.4102374286695001,0.25464578812981653,-0.36979405761673473,-0.42435497856425497,-0.6210140389458941,-0.6117080443717097,-0.5717970964275583,0.238461461963691,-0.6034455629142284,-0.2970522502779835,-0.45274650938968675,-0.4498773296855714,
20,12
-0.4363981462548802,-0.42675600456890095,-0.4342955341005589,-0.2904542759077249,-0.02609323315844646,-0.17427740667190336,-0.37514769721279567,-0.047204520227182134,-0.254647029500403,-0.14671077358714413,-0.21624333391110098,-0.2799059800775431,
-0.2021385888317236,-0.28204544302053913,-0.15983258637369435,-0.3462844278063661,-0.4287819696953137,-0.16906102982965013,-0.04700352742694849,-0.37802610760216004,-0.11394444451482344,-0.30173476538234445,-0.23437134800662496,-0.1510135049722675,
-0.12394843784601663,-0.16070127081886132,-0.2957048355195679,-0.1560993495729417,0.03110530443402295,-0.1632975621912523,-0.11924358980792878,-0.27231461121519784,0.004617147986782123,-0.09587884361102249,0.0193121741576626,-0.36898395821833624,
0.012137688732959586,0.1124352493672279,-0.1098604015237593,-0.04734912907484853,-0.31962743087514833,-0.2970641394184256,0.012089071204259295,-0.1149945968861863,-0.3325919069065254,-0.4160391351774562,-0.37851492880461945,-0.00736923443650535,
-0.40712558961091455,0.04638211206864859,-0.3837625874494111,-0.19514818247942567,-0.30736423856218004,-0.3666873527792124,-0.2375724857809746,-0.36945984982979213,-0.37302049308671575,-0.25689658561837697,-0.3475385314797491,-0.05164373057101009,
-0.16380689218600897,0.005179821711492293,-0.0686303858670456,0.023022100716756488,-0.3151091413095445,0.11125967235875805,-0.34375669750007476,-0.20497225057454024,-0.3874665184697062,-0.13244031757525412,-0.02506193826633888,-0.03419799722568897,
0.018947624595893355,-0.29445277713287854,-0.05467414326396833,-0.18821001202244905,-0.05764890915466344,0.06963067048921111,-0.36281011177155054,-0.10338450979829927,-0.32284858028957936,-0.3857978616167906,-0.07150509266689083,-0.38458407711947357,
-0.11390296556309622,-0.3616348874886222,-0.04529463024175199,-0.2968363635470426,-0.24150837501341663,-0.18305721383758167,-0.3897492297003617,-0.009331460870590504,-0.3821818312501419,-0.20897838348443423,-0.21351600945273636,-0.24889513877421104,
-0.3297777982410484,-0.2903937784142193,-0.15555731886314372,-0.193880136372005,-0.32414005750054614,-0.11504828813323112,-0.04830720230065186,-0.1720438841833523,-0.14370952405276838,0.008285850407663766,-0.01708834869526732,-0.04458849994226853,
0.1825895554479209,-0.008373516522320396,0.056230584099688265,0.07749611645112102,0.07338105484996457,0.2138141148015711,0.2757884848995128,0.17960453996341744,0.4717808535942083,0.36747068976797925,0.2717726545102789,0.2637167831492673,
-0.2440975420679505,-0.2476914182157059,-0.05308573884586614,0.09335767978587836,0.015350596301746455,-0.28038058516629233,0.02875977053909648,-0.2132129256707672,0.021539050152718144,-0.37285413759391145,-0.21714001290024357,-0.30682284221654116,
-0.12831528433045306,-0.24214901088784604,-0.1401996114320222,-0.344004800023209,-0.016854595769585045,-0.21007724639951897,-0.1401324566960532,-0.09137429750264807,-0.17776829319127108,-0.3260451314006346,-0.3882450277408745,0.0034534482128400447,
-0.2998504270416463,0.05064326734343242,-0.28473724456695326,-0.06198727040279477,-0.31205746600115264,0.013683641573625617,-0.22990613896287465,-0.06374050632552726,-0.12260801333617345,-0.06156204332168207,-0.3516410118260995,-0.35782740511732786,
-0.1305776194713678,-0.02709347655340835,-0.065766273007667,-0.26481651511216464,-0.40968760617416483,-0.41306315666325844,-0.029185383059119403,-0.31938249407445657,-0.23968006556289081,-0.01897693076917447,-0.2928342203139208,-0.2250440705164624,
-0.06659718954168987,-0.09758266551825202,-0.0870538329900816,-0.06752222858233405,0.08624303261881018,-0.3106215622409253,-0.30182198676593663,-0.2552910557788225,-0.13687797937058324,-0.06831988715163434,-0.08378347767343766,-0.14110290079195287,
0.6570586731452062,0.7010103871305133,0.7302426838155829,0.7087043271680289,0.7506351179996158,0.6250598275901473,0.595599804959837,0.6818345839300087,0.4757295949766857,0.5789700501565879,0.6286846991458663,0.6355659741747587,
-0.15116790981091396,-0.22898699286452662,-0.30148582537327206,-0.3403048551050813,-0.44411365389336704,-0.20290424061132015,-0.17034493793840566,0.05726320877465978,-0.19012077777478284,-0.034853610138689484,-0.21432701546571756,-0.045658523334199,
-0.1323001450178037,0.07494325210417857,-0.25275998306775455,-0.23379566905903856,-0.10911969301938573,-0.3204018667353041,-0.11072134807533707,-0.41169358811701307,-0.06370658341433674,-0.33510031072180513,-0.12952231868852887,-0.47438682184665115,
-0.2542688739844201,-0.14716071149495535,0.06595845298352951,0.004384869133478335,-0.12032522059972471,-0.13091965816438755,-0.3625207004467295,-0.20958487934929745,-0.07454648170012873,-0.29264062404603575,-0.25607660545362065,-0.24987550799261404,
-0.27579230201326665,-0.27696042153112266,-0.2881079013830285,-0.14405612616915273,0.10571083098389081,-0.1810756397473023,-0.19499413061789594,-0.35008568680377905,-0.20836098809154635,-0.30432920091045235,-0.25371148610287614,-0.14284143643234426,
