# Pesos da Rede Treinada TxH=  0.9999999999999999 TxOut=0.05
12,23,12
12,23
-0.9601461958356079,-1.2499290881628462,-0.7993806657692143,-0.9931406958427202,-1.074677538549264,-0.936171980878805,-0.7590839779299586,-1.013774923988579,-1.0783448526850303,-0.9651072075523509,-1.0557093244429063,-0.9538031584010991,-1.0401345583206043,2.3176716628437353,-1.0784403158458833,-0.9489249240540016,-0.6618170272032464,0.7120675139005402,-0.8118676320116154,-0.9582644057940799,-0.7197420375288682,-0.8401075723970417,-0.8068993454573509,
2.5540140911366325,2.3300966989987213,2.4222725374784004,2.3736823217538383,2.3821114048562624,1.7617675082007123,2.415379415577776,2.2251334881419504,2.4604129149550213,2.2594804658283993,2.1853075182306774,2.675216156224065,2.7395390497665533,-0.917512169574426,2.3843452727784404,2.7285934633994153,2.2326509770577885,-4.433055799585426,2.5453442086159295,2.419214444646071,2.221947874408894,2.30857822640605,2.3842574436600463,
2.7088604879243974,2.755659604448866,2.804752600353356,3.1503630718197813,2.845480521857502,2.0871309017960673,2.842591396745161,2.914333193987741,2.8709316719341076,2.3937899316519062,2.4107549864254993,3.1436421812711055,3.0609439829748455,-1.9008608479226694,3.117384668558741,3.13583167200359,2.703242134804801,-5.083528060872489,2.9475636416932702,2.8553068433734023,2.5930474463393187,2.718779072278912,2.9796953906982853,
0.42433528164970674,-0.03971951881190317,0.5474828962321473,-0.07630890292470079,0.3610529772508439,0.23532558173350385,0.1166700749916907,0.2552016536616207,0.3982910893554007,-0.06857424709093214,0.21439757017193387,0.28674092433624093,0.1366486103614101,2.092153272300924,0.08724014783974576,0.01340192059804636,0.019596474924613787,-1.1495939330897411,0.370066352160975,-0.07599323694908777,0.1874865114536078,0.48864683002797404,0.4388216332520848,
-0.6973436757361916,-1.1184730758215478,-0.5733252219715375,-0.7515783327838274,-0.7728255355370561,-0.5541914360740008,-0.6566642134140843,-0.6391374041460257,-0.9618798004044835,-0.8953587853130164,-0.3199591097989972,-1.1738164181818627,-0.9838232790712432,2.809837915873681,-0.7808065295247237,-0.9943586011105399,-0.6586617575058732,0.24373211656562033,-1.0276336993135264,-0.7977494154302736,-0.8513746573099238,-0.5733466774389266,-0.7560197879153546,
-0.5692408525244407,-0.4923236962950936,-0.5877016652593728,-0.492855113288716,-0.5499122126351252,-0.43295051680209423,-0.664312230846691,-0.7045525172512335,-0.550866769093748,-0.6037130698232275,-0.6200136508919203,-0.6634516167886673,-0.785293667158106,3.230665316545432,-0.6373570937882449,-0.6593017304625698,-0.8254275045645539,0.18752873064438755,-0.5375608613540953,-0.8609560820509087,-0.5311215527985746,-0.8468180160382301,-0.551820779214998,
-2.449131398322506,-2.193488253243021,-2.2872842789710157,-2.579811126074793,-2.1218894891011413,-1.880941070997217,-2.1352041632555543,-2.1970781772108285,-2.563472666249838,-2.1611752206704464,-1.8930905867665564,-2.5753940445458783,-2.662381233931834,5.024218231151113,-2.618397954674719,-2.632229068152405,-1.870533381234287,2.4269617845698592,-2.5803384321854694,-2.5524150477545904,-2.2750951645143958,-2.112092337137793,-2.465886403202467,
0.5822708915606334,1.0247871032993066,0.532462311213689,0.7248348691581873,0.6350775599115182,0.46359185272699716,0.5477369143489018,0.7998383161174071,0.7996907889434032,0.9752482769348232,0.6847346711136479,1.00132266251192,1.0825242051355048,1.1125793074120849,0.8789069677471981,0.7682195347770119,0.43607005353448935,-1.5911682867492176,1.0662724112956865,1.0535348444035544,0.6641975505144785,0.6856552764601271,0.6639288185618967,
-1.0526335060720655,-0.9699409953701899,-1.3108880204200408,-0.9084800280424982,-1.2159284138649864,-1.1212507157399307,-1.048690848631181,-1.1168121246251426,-0.924433206644196,-1.098776358626821,-0.9706002126149839,-1.1956763373311878,-1.2654887569359676,3.101119997005671,-1.293740949536359,-1.1374241016423428,-1.0397871829733576,0.9821472314530323,-0.9438399112562764,-1.1499325956459232,-0.8977923886457252,-1.2424485533926322,-1.2355548891816441,
-1.259768012480713,-1.134114532853078,-1.28012613132247,-1.2339230855257148,-1.0662807177366274,-1.0747862480664239,-1.1881631198020397,-1.4635616399290792,-1.1958043636495896,-0.9729519762420983,-1.2387911061056884,-1.2942450416441489,-1.373189602438898,3.4510154090318688,-1.037162265214097,-1.0572268418711457,-1.1774427379078964,0.9393914297391515,-1.4179790285600906,-1.0892230533269522,-1.4363978134554618,-1.2447907680680372,-1.1080349112135104,
-1.0431872529928323,-0.9931509728616654,-1.1331559147139925,-0.8053535810197835,-0.9989127306753514,-0.8673284923141211,-1.1273662458896383,-0.9405697435572399,-1.0166081009119372,-0.9641949370219395,-1.0229760707965376,-1.0964495700582413,-0.9316524392104015,3.5168804105803697,-0.9561030322258994,-0.9847470533653021,-1.154962523755633,0.8040341254386576,-1.1537584503116647,-0.8785062624206691,-0.7732564032317889,-1.2179780556900255,-1.3004090895289686,
-0.8610444106201293,-0.6947978109795752,-0.9925422515857247,-1.1186354780736059,-1.096432333015881,-0.653398019500035,-1.064679983713428,-0.8852795309656397,-0.9330818526617015,-0.771648150479503,-1.1273816183306327,-0.781829318739162,-0.6351893106047657,3.1207240071537967,-0.7832590834715716,-0.90318461483833,-0.7995292593245263,0.44943358703993086,-1.0857022535155825,-0.7192710981846684,-0.9693179782202239,-0.8072285338544368,-0.9632531242937387,
23,12
-0.288988669812222,0.03866322798584383,0.10354949112738054,-0.11425707906173127,-0.116568716889254,0.06284164088292986,-0.25572053610024836,-0.015895691057753965,-0.0374110729430209,-0.07932267960843849,-0.20909934659399174,-0.22665256043223242,
-0.23521657099122845,-0.19534117423357333,0.059310177320861766,-0.2139464439108317,-0.1672763004769778,0.10416265367265277,0.0836506276735442,-0.21136610743551623,-0.2258922290876554,-0.10986869094104368,-0.1609545155055162,-0.14448913970501331,
-0.05865311505703772,0.06828431536997219,-0.17178830210249915,0.11590342042011605,-0.025588052410422592,-0.07117194705178574,-0.2154853943352953,-0.18071653035161464,-0.18537114709452862,-0.07439113924792526,-0.14391731087085705,-0.10998294897627259,
-0.2368801217504968,-0.18183672525423775,-0.0655239297758448,0.05176698618762584,-0.1255876183978443,0.018474461140505223,-0.07867621204766277,-0.3241769396395421,-0.1952535759801467,-0.04492227533085366,-0.07159892360730208,-0.07221355624056745,
0.0022983786073462204,-0.08261049587422764,-0.018159387046223815,-0.0912235051606601,0.12003159003900508,-0.16698506116400286,-0.16935450312418612,-0.2731701593683708,-0.019475181192941175,-0.24064595214373036,-0.14893096665354608,-0.07017010999175928,
-0.049497835719825536,-0.09304406232496464,-0.22077049503775864,-0.1996247393003455,-0.25497734291757607,-0.1588942700931329,-0.04225266363815453,-0.2133140096712779,-0.05555976554212884,0.03901200239017478,-0.0919061951224542,-0.0382147512882821,
-0.03689651556844802,-0.17159457211439993,-0.2271847354064373,0.014511375201061083,0.10233267242544798,-0.098320484542196,0.0015951456015914798,-0.09230527818221411,-0.06430936082236516,-0.21463855752443228,-0.1627634350748945,-0.25428448149748667,
-0.21727901937539978,-0.1374732981239277,-0.06371641582107199,-0.22447705699093526,-0.07421123790149335,-0.12200620957173665,-0.21778509305164065,-0.03806168728442798,0.012640809451557102,-0.18314212606327343,0.08192784973465181,-0.17360333788264146,
0.10064711926258074,-0.149680956061168,-0.1310348228719517,-0.10152388049131202,-0.1955773619842849,-0.1756215971043704,-0.22710966889402176,0.03496070251587935,-0.23716075232673936,-0.23178315909915365,-0.11517431694963619,0.07149697428433517,
-0.013979487479478005,-0.2434577342287971,-0.20549175187994395,-0.06958038256747838,-0.18857121235945862,-0.11430736110644048,-0.021866728450554002,-0.19018377760291783,0.028392938252242327,-0.09710520332068387,-0.046046066995107195,-0.31297620630592526,
-0.1296383649143399,-0.22975662273462016,-0.10408082072568162,-0.005133323015263515,-0.01777359675860089,-0.16724284742404602,-0.1779197861833083,0.011805916010992741,0.07378193114071788,-0.12938120826997632,-0.18716081708421028,-0.17409781588662468,
-0.04679655773613629,-0.07276227027918836,-0.04258259315538292,-0.0861281960945998,-0.0474497447519406,-0.2009493848249265,-0.2983518508487065,-0.1345571926885965,-0.21545432504049383,-0.047095505436281715,0.01778790727792251,-0.14698767800998314,
-0.07479400626480248,0.03929375123991863,0.03279330900806655,-0.05331790068377134,-0.14599661651003368,-0.22237926056015123,-0.18468445425595156,-0.2904367546165873,-0.18869216285833348,-0.05657803996269266,0.06116446674021034,-0.21281136653429447,
0.9306630976049424,0.7973148880420474,0.8757393960422265,0.8575057232199061,0.9239164726312373,0.9288196025148956,0.9661644139446515,0.9948246179655392,0.9975594858296988,1.0403335702158754,1.0132548174845462,1.0008704228153111,
0.05146441327889312,0.004404033852024034,0.09257303310305236,-0.14348675466436242,-0.1545144359613987,-0.12548347203678706,-0.015058132847775007,-0.2256848074527932,-0.15770694113726086,-0.08663316228215437,-0.28463261709323606,-0.17475649701540097,
-0.17506275397424592,-0.0028843754791142546,-0.14878290901639243,-0.1711512769987709,0.021633727141921716,-0.1826317963275958,0.012264160520159561,-0.10516774562078775,-0.11095949153664408,-0.17757423330770955,-0.12296007565469022,-0.1718154070497853,
-0.10345015196079337,-0.07705357581892026,-0.03921552159018952,-0.2710173835371771,-0.04634982797860598,-0.28223963140852887,-0.00547011021132693,-0.07760338178179449,-0.21702954692437257,-0.18191263784597436,-0.040108514828575845,0.0901010884316935,
-0.05078975315700142,-0.16133471792258977,-0.21220391621429746,-0.23194235091627807,-0.16998512323573808,0.024090992325698946,0.061446528563805905,0.060919671598924106,0.161843289607581,0.15944560036070682,0.15474007191280795,0.07894031105941143,
-0.21112218843481192,0.10383593107516526,-0.184255088002901,-0.14890656554580875,-0.04750591377911377,-0.17990873708418342,-0.09612992965435006,0.018027373629466444,-0.07033087287130976,-0.06912161548658405,-0.31050905498941933,-0.08302359683371922,
-0.250021039352618,9.156766741911812E-4,-0.20887284992550698,0.026526933741086563,-0.21299577751753337,-0.24818537616556097,0.012338442651214473,-0.006568017234972078,-0.0903608361707879,-0.1772734652870875,-0.19678099464522017,-0.002088116424542774,
-0.0569795704127251,-0.2055900722018968,-0.19972000655926242,-0.1041815357549378,-0.21111907156740572,-9.74816311696462E-4,-0.27681238814433495,-0.03749444770038454,-0.1632900815106391,0.05367528736670503,-0.14606719699261952,-0.04166870044704387,
-0.1753011474603672,-0.21528029749676844,-0.040284109481065915,0.04521602533343388,-0.025508125408645447,0.048287914794547665,-0.11595863533652274,-0.14069759108012678,-0.1528169136845992,-0.26243067124529496,-0.18493155300974995,0.07883483942106778,
0.003850328616917272,0.051234806750310904,-0.0970865173900739,-0.08291715654028561,-0.22981401347337344,0.06533644479195874,-0.07614404994296164,0.07178190174421084,-0.25424941670954754,-0.2610642216642726,-0.09649575663367402,-0.25713405242466436,
