# Pesos da Rede Treinada TxH=  0.1 TxOut=0.08
12,10,12
12,10
-0.1434742915995864,-0.3957751389346922,0.1323458218187613,-0.1776365301471889,-0.6113984748250137,-0.4826464750198764,-0.5768387629800442,-0.14603930170191934,-0.03655508754738829,-0.38084865559937364,
-0.2081228877459127,-0.41679648660878205,0.12815541055244997,-0.278301470000903,-0.19563949092159003,-0.17294332807829008,-0.24041544053609304,-0.5286010772592471,0.22114333689856225,-0.3436920459439845,
-0.26909081908756166,-0.4700012624712498,0.4829003280967786,-0.377091992360446,-0.6124556911562872,-0.236570744250019,-0.5606905429984498,-0.26926626763564615,-0.22327191338073185,-0.2723191288469637,
-0.43796223500929277,-0.06542700591262574,0.45517512815418754,-0.323040835748776,-0.3532185965558929,-0.4269529185006301,-0.13139189066502005,-0.4380394490294474,-0.13635829175818587,-0.3290410345482214,
-0.3614219228232498,-0.1632154093840587,0.3892063722605712,-0.12752489651441476,-0.5357372049255669,-0.3639352969484604,-0.5516041616386723,-0.13359045170792605,0.1742036324301251,-0.6468683085498858,
-0.4307743603428465,-0.2687018995656122,0.2899443720241852,-0.5171192878058762,-0.3446468866339236,-0.21600515139619594,-0.4342676559581258,-0.16926391659730683,0.07451108657167835,-0.19856009237741376,
-0.3840192102908032,-0.4137098690691576,0.3134286768693805,-0.3549166693265577,-0.19833198707826902,-0.169583108923195,-0.49569736269018433,-0.250587006613478,-0.23939630106685555,-0.30881472180415737,
-0.22243766408248772,-0.47203488789632486,0.3807200660857047,-0.4368422188637155,-0.24943979233205787,-0.3523239520517204,-0.15422579126062272,-0.41102296291395163,0.16366351380985308,-0.2559397712250963,
-0.510311635977891,-0.028672524011520012,0.2668095463858685,-0.38400536918021605,-0.18762001782723495,-0.4065868238497185,-0.4840810272028277,-0.14891316596996645,0.2601917769411874,-0.568875964928138,
-0.48130240445719097,-0.485477529670793,0.4198127013011277,-0.5327048747431922,-0.5206270276550518,-0.12189399521383269,-0.33595155778978886,-0.5990897416479705,-0.09284257184180317,-0.36975913652162806,
-0.275917969275418,-0.2240862302953736,0.16376786236937693,-0.530640839935837,-0.4887660943511937,-0.48591654976163,-0.4392392004408795,-0.5293169485337611,-0.05873020868762332,-0.2004810115472173,
-0.5988408148610228,-0.2993064359783048,0.35150945551233465,-0.5491006550496241,-0.20118351831997655,-0.13329839191778314,-0.3233450660600459,-0.151515994231015,-0.08656573973709308,-0.5498430481487782,
10,12
-0.09279819118287856,-0.3391521787592238,-0.3073591674709519,-0.2828487455636618,-0.3968779417500165,-0.2732523293600232,-0.3027880763310414,-0.3691475409484272,-0.03155168756847073,-0.07180274539049779,-0.3397728073177483,-0.14190123766047505,
-0.15012046478894753,-0.08869155002607895,0.05967458364540103,-0.3722626580177272,-0.3361060826292806,-0.11694573906824023,0.05106046523967963,-0.04302920867305462,-0.3163032517794003,-0.1122055914861717,-0.3080031481524736,-0.19958711944036905,
0.8132922349982196,0.7284396274670115,0.7721792399222631,0.736072155565956,0.6962839245404229,0.7929020771588251,0.8161902742512458,0.9588786387255952,0.7827860190178711,0.8735285567941533,0.8669459389994194,0.8411930799310219,
-0.4459454488359466,-0.3411362239636061,-0.05105435229077009,-0.3688468246611485,-0.3299111809830762,-0.43460558194704096,-0.40062588390206744,-0.19177827680637868,-0.11223378312109185,-0.3055371002877796,-0.182977329272785,-0.4130328934219099,
-0.14456625899928813,-0.18892199361978293,-0.1863829448188764,-0.33713562694171023,-0.24335764481981614,-0.4051752759400179,-0.14460833056995986,-0.4562329621285216,-0.30225360755906805,-0.4434694453171716,-0.3497198843375462,-0.17666686581339622,
-0.23697790990882514,-0.14926856400694885,-0.38004836262980807,0.06123273961614989,-0.20282869475365525,-0.01699028791480698,-0.10281742360043196,-0.1523230977410103,-0.08443992420618691,-0.2830384078444959,-0.020853177530794152,-0.19799125729134326,
-0.21647657579515642,-0.25693380631933016,-0.34128038811582784,-0.25568395755127155,-0.47678401454686725,-0.12081449080167173,-0.450860598181444,-0.15945064319685967,-0.45557670221579366,-0.389061260849384,-0.4034220440800631,-0.5546139160469128,
-0.3524438259641942,-0.13116605401175777,-0.28509721467111804,-0.07498826650761346,0.0019458818909126488,-0.3747425663290112,-0.2938450977735348,-0.11211187966016244,-0.36503100331309296,2.0355374753597928E-4,-0.02642430472915567,-0.11663804595794738,
0.10527391382668726,0.07376905888470606,0.15854526313053804,0.1564605924914504,0.30628473175135745,0.11344191064652093,0.10023110607881967,-0.060078550468539535,0.20362048939493543,0.10584614039655169,0.07308050356241787,0.12587000541539187,
-0.25591353311475323,-0.15689970383139504,-0.4134525762339324,-0.23924812637466716,-0.1497056734491726,-0.1083650413836086,-0.2846444794189971,-0.32457974957986097,-0.39774081490734026,-0.4492165863909043,-0.3267398453160712,-0.1892624932838,
