# Pesos da Rede Treinada TxH=  0.7999999999999999 TxOut=0.05
12,27,12
12,27
-0.6390126436234458,-0.8147198254305745,-0.29968708673346467,-0.6647774568631707,-0.6846994083189187,-0.6251452376229245,-0.8200769586918725,-0.496361477468226,-0.3791731540136414,-0.7900960219749239,0.897536973868504,-0.20788991469737106,-0.6352642358379402,-0.834422023413483,-0.5846910922169641,2.8034979891483887,-0.07017522987848224,-0.7499128844517947,-0.6552424192193729,-0.3040458008862734,-0.6064918573444095,-0.6110660125769488,-0.8748295433515813,-0.6826236592854426,-0.9016573232471419,-0.7671396216069888,-0.368242014539096,
1.7019361483416449,1.4560205306270466,1.8486989483208003,1.974193709459068,1.493841148043797,1.5948610773413794,1.5881396002140045,1.948579601561266,1.738229807143174,1.417008551141314,-3.9447431732982525,1.6949173152278365,1.3946654234592415,1.960413860411568,1.9427019357027362,0.9813801342679418,-1.558861382900561,1.3831252640251304,1.5565669093761285,1.9571090446397084,1.1719702949973867,1.5808243208200774,1.5740815926777256,1.943557373873117,2.0221018215918507,1.9887191661638006,1.6391077012830273,
1.730525501724449,1.6460582620303243,2.2561089117435436,1.8349805718364194,2.124129558399302,2.056027035006401,1.6813920514043772,1.787202960676521,1.6662700595529303,1.7990992068071239,-4.139493102945878,2.073382074270122,1.8340749399071508,2.006900052478309,2.275686473059074,0.7596373706227406,-1.7183725940776886,1.5538187159410994,2.2287485200225334,1.9451119636509344,1.4454139200505889,1.788425427309967,1.9532720502271155,2.096911289981246,2.2039076075271553,2.217022811561286,1.7169751011401666,
0.22208605143010038,0.6729208696736925,0.6918227069961839,0.4736196135698798,0.12236232454885884,0.25176783261710967,0.3213501546484116,0.17474704106688232,0.4990493484596527,0.04494053583225291,-1.6921619927451668,0.9073620680254952,0.44219131182772503,0.5500727057660194,0.3670478328792999,2.5869807560272466,-0.7093026705189673,0.5013072745476541,0.2863245150042727,0.9307101727358251,0.23939192370739742,0.804478703487035,0.3683394743077069,0.6136992331256825,0.41688551310919414,0.3287163860779173,0.3858082544551695,
-0.2397176614791173,-0.3270097392254654,0.34626579007816766,-0.09183970532534083,-0.26714160987702024,-0.3768912130621119,-0.4170879005307965,0.003843907527392921,-0.1199229246789144,-0.6458824403938003,-0.6993767486588669,0.09792742989379916,-0.22817706515304317,-0.11973786607324287,-0.03382114488510632,2.78846809332456,-0.3244530629724297,3.561155547650945E-4,-0.4790877079432972,0.34576440334622977,0.03631252587442925,0.19012293661677662,-0.30068466127974697,0.16984801501342153,-0.41715516558774335,-0.41162015825242587,-0.08746278909107498,
-0.5596026334041012,-0.5815407133357074,-0.7162551922421394,-0.45719492200795825,-0.7986803806637678,-0.6416176825980778,-0.6887706015606164,-0.5671160837298982,-0.6694641272283169,-0.5231090692277782,0.3493869519452876,-0.39064461466604017,-0.44915432826413476,-0.4763720661446949,-0.7153846422457312,2.9486526106690336,-0.0822861625870392,-0.4741541745639771,-0.44763805218321845,-0.6669023711054024,-0.36368162895475364,-0.5949524306052524,-0.8393841405521537,-0.5747194613010432,-0.8073081556002506,-0.639810563163346,-0.5782039906228057,
-1.7104285234515775,-1.5348257031443093,-1.6799147605759974,-1.5952331747440256,-1.6190119108169865,-1.738775165635314,-1.668619915580307,-1.7146177588326055,-1.4691244949453786,-1.361168587956314,2.049437728786048,-1.6263262419056224,-1.4553647268889949,-1.5274691557350861,-1.5892446953060098,3.452578386070483,0.1975004105911768,-1.3322971709937261,-1.4403514026609077,-1.5938890192275246,-1.259891724194836,-1.5124582609117523,-1.5897905298664454,-1.722451866085712,-1.5611250994548926,-1.7579357108487277,-1.3286308427409816,
0.5551281709957048,0.28282273329006064,-0.10144150323483914,0.1915932545179189,0.5453184664164382,0.47907987007080366,0.4982999098559072,0.2944296532874476,0.16070797422117253,0.5020581196644626,-1.326883641717148,0.1508291974720247,0.18948902347791702,0.269455586443192,0.3027564886708628,1.9583460868526534,-1.3956142684576105,-0.03823654407724283,0.5538262132046159,-0.20825611008993633,0.11600696275609325,0.025298570753654423,0.47914860159641565,0.37609636768924,0.28104347992638257,0.2875873024318828,0.11201445415184262,
-0.9904823910224261,-1.1177115221297864,-1.3546266849284592,-1.1674890306853567,-0.6884235904693687,-1.0256527259583614,-0.6908536374922637,-1.2122243455178041,-1.0662494885036815,-0.9036644073289096,1.211978022546359,-1.3760092582247787,-0.9092493495968905,-0.971459793781566,-1.0656980704310661,2.6717815112526684,-0.9638942646532467,-0.8571713982748866,-1.0947507344373382,-1.3901988535008638,-1.1298567284616743,-1.2703439505938616,-0.9381706532347592,-1.3141637705225377,-0.8509149759755565,-1.162086420304791,-1.0951095915360023,
-0.9455002453117041,-0.7290638125218082,-1.4553919134413202,-1.0677825133166958,-1.0762050123353746,-0.9253827797494233,-0.6619392062791571,-0.9296346207625512,-1.0744874809976637,-0.8062816793304834,1.3091228918892772,-1.392227852152086,-0.8235725928508134,-1.2080667811111325,-1.2754118100197815,2.9222687486798513,-0.9824702420186257,-0.9072123002528116,-1.1758117400064807,-1.1811761874005573,-0.9765423832918673,-0.9318680422316978,-0.9070868279736911,-1.3065878254800425,-0.7596864820796934,-0.877584777462747,-1.1374908370690306,
-1.1360447964880096,-0.7346077348695257,-0.9499585327928718,-0.8115837688110795,-0.6335236820433872,-0.7958048635061359,-1.000639365465997,-0.8076629023241105,-0.9236611728092435,-0.6981167674187373,1.3077188161416082,-1.35874773887606,-1.0396394323866633,-1.2070202769022862,-1.0071951736761389,2.889980932346196,-0.35452668832579465,-0.9024623446618011,-1.141460378307721,-1.465521262297697,-0.7619344631805006,-1.2521288287340615,-0.8246734932049227,-1.1529788178208924,-1.07850816838421,-0.7665340252892505,-1.1636447409825126,
-0.45650770472302765,-0.7567596799200721,-1.0244946313415928,-1.04440515310615,-0.9389317609384694,-0.6703189319553491,-0.602857004287991,-0.9872794709350502,-0.8089720058049652,-0.5551320829678159,0.4335961036773908,-1.0192029591418559,-0.8091702005463025,-0.9342044802030777,-1.051501558495475,2.9199652838788475,-0.5822059123978334,-0.7655692916977908,-0.6357296805910077,-0.8090597617702997,-0.5683317020342095,-0.6895997786346221,-0.5762128227817171,-0.8617011215109471,-0.8698223879466374,-0.8574268577438238,-0.5698263045850048,
27,12
-0.10586287060511364,-0.17379649222207566,0.0129595166125693,-0.17794462959885196,-0.029854103414739777,0.053669712566448535,-0.1853566289399813,-0.03774140108953777,-0.2423029332248575,-0.14101590974830688,-0.04390023661382104,-0.08372716915610202,
-0.17706737585426524,-0.10623234132409369,-0.05473271006496547,0.10325872857400654,-0.1514763336064817,0.010808821866184086,-0.09864501007022038,-0.2381668841261024,-0.16594291478778722,-0.2348274553717347,-0.08681419892563619,0.12872831290003928,
-0.06509166254068481,-0.003510702145260204,-0.14006660330422965,-0.058218702652169,-0.10535368360255985,-0.181719657260055,-0.15025206459471993,-0.1771385003625345,-0.012109599516249554,-0.1150299178213331,-0.06440832917810352,-0.10756748599855068,
-0.10086292930395516,-0.006567745603406094,0.12409678179166028,-0.19482209919556362,-0.050061233926825335,-0.024514305383156233,-0.11059688293473273,-0.15437222238304618,-0.14902175715326973,-0.06921048291027085,-0.09185575741742621,-0.2705291144718939,
-0.14334466504460916,-0.148213542383176,-0.015872227990350225,-0.05681937166948982,-0.0490777816092492,-0.013516380516047555,-0.16739770070631724,-0.09259081528212573,-0.037054700768797626,-0.08389481420213792,-0.28288279822989626,-0.05758053328101988,
-0.1296513772469077,-0.11931177068004493,-0.05692343641415558,-0.09380926129553584,-0.002296103787959801,-0.09483462992749495,-0.2480210726585473,-0.07910035721784216,-0.023641882427438376,-0.10534808413937997,-0.011418208193780146,-0.21942758621563602,
-0.182753549525139,-0.021630639778228548,-0.13182261798162004,-0.005536461234879619,-0.24796149448053012,-0.03559036514171229,-0.0028969967436299673,-0.11086283654681697,-0.05513430836137525,-0.018226294561698154,-0.18588881285420933,-0.16875157876372168,
0.11766507691218335,0.04873863671781686,-0.09877343778813949,-0.09657243861358632,-0.06184810329175904,-0.11782301872125689,-0.2008423822163593,-0.12872051647589658,-0.07783538383723845,-0.03362586996796022,-0.1878376040696652,-0.2695900628634379,
-0.28839408963110086,-0.017776045905674023,0.02080512185072123,-0.15669302347539535,-0.026732626625548872,-0.25675222707223594,-0.014969466718609934,-0.004968815073919651,-0.01943500563668201,-0.15281474870855347,-0.033089814865608816,-0.16429677336745369,
0.0039798767447141135,-0.20507268976569937,-0.044100198422373456,-0.07046778755831389,-0.11879093608451756,-0.212949865254694,0.020110358620614367,-0.14773041569054807,-0.23027342844715668,-0.17661784686287751,0.006435137301120908,0.02178151153263734,
-0.0020786034991343264,-0.00389186882120716,-0.09793019445391146,-0.08575276210279253,-0.039018007441269466,0.01918015320034462,0.043153903770130606,0.1030234202312728,0.15790870695753795,0.12484712333063785,0.11993543562284543,0.11890493558959273,
-0.08215173867158217,-0.012572492186294174,0.043849205643342465,-0.14294827209192454,0.08790629347969603,-0.20952368975811775,-0.2452546349096159,-0.1155475700749243,-0.06392005221729385,-0.11720106064373664,-0.20250053338505453,-0.02499746777830145,
-0.10451629865476485,-0.07444880955261987,-0.05399212809192939,-0.10462818091677115,-0.3574959012608534,0.05020394346419253,-0.07965882513352632,-0.01155778029306766,4.2753182856391787E-4,-0.2332030788719639,-0.11119544277600975,-0.07312203841402866,
-0.08363232182956506,0.07409370306921101,-0.17456977302432952,-0.2006143739172214,-0.0198233939180437,-0.029832738002426903,0.11408856452101312,-0.0627124471130669,-0.12339025158840984,-0.3321392038470724,-0.29607182598858583,-0.04428695574809096,
-0.034485310738569266,-0.02242283649505257,-0.18972445510711072,0.02640137374828357,-0.007855731602761106,-0.2336299928423935,-0.19499160542416785,0.0514181285445394,-0.16881762208535053,-0.19795055337090597,-0.08550994648749491,-0.11061867615132431,
0.9645278047634209,0.818846124798631,0.9111909423605028,0.8866764410738558,0.9546395126213812,0.9576943542871995,0.9978851010112636,1.0218138554402447,1.0314411162145585,1.0740209487759373,1.0431725915131644,1.0297455738211483,
0.3003228727427185,-0.013928105229356778,0.14238813042897566,0.06750878159521066,0.11634617094869827,0.3533462830751648,0.4028134991861936,0.34505947006162313,0.4777838379004367,0.49375220052828594,0.46404432583896477,0.3221487716875259,
-0.05210150408083224,-0.029134997563519005,-0.25674916696310646,-0.1399612192806156,-0.19342379922151698,0.04867546095930531,-0.09218964748221409,-0.09784632760113716,-0.08703217713831618,-0.05782392991468661,-0.09252516523377391,-0.11010834713872718,
-0.21635888520004015,-0.12136214493049431,-0.18571337712033764,0.059702403392717,-0.1011040285445522,-0.02633764370836836,0.0438489768876913,-0.21498139608401018,-0.14564778996062305,-0.03834687813284982,-0.046611641595208406,-0.19516510883796848,
-0.06843464526477289,-0.207006548780426,-0.08510084192836836,-0.034530506566773235,-0.15130639129364892,-0.02393704118060603,-0.009059609573452511,-0.11161521979660992,-0.10388895287047481,-0.09918801117980074,-0.14966088485704118,-0.1403141856584123,
-0.13726302532487153,0.060455910839650226,-0.2198278005802511,-0.19019232025267954,-0.018034985663189528,-0.3022135669617323,0.008905924210976225,-0.2086985037446397,-0.11493090226050953,0.04858719477827808,-0.02280878588937105,-0.016884972653413096,
-0.1970238516065568,-0.21502832060948174,-0.10322244701908119,-0.09104465174100528,-0.03472449264400627,0.02752625714451133,-0.12352094972362468,-0.07387589282708705,-0.064681009442599,-0.10524675951527986,-0.12300014607490864,-0.06714093178803134,
-0.18885632821041023,-0.06434592630643376,-0.10168441866995828,-0.23739891848019623,-0.023042050613313533,-0.015235343288259127,-0.058571967961048924,-0.030224009804432125,-0.13834598144311683,-0.1117384711977072,-0.020048507452867476,-0.2206965894768503,
0.030293064210290915,-0.08028432068892812,0.05246885706831138,0.032447093959157326,-0.15121985967720428,-0.060023677107476234,-0.2567736446780553,-0.33503537746867,-0.18901455294699934,-0.09706704456389027,-0.11466429299064795,0.02942439789190617,
-0.1301107516890946,-0.0955906341184404,-0.16916486647934526,0.0960288062931415,-0.16024289881567327,-0.2227639188342981,-0.175942266698338,-0.03499309766876082,-0.04736288668088938,-0.16773974973766875,-0.04241074964027995,-0.09102969968528213,
0.03545593643821432,-0.10473043729121233,-0.10661857942345375,-0.08521103776322399,-0.04845784531881585,-0.18971026693432544,-0.02661847113914013,-0.03575818158631534,-0.30051062797084616,-0.02034415737615066,-0.09712110525171802,-0.2344167517027778,
-0.005002301600300503,-0.16156709756916018,-0.03516722727856754,-0.09896609504096325,-0.08720923055872555,-0.23283503184825752,-0.1621672026046979,-0.010436713395900438,-0.04983914949390725,-0.0536038848323645,-0.22691142537597697,-0.018691508603156246,
