# Pesos da Rede Treinada TxH=  0.1 TxOut=0.09999999999999999
12,19,12
12,19
-0.46901874076798866,-0.5444466825193615,-0.552351575128059,-0.23306106577172636,-0.2927629609382814,-0.09100931592541259,-0.6630771987795724,-0.2768919717827471,-0.23025066132574934,0.20594451610117098,-0.3112946452245663,-0.27179086682881276,-0.29198526316888634,-0.5983269999177914,-0.44729596060925375,-0.26206148434720516,-0.2286166838417102,-0.11682668438813436,-0.47656461933828115,
-0.25121162096049005,-0.15509059990688287,-0.14270706084242882,-2.9379548702995956E-4,-0.14237733018689402,0.12550187828048429,-0.4899408435632242,-0.27771601137594426,-0.1031940598389525,-0.765240458369365,-0.318337360678018,-0.30610446147986287,-0.1040358443190923,-0.5647771837274652,-0.5051207989477464,0.10223826384516096,0.20462654386041912,-0.35124066646843016,-0.6102681568410849,
-0.35324340416821093,-0.21342516960251803,-0.14283364761402106,-0.036304312858721766,0.14874417744206592,-0.139117372865569,-0.6349616372014947,-0.2271547154068329,-0.08411519778490184,-0.7725892318489884,-0.06789699047811826,-0.2789637578062836,-0.038940285530479096,-0.7973635203082451,-0.6724318328907551,0.16063768965677477,-0.09353036448059758,-0.20300964825257128,-0.49569267760907215,
-0.20315939768435978,-0.33633173655388937,-0.051837592586430996,-0.04075094017838804,-0.07336940260575349,0.11705235926463486,-0.6255978236037034,-0.46219890032676353,0.053135215247304704,-0.7038458795481235,-0.22285742086212182,-0.012465235273434024,-0.1865710896750543,-0.9297405204926044,-0.4700652837123706,-0.04547260608189096,0.1715714494350404,-0.28131227169384915,-0.5752302813937942,
0.012420694242298755,-0.0957070681939725,-0.5485517046360484,-0.03783963759071155,-0.1845633639890513,0.005354778599395649,-0.72506999907146,-0.48908590272150726,-0.18190436081648725,-0.5472875479192966,-0.2695913518272438,-0.07941958355098928,-0.09732143910434399,-0.9179556018165397,-0.4506066494981801,0.0699264600782165,0.16036036024893857,-0.39366303200069475,-0.8480343892145054,
-0.08672000377357411,-0.3264389702750661,-0.2075123157662154,-0.21348237306581935,-0.3713260309267527,-0.5120172782763971,-0.6378457788251348,-0.34459680830980544,-0.49262139144994016,0.506829224354459,-0.3915980751611066,-0.3568342536594221,-0.23182669993028407,-0.5082248331736827,-0.6577030582202752,-0.41247263393655575,-0.008555412430271948,-0.24899354859653192,-0.7575468064283626,
-0.4184138483166514,-0.5590661213052773,-0.3197621249187313,-0.22011666544692549,-0.2613159829365176,-0.3189351836715074,-0.39357584510523697,-0.4648474551875134,-0.503835702978846,0.3298719509046415,-0.4356480345278591,-0.48838622119029795,-0.3835285479678917,-0.5642526275884654,-0.6877294266750148,-0.36439974831980426,-0.45133194802296905,-0.5173925407154188,-0.46566147299070737,
-0.17108747379249806,-0.47641448811879233,-0.33906946415613204,-0.31869021125780295,-0.1280305274092901,-0.13147880694319067,-0.5380246684484337,-0.08896317223165127,-0.07147541661898986,0.2949540363646603,-0.3395522711379771,-0.48103367957612847,-0.36028146333852795,-0.6069658966552544,-0.8879138377429435,-0.2526233366965485,-0.33792893165352855,-0.37750481122099333,-0.6043527153747658,
-0.3153639325216919,-0.17181685353363468,-0.22034532809436347,-0.27185583852241807,-0.28718844365746854,-0.42858045672657424,-0.45174351833818505,-0.272648826215409,-0.2191419554983586,0.8830161799628543,-0.2655964149362726,-0.2698391794443177,-0.49078246590993,-0.7530824847450229,-0.8882022886377926,-0.4215778422494031,-0.5773169835398042,-0.5779049603543366,-0.6231929153975599,
-0.4768240604821753,-0.33119959831394613,-0.5855010233530049,-0.5274835612759508,-0.5194900181586227,-0.4473180983126486,-0.496495371646717,-0.5751151555411924,-0.28388048650016795,0.9767626093946655,-0.5838073538233984,-0.22207964869175184,-0.1440677427581407,-0.5816810003878515,-0.5903072468139924,-0.5342050120835383,-0.5063518601066518,-0.34789719975863126,-0.9813648834490114,
-0.4343604569284443,-0.5911952945293816,-0.36890565997190716,-0.5436487637673263,-0.429474978242629,-0.5314370840054172,-0.5912556376273136,-0.5514677930046645,-0.48638066050994516,0.7096536197126798,-0.32335252972735373,-0.5518109454838631,-0.1676172467337705,-0.6226615945107715,-0.6596615810872731,-0.37390248973568124,-0.5508048921068711,-0.5313718995985787,-0.861601587270223,
-0.18653982684020043,-0.11852098970464973,-0.19927264982497234,-0.3281298912515324,-0.47357117061508675,-0.3247094378179357,-0.6539696461693756,-0.32282470673019675,-0.30221642135519133,0.5424869907551192,-0.32374479469871964,-0.12620412123328195,-0.41855075586188234,-0.47997144994318053,-0.6143091846809836,-0.30599938851384667,-0.32346369841295103,-0.5678525182090135,-0.5213544510315562,
19,12
-0.01563485138002362,-0.17807881001250672,-0.124739336771075,-0.1274364139965422,-0.10889525653722666,-0.20005681625513766,-0.2528244652095116,-0.006029694407070963,-0.07016765594117919,-0.1759445050329912,-0.08053105954299919,-0.09835871130062573,
-0.13645339131119089,-0.0937623965234238,0.10342726132181351,-0.33939671788045733,0.11296951344674697,-0.21948590631529097,0.09565118874008631,0.054941740490979066,-0.19018475493808665,-0.11071737436796153,0.10800176619772078,-0.02950629824765492,
-0.1340346441487014,-0.05012777065381104,-0.08037445217609007,0.1722267176208987,-0.18491499130205774,0.04977995368650923,-0.06880528683526325,-0.07114690831974156,0.15602398542335727,-0.20416768455468026,-0.22579608873749282,-0.12711056633089687,
-0.3981696644964196,-0.21970566907552902,-0.2677133883777943,-0.3794312862626505,-0.31874441220538713,-0.40364251896387854,-0.3026444452425426,-0.1104226438154101,-0.43270314338326576,-0.06204424365034407,-0.1551417051363884,0.009663074718097485,
0.06065945104614636,-0.004238141158351408,-0.11413117773406115,-0.3537038189729308,-0.08631773832680044,0.010507355988121622,-0.06363919487158784,-0.4186561362034034,-0.28058627860593005,-0.3958270472807944,-0.1018211708862575,-0.20840192841376778,
-0.3395567309636318,-0.3151853790157233,-0.13061073741074797,-0.12262823011607497,-0.378298294247543,-0.245468070937822,-0.46883523461806154,-0.07856766981978687,-0.38690857922942556,-0.2902913478555949,-0.33860447281720124,-0.247503508643843,
0.224736044337496,0.2539105082962825,-0.00441345673380686,0.2731073301918813,0.29132963714772775,0.1604552446200191,0.3710581537044042,0.353010691789742,0.02118023243586947,0.27781496932757443,0.5262435820734541,0.3961368304392258,
0.10974911733823554,-0.34589523157840607,-0.012840130970759166,0.09660982612563548,-0.16712183439975076,-0.040649005085239616,0.08907605215353548,-0.0053061003846555065,0.11913150512575942,0.160399639834912,-0.03286435679020654,-0.1488031938697075,
-0.41726391780981864,-0.2802176562244811,-0.15532342944165903,-0.006206635043851061,-0.4083034067018543,0.020782426817850433,-0.20443595189373723,-0.17533066830793456,-0.30377574710976135,-0.20977989122509202,-0.17167279171814262,-0.1681618350259048,
1.1479915776658673,1.00833918940529,1.1016725035280943,1.087261924316779,1.1598862786369653,1.1574259918243042,1.2261716350900715,1.2290932720151233,1.284927987196368,1.312534756780638,1.2749851324549157,1.2551977318212255,
-0.10300973988638008,0.015427660500302446,0.09473623083686845,0.18917177337951777,-0.1866753229322072,-0.16227158022785101,-0.09621470796686434,-0.2271788531858456,0.02110143967846877,0.03606838313711429,0.0387485648343106,-0.2424147095130937,
0.019852846702156167,-0.021636436956903853,-0.2360639689986854,-0.059465665572954726,0.09616586123316849,-0.10709728495111495,-0.2156962949843794,-0.21252315242324524,-0.06508510694158223,-0.31510765877817043,-0.10704052266172051,0.06268264630065877,
0.06307480579086533,-0.09843508664933509,-0.06465296314894199,-0.4131931040773496,-0.11464214536805015,-0.2289783564690884,-0.2514903186272281,-0.25251724903674827,-0.15102028985133617,-0.2579947982197556,-0.435812502026043,-0.357540103563737,
0.4850459372454498,0.20908529906672005,0.3260802940023148,0.3616810093400953,0.1926316188817686,0.6166888681408312,0.34230194922882223,0.6041691894496284,0.7636163505961339,0.8249227501826687,0.6267382145642862,0.5906835604179717,
0.20454580566984015,0.40132799626441085,0.10872047956539749,0.280579999164123,0.4425532911841266,0.5092209527457302,0.5480440592913489,0.5022401843566453,0.387764331115707,0.2738088198143305,0.3148164506937882,0.35698016023079066,
-0.43568947711243194,-0.287968900114572,-0.43672040334401396,0.017557170083940348,-0.2659321606230982,-0.13811746359599006,-0.28450744024075675,-0.1622749487520038,-0.33691128016013033,-0.20165299564563302,-0.2879124918563253,-0.5510008242000876,
-0.090804322505733,-0.008378057413493898,-0.32092304546775496,-0.31495700032866303,0.014039204099949519,-0.4176760819863791,-0.10398858008205397,-0.4797614609330916,-0.3962260256889249,-0.4587940774545587,-0.4379042553719759,-0.2669262332259113,
-0.21704411385187417,0.10240134643669348,0.20272679744852623,-0.14804858490751838,0.003525218260058766,0.032453741700049395,-0.14348681175457634,-0.06597971514566676,0.14492540496707046,0.1719970137844188,-0.11667854427269295,0.14615614104638935,
0.5569121046146427,0.4382375407017505,0.41024285710032793,0.27523728920208895,0.4783757766511042,0.3183211799004256,0.5706087678395401,0.2429667071847663,0.5606662484355285,0.47734889627944693,0.4066736288702869,0.4214294012415634,
