# Pesos da Rede Treinada TxH=  0.6 TxOut=0.02
12,26,12
12,26
-0.13297522729854405,-0.45006382276321616,-0.06551113195009894,0.23561212050894192,-0.4096974557533317,0.07782518269747485,-0.27308623703656404,-0.4272315258392064,-0.13267730680095957,-0.2294841310204007,-0.5328735144458804,-0.1017814660436871,-0.16142316032894566,0.3983132437246715,-0.23635540288189505,-0.1191712070867441,-0.2518288549639762,-0.46920560114738313,0.462921296584262,-0.471128240220845,-0.42357946823983283,0.13637532657096457,-0.4558736920947377,-0.29896580614634227,-0.17643287643958144,-0.44469881370162895,
0.8030950757557426,0.8390255762331489,-0.8399086607323732,-1.3202030028335818,0.5626208680316842,-1.1895796168902575,-0.5593371661757133,0.49073350195075977,-1.0183366336607782,0.5061099543868305,0.6329736380275319,0.9060615428242574,0.730945546318796,-1.199840312514894,1.1371002472166123,0.5880982697711445,0.7713160572284236,0.8662413092674901,-1.0896587945716503,0.42838616563905124,0.44110774670429653,-1.2050564366855363,0.9268007427491788,0.9052019034020908,0.6222191817397267,0.8548756998277449,
0.8019503086759818,0.7819021898886871,-0.552359158145059,-1.2408813455211023,0.5547655340547695,-1.3858181314931979,-0.7808866915794227,0.6244336145636105,-0.9992423755983452,0.656715379777069,0.954305013698485,0.9110883452104038,0.7481860539880728,-0.9147890893296377,0.9689998527672712,0.5385761902946083,1.1122449859073495,1.1619827878194169,-1.3855604147860323,0.6745013438619275,0.5376592761451661,-1.4138316181081179,1.1442050858946178,0.8411265723526334,0.5534861936802041,0.7676093365280435,
0.5073943432953529,0.33005363487278805,-0.8719844072540991,-0.8355950186035261,0.3497433103731371,-1.1387687530873032,-0.6066783915725233,0.18827430838320489,-1.0686318444413407,0.3633775481428929,0.5110677419131452,0.31022898489398454,0.3415408385844497,-0.8412689328787961,0.32801151037531173,0.2991413691642363,0.4539037307103923,0.5562210060446572,-0.8055516486510721,0.24197552621113147,0.5070207724578688,-1.0055175266321286,0.5855487997619198,0.3059132508477525,0.39246618146846074,0.4708581724427044,
0.025912843056921372,0.29160625278052527,-0.348901993704293,-0.6026761329655342,-0.07320810233091393,-0.47119766210517217,-0.5406308339028836,0.33965172065990024,-0.7858163626952366,0.1434633745795591,0.0998383869402732,0.09518075139794098,0.3582377206580518,-0.5923774594767236,0.29931892559254736,0.12532309889417398,0.36515315711065305,0.36824084508309696,-0.3836658826618618,0.19296976003707328,0.011685838337285788,-0.2632608045014143,0.19966447289227973,0.22926930303120033,0.09794640423551162,0.28785532481364173,
-0.5816866124493375,-0.3634793856565075,-0.5538639846673372,0.6216699074524437,-0.5278404065328035,0.5651589802520866,-0.3177572608711242,-0.2670522164508179,-0.569359263184138,-0.490963119715986,-0.6759811705475147,-0.6047037845273882,-0.6619254470679136,0.5679366144873326,-0.5941013992695837,-0.6119609817927174,-0.3764351021683746,-0.8318305585441446,0.44079841133170483,-0.4528983746225808,-0.42526328799272567,0.47850014000401236,-0.3303995891087589,-0.4516643068874017,-0.48776702177875836,-0.36642420915841845,
-0.903546034389733,-0.7327327791519375,-0.0801642570070189,1.1528661029137275,-0.9593635993135402,1.0583135100474188,-0.3374750179581056,-0.6035375474717992,-0.04600327427478713,-0.6584145800567742,-0.9189706308801036,-0.9642700673154053,-0.60910558539603,0.9075825543521712,-1.092956638155746,-0.9064749690631707,-1.1136151273840784,-0.8957722172567887,0.8906244783317301,-0.8230451735818884,-0.8437112784456381,0.8831649129269621,-1.1011327758269873,-0.6900812241131264,-1.0180524803164284,-1.0127003807067936,
-0.457374235688609,-0.376175590060465,-0.23021048563717378,0.5036326769776849,-0.27971784702626723,0.3147868893572549,-0.23392158571406477,-0.4119654072675892,-0.671762119941848,-0.3416860908544199,-0.1307503811414872,-0.29528239761370567,-0.2711700132730915,0.3908196351952163,-0.4765249009184275,-0.40928115926856323,-0.38795401825233666,-0.5311184246798081,0.031903316192173285,-0.3886645059419602,-0.4866444349920602,0.32555639777778284,-0.5731030995908677,-0.557689086273058,-0.3062992430821174,-0.35628544924046796,
-0.72540574434043,-1.2050076236221332,-0.21261553648971313,1.1834290046060103,-0.676380021265901,1.3228522237306506,-0.46201265006761966,-0.6829455203985174,0.15380432338631045,-1.0100103557336746,-0.8707177009930721,-0.9606767954182203,-1.0577520410002779,1.1627816368540842,-1.2338786174290488,-0.7598374254213576,-1.0967098492420575,-1.1481436282112958,1.176741915287764,-0.8935338074158315,-0.7698895699888316,1.1300189197981882,-1.345399501765272,-1.047452339765725,-1.087768095396226,-0.8602157759143594,
-0.8722992438010897,-0.9757622712663145,-0.35998960175464084,1.1637970845685097,-0.7280545646102374,1.2958633260826569,-0.43070750351321946,-0.7351063743323303,-0.03800432878501279,-1.111776049731566,-0.768006569009875,-1.2227480308708953,-1.055486712075202,0.9897237938776065,-1.305904386398917,-0.7916249750877574,-1.0469343441537557,-1.0215896721301507,1.026027814224049,-0.7393530587795891,-0.705444188001137,1.162520563956813,-1.1650840729225882,-1.0800180879999575,-0.7834039051729806,-1.163551830294469,
-0.8934828878433453,-1.2344296475006442,-0.45893517938352635,1.3589788611406473,-0.8650418737351745,1.3362259365199642,-0.19062759568079948,-1.0538670002194923,-0.051546068483253694,-0.9806451462308606,-1.0027804596255971,-0.8550896272021501,-1.0183856001355083,1.0215395893335657,-1.2871431188041313,-0.9729853394892551,-1.2672507297912194,-1.1056763012158033,1.1354416403905878,-0.8701479418457526,-0.8329907571017344,1.2222386748284282,-0.8338201826499133,-0.9872450471582229,-0.883786320773558,-0.7279598304714529,
-0.7226653240948929,-0.5566264397429802,-0.4726599535188098,0.6884497276222099,-0.5880618491110475,0.9915348296419063,-0.517426234833927,-0.8176381795317976,-0.143560668936295,-0.5163944105717058,-0.7268652087689501,-0.9865572328105159,-0.7351639709813578,0.6011269011936912,-0.9707958197222627,-0.5213962650734553,-0.6696869354671681,-0.8227182008702492,0.7425626845712769,-0.43204218101695224,-0.4362747879681429,0.7424523133777314,-0.7334679991055336,-0.7709710944505587,-0.5725962826638655,-0.9670943685884928,
26,12
0.009833049298788046,0.119838103998148,-0.2701137760632539,-0.0253424386347962,0.06037281185360144,-0.0960080178285229,-0.19825865678267288,-0.21682028212961396,-0.08112350139077495,0.06610417454912461,-0.2235610801725624,0.08034841166085264,
-0.22329517160066342,-0.09300142668348665,0.20203259337352567,-0.18153279777711595,-0.19894368486532626,-0.10345184677328305,-0.10269667676281767,-0.08019013238050077,-0.031028299800733582,-0.016444061237367545,-0.22384122242138027,-0.04916576091162291,
-0.07291447494037218,-0.14552395112193223,0.0511307801656184,-0.12011893037322077,0.0637898008739459,-0.1436533601922383,0.230576899690631,0.04529355719356845,0.23073084073694508,0.17950199997744806,-0.18675074021414326,0.07153092235066115,
0.24628518769300098,0.1671756161713557,0.36139764791317,0.2725886119273512,0.3548255280285265,0.16415148971834775,0.11437525960000373,0.1831099849785368,0.04892542895342389,0.3112281385712831,0.38608808479368156,0.23058043905505346,
-0.05893348251731311,-0.20718920988605136,0.1079432921214483,-0.018524969314043918,-0.1893548879657377,-0.1980846641040766,-0.11415825950256969,0.04420803614786428,0.07910403535515644,-0.02676790742352517,-0.33014843004427474,0.02055884677757656,
0.18923975085578432,0.26523667080932006,0.04019601969184893,0.16476162283701895,0.2432947161821608,0.10657626157342975,0.23156109316997153,0.14670454883081074,0.3558468419520384,0.31675593117419226,0.3136738021954075,0.3064437748324076,
0.022720658891076478,0.10320045893979932,-0.006579704754541356,-0.19048136283734396,0.003426255993957689,-0.08039960979790974,-0.12050138840137457,-0.011076680668438683,0.22429112197338374,-0.038314422483622705,0.2112955801071727,0.1451073783469853,
0.11776090904197932,-0.0918166617136151,-0.16270646507881145,-0.008588387616671269,-0.09301139720409632,-0.10595924867088048,0.17830927528796248,-0.002836450681565653,-0.17334949431419824,0.03426286095358545,-0.13791756911151384,-0.2571818654579712,
0.2007390695697587,-0.006129024654473744,-0.07713066673934381,0.03897982309110578,0.1388664106996629,0.023356966012204515,0.04643329318622325,-0.02067046529378501,-0.10038324138547852,0.23664294217390575,0.1739601320000973,0.08202606879216763,
-0.026870272874237756,-0.22201027589099528,-0.0805747632972278,-0.10743838570969161,-0.19315478921537482,-0.09616438770838182,0.018810081069080817,-0.24140065888943915,0.0965848619031133,-0.1664077058256755,0.11223324934151671,-0.052352205664500974,
0.07736139960727001,-0.022959123090160075,0.04484729913498733,-0.12281288439833096,-0.17300839056511483,-0.03015864365887962,-0.049373035003225804,-0.12463826589566543,0.06832589127684116,-0.30374372177882314,-0.08660463419796811,-0.0814807478292946,
-0.20600465742540194,-0.01890300963094622,-0.1524214585837448,-0.05693393916077193,-0.14322523022574013,0.07165910282934124,-0.18599947672019349,-0.17496508897600385,-0.26134734493350725,0.011326208921235124,0.07894003312923203,0.008880969347401908,
0.03401920172601556,-0.051089708191347234,-0.02686933598429516,0.07562830801659111,-0.11613285711347728,0.013783172756633934,-0.008820356135664011,-0.14278280565631288,-0.15693481887549293,-0.18059962131990417,-0.16851378206400466,-0.08415988013837089,
0.31354877922278956,-0.07341258372865583,0.3232128438086996,0.27866503501461387,0.1956139178286862,0.259101958897546,0.048929962384199416,0.3141619317235067,-0.05631550349575661,0.025562962132231977,-0.0446416751689677,0.3234025147557457,
-0.19979892150912273,0.16750788551701337,-0.15505111350318723,0.10829658182999924,-0.2248929925836665,-0.08820547351658944,-0.09787316695531557,-0.18713562589276703,-0.243840114687069,-0.00494561722225031,-0.2885440380317663,-0.0110880970047995,
-0.08797364883443327,0.022867882825704636,-0.10683226216356037,-0.04737389079854381,0.07032509968866174,-0.12305653620119296,-0.1342959743905315,0.002111216301472793,-0.17307244247923856,-0.0030922979393837634,0.07602450155135226,-0.2781539352875572,
-0.2342003201355134,-0.15487648695368772,-0.1158120426199472,0.029120367237888058,-0.07291607909782295,-0.13897240731571184,0.2273758769115155,-0.08558958265758237,0.0627962960461619,-0.2565921450586082,-0.28522418020190093,-0.06539600838476867,
-0.0813039641545799,-0.14515158172496284,-0.0445005576307671,-0.08659574928537944,-0.0838353739521073,-0.11394300398098693,-0.1633355769924282,0.0421519342993269,-0.009001494212782964,-0.02958575071048924,-0.10453480067095366,-0.38091196463622173,
0.13835472541917437,0.19814463129434473,0.029134032051956915,-0.02300243454481514,0.0033026928175294585,0.09020645323407267,0.3598015828069492,0.23143049933753546,0.282750101179204,0.19244271378075672,0.08257270670501124,0.011696824247619184,
-0.2767790602608119,-0.11336749842118823,0.04332348917255271,-0.2093105230961137,-0.03338499210445375,0.01479451410488604,-0.2293589454533264,0.058492344610017635,-0.10429111122591529,-0.14855976824347877,0.1284035917851115,0.08560968778682677,
0.0821484880531349,-0.02375933015346707,-0.15312399794211543,-0.21941871268317284,-0.02237429515555552,0.14279088998755926,-0.07020661873648178,-0.14085983537640095,-0.09878980845560373,-0.11159449040138197,-0.09705542473883637,0.05046093558315773,
-0.031011382206876794,0.2271186464537871,0.09910348521391626,0.12322108649127242,0.08725611262038202,0.227802392974557,0.14667998898400514,0.049709772299115586,0.3014871063544019,0.1387357014854179,0.1942992702460473,0.06737033664670838,
-0.02568947971446032,-0.0020845161553507885,0.06444623861210703,-0.1443651293977837,-0.13020051549333098,0.04332810879896558,-0.07329969224329176,-0.17735963853380352,-0.30151495556948144,-0.07872560035828226,-0.010008329540489426,-0.22582237699869281,
0.044150381803562525,-0.16780116126067066,-0.17616558011820319,0.03310653028933395,0.08174463484298557,-0.2783953590959226,-0.19741567305551552,0.047910875957132004,-0.27415083043669003,-0.09980203255576224,0.07038088830594481,-0.1037622957120451,
-0.2162874540951346,0.1263530354196189,-0.25210072230327596,-0.03893912259761424,-0.12312604457200599,0.13959121505448438,-0.0782574365024409,0.15089402184573342,-0.1783032427179743,-0.22763151240346047,-0.028912017380992836,-0.06945619935977078,
-0.1663052196791898,-0.1988579322164683,0.03296206865477034,0.09636107355383504,0.07816156579206238,-0.07765148621802141,-0.18191632539005378,-0.13332832517952525,0.087275093074312,-0.2385772135032702,-0.04253314726213096,-0.20837774588526067,
