# Pesos da Rede Treinada TxH=  0.30000000000000004 TxOut=0.07
12,23,12
12,23
-0.48479121449656776,-0.22669573581775246,-0.35254043402543367,-0.31970923751997715,-0.49666976125315165,-0.19625492364679228,-0.3555939296515861,-0.16491095894094404,-0.2927617653945399,0.019316433784874416,-0.10610811062915974,-0.5220164885542502,-0.37987921113546524,-0.29996613030500396,-0.5492551250318376,1.6044233689720473,-0.2114781519153208,-0.48873488099421697,-0.2601627098167374,-0.3618515920670103,-0.5131448688135174,-0.24264882629294976,-0.35406099530880425,
0.25197675989538904,0.3421145100390756,-0.06006645198760616,0.15654489834057556,0.3192221128648351,0.10163716792684185,0.13900910003404576,0.1984758383559175,-0.0436549697170552,-1.1587714613492932,-0.28273545940989214,0.1015799168633838,0.08377199525803528,-0.1521620359838366,-0.7058814431909272,0.5663843840108286,0.31559123759565894,0.3017382360183895,0.21908927327959712,0.17010831228981724,-0.28796010861309274,0.139090256292217,0.02712904386258206,
0.20505975177883784,-0.1058990991313804,0.12033700210937238,0.274245700889321,0.34105669119720816,0.22754652011352633,0.15846609317120341,0.163985024961657,-0.003943716935564835,-1.3285816618170745,-0.17505404825929657,0.017645474505355977,0.4188250784821976,0.06696356238253745,-0.656933832815819,0.14411209654769103,0.25366794771180406,0.5857049082730035,-0.06106904656446199,0.31523552333814964,-0.15864508215487994,0.12533013184548436,0.18363567387501617,
0.2618280124490161,-0.017473790931863388,-0.275667369851873,0.234594015831846,0.20405958831291077,0.1610929241557088,-0.06101177335742962,-0.1290180944011219,-0.15483349605118019,-0.7097409110466526,-0.11203165837817265,-0.25531128017581634,0.30268256576124986,-0.16816416741945173,-0.8687055004916127,0.9298488060807062,-0.11098708212407599,-0.06034228306968314,-0.27746386925144606,-0.1342484202280017,0.09602777198997592,-0.10228063969364627,0.25114205845317833,
0.01910863866434529,-0.17153141403332814,-0.10069524417467829,-0.12875425905881638,0.05583606202922636,-0.027539923751408443,-0.03763653909050938,-0.237114479708076,-0.3033443113349157,-0.6766701488665868,-0.017855449141960127,0.04826159502633735,-0.1952960752429137,-0.21270743177905752,-0.7735534415589372,1.024144346178415,-0.12050856462106001,-0.23731539867243723,-0.41577039201056076,-0.2822130926153081,-0.3084562563164629,-0.4434846820839578,-0.1868930495704232,
-0.607231198501414,-0.36104151112508265,-0.4874597216469501,-0.18432807726510203,-0.27556979941580556,-0.34965920872814754,-0.34883856079998055,-0.5897276263834833,-0.33762719319014556,-0.20048674653693263,-0.5011592507272662,-0.5846988042972442,-0.20026132665250865,-0.3086558319601438,-0.2981379304606111,1.8289978992406672,-0.5262525183420751,-0.2555507957836938,-0.31646046470421957,-0.31478576661808644,-0.15764494411866703,-0.4739337143997037,-0.49352432876338553,
-0.6424000632021577,-0.675528289681312,-0.2524397668474417,-0.6266484407592646,-0.7766247608602834,-0.6321230823006943,-0.6592195158898384,-0.5941530655964641,-0.4412891205521916,-0.01086134235513362,-0.3428326277309949,-0.43334438240305895,-0.6075688840718938,-0.4799310547830282,-0.291452069793586,1.802095255087676,-0.7076115311653206,-0.6619675664080305,-0.3008068933367363,-0.7153643718164509,-0.6004583477445906,-0.4663599447846398,-0.4572614515876989,
-0.3083260531143353,-0.3311810607373234,-0.2411411949021085,-0.45375905203335004,-0.3891271598921062,-0.23202989474682886,-0.3437040956694936,-0.0966143683106719,0.0052828080496512345,-0.9334620990689992,-0.1727810092581292,-0.1425687687748319,-0.36693224291945487,-0.17586629110199736,-0.7405347789083938,0.9100527078658861,-0.06053823668515879,-0.06558243365579695,-0.3805907493498539,-0.1287874238473602,-0.4826417477184367,-0.15457613055612973,-0.2842499843023992,
-0.2988628949902728,-0.718335590822347,-0.6066716671849551,-0.6023657992347867,-0.5439325039641227,-0.5995624735631481,-0.23848660739342786,-0.3776214411302874,-0.4804410113215179,-0.19566336375617474,-0.3568110481309638,-0.6339973340628962,-0.599205672171213,-0.46990261256046284,-0.5037170766460669,1.8387651249047132,-0.5354231056027317,-0.4881074482669149,-0.20820133884563705,-0.5296053527010038,-0.21940870736648826,-0.5276894772476717,-0.6815928992476598,
-0.6477826857195697,-0.5177727785489759,-0.4930559540319325,-0.5738564592866693,-0.45774233931442376,-0.7922566980835101,-0.5994234360189618,-0.5175049664547061,-0.4761150250057997,-0.43469501220537904,-0.6064936794046967,-0.2689960418829607,-0.6268878400670931,-0.3685710930531489,-0.5961155054022212,1.7304571549182548,-0.7255111384911825,-0.6265083948638789,-0.2593182465656927,-0.563967546576304,-0.41918658228997124,-0.5257382802396698,-0.5488975825056666,
-0.7223117459439633,-0.371297982073151,-0.5015876111721536,-0.4867773849228746,-0.72483788595861,-0.6893546487112422,-0.5263819912442844,-0.6599207819860773,-0.6507324260435179,-0.013759431588901435,-0.6144769866722818,-0.5165350419028416,-0.703373982588893,-0.4122116383044303,-0.6342040400061876,1.8546243775854856,-0.4809711374722803,-0.7711321631084989,-0.693849334153839,-0.6307677106436959,-0.4620203333259376,-0.3077360265617864,-0.36613577652727586,
-0.258277939487359,-0.19163125013958632,-0.31805901623588867,-0.5290350857963245,-0.43734761000518907,-0.2119780844412374,-0.42787892882036643,-0.4347678009461564,-0.26447449664094824,-0.5455052655459225,-0.3960572913899531,-0.2870534031370738,-0.3307078419691746,-0.5923126090755085,-0.41162544978793675,1.810192973138025,-0.38830737795387116,-0.44633161436642055,-0.5386543014981912,-0.11926382261481516,-0.21527218028916964,-0.4078737454228701,-0.4541740518940795,
23,12
-0.19076760569848225,0.09181358698294703,0.1272384218829946,-0.043835885863970234,0.010308015278433499,-0.033526078998863576,-0.297632326962758,-0.31246906375761013,-0.21930712214013098,-0.23812793196735277,-0.29561306197873416,-0.08122163521236192,
0.040191814687306926,3.664366894056779E-4,-0.25370200434449974,-0.28816051674509013,-0.19720542739696872,0.06269200096789725,0.050892612879994775,-0.013049589225678658,-0.11576367020156106,-0.3851795462641283,-0.19033030220435113,-0.11258316931862448,
-0.2767609332907677,-0.089243200166733,-0.12407137600559655,-0.1312228535467173,-0.2749031631537843,0.05891952730589012,0.05545665341715159,-0.29463039196586793,-0.16207647717711776,0.1292095239161112,0.09873015310831648,-0.16788182669725352,
-0.06838059779136929,-0.22901314236894238,-0.09164148970015883,-0.3258951634496367,0.13094374971831862,0.07087318432937272,-0.07986501142392341,-0.022815698496154425,-0.1323614027044961,-0.1701088181854111,-0.3503544714695263,-0.3479058815545447,
0.06303284443077325,-0.25344189440455983,-0.16397781432288128,-0.1602085514843408,-0.10396408513020891,-0.1863743936914167,-0.1147394077647716,-0.05312295574300808,-0.33779281707586467,-0.2885272288904463,-0.3603107869196695,0.12605373870777342,
-0.2566117752075685,0.06499003860677359,-0.2978222757790072,-0.2337020903646855,-0.2258515851507997,0.08388797482520452,0.031666787659798,-0.03921477020982173,-0.3532015224260812,-0.3592371016660541,-0.025156583432070445,-0.17980201064409398,
-0.08173090548750543,-0.31182610314089737,-0.019138240002014528,-0.005486998585342651,0.029873239657900612,-0.25576336863325977,-0.34353933525866476,-0.19153279493671094,-0.009041542154913382,-0.14345555602418808,-0.008622361046786351,-0.17025134590250468,
0.05089428756606033,-0.009682954637951015,0.01961054933565712,0.055114421631154126,0.026327521191125126,0.0867918971931839,-0.06394841219948189,-0.2216726223303012,-0.306911894275255,-0.32595254680268304,-0.37346598932512787,-0.020734479839339334,
-0.2508439082835117,-0.23258084275742297,-0.0468424345231313,-0.11682837601266466,-0.17452503262509877,-0.021570553060341714,0.0761712597633271,-0.19757932337610593,-0.08953667530046147,-0.26869680391678674,0.07176459674620263,-0.15599783381347285,
0.10472126041516133,-0.038120088609699905,0.06313264872403353,-0.05245987816028868,0.03893264335155938,0.12048292771981446,0.06135559230665085,0.057317089186354066,0.19056214447620273,0.04807500534125715,0.1240727986860573,0.13598971301243132,
-0.3094207987712756,0.02597880221024688,-0.2682050194760449,-0.14691945648671415,-0.16674219632537338,-0.27637266932899307,0.04525744228628231,0.05013586271327995,0.09781624378542671,0.053645030647218,-0.16980944223531655,0.0030144319693161765,
0.12985875916021858,-2.3072545765382823E-5,-0.3760081441464896,-0.019657228423251273,-0.17604104638654072,0.015306529277713261,-0.2404425232144467,-0.2741706567960202,-0.016509570599416632,0.043315599041127736,-0.1018353410124328,-0.2841042701567674,
-0.11955525156764249,-0.2851544639471039,-0.03022937200541917,0.12348647308964385,0.003580092029525396,-0.32742832462774196,-0.11418152446506086,-0.011750801090375632,-0.2840473095528204,-0.11508362084257884,-0.3109514161449616,-0.1716889489273908,
-0.18231769567837236,-0.19669661625138393,0.1631543385865107,0.020235699908476165,-0.15073541138445057,-0.2713909644249975,-0.09393127464475205,-0.2279360463387074,-0.19244381127833726,-0.03588455763753226,0.03485558665317605,0.06860959470532746,
0.09109433194738491,-0.1535984286913666,-0.0964656339483175,-0.018194500378759037,-0.07230386921994299,0.029959248765873973,0.08154775870695795,0.2451148558381735,0.11506604166057358,0.3775074511776938,0.235422896113792,0.14441683158686705,
0.8763816296594177,0.7519198086974695,0.8429411558452522,0.8023649712318426,0.8449594096260947,0.8732118756436427,0.9278615557047655,0.9624540094543563,0.9686559106870615,1.0231606138001532,0.9955560402410543,0.9715681254724927,
0.0805625331826184,0.23319915150323603,-0.1157244654576995,0.13263135995722866,-0.07546460849146644,-0.1577111176005846,-0.2258263383913475,-0.3105662673967851,-0.17612302166650443,-0.3659496225315632,-0.09000846796149682,-0.22878557923467957,
-0.200250888674972,-0.0023171344828507748,-0.015312587153858125,-0.06984387110076787,-0.11133027065516304,-0.22335675439164615,-0.28550737764968526,-0.31263999008533094,-0.16576312972845572,0.037499461348001785,-0.16200074527372463,-0.22729936569836154,
-0.10837175847311606,0.05849288213469944,-0.17268262834448417,-0.31722118173047137,-0.0492988096682684,0.07926528324877147,-0.23427069480132068,0.04061817174875751,0.09486581357832892,-0.1364617693295865,-0.22785761775701915,-0.24301422738094797,
-0.07720848510802966,-0.26521127960973845,-0.08992863864027233,0.147319106218492,-0.12927735694561054,-0.24271962968631536,-0.3947330069934391,-0.15543332935259277,-0.1399606583381977,0.11213867383555426,-0.16701259696055723,-0.24587405053090186,
-0.23746250487782114,-0.07347497749364139,0.01622854579115908,-0.26725000617179817,-0.31281358780364127,-0.2625749031552598,0.059155367976670245,0.10214603936206541,-0.07346842217488514,0.02586431859426256,-0.016106639679847462,0.031012525584642327,
-0.19195449223406671,-0.2632257587129388,-0.3251714309594916,-0.3302300943753959,-0.15921398365180983,-0.08090344200350072,-0.17559545577805277,0.055519957827032736,0.0075668043034794776,0.014761488856968347,-0.10114988720560947,0.023945315068210894,
-0.18336353055249766,0.03778477928509839,0.02621105809330751,0.05373711265575263,0.043537945205246835,-0.39570365574228417,-0.03985966836451976,-0.17740318416510092,-0.050615834767747274,-0.35800571618495136,4.643136417118131E-4,-0.17119357933083415,
