# Pesos da Rede Treinada TxH=  0.5 TxOut=0.08
12,16,12
12,16
0.02818670249464648,-0.1395348376563713,0.407615367395221,-0.5569082620797132,-0.07783939473649872,-0.20229521599776262,-0.3401156644656184,0.013369010634780944,-0.45792539247300795,-0.6118638527362975,-0.4877063001785769,-0.3747632223777255,-0.38372599136545354,0.5895200900721503,-0.41665821601117187,-0.6600791463365893,
-0.07662491443590387,-0.39032409142586516,0.02529229394986634,-0.311867420567969,-0.023787247593085883,-0.23611151190507446,-0.4312207620880132,0.38028460199510966,-0.20607094440950072,-0.5970725161276408,-0.21198908225432256,-0.07844778709988953,-8.918127872553426E-4,0.29103876685913777,-0.573562141442589,-0.31923327762179504,
-0.203497698393859,-0.3543659921537536,0.48669267135171174,-0.4438890930034235,-0.17188382243875125,-0.570930114442132,-0.41223323723246713,0.4290277748861677,-0.1296194415777326,-0.5837648111390389,-0.4706306116479692,-0.38823168952975246,-0.35872940651292406,0.6977125630627311,-0.27927187976914475,-0.5694408601837553,
-0.32012232407901986,-0.08137322699230959,0.30735985626033335,-0.21523452865767023,0.04233656108015368,-0.525792997422272,-0.16524044875402075,0.07602626957754442,-0.3451760784558804,-0.4449113966365405,-0.3288592858038172,-0.1657840075119436,-0.3618203763099975,0.4339374870597589,-0.28234745618157375,-0.3082147110634406,
0.042514359202411145,-0.4614716602698829,0.2582933706314031,-0.4817801526677912,-0.09145247681493439,-0.44522271105421507,-0.5444633660220146,0.09658289121776256,-0.18822707179319417,-0.5948264833138039,-0.403217093212615,-0.6224151312927153,-0.20783001247854213,0.6414467579949796,-0.6938878813156352,-0.3626454922498339,
-0.20058086764608785,-0.4322217970714637,0.0740909197331717,-0.15839030419005334,-0.15280710167880904,-0.37707430744490616,-0.6101994064393905,0.22531101472568332,-0.30117105923036985,-0.4472167880655842,-0.3336400268265138,-0.5126367547735489,-0.198680270444113,0.3611559266915332,-0.6721292526218935,-0.2834608127872143,
-0.4563646037447532,-0.14560045873754937,0.32511352991065967,-0.5297096253107365,-0.49060295681303795,-0.41488151374884485,-0.37144384125390806,0.12939469845036644,-0.33052821134164534,-0.24622833870388197,-0.5996157507013556,-0.35869629078026466,-0.42814012400536067,0.5625516270062172,-0.40040081468598204,-0.6004410835093893,
-0.15529281842711043,-0.42352962156955576,-0.03384808496440126,-0.6616221688215932,-0.3721419551313491,-0.3461980266037504,-0.6882105135103004,0.09571043875912447,-0.26760170788183973,-0.37180485031511246,-0.49872266538684157,-0.5594271389689227,-0.11001446172551654,0.5480962408510632,-0.4761471618480161,-0.6572856649767111,
-0.2549203746600705,-0.4515857773865034,0.35704292459482717,-0.5531303172489812,-0.45744905085807697,-0.3174423066159902,-0.41164585992576874,-0.014249967634470152,-0.49880838608465783,-0.2670894864428386,-0.2649244716582305,-0.2520814559514024,-0.557229700985601,0.39209598804449985,-0.4022956120285044,-0.7179461155049035,
-0.3878048347248822,-0.46283748345275183,0.36033695160573553,-0.2450631723472246,-0.3624826072824769,-0.4235086038551654,-0.26240917259450713,0.16715513261041526,-0.34892582297702934,-0.29063178374745163,-0.3603215219667156,-0.5231504868220077,-0.5602006781503734,0.13160396877607733,-0.7365217800390138,-0.41804468288885405,
-0.0480650525998352,-0.5816638825183927,0.34634769106397,-0.6077966280956018,-0.12150895705627074,-0.612173307101229,-0.3520944837004209,-0.184042741234219,-0.6392811073166266,-0.5715764395016752,-0.3864533145845816,-0.45369612743859694,-0.26992572868051945,0.4429306881128479,-0.2664002682130143,-0.3942029368524765,
-0.4930652851754472,-0.1542732334928851,0.2523569223229389,-0.5857423501335782,-0.3883366507652637,-0.32756232231202836,-0.22110069939362786,0.052791787766814605,-0.3043417421975667,-0.30782436944091096,-0.3876144203028589,-0.19516067871211806,-0.49757720825971,0.26847373245305983,-0.5975687111880511,-0.5074519157587984,
16,12
0.003620982253648695,0.0019269310947667851,0.08558676434689412,0.017084711725856724,0.17600369594556,0.11387650345154161,-0.25927544035664757,0.17322762629151028,-0.1863940260823433,0.02575921816059696,-0.21139510681474724,-0.0895890469372845,
0.1360305604880739,0.12009925543765661,-0.21974750172261326,-0.19253960689255684,-0.06317282273254517,0.07756489128129493,-0.09460835771565457,-0.11454612775071583,-0.10747188617065317,-0.04444593270319811,0.07953200649626127,-0.18095703288417064,
0.3828196751445947,0.1483581490391784,0.18561204643511522,0.03126620997967591,0.1577242899640209,0.10266774359457924,0.12906141234551177,0.10076431488714399,0.33415844534916883,0.35701213121689424,0.13091474963073071,0.194852785839346,
-0.31389886408311074,-0.057307797436813544,-0.32690613833310717,0.08401507018264105,-0.31528830846890776,-0.07510721506439764,-0.20533221362460205,0.08197385640959208,-0.327805469114556,-0.29784377829809217,0.1230285394818484,-0.020728828312085893,
-0.07705601150310659,-0.08793286462064723,0.13831974147094295,0.0035702382246853826,-0.04951734116518365,-0.012774368396297711,-0.09997413040112581,-0.0199670932248541,-0.02146594294526556,0.06796490422267024,0.057123372136922,0.10396688263034912,
-0.15753485386703195,-0.12890206323095926,0.08358975992713054,-0.3117083581490429,-0.19998998627151832,0.062295465498249186,-0.12863931907512477,0.11704654225754797,-0.33064283872732725,0.0621131487441624,-0.32216315992619693,-0.025361275715646225,
-0.020790793148197515,0.05951517456774047,-0.19865466039734844,0.1248112830941204,-0.06558978170919484,-0.30546973323370447,-0.029090694271475336,-0.3087631608275846,0.026970625698353356,-0.30819490936199845,-0.022654554084119437,-0.21821920248672697,
0.05710638422655398,-0.08847230995576975,0.108962670559383,0.27304043874409667,0.2339499498135509,0.007896195676830803,0.2755848759326601,0.14836054284723516,0.21964190017156457,-0.11533744949862176,0.2083977678903035,0.16874704355112957,
-0.17456380044032532,-0.1269855439042644,0.09854512402012187,0.14484793896355172,0.07645586983607493,-0.1265335095911438,-0.2482676844636016,-0.12642717078978935,0.008396405786716883,-0.17842664498640037,-0.04977063322460821,-0.20741095183830008,
-0.13392475770119872,-0.27757579556011536,0.001521061480353574,-0.18049324913175346,0.07872294902788993,-0.4327447386422281,-0.2526820348949842,-0.33756684736911785,-0.001144409061004175,-0.2776065886385006,-0.22344767813300787,-0.10194206133544118,
-0.2977461431032498,-0.1418132829739982,-0.18253568672275036,0.017881239248733947,0.026480102041339628,-0.045994321531768835,-0.2798315693078179,-0.16238984475408047,0.09623178182531808,-0.2987072052002262,0.006384538314905483,-0.07412999317529274,
0.07701335529028029,-0.07165850828039601,-0.34340013515836065,-0.038765300746638615,-0.28587632785660194,-0.05327069687667652,0.22067637345534832,-0.3200864332750827,0.07763494218015997,-0.03931775201145941,-0.1399768128917617,0.12134938719279693,
-0.09383178834484725,0.040054767717611885,0.033701381375351426,-0.22228636991455414,-0.07464456969111094,0.023756691088163494,0.2045232477879552,-0.0834944620191678,-0.1380072269759078,0.08044316938388421,-0.06124685237696325,-0.24587471826496216,
0.3847714744051777,0.5866266181819427,0.4591646503709631,0.4841834539615103,0.4377793083577342,0.6292280978251331,0.5099295017564308,0.5963351051850456,0.36388648023532955,0.5823071160190267,0.5521961598525755,0.5296344557051054,
-0.17038754050691327,-0.07783470171971132,-0.07440756976461177,-0.37839432585751787,-0.381385118175955,-0.19920665181734032,0.16743016415518322,-0.2959361096374585,-0.4104243597019834,-0.18231741724559858,-0.3399590156828658,-0.11175864169325608,
-0.13450251622586507,-0.3416513709858941,-0.40860400988469214,-0.2485299215235844,-0.3160789679259205,-0.4218786729343499,-0.2880893936775907,-0.017685831261820648,-0.03479560077935206,-0.05155364484208192,-0.2902303319011837,-0.23692279003522101,
