# Pesos da Rede Treinada TxH=  0.4 TxOut=0.07
12,29,12
12,29
-0.6459800882852264,-0.3441894859341263,-0.3427303435836043,-0.6807863248995079,-0.40386177591738137,-0.38771720831211093,-0.6012407116315585,-0.7539297544172683,-0.3635229997982255,-0.5660834812565831,-0.36341841094153543,-0.3635702470150683,-0.6858507536880557,-0.3710340670391205,-0.7655262820234375,-0.7602401671975477,-0.5846961771310063,-0.5160321492146467,-0.3412114279699927,-0.570069330125168,-0.5467252835616373,1.1365643973523687,-0.39433757026605815,-0.6820625897315435,-0.6760951327072473,-0.6559245179262247,-0.6728439249624427,-0.5695679524415465,-0.3510087888771709,
0.0558068655171746,0.006184503927989662,-0.05867434586147757,-0.27247524938621237,-0.11120540293611694,0.08169762206139201,-0.05442193730029445,-0.02729778778024115,-0.009382415597315265,0.17179669131076838,-0.0486829369701867,-0.013790659598146937,-0.23668887154381746,-0.019088886282344883,-0.36975138704672983,-0.16994619988371656,-0.1413928719957883,-0.0397661264438625,-0.283937675722987,-0.39260684677927493,0.06394604121297061,0.4504088450091591,-0.6161204487332806,-0.3694747374065813,-0.35586676009540474,-0.10580658349034326,-0.1962418383314946,-0.19616760285885598,-1.2624152304144995,
-0.12880260001159025,0.06902178556579186,-0.15194919911360938,-0.04140256352403879,-0.13355637693807668,-0.2669887639275713,-0.06290169815332593,-0.046054991540930484,-0.18223587509616146,0.20989524476718247,-0.022055716465688737,-0.2540267574780181,-0.23599689787867975,0.04204801039534669,-0.20679362263856843,0.1786627207446295,-0.30234735221203307,-0.09948665572095497,-0.29504419042512803,0.017860595035314224,-0.26030973661853324,0.04157447730627203,-0.44873631424824306,-0.29600093427545854,0.09367522271985444,0.004303986307895311,-0.09024622509467727,-0.2655731845574771,-1.2569855616255645,
-0.3198202584062753,-0.5260207059643001,-0.5288244925919247,-0.35605655527606184,-0.07889128870557653,-0.12158115401701323,-0.2928352253694447,-0.38283037940735704,-0.45755480052368686,-0.25885452329898667,-0.4310886501858866,-0.14306418990272346,-0.1730033868538521,-0.29549195690936386,-0.2577484042984002,-0.37843060537866446,-0.028303370127930542,-0.06972227914449411,-0.21354900682342257,-0.5399546741498035,-0.490687565583237,0.6895974774062021,-0.32159456384454777,-0.16858366105938008,-0.27652918950619115,-0.44595460911524015,-0.12781273005661886,-0.08683815048551038,-0.6059914732137486,
-0.35214071571132605,-0.5945629779646151,-0.5910559827393884,-0.3550426387648127,-0.47538525719185826,-0.5569998525569101,-0.2691503222705333,-0.32842107801882536,-0.6047556361578981,-0.2712172014259454,-0.5942190657141155,-0.2428130623542464,-0.21743371705284567,-0.402651149939411,-0.2983571280323124,-0.12732096288162964,-0.30185504970338806,-0.5005044714712958,-0.5542327770100163,-0.6961795492575482,-0.5560959801537549,1.2075171014467363,-0.7241871155591058,-0.5452513588781314,-0.381042058801773,-0.15059709087008105,-0.3702366132898893,-0.5446527964127522,-0.6524330672163972,
-0.7653158190576292,-0.6058290438984618,-0.6102596723357534,-0.7915447117830658,-0.5646018121017529,-0.7664533992072187,-0.7304357613974806,-0.8242710348744606,-0.7438325928730628,-0.6344046346895507,-0.7957430549051661,-0.6847928797664679,-0.6686621723884404,-0.5295364223635494,-0.5048489414741955,-0.4710314562623742,-0.804470639044144,-0.720077277391838,-0.4337932620384125,-0.6778132817877353,-0.6199011616089328,1.54448402208935,-0.433795507020867,-0.4977125000729289,-0.5840166610856133,-0.4837139954974714,-0.5001613963187449,-0.4868965585173312,-0.3407002163848766,
-0.9561343053009416,-0.7899748258299037,-0.9032880529671492,-0.6182537872983387,-0.772576550372428,-0.6669794435730858,-0.7974131240532546,-0.7450346619621474,-0.7434426454522238,-0.9328242555323214,-0.9053627160548314,-0.6186993633419721,-0.9144108783046014,-0.9798371719258313,-0.9005286851449226,-0.770766533011717,-0.9200838055962051,-0.6571443537428968,-0.7745673508577356,-0.718394926476611,-0.6630700341212267,1.4255760851003396,-0.5620773279184335,-0.7781471938214247,-0.51190550068866,-0.5421126054213375,-0.7533599182783198,-0.7190511343098521,-0.15758712920040602,
-0.20123514288297245,-0.42565403073601843,-0.3149110665765218,-0.35051693540555684,-0.6147307830806171,-0.7088271364942443,-0.48244111359452035,-0.5619460518185343,-0.39108695241726515,-0.46856195005342915,-0.41382263522344814,-0.7859428468409196,-0.4462943245632366,-0.45433042825894204,-0.5015210459968107,-0.4089084119955903,-0.32734146658102276,-0.6267441078398747,-0.646872513587238,-0.5310870929131565,-0.48650211592989384,1.0525951978501757,-0.39681400396133687,-0.38416642663381745,-0.2937168802752812,-0.6728457323545547,-0.34977497208058167,-0.5174605747261949,-0.7517802243527022,
-0.6303292161450642,-0.826501806330826,-0.6503993213214969,-0.5751890651655863,-0.9643654596329374,-0.9671771872595922,-0.6647524086667645,-0.8516948840234867,-0.8878579627022614,-0.9063571831928163,-0.8655598001709953,-0.5427610077339201,-0.5881303239817872,-0.74184836934693,-0.6093223821444199,-0.8979144604168946,-0.6733109174797047,-0.4771047016686584,-0.9028178343323442,-0.7837684831970718,-0.6809869989301284,1.4673443668015989,-0.6110835200342813,-0.5112058613187922,-0.7926673063871603,-0.8715916866216986,-0.8026314236972034,-0.8145114213001508,0.12157217495048672,
-0.8739443196913712,-0.49486274572089567,-0.7388927120160934,-0.8213219307942256,-0.8071506184844728,-0.6532542193036882,-0.818481840819475,-0.5159720055203603,-0.7592373552505811,-0.798992710434979,-0.7516089628154048,-0.7932315593238415,-0.7822399676511786,-0.8190107630117194,-0.6976171630624608,-0.8172327802657882,-0.603647727728706,-0.9501360070400239,-0.46858981263682853,-0.5720828679801679,-0.751234153468051,1.2192191874647729,-0.5353225562035181,-0.6605710137943983,-0.888830820790386,-0.5973376777533848,-0.7045343367499591,-0.904159808300298,-0.09271078252139352,
-0.8031012971792133,-0.894792939586432,-0.7884705892692044,-0.847059065785746,-0.8064028941498309,-0.5745635249346799,-0.5642681401801398,-0.7289718394880992,-0.6404964976269928,-0.8993147038399695,-0.6320624179403731,-0.8652235624161981,-0.7583643708015245,-0.7936838634253122,-0.5407557623965104,-0.9733561410337591,-0.6494161531598034,-0.634196318745239,-0.7614887775376614,-0.4587781495711522,-0.6803449706501352,1.5687242800290533,-0.5863511000777872,-0.8169786444806832,-0.6587599291730771,-0.8912829084873158,-0.939078324685658,-0.6717844621367881,-0.09607239572413813,
-0.6747897485604636,-0.7408783623655573,-0.4773592465330978,-0.5743517493290778,-0.4734257787492754,-0.6716759808412707,-0.7936534122421037,-0.4620886446121251,-0.38846984935884027,-0.8420898546371841,-0.48216761292208976,-0.7637159174206892,-0.5182004149585416,-0.7464562110752486,-0.4882106237814259,-0.6964647154175468,-0.8401294395158074,-0.8344433179516435,-0.5063331189080951,-0.43404708087559335,-0.5464688987700486,1.320050368407887,-0.5693366860892443,-0.5875987348445908,-0.8994669201263424,-0.7445524518348972,-0.818277989062306,-0.4633503854312469,-0.20258185672986131,
29,12
-0.15735557280854942,-0.22673826288338017,0.15405294115417908,-0.03533459470205273,-0.04292041793324966,-0.18279436453054032,-0.17647753152418713,-0.05928935368608082,0.21015251610833385,-0.0719277090232177,-0.17095264429116946,-0.13125114495472917,
-0.03053373893611831,0.05230511562587394,-0.160915648806116,-0.1127391215881972,-0.07385450148031605,0.06280431509128605,0.13001285637618415,-0.20909291057479776,-0.10071144850450306,-0.017440759721765745,0.11118143078177949,-0.3860216896179551,
0.0018372227763773649,0.0792193470370405,0.110698948994586,0.012572420018732015,-0.2752207065472235,-0.1626614691280974,0.18056314272018442,0.08692227392938187,-0.18038659167602036,-0.07708832276710502,-0.307707097569274,-0.09145679561542254,
-0.1746314735008101,-0.09104197678196306,0.09778494858654814,-0.2083463948577363,0.005539905335681452,0.04668150457383366,0.12385971204095383,-0.17090448351779278,-0.20336383080502882,-0.1665158351484692,-0.2449500455927544,0.21623001207081247,
0.08551141978727674,-0.2513591438954111,-0.002722205049975507,-0.17393482851105282,-0.19875774292610968,0.2076644166166652,-0.2583702015322431,0.17509925585944977,-0.11950058334618384,-0.1881761088568685,-0.1076914087164683,-0.020183510029256984,
0.10435629257489504,-0.21186353664298327,-0.16106823673246598,-0.23223982469418522,0.00913765078775948,-0.16833329394327293,-0.23316568096104734,-0.03774531255901937,0.23254933881814863,-0.06268618414445616,-0.24871022301591364,0.07276197840550509,
0.12106776554640905,-0.0352589418133463,-0.17734639377830835,0.0069385942190993794,-0.2342461685326709,-0.11513093150034973,-0.14839736411137996,-0.17299981849134283,-0.15004089504935056,0.052928586242575605,0.08192158277713957,-9.032002382962389E-5,
-0.014840784987151289,0.2093202067513191,-0.007095012419308171,-0.0950035966289447,-0.19847270050161853,-0.22178838802653647,0.14160109339108082,-0.24409016442533155,0.024714738779371907,0.039158712479039924,-0.18453136001179765,-0.19360323632589552,
0.14698690275516502,-0.16823370546056365,0.01144995475839177,-0.2029441689094651,-0.20944553225678908,0.003565232569645787,0.0032853211519467762,0.15112321703192574,-0.203187904862651,-0.2544660762680859,-0.0671994406028087,0.05364737920152972,
-0.14246822119383853,-0.05632613382376271,0.09440701268002061,-0.1850843364254584,0.06668019895320808,-0.1192076183655351,0.043557430138283115,0.014401634979896655,-0.2470791074794998,-0.12804646553006133,-0.016707227258082727,-0.1997701587545107,
-0.20513558828132425,0.04011362429637916,-0.19091497662719456,0.04747460043207596,0.2027458840976599,-0.21227057071190372,-0.1507214304219558,-0.17998499309191474,-0.06391930904295692,0.057373238937365366,-0.10692449142265124,-0.04310292338471073,
-0.24495747476285365,0.016569227087164823,-0.2638994634890611,0.05645825966063731,0.13397796834076306,-0.2498158776368551,-0.02500944454060012,-0.0563284504847121,-0.11905118442730211,-0.06128595632907604,0.05489703459670599,0.028109563139688213,
-0.16129049822519803,-0.006517212184165198,-0.1450641541423812,-0.25195706571612686,-0.21158106062392157,-0.06772681141332264,-0.3088519515609122,-0.09275357454877828,0.09225455775094044,0.08756818167843966,0.07126309978129748,0.11285162386680221,
-0.20510816029664272,0.032111754453682466,-0.11938715250112511,0.1487061139807596,-0.19076710849698014,-0.18342113346286087,0.022079640102242056,0.11055322079101874,0.14463708015844642,-0.17594259855623942,-0.1840581882534268,-0.14788113613714957,
-0.1861191354823737,0.08885489063273738,0.02125918744268509,-0.30593205621319686,-0.07796388033156816,-0.2448636794502991,-0.037105892174962705,0.13920563565878927,0.07024213925481178,-0.13712843661648205,0.19280571271349045,-0.2052661173908149,
0.04777837489549261,-0.1011307676311021,-0.1126767069290294,0.25781500219087156,0.1414526477188891,-0.1671271114137853,-0.23708884644002426,-0.14240174475068135,-0.23908187051579866,-0.1772105364025483,0.10505947639405981,-0.17295305541059408,
0.17159924336912777,-0.013095440064286482,0.09163273468565364,0.18361117835734325,-0.05236180259881553,-0.18996191610347263,-0.20349684064265558,0.1793096841470357,-0.17315891718774806,-0.18506910492549822,-0.3094581090560975,-0.12149465633968452,
0.07154989783985109,0.13921762207848443,-0.16412448630557655,-0.055541234349477324,-0.16536792848838117,0.10468455782547466,-0.21637285855642469,-0.031051393426330738,0.12958272737917836,-0.2253978446216068,-0.12518368223645823,-0.18384999588376258,
-0.09538447247820162,-0.20633041647265554,0.1164871747246676,0.09787498891210435,-0.25863750928152085,0.15176764866611495,-0.05838206597646354,-0.17260590743101092,-0.02226086106633448,-0.1534370985323834,-0.007513318241806006,-0.05872172828520481,
-0.09203561735226352,-0.11248917822855176,-0.1583223371588618,-0.19335501954589257,-0.23425685792540263,0.1594555789502798,-0.2364874248076162,-0.2957659525803865,0.16279541110106446,0.08428938360061898,-0.06397372419814469,0.1319933791438195,
-0.12102914079771715,-0.053638767715115505,0.10995774191386447,-0.026656849401969492,-0.2302090088846691,-0.006354633105495188,-0.02311007016920015,-0.23030349907339778,0.005764500180233724,-0.126815635391761,-0.013975276229844114,-0.021085452278774675,
0.6975433596469947,0.6237440030756809,0.6821542418294481,0.6576684162276392,0.6991177361212553,0.7068009542320076,0.7261861086932679,0.7613739497576733,0.7589414953115845,0.7830792183537363,0.76803710079048,0.7685114410030958,
-0.19035349558477654,-0.37307851767455313,-0.11489837992737928,-0.21103648687574403,-0.13100143442288223,-0.04693651064010668,-0.012203550752765245,0.19291952793586684,-0.07972414678855676,0.029993762866810877,0.18259340900987486,0.03624833942283694,
-0.05157012374960661,-0.20956291827130583,-0.1941109816381533,-0.29293735982502384,0.18687689213882652,-0.05771259456759986,-0.13968035120947628,0.002233354649048074,-0.1505870674968322,-0.006789949563285333,0.09393346945827628,-0.01791700796591148,
-0.2062774727106318,0.12807040310046733,-0.19068531391761082,-0.011397687287867492,-0.14619887144196814,0.1794205324930125,-0.009181927906638685,-0.004433689238886729,-0.22488593831098255,0.14598889551413807,-0.21015023561388035,-0.2058523421854173,
-0.1451430915156089,0.09129550317745096,-0.22129278788585133,-0.018132852898496844,0.15608779328115185,-0.130553138759215,0.026355271319823067,-0.29445955161863613,-0.15522517956416387,-0.14829867046774303,0.09675980686263012,0.02700421916749906,
0.010592987549391234,-0.10082243379421867,-0.17688644770819886,0.1737305425622466,0.14708800767327707,-0.13240369001987032,-0.04550861585735081,-0.1837669108152908,-0.23620438546981878,0.17692281656887487,-0.2232102181977013,-0.23715724583544337,
-0.06792295489964965,-0.20396709863113996,0.1066414773997883,-0.05073398164551008,0.13652594138434931,0.09898760592614225,0.07164780962375135,-0.27780779552551144,-0.15975031725650818,-0.17082062289133773,-0.18937513990223673,-0.0022350280216185906,
0.05422847457787442,0.05335564642096608,0.004582804628506958,0.012576386642717917,0.011101761524014708,0.06799503166645351,0.08736727973833104,0.10617217702486048,0.14838762660275198,0.1304767916498827,0.12379744406698913,0.1140383504040607,
