# Pesos da Rede Treinada TxH=  0.4 TxOut=0.04
12,21,12
12,21
-0.22280040627355419,-0.2624002296498062,-0.4192246630888277,-0.5005502801432035,-0.6918242145410765,-0.6585662553250755,-0.7079046861519882,-0.4656698229755479,-0.6932595039019659,-0.47341063261150507,1.0110052016119522,0.9960665061114182,-0.4805076990158367,-0.48113502611966347,1.092070371358733,-0.2218091947005818,-0.641488335354672,-0.34130525106357273,1.2630049016626974,-0.6613900910577164,-0.7132586697886523,
1.0096223604324734,-0.06829099160840342,1.0997509623757784,1.2153148119503332,1.278406983909725,1.2552482015059068,1.1046178049993136,1.244925878099986,1.2701584392696168,0.9755593343490339,-2.4099500302989982,-2.6747239579510964,1.6458434412927705,1.3292493132402967,-2.305709612412166,0.9214653493229578,1.09332758413811,1.4008366866354753,-2.2025501663091123,1.3194243459731543,1.40018081751066,
1.101783353475528,-0.5629134002554692,1.1828457841365536,1.1645485333778085,1.4227668660419632,1.3233940088960532,1.4813674952749716,1.0510660298987233,1.2867292872131262,1.0271750040875958,-2.231187570742258,-2.4146421552264665,1.512595564312066,1.6043130978953195,-2.160859693765056,1.1483384532178902,1.4635485807919104,1.5581124889200932,-2.377376809914571,1.5110936278160312,1.0866918908647332,
0.2070762193992085,-0.6331571317382262,0.22690891560511445,0.3150120039305932,0.2785978989230811,0.4439644735887169,0.6672387197515877,0.17485740807780648,0.5942700177661344,0.16024674518568324,-0.9185965616629111,-0.6031114392836601,0.529980665619882,0.38360299951578514,-1.0918538701345992,0.15989630266245883,0.5396594359883619,0.5138687882090648,-0.9125729601725123,0.3448126127459592,0.4176611941653615,
-0.03192017595903581,-0.2908531207738421,-0.1060544456130045,0.09413481698189995,0.12341443555313812,0.13891709938367272,0.14296404213993255,0.06063228316940707,-0.06345886766784642,-0.04465129643133829,-0.02503398660518238,0.15300401541888023,-0.04095611932866894,-0.25995646633962166,-0.006990416775950354,-0.2532931310597888,-0.02907434707471773,-0.331995702665488,0.4102339124953262,0.03191466798285392,-0.03724124721302782,
-0.5199731545320492,-0.2831399859670616,-0.6305251885529389,-0.7347048348064448,-0.36507795042874747,-0.702120129525184,-0.7546267679080125,-0.4835085181869016,-0.7616998233868405,-0.3648897213251913,0.6178857381612252,1.1514787452173276,-0.5702102274146462,-0.82100430020091,0.9013158698951944,-0.6683358713140162,-0.5520755918221761,-0.8481148684365108,0.8452207721271331,-0.8173643651049051,-0.644545487828094,
-0.8859119896664914,-0.24234644307223913,-1.0228874658584595,-1.2361777614914204,-1.3095813002792374,-1.0439011909401377,-1.253086192547807,-1.301311599109587,-1.264043410943341,-1.1228202757850199,1.7491332286351662,2.033219013045281,-1.4042987092009187,-1.3513468027696476,1.6309173611060463,-1.137016688083344,-1.0569789542389934,-1.4218902873148702,1.6971865474522343,-1.0624593594465532,-1.270844787758374,
-0.040173429798002154,-0.19856257701069302,-0.10676933526647245,-0.1394971106290963,0.024541019960471915,-0.08489782238232602,0.021702193202933186,-0.03562924410657991,0.05426920895116664,0.015089666835150098,-0.8444948190150884,-0.7724692067147859,0.21877074572516866,0.04204554881172258,-0.7721239406946547,0.08028703213280806,0.028563658865647764,0.30516385235792265,-0.6939998497281116,0.2256104635973924,-0.15229034044945136,
-0.9433981867326263,-0.2879948450698888,-0.9275451636868519,-0.7809171358781639,-0.7617127905944179,-0.7682683951257475,-0.6965051095996563,-0.9148637802026761,-0.6963569969676696,-1.0107444405522603,0.9391308066444847,1.2348118442848222,-0.9888506959708038,-0.5680766096345286,0.7405818099541474,-0.5214924584767535,-1.0835201230863818,-0.8088100015084232,1.0454407113956672,-0.6953541174845221,-0.8467740273819482,
-0.8852588946737814,-0.2563569947843968,-0.8157964305730913,-0.739804258970241,-0.6972361581047438,-0.9772690485887588,-0.8527439933314782,-0.765016865364209,-0.7765485658999302,-0.635179939749656,1.0528104112537264,1.0558529388951488,-0.8059575011897888,-0.5554844368933632,0.8292725344563873,-0.709786380983437,-0.7712291702238017,-0.681523506368346,1.2098743249422692,-1.0328672513785613,-0.6111565734335506,
-1.024786967650304,-0.24921120365956292,-0.782782738568728,-0.7079132963395732,-0.7412688958841013,-0.9042845527176314,-0.917481829690179,-0.9942728529555299,-0.8935051642848114,-0.6376923486479676,1.1799167489107192,1.20521658890001,-1.0628589000977429,-1.029997227189553,1.1833131184913643,-0.8647532229358879,-0.7647445525535844,-1.0902111975152595,1.1047697828547178,-0.9436909001546718,-0.719574017958346,
-0.44845205429418916,-0.639749577763204,-0.711311912786476,-0.4745240646374241,-0.8218561294234334,-0.6937560939164157,-0.977384713402831,-0.47058289133605957,-0.8600492787999882,-0.8289601807078848,0.6290377957528478,0.9127859564005592,-0.8629614429189391,-0.8217936318771395,0.512820818377191,-0.7996987252117012,-0.8000017798997912,-0.7605478286765661,0.7476877673089126,-0.9584710186826344,-0.483028554837787,
21,12
-0.31259096097198347,0.09761114033370669,-0.159689910802627,0.1582928207594224,-0.1564561710824162,0.08059759833370979,-0.15519912007933412,-0.1192478185766892,-0.08666450491627092,-0.19761178711431115,0.06666727813682953,0.03783231080894265,
-0.07126188327689158,-0.23280252811196575,-0.15460643646348515,-0.16534910903237945,-0.3713250974875937,-0.03159544722822141,-0.09587176090494655,0.07980732786355384,0.06919418993982626,0.14292174425549878,0.0734461624760456,0.1055794886549052,
0.04464547946255702,-0.11819785963457315,-0.10201994260377052,-0.20916562452481913,-0.2059531413828683,0.07141817150017635,-0.2973364807826218,0.009634321556038529,0.007729799758143433,-0.12265473535066916,-0.0958402918544484,-0.011540623476300508,
-0.021101424575360142,-0.18377147113131342,0.10748548900478262,0.009573581720682097,-0.14264136964300586,-0.13469603505406205,0.012992863829434811,-0.07873640446718837,-0.19232493483960159,-0.015626687765928318,-0.12773374106474,-0.16203731761729287,
-0.202927363577141,0.11378997809688905,0.2072451410255348,-0.11555697732505378,-0.22027703580057503,0.020532529478927815,-0.11434016572728384,-0.23158266829624435,-0.08116382984633976,-0.29015754527454285,0.02745590228909581,0.0380908502131442,
0.13900289701682125,-0.18288642141499223,0.03300282155295909,0.03332501451094918,-0.02953008616277458,0.1488878317132974,-0.23897607352195505,-0.12160184270747443,-0.16960549780920614,0.021611444930415575,-0.24269625111087323,-0.2179304032238966,
0.08588821235682984,-0.1789190106335611,-0.1555558693998354,-0.1547874468416426,0.10696911881536464,-0.125789468255052,0.02849859285840847,0.025446064453373867,-0.06238616578371951,-0.16665227058207413,-0.27598135277583963,-0.14768852983501282,
-0.04880001920905597,-0.14096695626601982,-0.19879534599983556,-0.031386435271320914,-0.03413527379463009,0.028652244647496865,-0.0350857257147957,0.0532557920799411,-0.0658082098256084,0.018709022426773598,-0.3449845180776402,-0.15936836704780638,
-0.13581400116906123,-0.13555575492837355,-0.11544349751491446,-0.1234453377873379,-0.22547412820546353,-0.22376000720912187,0.02438092112727944,-0.19566573719662056,-0.050616395775316285,-0.10151653227326055,0.043631992915777205,-0.028811981803627543,
0.06231301729358965,-0.2443867787056353,-0.036816806915811406,-0.15980811552786486,0.19808210382686114,-0.030979926526634678,0.11457608604919339,-0.24370170689761053,-0.3439028569982609,0.06126767997019855,-0.09227426282727812,-0.14523184156156024,
0.2577801478175489,0.23226676873311275,0.034802410008250746,-0.10434773242837363,0.11246282465147456,-0.08827839301871529,0.14438258731199294,0.3313344816856768,0.4895944089998844,0.17171537877919624,0.34685600382348214,0.34061289228444036,
0.2850200992605095,0.39436958980873726,0.5413471542780344,0.4797050925563051,0.35971408053261966,0.4203373145086691,0.23716702022173922,0.3833910849268972,0.2347232038749381,0.3302189236664733,0.37614136942408993,0.5430724151089142,
0.004199409978703212,0.03492488884867272,-0.10055433123058566,0.019992327766282757,0.1303205788238263,-0.10545633363532649,-0.11458089418574355,-0.2686979861659213,-0.20743345644988667,0.032365390045530476,-0.201876729295459,-0.13341394285555452,
-0.22736697620981686,0.06004074101393806,0.020918278977639784,-0.19756908754406904,-0.26487534831691806,-0.15808792313355008,-0.002886325991508072,-0.08430380450850496,-0.017416493535790268,-0.20242901723353052,0.020276002125380665,-0.10184698810348515,
0.07161621841313215,0.14573339747499547,-0.07385404808293648,-0.0502533881412114,0.18002164107355342,0.3559507374513566,0.38826914962159625,0.11212380869455014,0.2506366247799412,0.19005627521197166,0.37821134667168244,0.12938335418481875,
-0.1250617797343538,0.06689240467282069,-0.2943885547585433,0.033441920972935975,-0.08887658461658664,-0.14703590927641808,-0.007212566302311929,-0.009298959185047537,-0.15415941786674772,0.05596279544121297,0.019057641196827076,-0.25832512363997084,
-0.22380269249069518,0.02187144461992374,-0.10432626410124728,-0.0419294250267402,-0.16552757550749184,-0.10154978081519167,0.0774156209006485,-0.034984877244534474,-0.02983690568184421,-0.22142061854562686,-0.19747734043709647,0.04054782512292601,
-0.04809438986609132,-0.05753380063108726,-0.09647168696774704,-0.07613049145134287,-0.01335999976438033,-0.09029804056576625,-0.23281242581396902,-0.08371845452493083,-0.04943284736535575,-0.27101056562516157,-0.07720414702072392,0.053751306966124346,
0.4449579006830104,0.15170719475457659,0.4466502444468894,0.5548887637453281,0.36052320164247303,0.3328710273503675,0.4258474604045319,0.31376178346360883,0.2179339236403465,0.49983835327209764,0.1453337893395934,0.15456712626951793,
-0.20927242913263558,-0.22925866492427718,-0.12448942051477715,0.03472828463051949,0.09686137301785747,-0.23784355242148034,-0.3064202770332863,-0.038942368732792436,0.0030429767306410756,0.06895340349982099,-0.03759852486257726,-0.16579372834672282,
-0.10372371857084793,0.08869727936800506,-0.08725802843580892,-0.1243524390566084,0.06926085338973997,-0.1506578735725823,-0.272691461348156,0.017285583509385357,0.06257180226791995,-0.21248746881131073,-0.016973585855485213,-0.16368786112983535,
