# Pesos da Rede Treinada TxH=  0.1 TxOut=0.01
12,29,12
12,29
0.09638807084367526,0.23796010018159056,-0.16018995678415143,-0.04562684364275918,-0.15354078116657843,-0.008963698129193821,0.2949377929813518,0.11488682056360157,-0.35248498591129673,-0.33859097477248323,-0.23236949668248516,0.067999945660618,-0.3040830844277117,0.1353316483023532,-0.020473657795263927,-0.009889659541109055,0.16753775736516605,-0.0556895717336278,0.24112792660555019,-0.2895478534291617,-0.0525078606872304,0.14684151908414317,0.2628100965471825,-0.07867803144660436,-0.30173734758086285,-0.10973585745799504,-0.10101142931538021,0.21786401248108048,0.024682061668748617,
0.10158326892049696,-0.11988162729934125,0.08084390364173896,0.18728141132183954,-0.18100234757079947,-0.08640416420849266,0.19420558143922256,0.044086140137409024,0.12485921662696829,0.12392407938216739,-0.06703664678440514,0.0822699143717579,0.0798522703122961,0.02658524438590258,0.01582587593334082,-0.12177157445442399,-0.2505132801984947,-0.13698065497383807,0.039003601567781675,0.2820145937631944,0.17110706551499988,-0.16890730587804742,-0.308826625690959,-0.0161150851794003,0.1512955283454188,-0.09774489313641443,0.1580497487154872,0.0732364563190257,-0.146588260943937,
0.10260703764732858,0.076832554776011,-0.11500926868235391,0.2206389509414047,-0.23569066908350023,-0.003329144602400371,-0.04641045405331575,0.027870887814051885,-0.012899227794480637,-0.025869932339870307,0.039146889460755493,-0.19740815074041013,-0.18242486643876726,-0.06732299416680983,-0.12403135605939697,0.17899885551291886,-0.08078040774156803,-0.010329632851019692,0.08568836035684788,0.01149173003360688,-0.08680369448468579,-0.29986953135333855,0.18833762520960246,0.08748893184418072,-0.010147214275114221,0.008170246051318214,-0.2822795820828324,0.3136603243362736,0.272861092990448,
-0.19505422958227006,0.2019992732813033,0.17236062407478533,-0.1154050187559533,0.10401671894403212,0.14319301409935314,-0.07328834613753862,0.1910157668878265,-0.10284662574643418,0.21278634379006034,0.189345141944455,-0.060236076486998816,-0.05634373288563377,0.16615991087238113,0.10995995696325332,0.14861480917526246,-0.14756466193201973,-0.22864102052689292,-0.0012779959241806713,0.08863465070098807,0.15048274835149886,-0.3716329109745918,-0.148313089708665,0.036804461226897976,0.06274860371743014,0.028549796318612708,-0.2256655454517436,0.22601681716460767,-0.08287339912540086,
-0.2564223558577285,0.19987020674884876,-0.1743332422712488,0.09604085569386392,0.08241459391717697,-0.058272347233312725,0.28104109144781003,-0.09136459540253601,-0.046949166613980534,0.2002721940906395,-0.25786350939543234,0.019492512121500386,-0.2514461588740551,-0.007321919518941605,-0.014993344649998804,0.08895194273494476,-0.060015134030914435,-0.20252605200612595,-0.03562379199413936,-0.10268709661850278,-0.17067441254906918,-0.0488645866366462,0.05982032341775124,-0.25546479986886933,0.027922783184002743,0.07296322076948879,0.10148738342627016,0.08040131908953507,-0.0641056221635716,
0.05986864496813079,-0.10940941516572494,-0.2764591977948404,0.24527343306848945,-0.10927121793233727,0.0849722677969825,0.11639101005204713,0.09579310696078047,-0.23972567571298353,-0.14900685796017873,-0.3793847368994842,0.14079609513706356,-0.27071854188370925,-0.061402336341628824,-0.03466476258671974,0.060129609123402025,-0.06113712790189568,-0.34040812781871926,-0.012492843552429831,-0.07968253132936651,1.596819975562936E-4,0.20849680231727333,0.300065629787847,0.02720923714027688,-0.3492632639117011,0.018566117328349185,0.012456755753117195,-0.0833459257303053,0.12154405236058877,
-0.1364237081146463,0.20587434391356213,-0.2506080787152323,0.11125019938740359,-0.19145934741753082,-0.1030111271660233,0.23237595044184559,-0.2493230625570213,-0.23588843887011124,-0.274771464325446,-0.21564957441240296,0.05328452137659056,-0.2675970580829423,0.3341528383370517,0.11604626975358542,-0.06480778481316234,-0.128250576770601,-0.05712375024502434,-0.021916667022132318,0.08284619335266952,-0.176303093613665,0.311269037135974,0.35424411449360765,-0.24136222758653425,-0.08661077023590165,0.020781597588115066,-0.047693101330033634,0.007819907450150404,0.365502269391219,
-0.13462170669967344,0.15070949850216242,-0.31846708262787515,0.11200913972289174,-0.25503737059331005,0.02859292718113955,0.34059762185321363,-0.0011296918805424434,-0.16928362033233846,-0.10627784748626475,-0.14838595210363492,-0.10235361937713303,-0.23555970223025627,0.3930416296274376,0.4426224864268702,0.3934688936098333,0.1436328534822953,-0.14348973340045296,0.24487841330287566,-0.47511793416528214,-0.2451965988869259,0.10404200536459564,0.32175116097326717,-0.3331639043088843,-0.31973939404941737,-0.06883984357659571,0.013236097891594101,0.24009857631558879,0.45068676334520436,
-0.3136166892612003,-0.009735301020936452,-0.24853391884026937,0.3219161624701715,-0.13725512803041334,-0.22881798607930073,0.03714289806055679,0.19292941916363127,-0.13683854288159608,-0.47918414965070216,-0.07958077235173051,-0.05879020632174621,0.004367571180595288,0.2775677828871695,0.5428583417838311,0.29503559999084233,0.17813927775600538,-0.23045667622866636,0.51820846229097,-0.21602875494538673,-0.37615034654592844,0.5079272230073715,0.03801449386975761,-0.2745696789302271,-0.36332549598969993,-0.0667998390448127,-0.1436572727820851,0.1301184792110261,0.0456361924461024,
-0.23544101294826653,0.34436263687294194,0.017651712224253286,0.12897236967056885,-0.07840420901031737,-0.3998942616815111,0.09970295038626156,-0.01804554777186166,-0.24759602071523906,-0.24530216546451253,-0.4692063612420351,-0.06058538686617412,-0.2840103819486386,0.04975381663534486,0.2117240607339996,0.2127756907384117,-0.2151129477585146,-0.22768797343763342,0.18646605537437433,-0.09713289993196977,-0.3975174071136427,0.3970485578443859,0.017490710475771068,-0.1544181975747565,-0.10664052566641086,0.1878618927511112,-0.5105893156992047,0.03705141259008173,0.37191866309249216,
-0.2223124915879864,0.3712847777297855,-0.36561544044423,0.3230961013750531,-0.2781987462973827,-0.07064997357910266,0.04656737068396147,0.11390609685948001,-0.2550513523346963,-0.37184119189414877,-0.07540357841513384,-0.08101393803451508,-0.10045188837112687,-0.004909370158748313,0.335559903646689,0.3229331943884615,0.13271880340040212,-0.04241204154625961,0.3964329945473914,-0.4238001984754805,-0.32322858906917185,0.27523353281934715,0.3002763161142427,-0.23389171086762664,-0.053269044945375224,-0.02483030015313592,-0.4730130992215128,0.18800914666543025,0.29483284546181665,
0.036117469962161766,-0.03868111020550345,-0.17586691648341007,-0.04849534262583075,-0.13277114769196546,-0.346821050917014,0.06626576816224518,-0.22325773648788863,0.0012135291937421533,-0.17195543736281657,-0.14147515693870127,-0.22068057342170475,-0.14191605097674598,0.24499245674603842,0.015659527078341052,0.1813477543577137,0.2228809511532467,-0.3115433685549077,0.0254798297579691,-0.4179195359570799,-0.05199331112913499,0.4114980361857464,0.2802078304220951,-0.28976102979559726,-0.41888809496590457,0.20049527534964043,-0.23168659810021264,-0.027292942148504435,0.01099808769964761,
29,12
-0.046643247495863335,-0.03848871024863077,-0.19130404127500208,-0.23426626415190996,-0.1108152599026273,-0.20286369921578418,-0.008639117428246825,-0.1490676852206822,0.20388189823771977,0.1701278393327328,-0.23907319270818897,0.12590889788702592,
0.01894220029441006,-0.08594957418253114,0.01639891331483796,-0.009049471923973372,0.24096228585122342,0.162254806313241,0.025669734461112367,0.04506941674746134,0.23714718606372887,-0.014773083985110208,-0.06457446631904894,0.2912388522108252,
-0.23110551300124285,-0.27895549192310676,0.14640542446298482,-0.29971182965574505,-0.032537026762052175,-0.2460373048882816,-0.04842191777099467,-0.09428920381749098,-0.1918109909016757,0.027697576830306506,-0.15342084180731994,-0.28995355730603284,
0.0529233677258355,0.32700083504827426,-0.06689814530956185,-0.007470761778137162,0.13469080255048685,0.11184766320681706,-0.017572624421042283,0.2128861183313778,-0.05343966135573649,0.1977661734926506,0.1087621337106669,0.049225930841469256,
-0.2597675035742288,-0.05070608482208576,-0.22190847564981556,-0.03836998049564244,-0.14561671940615717,0.025471119355006108,0.06918202365187537,0.01838297014634094,0.13167800765837354,-0.104194747419548,-0.2607897797440153,0.05300702024017356,
0.08881235018467623,0.04336749163965476,-0.17558625580747084,-0.1481445324282321,0.08896745678395362,-0.10482206555813112,-0.10035050895817706,-0.10099926258431154,0.08200859035426906,-0.19170725534931543,-0.11878620024497079,0.1503661429034897,
0.08169034962470219,0.3024064124287667,0.18272859211947579,-0.12491399802546561,-0.0475766750870629,-0.023992776529855313,0.2699359013771753,0.2207295172993728,-0.09937827426756704,-0.13082895768221559,0.06505176541006738,0.26750725906412354,
-0.06134568389460075,0.06103017889750643,-0.1434649613988933,-0.007811499246861751,0.1735948274231533,0.06695190710048239,-0.11287516442348626,0.2064755552266349,0.1338226199387098,-0.13974395205270873,0.1887090797449033,-0.16396162341929593,
-0.08602352030360362,0.0293979731543852,0.22881325488428536,-0.07498552593549412,0.026066310555009995,-0.0837578403674893,-0.14760986708077067,-0.22608322101894932,-0.021803918787888267,-0.28228567875038374,-0.11901719983727935,-0.16995545519478034,
-0.2632447391488629,-0.04182196815731299,-0.2569528261741501,-0.016027996284145547,0.09943965536684939,-0.19325607660672267,-0.26176690609068304,-0.3399511456069561,-0.11674837638405876,-0.11083153601641255,-0.22715793505337992,-0.18645055991720738,
-0.34202140762679994,-0.10502014404710687,-0.14690643888524818,-0.09853261468678183,-0.1283058355698456,-0.15894410502651063,-0.16215910845820253,-0.06602595070686201,-0.19387009211411385,-0.2417606231840198,0.04055231642932739,0.15048618417416626,
-0.057849640072927255,-0.18350161672538237,0.19343544873279506,0.0809184172346452,-0.13431176997165295,0.23189334782149806,-0.14882368624541079,0.06675712969989853,0.057022537558514975,-0.20256244771528817,0.06872208653879784,0.008352798262988943,
0.10955844634117623,-0.12062170984896077,-0.23967759253685364,-0.3614875700060656,-0.19406087859737078,-0.2308908836128949,0.04779818302421973,0.09205731091312205,-0.15963247050445922,0.10834452755355585,-0.1632622550663648,-0.3050110827725368,
0.24556182747960062,-0.034871122193563045,-0.07328022612247208,-0.14031841592168293,0.1965598518527834,0.04947386964593488,0.09791233748950665,-0.06427470154748173,0.307146364183187,0.2898566254688851,-0.06393532556807617,-0.1238194107353878,
0.15809514280995546,0.021250343031682453,0.3641424585252789,0.138468446261048,0.15373051911713412,0.007655652942892038,0.2794762144065084,0.23574650483712184,-0.004951932569526008,0.29421045757584735,0.331518165008439,-0.04144326403808476,
0.07503648605645848,0.09481921182073481,-0.047532077654632396,-0.009680138533543024,0.06963132301739258,-0.044457431896248435,0.2681619527259131,0.08071019541930594,0.32252697317551254,0.02403100111547282,-0.03406419424476079,0.23163984701631044,
-0.07725037392753595,-0.04487366564371217,-0.09797155045774641,0.06685953107212997,-0.18488357609076977,0.005341612069429685,0.24645955123780805,-0.13373804566089842,0.08732731654159961,0.02583337083634023,-0.026360250856003953,0.05299175189744479,
0.09219629393697608,-0.20146779595774672,0.06784111077269028,-0.08136713153938821,0.009514900792976812,0.22603858485840267,-0.08826641822769489,-0.13268432801170923,-0.2582725339971415,-0.02108858469183567,-0.2336682559729139,-0.1411190812042217,
0.18872843703061842,-0.08139527756661546,0.3708285717707933,0.3184456298487274,0.09406912138284997,0.1583639467202552,0.029508567624412677,0.23206759660574833,0.3684655944254315,0.2907284096076671,0.33745647761936604,0.039347139222453247,
-0.32636250276229395,0.009605094336197382,-0.25434140561030416,0.04718543199361962,-0.05889379214422633,-0.1958853286463681,-0.24329241462506437,-0.05246850939141926,-0.3794683761738758,-0.3386167849727111,-0.09064005744556174,-0.351863670291609,
0.1458171031526563,-0.22851188678237982,0.023125239492248973,-0.11206443437869232,-0.15146869365746127,-0.07490952686719804,-0.2743359924783846,0.06893715910860895,-0.10651390269305676,-0.21122217715852282,0.010405818653242669,0.11195564451336179,
0.22391876675600528,-0.04381087880597481,0.23138717821757948,0.38249099621732874,0.29856576177145455,0.22768757163894238,0.17860698937645603,0.19821066539970242,0.017215553912278053,0.3409236775076462,0.3379146532875297,0.3472552104017322,
0.3528085269042829,0.334894514031408,0.17101151970350825,0.2620684618333337,-0.04262993821030954,0.28166873310707086,0.061505894916474305,0.16013114813090962,0.05231029058341182,0.26130518127309266,0.08056427942066809,0.0441059662371196,
0.10271253657773381,-0.18969281678232053,-0.23815755759434104,0.15033659032919527,-0.1566287770752484,-0.004916233308994543,0.14186640472318804,-0.13540276539006774,-0.3194096336861685,-0.2675882965809563,0.014108835758542814,-0.015297316695258327,
-0.31039105393069316,0.1046504737869605,-0.16309950958609087,-0.09078869186692023,-0.2991328915386381,-0.2499615331829224,-0.009690386741574502,-0.12569468598914912,-0.08977311075823785,0.1030343973874119,0.08066362321521538,-0.2671090193385617,
-0.03118541082016951,0.19524343930345148,0.10559635057129049,0.024340138493302743,0.16100695515844088,0.03130719773063551,-0.19725234749434042,-0.16435069017653584,0.08650538926974137,-0.1328319030137661,0.08906684876164683,0.09065910783901314,
0.05463974161538319,-0.0961004105887161,-0.02138360096777246,-0.08405656468651522,-0.3044379654481074,-0.07124915751383529,-0.2372096212687682,-0.22760928476718464,-0.09619117926582237,0.051763563539219404,-0.19489734229422354,-0.21521937574874037,
-0.13396625436854556,0.08659232505976336,-0.09810781040344536,0.210051104300377,-0.006867247003118361,0.05973771036591133,0.11498922038719145,-0.15202225185370383,0.02624198732935012,0.17742568130707378,0.160967849533759,0.10169128930923635,
0.16625390536042112,0.17682197779934794,0.29414569113185773,0.2126156492506533,0.21049770216171834,0.21393847715040096,0.17895155220977,0.27652648381657124,-0.07575796553417001,-0.027545550709833687,0.026490613650136288,0.12712766019958757,
