# Pesos da Rede Treinada TxH=  0.7 TxOut=0.07
12,29,12
12,29
-0.5770367695804965,-0.4995563235866838,-0.49429794731278814,-0.4108766424167661,-0.597621367137562,-0.46982536848903883,-0.265051289112448,0.6222257855943258,-0.4468827471824567,-0.3427204739404005,0.7824050525469884,-0.382636182546743,-0.3187194158472059,-0.6409978249862588,-0.5426917110731583,-0.5195060257927099,-0.4483728596484463,-0.6005022372011531,-0.5138588277186069,-0.24157098870025182,-0.12428138414573435,-0.5558129933939969,-0.30035522688157373,-0.5692006664968929,-0.7054801078241371,-0.5386714866537193,-0.2914003407398993,0.11345364477378084,-0.603654333352361,
-0.2036723325824432,-0.17431632238874728,-0.3606326126225898,-0.358610088520356,-0.05472936969719007,-0.4029533889897504,-0.4655925114936655,0.29926274551536364,-0.11266532453711944,-0.30311052321430243,0.3205289095005782,-0.20323409632584524,-0.2032266925100496,-0.4769566004252252,-0.16257118465848813,-0.6150367317115033,-0.35439512175803467,-0.3095324654650429,-0.24697717470772074,-0.6011594594700055,-0.18457438966559608,-0.2356345753356683,-0.08895335508850068,-0.3899927684218587,-0.1808638526081504,-0.21599087415672888,-0.1789305474004324,-0.054630055387536555,-0.45224738393545794,
-0.5543663383307464,-0.19661609192671167,-0.029487467370792293,-0.4732293577718089,-0.17088355161677893,-0.3441864684994582,-0.08398139349127917,-0.06613629459809185,-0.38350666754299534,-0.26410934447456996,0.391999933671054,-0.18467245465978113,-0.6774053301622797,-0.10413985177023113,-0.19016606064855937,-0.5542401242260621,-0.16001145543111125,-0.5290135966610617,-0.32080265822608584,-0.43591574319230136,-0.1118710218910979,-0.46096546089365564,-0.154577597821773,-0.26158744458028743,-0.15872417649285336,-0.3147546939318374,-0.6149658390802923,0.06533534047274246,-0.5470361515695792,
-0.4638479271140269,-0.29006365074394636,-0.49515698474539704,-0.5625284316672512,-0.5126437399370944,-0.33851150513057227,-0.35038802843997013,0.1445320056975652,-0.47299704022738154,-0.27562634417499593,0.4032214689721837,-0.719990265498019,-0.49954122580044397,-0.1079922763654525,-0.3339962010118624,-0.21671085766734322,-0.5124938106003428,-0.6262064278392457,-0.6157617715662194,-0.24205051383752096,-0.02385357736856088,-0.3314268165151161,-0.054640453820533966,-0.5601633836938091,-0.1974376407653105,-0.4743437153437476,-0.6084452985071331,0.08183069085730496,-0.36458400889663733,
-0.4730318470578534,-0.47982316414760795,-0.4208437159056544,-0.6035915158223972,-0.33850786635007996,-0.7850353886085011,-0.6482457603935325,0.6496705849374755,-0.23900214740675332,-0.35938665669877123,0.8094553198848552,-0.754638810590156,-0.7482038588460399,-0.36220831327172914,-0.3814867811463974,-0.604501477428349,-0.3188082275513242,-0.33303283728705096,-0.564775831741092,-0.5015312141669345,-0.015079616606540723,-0.2355642755778949,-0.47152752450947294,-0.38120307690153904,-0.2833086309617158,-0.277075725113099,-0.5772508288136249,0.12439571165302324,-0.6617557157356772,
-0.3033464765017856,-0.392374797419216,-0.511703484425988,-0.5443995695877328,-0.5230746115748883,-0.3149766904481745,-0.6368030328596029,0.48977248967429415,-0.2966338215659189,-0.5344275876336733,0.5127423939184854,-0.2221047649206459,-0.3632295501354939,-0.575897855491566,-0.5433295608757758,-0.4898948091141467,-0.6666629077179137,-0.2810330706553569,-0.2958343064329781,-0.6965745061664229,-0.5178550070345604,-0.5489781030093613,-0.13204829060755377,-0.46634651047944925,-0.36068058872790226,-0.587555064182049,-0.35339363639500615,0.3230626645924181,-0.5136869517482028,
-0.6530616082478946,-0.3475011811277277,-0.5709856688208778,-0.4902605125848468,-0.5114509960160177,-0.2992743843188911,-0.5450700897416834,0.2966954964501877,-0.5185034263648441,-0.27128049834982815,0.24159731470135806,-0.6601109611940812,-0.49413334813608323,-0.34816555252581877,-0.5436701397929604,-0.47041444680246564,-0.26104441754833774,-0.40171527700308246,-0.5711294472722636,-0.3771808542151426,-0.4884562313441747,-0.3322619593662335,-0.2650245594049427,-0.49909358647380964,-0.5678583205955381,-0.1852039132217798,-0.6802945259069793,0.2051850258445862,-0.45378046282217244,
-0.6055191106789279,-0.3787786750559361,-0.241661659262103,-0.1807603397782757,-0.3915504676010659,-0.5451325651073609,-0.33243471399014596,0.3668104249325672,-0.5494994648340958,-0.29913148589215866,0.2919106194410095,-0.5133983684209535,-0.37545026378625335,-0.45508815788471846,-0.533737983894825,-0.30368873387059475,-0.16134165545288925,-0.5522933468878345,-0.2565924035060423,-0.2976883204021071,-0.20686347951566153,-0.15381154515529624,-0.4422425464080671,-0.317801129404837,-0.571667303356583,-0.36587003436611903,-0.26430711844719235,0.049489568020562036,-0.3800218716507736,
-0.39488496347046115,-0.193823051616787,-0.5094253183083407,-0.18522886316799894,-0.4359789170117957,-0.4783157912227755,-0.5755437199577673,-0.04069845056009631,-0.1715657895020621,-0.39174770568501194,0.20300208825040536,-0.3886032708058403,-0.23386420139852618,-0.33761787384844966,-0.4134553099799212,-0.19100798703065697,-0.5741512580318866,-0.5283178022174277,-0.5580112726145582,-0.5750713660249679,-0.5170510683819524,-0.17617423905714485,-0.29089504517572917,-0.3315313287460836,-0.2104509295662694,-0.37142665140950637,-0.4723937981869517,0.09024467032396882,-0.31140471217137045,
-0.17427208338902048,-0.5915409153416702,-0.46501906249684294,-0.5007768117302478,-0.5662536192721651,-0.5039655103821603,-0.3732218505753512,-0.001706045387918645,-0.5411717899741396,-0.5389270158058098,0.13995064516320146,-0.260638977552485,-0.21688477558626804,-0.38014215027729537,-0.24737612948828755,-0.5945764561679189,-0.42127343987686655,-0.11642615033386637,-0.41320154367308337,-0.4514167874518247,-0.5800899122820924,-0.1745531928676667,-0.32010391545626943,-0.5332166370723206,-0.35057133364883586,-0.5785664157880863,-0.23169059391126112,0.3274469992152724,-0.14092314655750451,
-0.4613657323521282,-0.6081196645055367,-0.44232485719354175,-0.6455455108785237,-0.50654685803333,-0.28594960220729543,-0.35950080573722526,0.3964591768484446,-0.5113294065224595,-0.1865635847076387,0.2575512761422878,-0.2032842759993325,-0.33258234434960143,-0.5112253465041683,-0.6128801011296092,-0.4560328431252578,-0.5344792215561484,-0.338059171046355,-0.24871576841845705,-0.510552715805658,-0.39522102043883084,-0.5645626065065916,-0.2924706211899376,-0.2015878998982202,-0.4845559100564789,-0.43041669772540037,-0.2948249143044781,0.4033747150098856,-0.3863054748580154,
-0.40790800948050704,-0.5735862127659522,-0.16157134704513698,-0.2192999964350801,-0.1801580268809657,-0.46012364340395745,-0.3378273768395172,0.47767145827668267,-0.37801252166395993,-0.34261971392173607,0.07877117794102635,-0.5307117845804938,-0.5245808855456516,-0.5387644553946687,-0.453389920629751,-0.3156897295471893,-0.5732859705066015,-0.389909397963396,-0.3962565896447999,-0.620164119807555,-0.36746966184626983,-0.18721977067600581,-0.6169862982367553,-0.5257116540114936,-0.2970338699812942,-0.4850182456376875,-0.599237999491297,0.3203456815678655,-0.30713661839447376,
29,12
-0.39489104071010894,-0.28316451590571434,-0.01866967686175866,-0.29384268004567465,-0.36964766019338174,-0.07833493539511541,-0.10270174453999972,-0.2698348161407917,-0.3573700317758619,-0.023504955187715355,0.05819133975492728,-0.24981085214929005,
-0.2699804383104216,0.0033556986441186645,-0.0679306627513767,-0.029180168998725456,-0.13616488641265595,0.04236374703012487,-0.09217988534130238,-0.23742837288762048,-0.0790864917827804,-0.31607453393456886,0.049593304584714025,-0.16180184116240545,
-0.2707945708275946,-0.2833264329356722,0.14607298855706605,0.10735097245042186,-0.13074118439839302,-0.04620318926949906,-0.24722583261842654,0.036734266791487155,-0.30786329952907404,-0.08847397127228564,-0.3121107727669087,-0.1652965228883523,
-0.32427436566218437,-0.35609503517426155,-0.23087827001405628,0.15177081813322843,-0.2613271206284895,-0.1467190391173289,-0.1467238080385658,-0.2196677244993961,-0.04393347478952518,-0.37066042400301835,0.038325882432155865,-0.29253893849923185,
0.11560854052967148,-0.16524085741824796,-0.09599121151828743,0.12233130094518949,-0.2492389518578749,-0.2953484633635166,-0.07321104752888537,-0.21383149636256488,-0.3638535289457332,-0.364857126534722,-0.059861733389090475,-0.09619668277223659,
-0.19911243781997454,-0.10496352731090472,-0.2762735754763416,-0.1760826304117371,-0.35302756105038,-0.033242765567453196,-0.19602274286568702,-0.18229520111365521,-0.27116217236293,-0.08158065710041411,-0.36191425123847765,0.0856074555532205,
0.07119241693019768,-0.23230091993319088,-0.2064060357750481,-0.2003894586030687,0.10194707928507461,-0.1911907569274075,-0.17562214428799525,-0.17576429210180883,-0.35981934004593047,-0.3477238103236285,-0.10139204302459441,-0.33255284499462545,
0.06586104530232412,0.43236849119610615,0.2334883565641999,0.16887618832301657,0.3022061672880406,0.3479816560862969,0.42622933134627694,0.18106397435843388,0.39196890550035113,0.30604635950429004,0.4284211917174321,0.2756212145824879,
-0.26915649081628856,-0.004379208975071059,-0.013555414977433036,0.015384759066570618,0.005003650723202031,-0.07310311688492777,-0.31842695746345895,0.13857169525286658,-0.045234703042035695,-0.008580244827502097,-0.2636679802383088,0.004523856315733422,
-0.00788908079191831,0.038205014488812035,0.08517462757666622,0.07031480055782394,-0.08005321763552406,-0.008772216769371103,-0.057284611636934435,0.06570183790384013,-0.16901295606907993,-0.07575138964562227,-0.04328041281468797,-0.005449411658491071,
0.48899541336090174,0.4467367699746101,0.442615737251966,0.4677581528976429,0.47042273943971247,0.33681621214046414,0.39977586301560425,0.5300150935212028,0.3456855929994919,0.49221116514039087,0.22667299685643344,0.4947250171342958,
-0.2837196640634727,-0.20864082653672333,0.01287384938259751,-0.22928715335549263,-0.1760730906312456,-0.006359413658128078,-0.28268010402876476,-0.20253950592995648,-0.36375742795966926,-0.029303738137022115,0.06369429676959493,0.04989496895227685,
-0.08810426705871896,-0.1848163840738894,-0.07586662515264771,0.03607556179332003,-0.11526126282755716,-0.21292351470413576,-0.0835393759636892,-0.2728686205866792,-0.10860677365049697,0.013916171386892755,-0.07965139880646753,-0.01178195350473206,
0.03788592913171926,7.773021049836493E-4,-0.2617389659792081,0.19983113842839617,-0.2877997069332841,-0.07669271523700485,-0.2610765403584977,-0.31364178809149673,0.06894364823060406,-0.44457391662054185,-0.04062829918380864,-0.21735588755960772,
-0.020264320367826747,0.0960850940834658,0.04042035955063819,-0.23048343693905776,-0.16422920169456146,-0.19499290987555443,0.09377540237902286,0.10231370815939786,0.042148473938687786,0.04990998445765535,-0.26171437443591233,-0.2917272774332621,
-0.19845550019011562,-0.3884884203587519,-0.20594780433857457,-0.329163143669553,0.11280017069042826,-0.4348930807574874,-0.22711663961433806,-0.1693814916040435,-0.00931356461838912,-0.2557669685887734,-0.31779514315544066,-0.021256191313699876,
-0.12291218404104004,-0.06329303379593283,-0.31415258571217713,-0.11187271853118935,0.006729457289463178,-0.1792218923625105,-0.22613396465805674,-0.04660082476352895,-0.22519778647769564,-0.026768921315955922,-0.12935511421360663,-0.2664202712388503,
0.06158463604866191,-0.026631615045579704,-0.10990454199013382,-0.3028870086430827,0.035975568385141696,-0.36691205442618974,-0.27998102644911027,0.09096596939356527,0.015561625438321246,-0.23954744997668462,-0.281301994221103,-0.13896242520141924,
-0.32390422492828813,0.13234308505071554,-0.20306056049772017,-0.14534362191219563,-0.09063939921676573,-0.15308070990317474,0.1372878979154445,-0.32214558869405957,-0.2357671983535258,-0.027100522650781212,-0.3027477532572935,-0.218963186279891,
0.04540109276002844,-0.034039263991631166,-0.43273438799867914,-0.35679205294888383,-0.09779031432063083,-0.11015261447054148,0.03143296745177529,0.015321176721911847,-0.1255332101737931,0.0034369234993899987,-0.14602303845685913,-0.09395260640182598,
0.01827223313417069,0.027404788065089666,-3.0908123316092514E-4,0.08900441373500509,0.08739004576899018,0.17685389442553723,0.16120329998386695,0.007778229146166704,-0.22448382067479675,0.13887557414661306,-0.1319853800717428,-0.21030752993193982,
0.18154986096295292,-0.05751353083067897,0.04564987100926135,0.049311620211231075,0.17267448645715924,0.015279252615408492,-0.07094615248654838,-0.25367695651253924,-0.04905693181938164,-0.2040319838730929,-0.24923334735129862,0.053782989957368355,
0.18658385140679745,-0.010287240087399268,0.11122568535727523,0.060070747770180594,0.12990368697166146,0.15501616315432612,-0.1574905164434877,-0.1071996983034758,-0.018580988561603073,-0.20661640726047786,0.028960005309763958,-0.10303798702025256,
-0.39625420052333893,-0.03171777213147413,-0.0309102376023972,-0.2088274351193692,-0.2363473814683136,0.03135672977264007,-0.2508594416036568,0.04561143952125184,-0.2677765692367175,-0.15564631606971374,-0.24212895690756736,-0.19174245620886693,
0.04783437838024864,0.028413742863013475,0.0015609072456904997,-0.0041080570378172225,0.019274458575817884,-0.18311334335013127,-0.003685952648708938,-0.05081231447121621,-0.07047998172383842,-0.3452834093820321,-0.23947154160927378,-0.003720924632873115,
-0.23858167212463358,-0.09793367242855155,0.04166883279462854,0.09436371530321921,-0.14498044464177753,0.0618451495513833,-0.21933426013499704,-0.18332229913376957,0.044926750561132926,-0.1264686161883839,0.05880983931795531,0.0752433206175432,
-0.19738386726158624,0.018791969293372256,-0.1302740134267563,-0.20460865828062516,-0.11703842915633104,-0.409997338631182,-0.2621642352276333,-0.30383399582534754,0.06774618507307639,-0.01387189137005957,-0.24702143323721149,-0.26865263714685844,
0.2701057177410948,-0.2178174022053298,0.08101758291614258,0.07383182195709606,0.00578567797065576,0.12895865874795073,0.059815499363225416,0.22384652187166754,0.22560513910414565,0.21795696732953102,0.35045103364496005,0.16397354267950798,
-0.022250037576395276,-0.10375958248712644,-0.13496197785455147,-0.3536007023365358,-0.1511717152079672,-0.09169774113736051,0.039461973427632635,-0.356675613791413,-0.15090691492801225,-0.23240341205788967,0.02836784325960423,-0.3191954487513315,
