# Pesos da Rede Treinada TxH=  0.9999999999999999 TxOut=0.01
12,27,12
12,27
-0.23636381144626545,-0.34933996783317917,-0.6549173871324275,0.5594029423908008,-0.18712401595743125,0.5958693394681782,0.019784651672449454,0.7875480469312156,-0.46875784601300724,0.7546439594824185,-0.4860728458991192,0.5528828428689162,-0.5569674424392312,0.5161994906532095,-0.7271245051965882,0.7422688264266822,-0.5433601868829413,-0.19760093935896708,-0.3799558518419066,0.38157020198703984,0.45784074276056347,0.6108472381367173,-0.248921967961868,0.10417491104386832,-0.5749176757409616,-0.5258773758364779,-0.42448804677909663,
2.044800573997444,1.9015376410871254,1.8105855686568482,-2.099542360576985,1.2931988902150071,-1.7803984001486743,2.1051442547697614,-1.1499243356844389,1.944044304884401,-1.1738245444889865,2.024011855430504,-1.8459862175737425,1.583456461244198,-1.9456404812134216,1.0766414106941007,-1.98128200078798,2.1363524147687603,2.009016024187571,1.7735146812738964,-1.8484008697272845,-1.4052470111125754,-1.6123033550331727,2.1466491646211523,2.264468517557857,1.7077627849346824,1.8662567516366508,1.5157464552839166,
2.06324708762083,2.023069211191353,1.6264694104913768,-1.8107896720254353,1.5231025716871696,-2.1880446564499296,2.242219155294127,-1.2603983246801422,1.9195203825532865,-1.1298348043418238,1.6573706883030173,-1.4414910951725508,2.093344914744151,-2.2741798832667475,1.1351973965194138,-1.7271920655995712,2.226789828489464,2.042328635865542,1.9371306671035307,-2.2034468057296057,-1.4956379462041713,-1.5238125122041504,1.9096649366993652,2.097682308694569,1.6864461911033202,1.9726168574120437,1.7203585530939474,
0.7516309085077029,1.1146930322717439,0.8183913674241458,-1.0747640691807545,0.7716600440513431,-1.0268567650165317,1.1725391269571364,-0.5164289128617232,0.7325702584358308,-0.7102959584635861,1.0832232875663663,-0.8415969603333754,1.0498798113220316,-1.0211693950600702,0.33948823442857734,-1.0205304099837602,0.9683774528586566,0.9285227676154268,0.646565859319976,-0.7497326897465783,-0.643632089734004,-0.6942471176817417,1.0617911713569976,1.138365952446342,0.9641178782268692,0.7338660984177786,0.6693284661240186,
0.37443941532907254,0.5103905203866496,0.3025333682075225,-0.3282356749315532,0.3570446897616571,-0.23572761975236373,0.4530338764343199,-0.213098639817157,0.10743653151721358,-0.31890624435801523,0.36774554801586473,-0.08824887375549834,0.23885431169495336,-0.34668331907308536,0.09571236842603438,-0.30967483547098523,0.6763049851150804,0.239488088445659,0.4318506322688216,-0.02599289608694736,-0.25591428223778295,-0.5144531812724508,0.5385414517892237,0.718212800483984,0.26065648395677277,-0.01899553538103481,0.13022946429779417,
-0.5481927549618887,-0.6880858732177537,-0.7817166157360014,0.43172713994187994,-0.4422504453100317,0.8237925882156963,-0.6901803894100055,0.43875551841134935,-0.7482187999774229,0.56401685234769,-0.8307940557837379,0.6520659108091459,-0.7810303727277548,0.7130242579827265,-0.8097527286209741,0.8065967698642286,-0.6562099694373751,-0.6210720849957151,-0.6231562297877561,0.7733404917192797,0.7099468974435033,0.492444416592306,-0.6888659049251737,-0.6972509628661744,-0.6986378192077821,-0.7662527398954061,-0.7354710335669662,
-1.5222574836598441,-1.6063567484571601,-1.3914618174262336,1.2029543830438192,-1.2045876139102243,1.5521100676058543,-1.6834295084128443,0.9078959441214258,-1.1468665142764016,0.8554277806819196,-1.4495127889156392,1.1857202529701456,-1.2415422033551278,1.5654672869474309,-1.0570135321897134,1.3354428917502024,-1.4727932098562218,-1.3902201298492562,-1.487857998280549,1.4256730307240748,1.1368663884800678,0.7940675476152863,-1.5396433830291634,-1.6617013846151913,-1.4562277791560627,-1.2293128234915596,-1.4544790353520554,
-0.28781303742771136,-0.2176489684889183,0.1814996934442426,-0.24045461868133022,0.03778935774820626,-0.042815477506689036,-0.15257655437702064,-0.3886102360608527,-0.09139760508772848,0.07701510442511791,0.15727715529611394,-0.4025315654134294,0.10056866201176722,-0.1523416533462856,0.2027162388787854,-0.2049700725017145,-0.10904241188091153,0.02389236191066886,-0.09752591190810786,-0.35322982895517724,0.013269162452514914,-0.15609890359871068,-0.06336321827733216,0.12259616615797747,0.07192517823550577,0.18225019771992843,-0.08044878193317007,
-1.286695305840268,-1.179820356333743,-1.0322989000531102,1.3548948334972992,-1.0313519394350246,1.6268334987532065,-1.7976467922664037,0.7404049083296697,-1.238670168657339,0.4781208099313096,-1.5019698269511117,0.9276334994962792,-1.4341112764182788,1.3572509263180699,-0.9216280774785356,0.9982620893710618,-1.6767868849808207,-1.4346353325055918,-1.3973713658604128,1.3990179688123892,1.0092995173140804,0.9095395764553118,-1.7020478050875476,-1.7478425868340202,-1.3157838287298167,-1.3482227075425595,-1.3483284724837352,
-1.5872989264484776,-1.5157626834558269,-1.1339015235117724,1.1986952163321734,-1.38560832893525,1.6353338406823903,-1.6591243688670538,0.6441867833568932,-1.2691172622148734,0.6717978926950618,-1.2414996158029166,0.7757848404808444,-1.5934096824378188,1.0882222350405895,-0.798442075956229,1.1964907474531492,-1.463461289819149,-1.4053271316361295,-1.2072456458541294,1.512028059904597,0.876457456142922,0.7955927116019293,-1.2390770387456476,-1.3443931060483514,-1.1647806800622222,-1.122443279271653,-1.1873411491261145,
-1.354163687029434,-1.02735450395784,-1.368428187276544,1.427415357632189,-1.347615741465119,1.4309703174418351,-1.4849697582918036,0.6047148850549857,-1.2752938706766925,0.49860609677980033,-1.297131799269731,1.0664978725906837,-1.0580635242430863,1.4232228441166495,-0.8109887436685638,1.3073868007628646,-1.4591752631625157,-1.3762383092598962,-1.039301236344876,1.2858963711715066,1.011051412816095,0.8770245912849642,-1.421843420185982,-1.386221162202751,-1.0544779117656091,-1.180509576964874,-1.129163141258407,
-0.9268588147192329,-1.1337891432250886,-0.8523982802746327,0.9644833401225134,-0.909998395627825,0.8806419057760083,-1.000871749018068,0.5927541214525263,-1.0035938431928728,0.3435879737972605,-0.8424855236333088,0.46807627624990716,-1.0492212847358966,1.1384154061750982,-0.6402066081921015,0.772610900160319,-1.3240639308928037,-0.9818114301548932,-1.2050003249133858,0.7919598854832962,0.6967524768581843,0.6860437474489101,-0.8939677700202112,-1.2800055276343512,-1.0775609811923959,-1.2059852476443444,-0.8578753083016469,
27,12
-0.1025561729716832,-0.19962979963984967,-0.0053516769374870625,0.07047641284717994,-0.16136179431569325,0.09884371163368401,-0.21410756443010706,0.07844539688945508,-0.13159761024150782,-0.22031180559095925,0.009768104955302566,-0.16875376384387905,
0.11136020919650716,0.016108354591134747,0.06089111718389998,-0.2122489970714094,0.1019386534695557,-0.14799171809379322,-0.14354608097155747,-0.010345434749120525,-0.2143713503013859,0.09493284814065053,-0.21727396391565768,-0.19569799233503607,
-0.27587621418984254,-0.014826355806703597,-0.29115943654171167,0.19098031057438042,-0.26406909571626397,0.03122675087956932,-0.1520406938936742,-0.20410091695536983,0.13032234853144192,-0.007941646445873167,-0.013847573959835425,-0.07076901273381604,
0.02708585756604477,-0.04654806492609637,0.09617500691056916,0.09182116956468599,0.1769967291366497,-0.01956999226328562,0.0019090897897162337,0.15408953659795074,0.1568234055855037,0.23932735304975222,0.18736421759373323,0.21793297710672488,
-0.004322115630940801,-0.24016570285491998,-0.03438405171352067,0.1387199225171406,0.022541554794844213,-0.21621969597730906,0.12228289576294961,-0.01606387133046713,-0.13403096309674853,-0.06316923276087037,-0.15503424120823608,-0.08536430690543809,
0.1905055898963831,0.25206998437880557,0.083768146684243,0.28947091893461435,0.2396771853279197,-0.009862882149667514,0.28449379290462423,0.22556502193916914,0.011131283958217568,0.04875518625711892,0.07321935906636237,0.06651112168222893,
-0.22336927546405402,0.1682449224512685,0.0676684734058731,-0.12286072961291938,-0.1957391097979207,-0.23264078097483035,-0.07353708727811348,0.10899742340427777,-0.14220813341306682,-0.2068781465096313,-0.24930216625240273,0.11947232646717582,
0.11414080038504633,0.12772662822486222,0.2552685785368556,0.028348958210409114,-0.09251779638058114,0.16067039931552538,-0.06973419882884949,0.00473008877154599,0.12334507913167803,0.11889831214168271,0.0999287430335135,0.16266660156098606,
0.12280137549715318,0.049031437726179676,-0.23275555695979128,0.05809442861228802,-0.23989824757969375,-0.11774528903808758,-0.02176166446987419,-0.30807149328787276,0.03409362052751473,0.06985109397006126,-0.11183497603288925,-0.1697466916313146,
0.26291430433587076,0.03716610138298622,-0.058579556932697854,-0.07010601422583568,0.12043738374922035,0.21072264786731723,0.17157060449138392,0.23715329610850938,-0.05588597786854199,0.14350829968573858,-0.00893006591875967,-0.12633748038543471,
-0.10145658765309891,0.14714211920848486,0.021940430311563407,-0.1788567841916954,-0.14192013773427425,-0.1703240997846281,0.13471851718317676,-0.061033376366790904,-0.11920957329740134,-0.010750771878609903,-0.2241645555671087,-0.11074092818059815,
-0.11998445395735262,0.014027348394659168,0.1629280607948196,0.013938616180715135,0.19150905499165746,0.14215258005582015,0.1021200029677649,-0.07670942461899627,0.12917096109300716,0.2830325299887283,0.1658242152805958,0.06802469211033199,
-0.11315463944475154,-0.2904561537912901,-0.1589436373340084,0.06706585897935861,-0.10011251625087213,0.19828453993782802,-0.18168712207047966,-0.0635740693108182,-0.16915687879749125,-0.10626455728261588,0.04309340410000466,-0.07484625815061133,
0.16698813957226102,0.09065709362869895,0.033269554373783386,0.010872827234584933,0.042688726462073494,0.24482958884793846,0.17420409755216598,0.20061763103016778,0.1469112720803864,0.061752902364463874,0.11162770221436287,0.13321053532474583,
-0.02662102232532223,-0.0903583456807528,-0.17303423196544623,-0.2625050912998325,-0.13052824017225212,-0.17268218441935762,0.03387492204650307,-0.09316036371378351,-0.15984812401705986,-0.04322540568740314,0.09895804488079867,0.19061242295131658,
0.07383457831134453,0.15728561555219192,-0.00271415899330606,0.24373224115941763,0.024310128565536052,-0.023956150575206996,-0.02047155360957587,0.14361897201651413,0.266933677122547,-0.046012595069800356,0.25419411831362937,0.2692388356290859,
-0.2550684955068576,-0.23204981237487524,0.09576037839150066,-0.12306165822192608,0.13645280011478927,-0.1271865012582221,-0.07440293133545509,-0.17520876595749513,-0.11328362674777344,-0.0695381167045484,-0.017532215060530508,-0.12731722179998983,
-0.07065505171513116,0.08131340210549017,0.011538818774228361,0.11435779167732725,-0.15168277237369734,-0.13272934052646723,-0.21999402706371568,0.06611200460700982,-0.20111808060369205,-0.1485494031453375,-0.11110820547736971,-0.05171805355349703,
0.13677813730801494,-0.2872631626550931,0.069729224595786,-0.18802698789075414,0.03705086745392804,-0.061779837272442684,0.02450235529515278,-0.353369582998571,-0.1567923806922831,-0.12874393417039728,-0.12602125080256807,0.126333986415664,
0.06430377409662894,-0.09920657210217954,0.351924468115158,0.31066392334928683,0.06148583010313557,0.15602720522201713,0.06618600672992382,-0.043776221492173216,0.17743158543682394,0.32330592256790214,-0.07907785868255891,0.23023340074874263,
0.14023297814388272,0.1234868173853126,0.11661302610357242,-0.02280784127889252,0.25741076009111546,0.3375069858068295,0.16163888853851685,0.02523011837917261,-0.02342090326626613,0.016084453035992576,0.11601632146491012,0.05148257443854235,
0.10158145559449588,0.23328632015575154,-0.113227432416834,-0.053627618384151025,-0.043465696082037306,-0.15322350859147774,0.19525245494231233,0.25582148056759185,0.2212585906711506,-0.015406380291072101,0.23740239672544505,-6.293871019297687E-5,
0.11719888864277242,-0.17388899337697536,0.17366319982698863,-0.17441386760639482,0.08586634441249266,0.09651130973576766,-0.17422016214774294,-0.11305219644717313,-0.09940858239369073,-0.15617549531389233,-0.20464357625098434,-0.20832033480087422,
-0.18144053344108022,0.14094856447177379,0.049185189189507136,0.045123525905645084,0.1443160938974947,-0.19877680766377603,-0.08885424039350194,-0.13163739432161725,-0.20252206329349684,-0.19259119751011097,0.10665811295309433,-0.19883392677151354,
0.06470071991215245,-0.10261728519169744,-0.25061476285931694,-0.24019255612428658,0.012890258612302074,0.02200107650350014,-0.024060409097063827,-0.08248078745110074,0.10904971941267451,-0.2075573893138894,-0.18707242278404054,-0.08405833139303856,
-0.24851941803408417,0.02168756521004795,-0.23954748018112404,-0.06261834697867928,-0.20080731121799547,-0.13659969687328805,-0.21232418724212554,-0.01054805745651608,0.00193931784929124,0.008198321200311767,0.03294366433691274,0.009765216454693077,
-0.24003752782985044,-0.09860118887074654,-0.31123259032495043,-0.2005693153104867,-0.17569640805776487,0.034631191369686024,-0.055636146151411985,-0.0066857570065614845,0.1917867219490098,-0.03898119430315716,-0.06552031851702748,-0.1822914532649415,
