# Pesos da Rede Treinada TxH=  0.7999999999999999 TxOut=0.04
12,15,12
12,15
1.8875268773319125,-1.55074789183994,-1.4877637713236136,-1.4587193620298595,-1.0760256545782214,-1.2507911765928523,-1.1291671688007194,-1.174825534680566,0.6510351876116414,-1.3746380017286095,-1.3290066829726301,-1.2435326830804447,-1.2254319865031709,1.8272307421308644,-1.0848097849015816,
-4.121522341489501,2.878786787687108,2.8091426788006033,2.7056734835863296,2.5961622416689067,2.874558356909776,2.6871068519665955,2.9245129761716955,-1.5616397356309648,2.746960822444959,3.303148838259819,1.8721396831810786,2.742407056810325,-4.302209399274765,2.73899445654712,
-4.706659972575555,3.290934277126507,3.3511615913347677,3.2575842518581526,3.1453993787321113,3.2690616600054634,3.257345960367535,3.136509236549038,-1.9763001299880065,3.3172281416950558,3.542807031731844,2.454802627708825,3.427649611386438,-5.426232912087728,3.4603251621410394,
0.25215901864152607,0.15008557332463587,0.219457124818087,0.05829323283889283,0.2646158971535155,0.241945916869377,0.26716427414491406,-0.11003044523412125,-0.3067538955355461,-0.17860748627290932,-0.13122552131675508,0.13560211301257832,0.059768090660859266,-0.03473245418718287,0.1371801468516094,
2.1450225658215056,-1.1236388484520838,-1.2959452845077353,-1.233899857864146,-0.9376535530018404,-1.3445081202945581,-1.117369427951134,-1.110995443186061,-0.04421320404836961,-1.2945885378600714,-1.2439944046820168,-1.0228864859970315,-1.2275421637897186,1.8155875895481195,-1.1998509580461987,
0.9826681065233204,-0.7786230150770062,-0.7643190681332829,-0.594149819208635,-0.8576915332040957,-0.7619003541839079,-0.5785399644395347,-0.5534117394735867,-0.17162524960195402,-0.6990102841607054,-0.6244731871566431,-0.5600207392771565,-0.9299894629456027,1.2221064540722797,-0.6147607459578979,
4.0492465038919425,-2.9816815595858928,-2.899761075457917,-2.5223536271746694,-2.652031371298595,-2.5960672335620827,-2.637413192278572,-2.8631711885065187,0.6859139147906747,-3.015088192355058,-3.222460141914066,-2.2250833747901257,-2.8736306725426406,4.396239672188356,-3.047009081261095,
-1.874605654534599,0.9897595872357059,1.1628154951384984,1.2414622640493216,0.9952748514107543,1.1465169909453528,0.7463920963792712,0.8655490685185001,-1.1035029807474628,1.1907224603067665,1.391559966998643,0.8015296755210942,1.0293500819058532,-1.7746172816928234,0.8048050998605256,
1.34676051735022,-1.0220496939678074,-1.1185076728384622,-0.9981498282455128,-1.0847313868120274,-1.3026121985069654,-1.4150214534733452,-0.9595455024058891,-0.012797509272403201,-0.9988633852997818,-1.2590929178403147,-0.9963855643763249,-1.033205026193189,1.9158600586399106,-1.0148791610354693,
1.892384035112031,-1.3458821615187708,-1.3810894959580444,-1.4480711764803487,-1.4633648056579354,-1.3985914880765997,-1.250145660757038,-1.3304701770572458,-0.2109825631542268,-1.1968431053040416,-1.566923636396497,-1.0225142637313998,-1.3352261759386383,1.8357402456917167,-1.4673444633243249,
1.2692030969308052,-0.9228687290438757,-0.9985839049995893,-1.223876691836714,-1.0147509080378154,-1.0844097210631065,-1.2167259898686453,-1.0611110013602907,-0.1932532258452675,-1.1417169786502137,-0.9799289717471313,-1.0458990970663418,-1.1120678906845956,1.424291092745871,-1.0690730027708175,
1.2051801271294604,-1.0041279358270938,-0.9595255784780712,-1.0501588522369916,-1.1882566268832404,-1.1122622316846746,-0.8604856582001704,-1.098900886201737,-0.1777334832790338,-0.865159953264937,-1.1532161599883466,-0.7635368735500273,-0.9767535524321771,1.940834501382444,-0.8742609171118624,
15,12
0.5039928066399355,0.30861007908018273,0.4588421171201945,0.3564301914791281,0.29048168354518955,0.30040069892777116,0.32588741931697385,0.5648342220224775,0.4461416716595934,0.372569162116341,0.5520751310455718,0.3381768434557917,
-0.1570903144037412,-0.2519620451982421,-0.22328132414578647,-0.19297806233553425,-0.0857308760039672,-0.11341808382023501,-0.08012599723617894,-0.07358145388592555,-0.10471786979147993,-0.11847959037858542,-0.11190305085615991,-0.38540775827810936,
0.026635166087950128,0.047531464417252624,-0.17257308913714933,-0.16928620763967214,-0.2312358724662567,-0.08801779665829303,-0.18242503721656353,-0.23044139332415908,-0.13194890752392385,-0.24106316264562908,-0.28549388680849513,-0.07538972598850037,
-0.19667610388591153,0.08119302401402867,-0.17615767068489238,0.05066715473832565,-0.00690568856062628,-0.22948705755179818,-0.05457618401401017,-0.11254921816664808,-0.1723926422795006,-0.25359245019347865,-0.2519199898138617,-0.21892473111865457,
-0.28879507900015394,0.018895677546629647,0.09605655269249763,-0.12606417688821306,-0.254531868121504,-0.0777073716271255,-0.04745733535093057,0.05785915281351765,-0.2736326061203734,-0.1609633005894003,-0.14905231534484265,-0.3511005228168682,
-0.11879341043580154,-0.23972509925752283,-0.08467500869097397,-0.10996981264576199,0.051580149083087376,-0.3139329057960031,-0.21603407740224556,-0.15436250462592127,-0.14674636105751504,-0.33461485385280454,-0.0794704298470197,0.01300965273440328,
-0.08052371623715618,0.08368168817712014,0.027899008104483286,-0.1661619568297616,-0.05822880274037827,-0.3068695177180416,-0.1378992981165938,-0.10016942188106193,-0.018995480234932263,-0.30324420907486754,-0.2743974224271523,-0.1797678359385321,
-0.0965189920793314,-0.1359031302727643,-0.29236297749164086,0.07364045744708843,-0.14696600310503155,0.035986310832275256,-0.20013190943551307,-0.1455487523922679,-0.36204943344373947,-0.19460308810226593,-0.20867326640094727,-0.011710633480490682,
-0.13433882583595474,-0.25203643222256206,-0.30789190724974524,-0.3408314278713411,-0.2697578237549931,-0.0811096338584544,-0.032696451602232876,0.04985914445379595,0.1497679624545851,0.18782335416535104,0.06843866773037184,-0.0010686121487093734,
-0.3823788381442116,-0.29867200625330653,0.013778329725220414,-0.26378626320337545,-0.25321613992610975,-0.12924189206528217,-0.04839024926441276,-0.3129726709636293,-0.21441667395588965,0.0837034636301453,-0.10577547535938088,-0.07214585617776043,
0.024676456025529574,-0.06715812661579139,-0.08427113097566637,-0.15819907191320487,-0.19461636336151417,0.024100665120309714,-0.34260376771096535,-0.19945520172741732,-0.22155885263344277,-0.2303688204861237,-0.2042439507059235,-0.12813092441531213,
-0.19513705210895452,-0.10996104849727567,-0.23787058352141696,-0.20704010328501418,-0.3014851696645538,0.04130874043096523,-0.11033350710286234,-0.22633936324927856,-0.15540547964027795,0.01613596434358666,-0.19432884939956288,-0.04841401795396502,
-0.10837820773781295,-0.28776407824619105,-0.19935883159050044,-0.16449747422562372,0.04669338804442426,-0.1965547952029342,-0.16145127123349692,-0.30166164151936564,-0.0636685199836754,-0.24676487423640336,-0.007211160867437073,-0.1979592543072901,
0.38117269279984467,0.4643427619008905,0.3975869583924976,0.4740047619748117,0.596504619004903,0.5818951134225283,0.5882048658179302,0.3972832296877233,0.5059692655992402,0.6271281277443627,0.41034728901992334,0.6148124992614276,
-0.06921982372727407,-0.12564482159556675,-0.029006996677717715,0.13775429772102682,-0.045205875247254855,-0.2932196617780737,-0.22003964881012159,-0.17215201359589252,-0.19591526346501792,-0.21681131522068145,-0.1109667578829623,-0.213949320799924,
