# Pesos da Rede Treinada TxH=  0.9999999999999999 TxOut=0.04
12,25,12
12,25
-0.8740534456667385,0.3158363666513639,-0.48080774401923076,-0.7310722939652644,-0.5014335960143615,-0.3957490669423096,-0.31562725576364536,0.789768528871241,-0.65649479487337,-0.7494782827730447,-0.4663066359588625,-0.5527248541907902,0.4151668152513838,-0.7160913602868456,-0.5447029699614448,-0.6014319804468554,-0.40037507258118127,-0.4469820834485854,-0.43223260835578453,-0.35610252889658944,-0.6267530448383212,-0.5682179575750486,-0.8615843489858873,0.5998058379281926,0.45836044245835067,
0.022638735425416383,-0.1107707543694412,-0.175142724954491,0.01771666345289381,-0.2669121749169682,-0.3080583502610986,-0.17969121396857396,0.09617890138971597,-0.31540778137335934,-0.25657780980488354,0.060726840691391976,-0.19856245070427933,0.16333728342910137,-0.3017609352997484,-0.04136679583998969,-0.21465964502505167,-0.6207658557277244,-0.23717899562927722,-0.4016778861674406,-0.09099384020841096,-0.13494744967106193,-0.13527070611787342,-0.16699231240527268,-0.10607509889946713,0.12380154204260733,
-0.07957218124695856,-0.1956755343208579,-0.025965139595678935,0.06146204483618216,-0.27268932406453883,-0.11915303883558613,-0.1311843193260447,0.015958074718816835,-0.458619168094983,-0.1835508419008181,-0.156002953819657,-0.10149466862156818,-0.05931289461344555,-0.2655276826190972,-0.3571046800049814,-0.1588104271217497,-0.3821234328383884,-0.43026715983937086,-0.09256690578694843,-0.34738474650249,-0.028466908023076387,-0.008007769662021056,-0.1375735610344444,-0.028875874919952103,0.10502938828966535,
-0.46104561659042553,0.31308821696908007,-0.4149458966743377,-0.27235956043042864,-0.5342918292199645,-0.2819725302446324,-0.12821823157400417,0.6526444341785927,-0.5581939395353479,-0.42018784978278795,-0.5358952990759088,-0.3483452323799095,0.6057335998855712,-0.6405278451566125,-0.5759365529428851,-0.6085328981361936,-0.4245180749807661,-0.38071907792692145,-0.6431626149404527,-0.5053325040710243,-0.46957846301691236,-0.3572026895867247,-0.7717505573925051,0.8021412974675826,0.304774218504856,
-0.6542392927391928,0.3590507038383688,-0.6946334231895295,-0.6727637016973658,-0.4060321135637784,-0.7240923870190104,-0.6677171090813812,0.7583500535535843,-0.5614018052630406,-0.39283570386637945,-0.3157476620097121,-0.4884736765999022,0.8130884877426929,-0.3790457328873761,-0.3194402033150627,-0.630936897180355,-0.47307976161938564,-0.48332737800797265,-0.8567317243732488,-0.8294943918179571,-0.5573701501494231,-0.7866133136757493,-0.9428806260872639,0.9969425921665953,0.4138635712263261,
-0.766806626802303,0.23591600184182082,-0.5082203977906715,-0.23659132369330854,-0.4801237788134173,-0.6937413828962223,-0.4115472548148822,0.4780898774890942,-0.6475991464965271,-0.2894157983885971,-0.4252373278953734,-0.5869028973617123,0.47209191691464225,-0.5916433201147685,-0.6627678115997253,-0.5516268830032163,-0.3972055746851723,-0.4306857696956225,-0.456794937838125,-0.3712765866200123,-0.563426052418856,-0.4318201423907849,-0.6551189799002344,0.4770249741800177,0.5786553006911237,
-0.7845038426399897,0.556456318968208,-0.698822242785376,-0.7473025150088523,-0.5429013526716329,-0.38253685821102484,-0.8340619095992138,0.6762414276242357,-0.6430433951615492,-0.5791348394372758,-0.631140921939977,-0.3280606386271217,0.4395596141129387,-0.42242575793985476,-0.5771729448882161,-0.5084078575512074,-0.5513598646496347,-0.6077383344156987,-0.5076912357162487,-0.3234523575733975,-0.6800433415261119,-0.7361960905688993,-0.5844119623604267,0.740937212648284,0.33940505259050524,
-0.18613317009769478,-0.23761128940345233,-0.5316902800766317,-0.36256721478180187,-0.3677919098223137,-0.36363727707835997,-0.43895702265810105,0.20802591581644275,-0.33514326729752486,-0.25789394537336213,-0.4030292828005593,-0.4228653943126404,0.06289302170346872,-0.5390498074709229,-0.243033196177934,-0.41549360238561267,-0.20870799653222805,-0.20229260218174275,-0.5591819386552759,-0.5392387765027762,-0.3866801136230391,-0.21638194134530794,-0.08213098986814384,-0.17790356945038077,-0.04426679534462128,
-0.4370663980825889,0.01329855708965352,-0.40511099909676396,-0.5875064859490619,-0.3397205809627473,-0.5006418603950954,-0.24572608742504656,0.10890602780525122,-0.32862203438781246,-0.4169639466023485,-0.3929311249749557,-0.2917590228968184,0.10433821766529208,-0.3452373211432434,-0.31007455456656,-0.6078701687540399,-0.23585762273649402,-0.5957521705442511,-0.5380570559148827,-0.45090187669064175,-0.2666233712652204,-0.3956115278122649,-0.49229199367073784,0.40128706840709955,0.016257611640417908,
-0.409399029572976,-0.1379087575959849,-0.6488531180139488,-0.38820070657107114,-0.571094083266443,-0.5386751564112836,-0.5481655203348555,0.36420232600239166,-0.2223704200214616,-0.30453235822971214,-0.6667254424922547,-0.25940105883150893,0.10926856422899296,-0.38691806173449717,-0.5005857768718777,-0.499705670297784,-0.5084314656247553,-0.3608160735843521,-0.32197530506832595,-0.5841909208255982,-0.3979972452698319,-0.31562587483274995,-0.5333127349858836,0.14926836220799997,0.13485935240177754,
-0.357009596038242,-0.014181811403088643,-0.43010386543943463,-0.6669151870005233,-0.5734478566293761,-0.32979693016858047,-0.665102778655015,0.17620908748188854,-0.30090640201389807,-0.7161845827442481,-0.6851361018109622,-0.5671180907242345,0.382888586050578,-0.6046113016831204,-0.57484434947139,-0.28313278851920226,-0.3910994699701236,-0.518488273436034,-0.34075098614381205,-0.45170244353050487,-0.776623781574059,-0.8017634992483689,-0.18596125133206487,0.23126233098950388,0.2782953678000854,
-0.7402768254164664,0.13391464174499368,-0.3985747952945857,-0.7018116901477313,-0.4330370984496032,-0.4116233665283219,-0.5402481263236575,0.17255101926275088,-0.5180198627547244,-0.6152957946597072,-0.49719466627733344,-0.6392881102244354,0.23706600441848014,-0.3841735505269258,-0.5693754908913661,-0.5056716022216977,-0.7046950046140963,-0.38501187040240553,-0.4456841075163197,-0.47412430814880585,-0.593005223828275,-0.46976060045876045,-0.46981072410627656,0.34367857182158823,0.03973084393497202,
25,12
0.05050062741199889,-0.26780067885726627,-0.14586725353516797,-0.17994061201083153,-0.18385500534428975,-0.15275158359305127,-0.25091835503599486,-0.07462731114253737,-0.3560644805151126,-0.13362936670564493,-0.3140196133829673,-0.19150194549960028,
-0.02979516776239568,-0.025597662631812432,0.008594843840516557,-0.17522151231197655,0.10224056923808304,0.10665318453610226,0.13126781247555952,0.14529659961911467,0.03682349726593862,0.09107093903477138,0.11504630043730624,0.07788295634410736,
0.00989297519729188,0.057096495941960576,-0.31081304997165177,-0.06299766629133913,-0.3215352094480577,-0.11935173221647567,-0.21468592178595516,-0.10500060097055346,-0.3621695162434795,-0.033354225541230326,-0.19727499155131784,-0.09037344382054138,
-0.03910765331699323,0.0601895415333053,-0.15115946081613427,-0.24333777629055175,0.031100023566903195,-0.14757380365700493,-0.33657546785538794,-0.12463343023296182,-0.04753472113669448,-0.32234153295929124,-0.19494818269396993,-0.30725117957961773,
0.08962752769150552,-0.30087567625863715,0.06684020323693099,-0.013844598632149655,-0.22498238864020909,-0.26116969779671434,-0.3336172573408313,-0.21620654773113518,-0.2492890217937414,-0.17013805212561964,0.00256516622030827,0.037712945559340495,
-0.20653886127405935,0.09149868114895435,-0.13275878994168816,-0.203629802179158,0.1147271351395778,-0.2351846306314113,-0.06442507707853172,-0.31577423829361934,-0.1130266962737042,-0.3239741359530329,0.10686862586105467,-0.019506137203798048,
-0.10571445330514286,-0.19967975401145027,-0.1473170682517619,0.0015987168677341441,0.1019519676927125,0.03516640643295811,-0.3049128306607978,-0.23977913478040372,-0.27470553915432305,-0.2330607921937629,-0.11973517248747781,-0.06493986860617229,
0.23693294389866626,0.32954435203593163,0.3056338632842654,0.2687424767723038,0.3163289184778625,0.33718122213655316,0.08817802362222057,0.16386752792648016,0.3158189264736518,0.28892801204461305,0.32855034356727003,0.2580365918661914,
-0.10710810834137044,-0.23355186344393677,-0.23081463350240133,-0.2322241750619231,-0.2532459723693003,-0.17185576338924768,0.022011595113869187,-0.30822092496227316,-0.005065160424407273,-0.23661986934778179,0.02233680638802795,-0.14772679727028623,
-0.17970104960547054,-0.0644740358803429,0.13208760835494576,-0.20006538149562725,-0.22106560290649682,-0.043895599871966964,-0.05973294275150578,0.02528277430092897,-0.2087984000378435,-0.3367330033293553,-0.03960175040804911,-0.13558526982412689,
-0.29106964050820655,-0.12988150743837823,0.05935988101500206,0.1193273105240173,-0.00691565662813377,-0.2100522095605849,0.02038976121228514,0.10001024100773975,-0.11093739328695985,-0.23966340767777025,-0.27739199119630564,-0.41009700938928323,
-0.06596176935374254,0.03298750539951932,0.021200962290901328,0.0606462729899279,-0.0890248469518991,-0.036533460607526755,-0.12134075372919353,-0.2743065638729361,-0.29254268001770084,-0.02559173209354789,-0.08052434392096473,0.05011377820267444,
0.15094952697522074,0.24648404022280804,0.1973368105549839,0.05953391529672916,0.2072631989253062,3.4859432847344704E-4,0.2830098512699918,0.36469445760589736,0.3436754101958807,0.1734781854190064,0.04954745673143529,0.05924912490591209,
-0.2742728508811263,-0.2939395267429962,-0.03225390147894644,-0.1744067537944745,-0.10928733568435413,-0.3196228170862606,0.0931570877074139,-0.14696574138780547,-0.048344808398462794,-0.02113785276980284,-0.2362229223892844,-4.080121860361222E-4,
-0.15209942670252755,-0.12252734523368368,-0.19644483966678591,-0.15882016593184076,0.008364448391141132,0.14292884320373306,0.0833185102406005,-0.2842432328350267,-0.0800066150372659,-0.10365411097709684,-0.3494489766512916,-0.392050680094613,
-0.25209298290950094,-0.0305639232911908,-0.1735737132157195,-0.20970720321785616,0.08529895888835244,-0.18917776004932998,-0.23489219629640742,0.0023722034783875633,-0.37289090635606714,-0.1549788730306982,-0.28110439055334435,-0.2349975833203049,
-0.08744068685766825,-0.07747935703078995,-0.4429905047839182,-2.3769563366914462E-4,-0.1445040682445358,-0.11927077817288047,-0.2438232462972987,-0.2285316462638521,-0.0031254559669298154,0.015526288101476316,0.01896694411536145,-0.2299728736334949,
-0.33675524672772394,0.04761307645104934,-0.08307016534198797,-0.08622505885627763,-0.14525248679942374,-0.04892580463359625,-0.072571078820945,-0.2894028692447061,0.021031594554487748,-0.22091080540847174,-0.019387127591671816,-0.042111541433059646,
-0.02022440336371484,-0.051713331863808554,-0.297099130453589,-0.1805168591409601,-0.4031276171804647,-0.24727593085277852,-0.05486494831585655,-0.22979103585607144,-0.0297443161228009,-0.187418418061858,-0.06965706222527258,-0.1265727124698054,
-0.09231067752202426,-0.22838614856695455,-0.27454731591377973,-0.07077495051254165,-0.16727897808606787,-0.043334851361014504,-0.3385459624086598,-0.055862028742203446,-0.21658789877416357,-0.006127451257002352,0.030866227825929807,-0.26708039509712206,
-0.3330749251353866,0.0757056769945476,-0.27513539222398614,0.06421507382842467,-0.33806393014983427,-0.1576494682096943,-0.3090787167197565,-0.15831166351429904,-0.06863148748202995,-0.011451226850982706,-0.3090826361104837,-0.2854061056455023,
-0.09099106565857992,-0.2026376368062579,0.16857948653218288,-0.17010654315533333,-0.10409969223160834,-0.07220338163210167,-0.24387703610997463,-0.21865478030178162,-0.021902935045557646,-0.17174886460498562,-0.15029417506074144,-0.3055381491488915,
-0.3940464687837286,-0.2938718735155279,-0.2109089424083029,-0.2723358980366683,-0.23677767438249053,-0.05295520669085774,-0.17453821402552233,-0.038770079770751587,-0.07627039666621219,-0.2645940798218223,-0.25198285036507356,-0.0801632344227068,
0.227005330910602,0.20610022344687617,0.2221912485631407,0.41162344586688493,0.3003910111151201,0.3470146077194337,0.29696892008738,0.25939826485128054,0.10303568976360261,0.20129238909434205,0.3259986099729765,0.18314385055412175,
0.264691842674346,-0.08514417851373536,0.09551371311954437,0.1599541140576306,-0.10981071716068291,0.014599927318085681,0.13873775563790386,0.024973945734892932,0.10298020408676524,0.20157497325259804,0.057615367472933325,0.37037760650212914,
