# Pesos da Rede Treinada TxH=  0.5 TxOut=0.060000000000000005
12,26,12
12,26
2.237801573217145,-0.15803839835012087,-0.4693235019910531,-0.509576180015577,-0.580597519719367,-0.23708623597443748,-0.13559663079317508,-0.17491645234256212,-0.42158883436178973,-0.6173500559613977,-0.29149068673654355,-0.46780799964099473,-0.3232952375205048,-0.6257221685524068,-0.3852970821230603,-0.1218078860443602,-0.27493616890860995,0.08397784241893551,-0.461897914601925,-0.5873863862672603,-0.4482021577363221,-0.6406472453794946,-0.36704312934064276,-0.31821691955034037,-0.3740251556591815,-0.32722047585942865,
-0.07215977509830292,-3.430366298917901,1.1121004037677824,1.2348654907487844,1.1449281724473008,1.3101100389588547,1.0038608004805212,1.0383929800700495,1.107454539440375,1.4991653922591308,1.5121081626824922,1.4088687338248282,1.536969278868356,1.529328366801961,1.4796649244114513,1.0359416597746385,1.248626540364618,0.34776799822834537,1.4315367696223074,1.9210881063309335,1.1057957264636926,1.4442013098816473,1.0849135003067063,1.2030783888436607,1.3944860826628045,1.5096386708674987,
-0.2889966406367136,-4.084886459120883,1.0209945444434725,1.3391118794288932,1.148020617647925,1.1160812661871753,1.4357966816462557,1.2366112126544189,1.6699424190057306,1.5699222667971342,1.7248008406433797,1.3775845586004458,1.669072417884166,1.5075809547483527,1.7115676568800502,1.2174306060309013,1.1045160352322658,0.6805542655282515,1.555229839320358,1.8565221225186443,1.2374395543063577,1.6330569019312973,1.7367834708380128,1.1159024338837948,1.3732782230089864,1.8177197387018347,
0.7792026262418555,-2.4307093380376537,0.4242053667401002,0.46255269621365186,0.6062250563070168,0.5910508019494374,0.6723491367062903,0.6122643358623234,0.6980216015285621,0.4096667681259397,0.8234624083109137,0.566139800458235,0.8952526066974851,0.5422296108310765,0.930111522706699,0.5812072853077052,0.3498885032685348,0.31483451805846646,0.5537683419334601,0.7841570645018218,0.6570510629773795,0.3723795987385617,0.537970746589952,0.9121269491520969,0.6230585353247473,0.7238740136008205,
1.4040201939227315,-1.7925156811038412,0.2850813261007919,0.02677290478883828,-0.00434364048031258,0.12588497814632513,0.3649605932501509,-0.0696311731689026,0.021930003230553646,0.18470708388408408,0.3125778606408475,0.26896642458743153,0.4950872852288864,0.29946774316774677,0.19941650093361307,0.3331199367478416,0.09578982268513829,0.2768611165521163,0.330846664851668,0.4904203874485247,0.23507069394186003,-0.1320742591378393,0.10607487410932961,0.5145506192684917,0.3461048583783592,0.03924149298214163,
2.937266137178397,0.2379277367800971,-0.6777506475600503,-0.7968205187273303,-0.5130475881527747,-0.6730221370607233,-0.7499304198007902,-0.8303822560813285,-0.5824340188340719,-0.40718272356156837,-0.8650752958664573,-0.5079735476605605,-0.45012475712571814,-0.5724668889400407,-0.4652104171642901,-0.8192459682004034,-0.6281942282082408,-0.5483344827892163,-0.7943124083283496,-0.6889258481195131,-0.7243018425815817,-0.76715989960304,-0.6546003047730203,-0.8625850021708796,-0.5830728738199434,-0.491824364654199,
3.9008344695565946,1.265165924853628,-0.808500730417158,-0.90771829951808,-1.1008531386738751,-0.7437322980056251,-0.9907721696224873,-0.8643186322908989,-1.426985186481438,-1.2279225613375822,-1.2288666722933688,-0.9815421712136738,-1.4749456786424318,-1.0745859082963811,-1.2160490251021512,-0.8973144784511258,-0.9238182918318293,-0.8588281221643523,-0.9721938330606343,-1.4503685336479226,-0.8573867643768891,-1.0394175280390723,-1.2899033982908918,-1.2218993628542356,-1.361643892973482,-1.1720482064854139,
2.320687122071193,-0.9178027609473995,-0.04777147786644368,0.21893864873421612,-0.1161624795572793,-0.1159046503343938,-0.1308075516955048,0.026636715913609967,-0.12308826948839544,-0.13402036313314558,-0.23883321331710938,0.08436871008687641,-0.2330167251760618,0.034633306945616255,-0.20898060453163536,0.010830183733754427,-0.2938401591454675,-0.2146544851866774,0.07891801057714319,0.005154883287664473,-0.054895098882870114,0.2301888188133923,-0.19086665826841415,-0.33404539176743847,0.10715445611761618,-0.1666441978023544,
3.6056121555543776,0.778786981409853,-0.8565135025880352,-0.7230652464959787,-0.8102996074543588,-1.0776949278478225,-0.8473573081192499,-0.8043637443777061,-0.8060812973508787,-0.9771816624897421,-0.9716910353787855,-1.1168764266225788,-1.3553030911107478,-0.870435097776033,-1.3341846953928669,-0.9574557701178913,-0.9592125190748905,-0.8475428726786537,-1.332273401017005,-1.1173392930365125,-0.7675050990134785,-1.1010120724711103,-0.7724667324866423,-0.9263251598808663,-0.9789179605859455,-1.3433079188900343,
3.67390512760473,0.9704978024265587,-0.9071140799341729,-0.9706819925003913,-0.70605911727368,-1.1461272175687485,-1.1460253489241528,-0.9566935186222612,-1.0304104035110724,-1.0386504411813158,-1.2865686001401706,-0.9685593345029392,-0.9154833339324243,-0.8609086492225316,-0.8121950040066913,-1.2269315372230947,-0.883280793250541,-0.697352006456676,-0.8426950787667239,-1.1618161388041774,-1.0061762846945514,-0.8833633945732583,-1.1733414261229316,-1.0194738039386126,-0.7674228259595862,-0.8807425611858059,
3.744165316599318,0.7380617599213971,-0.8778842376037556,-1.0111177388210584,-0.7072075696566845,-0.8690154268739805,-1.1076187448851962,-0.8696565673244142,-0.829973040014528,-0.8216606887403284,-0.8943307566546606,-1.0971342051368107,-1.2825907818898012,-1.2345465792802837,-1.0960348108352,-0.9499118743225957,-0.7815274511213425,-0.5737956857509624,-1.0121911379029933,-1.269658705813225,-0.8077732593748864,-0.8177336922129946,-0.8965463981143639,-0.9876081715306505,-1.152651000673606,-0.9141309850024224,
3.348390804531106,0.041739240994301,-0.6707475453005368,-0.7298183844802242,-0.7529454095281622,-0.7179796958293291,-0.7321043874473535,-0.837708189382896,-0.5472398839583257,-0.6851100237139488,-0.8682108125040554,-0.7947263437828831,-0.7163780264505888,-0.9695300767017452,-0.98390405442976,-0.7007040726809756,-0.5126878451955187,-0.8484915815543368,-0.9181127449925731,-0.8831572451158671,-0.9118952259915761,-0.5601592069738879,-0.5046509745424983,-0.5877010682188698,-0.7644148150888094,-1.0307909331757024,
26,12
1.023102331976366,0.8596276030230613,0.9475323937874264,0.9169289539249194,1.0056596969732488,1.021893978068118,1.0563663457290575,1.070580420541126,1.0897271150945338,1.1302795986647178,1.1086182312508341,1.0892210035492338,
0.19387206173384805,0.006669985006508308,0.003851625307251873,0.00331912384376348,0.01782057661069231,0.23238309646785849,0.2679138947977849,0.2837032840972755,0.40843058509950436,0.4384220618260766,0.4176745862929315,0.3451273371622908,
-0.1645183827778142,0.006395804735554776,-0.030969344086742567,-0.20098539547139246,-0.0485830426032871,-0.29336602089419767,-0.25971768445820387,0.09286617555274193,0.07526328703943917,-0.04158069315247483,-2.1632712928128242E-4,-0.24937535170259184,
-0.09249731360507517,-0.23765289310507656,-0.0071933896563730025,0.026286049992693582,-0.20097724418732507,0.0230245315195923,0.1462503381768878,-0.20611358153139808,-0.25895799915381257,-0.11273429333738032,-0.21121162818797448,-0.036861288262280495,
-0.2181560892000008,0.025698836641035887,-0.10092654473277068,-0.12379294833634533,-0.062330279556964865,-0.0022475797503365615,0.017485771258798202,0.06455343607091708,-0.05789113093661604,-0.15095464283504315,-0.09906252210535582,-0.360409477054153,
-0.13599866072006717,-0.22839876018326732,-0.29716789536006555,-0.0054787189562032716,0.004558381251483279,0.06207282044111694,-0.04232947614711504,0.03490512670700176,-0.021855311381928467,-0.17682048852863094,-0.22795842028975966,-0.13798886007835312,
0.10875883117514439,-0.11553259178079572,-0.011734499862011574,-0.2029114452705951,0.03914474484071441,-0.1644791115944849,-0.177677062779391,-0.017386696240350226,-0.23030088969672746,-0.16431105951358752,-0.1529492982578314,0.01085962076874955,
0.0029768809495404583,-0.13874695165725626,-0.21132646151752163,-0.1586872579486767,-0.07450730334685049,-0.06652745275149917,0.017106473153035137,-0.2275805314831237,-0.03451471484678649,-0.07812436687059018,-0.30649888688591764,0.08031266297784752,
-0.07497916609610285,0.00923288654991005,-0.09825623087375954,-0.039639126839520006,-0.11972505874114757,-0.09161269221610005,0.08581883793387132,-0.11827948058358721,0.05622927107823501,-0.310739354558305,-0.17326640245310723,-0.23843685019566388,
-0.0017124448602821977,-0.037220549761364706,-0.08950468154025747,-0.13827609968906004,-0.09390238962676642,0.01368128109572174,-0.2771237206785089,-0.12343891219229985,-0.06412755945766138,-0.19974633706619793,-0.11968202911961075,-0.06799692536428233,
-0.006113098086684315,0.03722888623594177,-0.050781225878917216,-0.2628271643301543,-0.13057842785935198,-0.040466477204850894,-0.0642359084703431,-0.25849077169068485,-0.17336733089487155,0.047237788239260885,-0.14726297438919222,-0.24276387904867164,
-0.10611401152247953,-0.02557734465501799,-0.08571643310968917,-0.06899146823597802,0.0926055207499981,-0.1394040520723253,-0.09351548577948722,-0.13973816660759805,-0.14488949677475502,0.007525924527086817,-0.17273585745780717,-0.23047702801463074,
-0.11267023891954604,-0.07234781525296592,-0.1950828897414884,0.14058595334170537,-0.009824715704228415,-0.19599394924562005,-0.16953438313895547,0.018871595165457625,-0.3005648801076061,-0.08474266152538602,-0.17916868132374775,-0.007264687009008301,
-0.06374261210765207,-0.2153297753597183,-0.058091080366610405,-0.04283415158184318,-0.18307616828553963,-0.036289159357232814,-0.0753016461757974,0.10668214204654847,-0.2775541052975206,-0.16406545649389592,-0.06956751022529023,-0.1960260448797745,
0.009755807640971947,0.01835299238294901,-0.22426476832963838,0.2119885096043326,-0.14999947224108162,-0.12577391133618712,-0.07060913633557171,-0.16817960201770904,-0.2450583359598411,-0.1551892984296762,-0.08403922403068109,-0.13758880159322837,
-0.017269921879297195,-0.09440136637132092,-0.16549929713771455,-0.0959070867537141,-0.09533882161377169,-0.07146492659538739,-0.09319435877844359,-0.052748590795358395,-0.07703519156200753,-0.23711082415077178,0.04636712743820678,-0.18466077815412513,
-0.32894810013459397,0.05036821895265469,0.03941243802520973,-0.19324182781080246,-0.17328513783610136,-0.1383882298640866,-0.14165983589472106,-0.2654772877367464,0.021130172901193692,-0.007088324183862546,-0.013896584632360721,0.02109415033300867,
-0.22209536504458602,-1.3322592788951175E-4,-0.2662103595991201,-0.3115238460985675,-0.16421034722828584,-0.07593735410670785,0.01893646486884883,0.03352757670081257,-0.00977970169813682,0.0034105774739798603,-0.07745787478218331,0.009866171801376052,
-0.07744269712159851,-0.10823656504326744,0.043043190516149896,-0.10610192737857523,-0.2933065334121594,-0.10640882948698853,-0.19334422107883906,-0.21120419367682636,-0.052706615960331576,-0.08023401119282575,0.08384089938341807,-0.21292434686326195,
-0.21847768552133537,0.04220410243335805,-0.1703812671976132,-0.16002251151571203,-0.062109272314607056,-0.1313038627803588,-0.20905628582518426,-0.09301323433752211,-0.0704604140012257,-0.0765308050673309,-0.2475328700389991,-0.007321469559289536,
-0.022941231960099024,0.005956334513426151,-0.11650194850006214,-0.029589618549957928,0.045866805001143936,-0.27521598592540075,0.011147581202190726,-0.06653224886583925,-0.15112373964257123,-0.03796281914516153,-0.1999666597177999,-0.17619606292769632,
-0.16112789702540345,-0.20852974118339765,0.06810971414903907,0.011704314181500513,-0.18276115829584252,-0.18122279917869924,-0.10067931717303517,-0.034029360109907945,-0.11623186008319114,-0.11802620737280566,-0.06699510698588311,-0.15758558715131607,
-0.1078277742551849,-0.18592521262659345,-0.02208647662780914,-0.24386193163124667,-0.006465795633283611,-0.022072141529381913,-0.2949738132417513,-0.22734349030488615,-0.09506580655316885,-0.26542966701499865,0.1587604618332655,0.035950216462044465,
0.010085647149590675,-0.34434462424754475,-0.07632509364966884,-0.04675170422204664,-0.12946173330371383,0.0637981951638824,-0.1580079684355742,-0.2991939007471913,-0.09531404243729094,-0.06112415282147143,-0.14479040886944244,0.021283632067101807,
-0.18344760021293288,0.04046712157245765,0.06918329295639897,0.17824418829732513,-0.22931401586262645,-0.1582784027028293,-0.18552036349935497,0.041015524386512466,-0.23425888823520521,-0.09565310299251613,-0.2636635255809253,0.01568393684671974,
-0.20052057045873228,-0.11520403620611379,-0.015794856264489003,-0.16580075063100233,0.00885812012527585,-0.1832937513133201,-0.14632321154910483,-0.3556700864396193,-0.005298020017854042,-0.1187731232598538,0.04275185325682525,-0.06139644902191312,
