# Pesos da Rede Treinada TxH=  0.2 TxOut=0.09999999999999999
12,23,12
12,23
-0.3680823543541131,-0.460799219627108,-0.2816704558166719,-0.31172330883132654,-0.4882338625037411,-0.5724592542277396,-0.3977991340041856,-0.19522023492284946,-0.20066213201632094,-0.43347553591814236,-0.3848825488204461,-0.7006366007023189,-0.2825896921469083,-0.49304208486302603,-0.19636747795130505,-0.48457008877739116,-0.46006994221896585,-0.44036459520523735,-0.3961205682448722,-0.10820411126020876,-0.4947243410846867,-0.3680134141059516,-0.1945032547549104,
-0.5821846278476733,-0.841735093059434,-0.02785614507540832,0.13003162867510176,-0.018088244160724822,0.1732738042311497,-0.6413030657238116,-0.06419454298489068,0.17831788831762865,0.020351738982316105,0.09058745941998156,-0.5881281957332419,-1.7101877551026423,-0.6189600676760387,-0.09881627132182648,-0.06232463456202517,0.19804829458343043,-0.8662934577253936,0.14141560356749366,0.13566495758052288,-0.1487405269384555,0.09254829075656644,0.05220077943951538,
-0.4740090990486568,-0.6274989751422827,-0.2538261694926885,-0.24931122636749797,0.31004856729871977,0.1875040262769555,-0.7668437249637754,-0.0839915569216883,-0.036688100756873024,0.04086914239418321,-0.19925896065389875,-0.26022941381891107,-1.4574489958934163,-0.4989218955876981,0.11580800041912048,0.1602889689856427,-4.49549401600342E-4,-0.5535090663577141,0.05684655009470478,0.08511390221624635,0.07894777530653269,-0.24094544380266883,0.12632658770811608,
-0.498051709229211,-0.3790895694418619,-0.04107329880620896,-0.0849203524445144,-0.08082421885921509,-0.07479390795386809,-0.8408922712229986,0.11730252566291131,-0.08020801077512191,0.3122780498404101,0.10804458632537801,-0.7141383221198726,-1.5272281701486634,-0.4364994341267342,0.2097070077011635,-0.10324982402264737,0.07168247193241511,-0.6293056658959377,0.09205736381468584,0.07916223398339851,0.03830716233095335,-0.165306810012151,-0.23005690123906167,
-0.5754998371366302,-0.43270995397911866,-0.145942414883226,-0.33109521347433196,-0.20466839224695607,-0.132865308194259,-0.4065645481694944,-0.2739752645555021,-0.23445599747300153,-0.09956912702057683,-0.2240814417788388,-0.25960373682359605,-0.8242559707989713,-0.46094319926034555,-0.24841897464789123,-0.14833377356721159,-0.225012219114014,-0.4271623112142964,-0.11245670306702188,-0.06297305467862342,-0.47818863193189926,-0.3730688584233665,-0.39334561808805385,
-0.6536914824545944,-0.679395376211981,-0.267425317059234,-0.3539830792074751,-0.2859494859940509,-0.6492663968504753,-0.48511956455331656,-0.601109118643476,-0.3265323521405101,-0.18671355675819523,-0.5133132658508662,-0.6507631646767565,0.5824665340320045,-0.8511729225806676,-0.19005864495521896,-0.3624427915743305,-0.1751569254328505,-0.7926121114943842,-0.42882643163573547,-0.449640841961446,-0.344532350286021,-0.2865645629041221,-0.6401533806323065,
-0.8525739824253152,-0.6032094658521568,-0.22918590331348243,-0.6650198791121178,-0.35614000424103853,-0.4595028443935879,-0.4289305471778966,-0.686938384224382,-0.4863288515750338,-0.7110005081888403,-0.4075522773808468,-0.7188471645237147,1.0229370813839593,-0.49322132255846796,-0.7649296830466008,-0.3588875178836925,-0.6253148158552527,-0.550561924721041,-0.5889133512959619,-0.7153927025771043,-0.5187226707901924,-0.6425143165249395,-0.45220384460441143,
-0.44836649330029466,-0.8179040795559289,-0.5304494116542674,-0.2827551322116233,-0.31831761307946127,-0.3621092585624997,-0.7233505350070945,-0.2743301846624063,-0.34944539523608203,-0.5431602277040746,-0.4668906255634168,-0.7282355143369121,0.6382767709134392,-0.9163887467086608,-0.3946626047262087,-0.52715581614046,-0.24318398273073907,-0.56928528894449,-0.2902829290005679,-0.5473048645021129,-0.3562767921208441,-0.2791258132685694,-0.2512895112966303,
-0.8163028597931822,-0.7142757112436511,-0.6472467872226678,-0.5929156428924471,-0.7880179701233971,-0.7931053946181353,-0.7026983997406865,-0.8447331068159903,-0.7642850876348954,-0.6970326097608048,-0.595367319889891,-0.34995353535054086,1.59166507430675,-0.6139970588893487,-0.6873667249236458,-0.5845927442335214,-0.839322296435427,-0.5097894244374338,-0.5233856947589148,-0.6392051349540316,-0.3835280096858273,-0.49732198502811653,-0.7494991822929445,
-0.6878754477873904,-0.5040227630118259,-0.5870838660639651,-0.5120793864449635,-0.7246780653765554,-0.7953145136573773,-0.3719845157706533,-0.5066042646511983,-0.6513935288169006,-0.4717718995375455,-0.5158725607013188,-0.42275398315360896,1.5320619870902028,-0.8393348819190746,-0.7538770905350475,-0.6629389401320405,-0.6275123823639047,-0.5499750514992793,-0.6465940320156712,-0.648574426330183,-0.375394487022312,-0.6109671602255629,-0.5593856400995052,
-0.4251554629861809,-0.6662676953616493,-0.7207686942777981,-0.47266668379178,-0.5300855497179684,-0.4031281014772279,-0.5225161698181604,-0.418266603693357,-0.7180386672239548,-0.687665644772114,-0.8423171000115185,-0.5033391734556033,1.5318330155044337,-0.5151077048443798,-0.4283476111391915,-0.4369596231331507,-0.625037956005922,-0.6440597502584448,-0.7376859660971972,-0.7427752746067656,-0.7939498987643658,-0.5126149842622496,-0.6375449453637606,
-0.6460359831703836,-0.6666512691554576,-0.5160615974594988,-0.5447623861521853,-0.5953440689494305,-0.3064022610233585,-0.5991170414484621,-0.505845822411378,-0.3701453481364847,-0.5614088529427133,-0.41209750593889155,-0.47324471052396977,1.1239615865943309,-0.693246183123515,-0.6559048433798637,-0.6679932541383969,-0.49311042617020806,-0.7303972991757038,-0.6619928988910795,-0.5205174667987467,-0.5160949124827117,-0.4073304865149009,-0.3935876557881462,
23,12
0.30924321024440693,-0.0605905169378295,0.3147267712708802,0.08893842092742472,0.2040009971598065,0.011671580220860539,0.22752339514524622,0.2530496889171124,0.20573586998860613,0.33741876944107435,0.2326711253412638,0.04101320227416527,
0.4031711510954789,0.32542523992589223,-0.009166488017960632,0.08029625837509947,0.36773012182483755,0.26015313262797296,0.37183950235718627,0.1289648403541106,0.02142253605235998,0.3900733397038865,0.36671674861896264,0.2465301098640825,
-0.03920145466098984,-0.06021682395274454,0.03639341991583229,-0.058009769097040295,-0.41078131216721986,-0.10067939517274609,0.025874078507263754,-0.11616497126325656,-0.2530973330852348,-0.15218921362455437,-0.3761208859868934,-0.0487724730910895,
0.043164363966191686,-0.27850220345554344,0.08372784631349856,-0.1383735337297874,-0.11485434117718903,0.03681054350945038,-0.33505478101668895,-0.17438842874086904,-0.11959287023960792,-0.1800753236477698,-0.3903153128741984,0.02754727140376268,
-0.1358489615238285,0.0860296467716915,-0.20410433228033897,-0.14224547535065182,0.009261141726774114,-0.24933682706737362,-0.12872984551512417,-0.09031492559099134,-0.31031693619540973,-0.0012834175030425738,-0.4546458460295868,-0.21540475573942022,
-0.34875951364471663,-0.28670079206417776,-0.08502530335830245,-0.22947776759969218,-0.07015602941375902,-0.06135917117561522,-0.3496004377371255,-0.03670166226957385,-0.15811664288909244,-0.22122813520058557,-0.16352706394971278,-0.02308188631084956,
0.24474809420149216,0.3272616244933849,0.6121652239555629,0.2865728382878842,0.3507877196607746,0.30886260542065563,0.5723615623113034,0.6181259240319674,0.6349186904979375,0.6438205977999549,0.653011667604516,0.44729388480436433,
-0.24071761776227943,-0.07698734223948282,-0.25306697161444236,-0.24002789336891053,-0.27678270442884045,0.10072191959527231,-0.1472589192999268,-0.14858636123674934,0.04539977927395683,-0.1581658546124221,-0.3041883093828977,-0.26452229838323227,
-0.029535394441850306,-0.2980305013524998,-0.1535618123844528,-0.2470093782233329,0.05970342210523591,-0.37830689691829544,-0.1416588065567004,-0.10128817375958421,0.10038648004914423,-0.2645373408242251,-0.24637959143779803,-0.1929892469351742,
-0.155383643410103,-0.0979296376892783,0.006025464304481478,0.04489805309041546,-0.31916770813081075,-0.26110297752694556,-0.18160556363968242,-0.11288121005398168,-0.2976087945519261,-0.2362918271409665,0.002274493333564574,-0.3648219874225871,
-0.1989367057411575,-0.08027530796892174,-0.15990387603131778,-0.23307660594282514,-0.08135071602849213,-0.0460419181644839,-0.13677657496190146,-0.2902509175653607,-0.25920525158057156,-0.29866447602606294,0.030007248711922112,-0.10181900399886895,
0.1541566473123359,0.07168612423234354,-0.047397192893101424,-0.024032622525703987,0.04691048799521144,0.21718446983060213,0.08076593539984432,0.19113814696840703,0.2202933743059295,-0.002665297006559349,0.01808947632610099,0.2969294906030347,
0.9090424015959162,0.7973775814452186,0.8778558347826103,0.8396230820875487,0.9129975819399415,0.907962041838505,0.9510427942056053,0.972673965328761,0.9599818671400583,1.016427372431652,0.9854512651050021,0.9954215846720894,
0.43474914939196907,0.06763435569868302,0.3507910093912006,0.39087713844517874,0.1560568007277541,0.42107817224947525,0.43267423377755254,0.3123738421004311,0.4426397827868509,0.3254565190031854,0.5228202767869273,0.44454362332763964,
-0.05639987175320631,-0.2856217236753275,-0.08308475996707713,-0.10522045741068053,-0.1340504105429813,-0.09158012120356045,-0.34059045015687983,-0.13279302034783647,-0.2802022570765165,-0.08080865019803467,-0.3578233294429727,-0.03930910527759271,
-0.33887096101360253,0.1421427595929672,-0.058565010331279255,-0.1191522146329759,-0.18811619182197933,-0.35458471230438343,-0.2013113613051489,-0.3007287740838783,0.07097803785336945,-0.09325916177152643,0.017042463160579446,-0.3805554803507178,
0.07556880267602907,-0.2831534894318364,-0.25936037630326875,-0.16577496972570582,-0.13136664776739673,-0.28985636723939173,-0.1720104591109212,-0.18351413107880746,-0.2613711188567616,-0.2647423488874898,-0.07887475018752174,-0.03098066282964823,
0.4689449091720059,0.5579775487357663,0.13874614632608556,0.48889551427059263,0.4746440112537014,0.590274017495789,0.31818736570619643,0.4747003441042545,0.5828548759166085,0.4819786770948617,0.37406135684856295,0.49437478377819,
-0.14472970685250733,0.057406208314743856,-0.11395394796004847,-0.04734070192542191,-0.06274046768880398,-0.3261245017429727,-0.24823977993921273,-0.37901250453070695,-0.2268431362031613,-0.2962262575232935,-0.07886359626952741,-0.037878886682261394,
-0.35293700320674126,0.11632960223249977,-0.09122178867467072,-0.09126312106440436,9.781749335594067E-4,-0.11339108821974234,-0.20819592913440035,-0.16704918273514555,-0.40908514205811414,-0.0670175878379309,-0.050619786241149684,-0.34234183370333104,
-0.16073229127690977,-0.031458476013890124,-0.2690279072688617,-0.21688770968691273,-0.3997822915746078,-0.32136632208213606,0.1212978808940594,-0.03787847780163862,-0.046669034549652065,-0.300556028873272,0.09335655503377882,-0.17300578698244704,
-0.27576268326494463,-0.23821308684757211,-0.07229388338744797,0.005725816717569905,-0.18211260260919662,0.029628073195891058,-0.1461281018282003,-0.10586843423150533,0.03576281188940069,-2.5775586505328077E-4,-0.3389586840775473,-0.2124351628050741,
-0.2731219642333339,-0.31989426275802174,-0.2885603642052662,-0.13320760894783606,0.00831573541344629,0.004291204397162606,-0.005250182715852825,-0.1548025736294089,-0.3697013836688243,-0.13044055301288288,-0.013607903268961016,-0.17867528599438726,
