# Pesos da Rede Treinada TxH=  0.9999999999999999 TxOut=0.03
12,20,12
12,20
-0.43478895339026585,0.3431513938355726,-0.3604866831302554,-0.6244275838267456,-0.5768088862748093,-0.20587544830323964,-0.6558837976615233,-0.31167469598353337,-0.2114088988433482,-0.40406328778565376,-0.38619785045127,0.09865682537188808,-0.4319373669619471,-0.5359553172630382,0.49147873059668373,0.06678043682670026,0.573815756176575,0.4476470847953174,-0.4611401704412093,-0.6013477938335435,
-0.4280954184751197,0.1807806098729388,-0.3472335973788608,-0.13231964642330585,-0.09849599870777756,-0.4623591609985081,-0.06341226419427788,-0.35485800194100675,-0.07518007835859798,-0.11420408104795064,-0.16762593382509658,-0.05580889823089869,-0.26432187273845625,-0.10907941936797284,-0.09299211781105343,-0.18889398106788488,0.16815926919559235,0.23960479401307547,-0.029608339617816573,-0.465415367450698,
-0.10853217749253029,-0.10266093958791715,-0.2686716173045825,-0.015805598697304673,0.027877822501522695,-0.21794041530895827,-0.4118910539012194,-0.005446015618946596,-0.1109069185748818,-0.5618193012313295,0.052021572782483504,-0.34938217150713774,-0.2630437389325632,-0.3391512968362699,0.2245175256895413,-0.20034478134517075,-0.2182217188834031,-0.03106308632431256,-0.027367970250414306,-0.1781178983337838,
-0.4488472260143816,0.2864519796103783,-0.1423871985694219,-0.39318734316699955,-0.44887993900065193,-0.4251779810890724,-0.40037758319570355,-0.5430703062707627,-0.40377848725230586,-0.24326339183627926,-0.6130933464360194,0.10207816228844148,-0.43718151249511983,-0.2639722849277097,0.06306706032486888,-0.36093240873191657,0.22876113609059176,0.36003107039565063,-0.3070522460646231,-0.47603805698575524,
-0.44361100007783855,0.20097873954252365,-0.669280960644331,-0.5035106494190154,-0.6684332611835692,-0.5745639341909394,-0.717962116784513,-0.7107141342612794,-0.6462736789820444,-0.3334535221386057,-0.3414300381774331,-0.017251818075512515,-0.38452239991333725,-0.28557930051486763,0.15062666783089101,-0.06386578657309239,0.365104954313152,0.715688771680055,-0.2903982390197436,-0.5606343454446746,
-0.3230884696483596,0.08620379929915943,-0.509019907903259,-0.48743311858515287,-0.3476123411071861,-0.22222047586376403,-0.3916869969890569,-0.6052661035692956,-0.5326153111308544,-0.45854268857502867,-0.5527135592792958,0.3039761920384392,-0.44360093930028516,-0.637282723503853,0.01193390596570797,0.1400656439146394,0.28303191513233444,0.12335622074299764,-0.4400453049881452,-0.46947202105592273,
-0.7369847852319658,0.3436506287770011,-0.7588656418948794,-0.5745436163722898,-0.5214034747844042,-0.5240519330081896,-0.5712487809135447,-0.6746908183607001,-0.46328654393680024,-0.47436065113503434,-0.39334847487580826,0.2870254396589827,-0.4580454836205974,-0.6082535863308179,0.2680323183159983,-0.05833936560870016,0.4413247803904842,0.6637934901286099,-0.5341689801041998,-0.4469417420356225,
-0.1437614516516327,0.22642125027838778,-0.08968220177210344,-0.3542801907825308,-0.3401810810025869,-0.4517918150864613,-0.12330875893054559,-0.27380749903617596,-0.359342295300847,-0.33422550849154525,-0.4341761645421866,0.27465600632191783,-0.22261715814235492,-0.28729301480010794,0.32369776162608,-0.17334128370824156,0.48578101473058594,0.019766171724858894,-0.4877068608251649,-0.585161478600689,
-0.505856082228349,0.40012321980823606,-0.443005480866895,-0.46456523830559976,-0.7097062875064171,-0.4560325213758293,-0.6273456836849655,-0.5470961085125156,-0.604019668285091,-0.38327741505562846,-0.5333702615875725,0.1626270146252083,-0.5875107151432031,-0.35507069086301374,0.4128783201108247,0.3327606088412612,0.7218224708850577,0.6816965263570907,-0.578896872713431,-0.2921977313746654,
-0.6215274283628168,0.5665972490838148,-0.6058764705182543,-0.46601534674291756,-0.5968463082263061,-0.4505805558509985,-0.3945295796799444,-0.5779041323719667,-0.5710478500236544,-0.4734831884154839,-0.4424741911042862,0.4802063120524432,-0.4417668992131341,-0.5075592584425338,0.18417929511795772,0.06880959639138906,0.7506241714789287,0.4971594041541408,-0.5716728429316776,-0.27751015717536837,
-0.43709772586130413,0.4921575205084357,-0.2636547179801802,-0.5163154663629609,-0.44464083654586467,-0.5302988260170608,-0.34687714951796844,-0.19062929218634775,-0.5039114867846379,-0.3299053067065434,-0.45054221056189114,0.06894829091808341,-0.8151423519772133,-0.5591155215130289,0.5907616997542176,0.05128661822402842,0.5891501125330283,0.7349111844702626,-0.5516000915658467,-0.3175159769305156,
-0.45667180020646053,0.4301830388895949,-0.4753928017855018,-0.5430885283213251,-0.2909458926991383,-0.5966454928025859,-0.36486648122447485,-0.4315059876329663,-0.5330207902668993,-0.7357306923960968,-0.6351714908419868,0.2862255622740282,-0.4656782356989807,-0.603250781712567,0.4514464623412928,-0.08609253695350706,0.23335910113700822,0.19031640552104198,-0.6309544031110856,-0.27865620346348324,
20,12
-0.3127056920813059,-0.206953620931233,-0.08256468147210042,-0.08690699736769164,-0.2137000840683127,-0.11326683524674845,-0.09040056352862103,-0.2176907196626711,-0.10321509804674281,-0.2145085693069726,-0.2541769468472722,-0.12446130946124194,
0.21590500984699307,0.04733563212316978,0.18528808877472772,0.25782115555707363,0.03922174867342476,0.0969073584082631,0.23549203285316184,0.1433220746874645,-0.018941345476402374,0.2726884155458513,0.11016569676819923,0.2214942389841781,
-0.084807791781671,-0.040145405501145516,-0.22599053771339103,-0.344263485462932,-0.02114707664719371,-0.28561761282225456,-0.2622843843118188,-0.22298933453465028,0.002387968466271215,-0.28377195538600225,-0.15531604896245713,-0.2529265971167963,
-0.31423223515331467,-0.03820165758482277,-0.3690355850125778,-0.0144168870185978,-0.2723718566117532,-0.2820357720023706,-0.09368062589211792,-0.37489746562718573,-0.22279289237086625,-0.32254513324861106,-0.12150242702483041,-0.1063707301711011,
-0.13138191157344326,-0.0392728807932234,-0.25407779724847573,0.014850358127002758,-0.1467912614604532,-0.19710456751286767,-0.164018427069164,-0.41360675266676494,-0.24726039186902954,-0.2857902958609228,-0.10029832739789166,-0.29137570538266894,
-0.05504957602151396,-0.27565257322822007,-0.21329563932624532,-0.17833469249037326,0.005261492160644836,0.036411795263581466,-0.22837221878679054,-0.061952654045864024,-0.2802953288633505,0.004638428304320885,-0.028587953476782182,-0.17054710873026976,
-0.3222601160732907,-0.0397860064159187,-0.21373709990159964,-0.20243935667141355,-0.1187109291010467,-0.24921275191611486,-0.17083115942093074,-0.35011792346175846,-0.14843372864610996,0.048686425879090715,-0.2687090774017751,-0.21776634645798282,
-0.2695174517975351,-0.2543702148099999,-0.2626604180285681,-0.11478118305393756,-0.3842337921559968,-0.4199962145185738,-0.3304717067595243,-0.08751409596746448,-0.1686826824316542,-0.05276807375494721,-0.0497992892387025,-0.11817895818725829,
-0.1617571689626155,-0.302668678986112,-0.14387700998229994,-0.11928763423662336,-0.014503480941606191,5.681985814757376E-4,-0.24369481639328586,-0.20348967895739617,-0.0419386395423682,-0.2229978647744299,-0.20845633747744372,-0.2268354051678176,
0.058424732481772795,-0.16320735026666605,-0.04084458311232995,-0.2735968066417323,-0.10009568369754038,-0.03766727394444313,-0.20177887684201082,0.011022172937401199,-0.13528005445494387,-0.298979669442408,-0.08888177996549178,-0.07836417575527974,
-0.09591702072636082,0.01072280386413542,-0.1422751248911831,-0.03834124682640998,-0.3950480046063682,-0.3212281987280181,-0.2636760185888665,-0.32339114349515435,-0.11205567827977649,-0.0420591598575504,-0.294490510448611,-0.16045512140921012,
0.22557261978412413,0.1044914924242967,0.05352129421896871,-0.16574009174145274,-0.07159099698097443,-0.14007259951738504,0.14520026731112123,0.3327074481170746,-0.02557013955651043,0.058734573221195574,0.17026232415036813,0.06172073881307472,
-0.10378970931884862,-0.07463798157405516,-0.008670675042060365,-0.21788892650650973,-0.23664269248934833,-0.02927809609188707,0.033234133940135524,-0.2879014343618921,-0.2759605396404488,-0.2940242341480431,-0.1758090494233668,-0.3330061100745612,
-0.35520311125959364,0.002157897008070516,-0.1169811243701193,-0.040718582855368154,-0.17685225168194768,-0.10533168790351528,-0.23972018971684586,-0.021087488697821826,-0.31808769196731823,-0.20761778116913185,-0.18061009238613818,0.009760559507007535,
0.07243774369295598,0.21146658393821555,0.11545646955223496,0.2594553792187209,0.21505538202203103,0.2972419153040601,0.14689049640901575,0.018472940583486478,0.30139130526189867,-0.004418495868223854,0.041667259430403586,0.044311978144032066,
-0.019147760739677895,-0.282348137638722,-0.17144866301016645,-0.20275999897708313,-0.030551967515837716,0.05672489174763831,-0.04694661897082365,0.19882270017073717,0.2354226578383012,0.10124174467999585,-0.12474237368377804,0.20470848769923577,
0.22671842365425948,0.23716740225216806,0.2576352780632378,0.12967739970295344,0.35190728493771145,0.14873323438989455,0.13781449383023459,0.2973977735942552,0.26183712760478084,0.29462959343409156,0.36109887899166815,0.391954692721211,
0.07901786371463027,0.29501229150180885,0.24670154508767467,0.403332516546867,0.37236634427713045,0.3152871268843029,0.19862948197197383,0.1642942081986999,0.2750389717424711,0.35079381388746333,0.33552591029380335,0.12774466049819286,
-0.1959764777785878,-0.1277238358634098,-0.08774876762117208,-0.13632284646112902,-0.05785875501036155,-0.3838854618865685,0.0299497618531729,-0.08774405834476792,-0.08995232867628997,-0.2787761212417366,-0.34027051138929315,-0.3090492846483869,
-0.035103058153162954,-0.06066670059188544,-0.13824130751890376,-0.16040386255182842,-0.2878563953935461,-0.26672510190284554,-0.12745493569628474,-0.31050857070766547,-0.13365210500047345,-0.14569687254662747,-0.13768022090977522,-0.16042020689900194,
