# Pesos da Rede Treinada TxH=  0.1 TxOut=0.09
12,18,12
12,18
-0.34264770743062634,-0.35134706771285823,-0.17794729013972121,0.7023813227712705,-0.3827477167328327,-0.6124435447028155,-0.2829496280654068,-0.45360458190730923,-0.3421779717124748,-0.5928561311034297,0.024163173795516198,-0.36498501607194206,-0.576654628749134,-0.06742743730282288,-0.4445988799643571,-0.24368689417851713,-0.21131980150759128,-0.4460719844305006,
0.21014075384553102,-0.16364373504995444,0.3279975651497423,-0.957371581732454,0.12034917986464198,0.07347361522997164,0.04437268701160123,-0.06253382224356999,-0.2841883550924797,-0.15374587857085162,-0.9424079678310169,0.1961565176995045,0.09581630506497674,-1.26214242240595,-0.09380659476681613,-0.054040727941360625,-0.4781423323908334,-0.044316183303461903,
0.05827809892978137,0.10882505326794757,0.269531223676054,-0.9860373359753188,0.15358675239685587,0.2626359148429469,0.1318528819203844,0.07747668256960742,-0.10335028794276098,0.02186624209394658,-1.1635644190336516,0.33217795307919085,0.3844750542404944,-0.9117601688602127,-0.3178637232937967,0.2816633186329829,-0.2784904339498587,-0.13753382486050542,
-0.24546969351389297,-0.04032713891937005,-0.23130056536873064,-0.7525377449613242,0.15670261795748833,0.06982831595167552,-0.12549082219019445,-0.4241436026315219,-0.4333665200802471,-0.2816009668101913,-1.1056777043760027,0.23103275274485702,-0.1533839482687438,-0.830252778151713,-0.32873649541108435,-0.2253821697166945,-0.13861860535821657,-0.35548132799544746,
0.028138482226407288,-0.24802746663344427,-0.08305495691646056,-0.37149576610325347,-0.08560927442218975,-0.3698046671953683,-0.08268026372570551,-0.02833423422171033,-0.40999773483438345,-0.4797267593533657,-0.8734453563781015,-0.22563224873412774,0.0017631787298331564,-0.8135302267649466,-0.3682982431195956,-0.18633185309091155,-0.27376505524429406,-0.59106895391841,
-0.22810557664400374,-0.6144538946973666,-0.5079584983439396,0.5270235648772764,-0.6449302089300998,-0.25391070080707134,-0.6328781526507397,-0.5689963656963516,-0.35835623206812944,-0.25461146750063185,-0.5302247901449084,-0.639019190238181,-0.6277298511319032,-0.426000952707478,-0.32719014568544735,-0.655706955881868,-0.5785253507275335,-0.651260196393452,
-0.4260209128136886,-0.3663981972264036,-0.5119363965885032,0.9027228955227432,-0.3942181896250583,-0.4314752979763232,-0.6878133132758765,-0.45562532524487614,-0.6461962733601168,-0.4466593093276138,0.00489151932937395,-0.26737569406282574,-0.6698156241722424,-0.07764625243869716,-0.2910320499597262,-0.44214336728946935,-0.3667188015780272,-0.3392800988358339,
-0.138192321219392,-0.4966726827982611,-0.3794088173290552,-0.13471465720962067,-0.3061155965746229,-0.29121722562674535,-0.330393336265051,-0.5484077526292909,-0.1980865058119591,-0.3901594979592918,-0.7268932174078233,-0.24303897987015027,-0.3179450284227586,-0.5922793602969058,-0.601679142782318,-0.38615450639206933,-0.7426015792015577,-0.2853972457225032,
-0.6604940944056266,-0.3400475981370335,-0.5524171054066032,0.6307580882886478,-0.5269565611757808,-0.5494183369600617,-0.294005351292623,-0.5730697750367569,-0.5296149928980797,-0.5630433776625143,-0.20233340405087943,-0.5872964018532151,-0.6937599645981101,-0.2776829197258782,-0.31206003884755595,-0.657488408488542,-0.4101303672046816,-0.42878228249270856,
-0.6880728208788403,-0.33927317540037444,-0.7111700819830712,0.9543519091896167,-0.4934555656888889,-0.533437971760027,-0.461751476456426,-0.33948165433239497,-0.49116097546209536,-0.2281959860473111,-0.14316381440683326,-0.5685014070398967,-0.5124518474885605,-0.2096025438132168,-0.6374113014143843,-0.2488382125853345,-0.6046366799139729,-0.341616078695907,
-0.7277689495013829,-0.5752736832276453,-0.3304891814567667,1.096138533239018,-0.6486609400652243,-0.745146952045107,-0.5510410176055157,-0.5600000262742741,-0.25793338224125256,-0.4362654140615447,-0.048592651354709214,-0.6779385082851106,-0.32930916171566815,-0.2671593795523173,-0.6341339933603591,-0.31369491270882316,-0.4323340928104381,-0.4196169377017818,
-0.4119996990725758,-0.5179515217111682,-0.6422460621923137,0.7110447477583652,-0.48772431349228457,-0.3544726671292834,-0.5494904263406067,-0.23797713683057722,-0.4396189816914572,-0.29717983235465456,-0.28873589728268223,-0.5037603973861421,-0.21774984350841617,-0.6546129935495125,-0.3472146915318299,-0.5368008973253124,-0.4138710829643925,-0.6795190102071254,
18,12
-0.19155701127384267,-0.17008215081356295,-0.04162935380009049,0.051629960899071965,-0.057082540526760046,0.10223412668235672,-0.10403587766698538,0.07512569976979855,-0.32019057205268253,-0.3231914234892856,-0.34639053349794097,-0.31535247931315114,
-0.07421830244804209,0.05717115096304353,-0.20901370775875353,-0.2674330516010503,-0.1994535473229327,-0.1970051962013736,-0.30729091193324476,-0.22630222169565598,0.12793244706847237,0.04199012860231281,-0.0967945102814494,-0.043216352254919065,
0.010709614464092162,0.22729644797972426,-0.2881482364605382,0.060340131239927486,-0.17116766604654798,-0.23974233501380648,0.05795844299843617,-0.22231410975139432,-0.15962623545911983,-0.3184175948917202,-0.25902920087255077,-0.4016277672894058,
0.926404708401684,0.774336851553697,0.8800194290345177,0.8460917702305071,0.9020452843390602,0.9220606178953902,0.961212034203871,1.0057688560669698,1.0028990584202784,1.0355137124296414,1.0253406620201668,1.034749769739993,
-0.1765951851200727,0.03894324486045617,0.10415289035482382,-0.19263761168965796,-0.06677492907246604,-0.1284344284264624,-0.15413295386412737,-0.17605548910400687,-0.17691909351607474,-0.2298609563404448,-0.33718467286947157,-0.18469214926552255,
-0.17147449101898,0.15997945379351244,-0.02528269404890935,0.10619505331075944,-0.0598290397544891,0.13503292832315503,-0.26862346501653367,-0.05333675579478254,-0.3114764540244406,-0.3566402846225693,-0.21492207402880006,-0.31871351846172513,
-0.16571200256362584,-0.23874316717539473,0.0763492214622016,0.14621795223169096,0.186635934233326,-0.2842052477517128,-0.3225857368654157,-0.24174855104299833,-0.24813087840900297,-0.04032552247747993,-0.18838753045771947,-0.06108536591984637,
-0.20778155731493927,-0.2557121379156064,0.05950302727176588,0.10120342939386846,-0.011687111244464735,-0.11570687964569254,0.07362163168396163,-0.1369554934114188,-0.2709744381554177,-0.06995870842430925,-0.034712615066832854,-0.20527302995056748,
-0.14365290711736237,-0.05243936332963505,-0.10948016957511682,-0.2515266890271521,-0.11135834661239713,-0.2259825343597181,-0.05704146108380005,0.14594568770636632,0.1730892589299624,-0.15803261381507383,0.06773256970125333,-0.08480205947066101,
-0.19458089999038616,-0.29282102296668067,-0.2497222718812062,-0.24782369701597134,-0.1686590385382413,0.07136189940861475,-0.04719457894341557,-0.0747123007679282,-0.1907210082610868,-0.13109374565424287,0.12337774808052811,0.10116460754108685,
0.02522185044612609,0.1806361176339235,0.08876276019103503,-0.0471989576492746,0.0992385693709595,0.06124346088372808,0.2625733221560251,0.17031778090691754,0.38467193638941677,0.26358729546130893,0.23190841076351545,0.036196324060027284,
-0.03988551659892646,0.08814716581624109,0.05424432467309878,-0.12930223659569084,-0.14432228036109973,-0.32347077273515,-0.2723126309004904,-0.17988422502797682,-0.371188470270625,-0.17189481765911732,-0.2497356357402576,-0.19896286559014956,
0.00698725616813696,-0.2429390031894813,-0.19438979631624115,-0.11975319994615838,0.25038780541199823,-0.10949118542279636,-0.29617359513157,-0.31333030709868925,-0.19976087834408043,-0.2116559632475013,-0.07887827960880699,-0.22175285748636606,
0.19887978586726066,-0.1588358003539912,0.15855020979510165,0.007392664205954757,0.14697692244805668,0.2747407540900341,0.0034205870980961953,0.2718038847470055,0.09518418474711243,0.3404254399685932,0.16082544230419213,0.4344238586514278,
0.08129665488573246,0.007341112305635182,-0.1236192678533265,0.0035986898176639413,-0.2596987021274172,-0.06233847083090761,0.05654162345568686,-0.2667860501487778,-0.12925958695542314,0.18544114444382973,-0.10879940680143445,0.12253581393205205,
-0.41162001596432746,-0.32046982303639293,-0.2401577061394422,-0.31693928829591766,-0.322670918698129,-0.13787417292456966,0.01580807035285493,-0.22330987764782045,0.15795228081882629,0.15441033208998423,-0.19903832323882717,-0.01058845341796439,
0.051903351093363664,-0.0672206129176407,-0.2320417413242319,-0.2134045891614056,-0.07726697347168464,-0.09659782414191742,0.16972128203941378,0.09105419863138006,-0.03925090825521798,-0.16110196006925676,0.038123106658179695,0.19849495582421633,
0.10638616920402268,-0.12409753318024333,-0.0845481294073237,0.04476337740052616,-0.34697495298577913,0.03225492725432092,-0.12530639348112088,0.021408396606805755,0.16044875113410537,-0.18033012599704826,0.1399324154940525,-0.15175395668765984,
