# Pesos da Rede Treinada TxH=  0.1 TxOut=0.04
12,21,12
12,21
-0.11631336035636419,-0.32211621844268945,0.08615244317156767,-0.07928677156778303,-0.19022527291245858,0.11256993094266052,-0.16297190934416636,0.2364062940824831,-0.17039644536792195,0.01348550108406164,-0.17340850062992752,0.2045028987388916,-0.30740300903512363,-0.2568755317308573,-0.19326308754865412,-0.1888427871584694,0.0028144575469148665,-0.16448945217819788,-0.49821753194746515,0.09566832536275384,-0.06742174145371692,
-0.07788759281402198,0.30781235457557377,0.036527199927571745,-0.1153063177608606,0.4244425947653772,-0.9498651197037666,3.8056291182147616E-4,-0.598372013131165,0.2727782032607298,0.4335568713354534,-0.7157594773914934,-0.7895548969426371,0.2236975065819446,0.23423127169374602,0.19195895705986776,0.22169515186291583,-0.10246157069753888,0.29240420670590983,-0.6677328090354522,0.1457574929562312,-1.1469196527079721,
0.1275856694822468,0.1439699157342607,0.23437143983729994,-0.11441911000827376,0.2864482082458451,-0.6899175423142931,0.2173828103777286,-0.4018436645687695,0.3364434370255154,0.1825993858999467,-0.41763289917315727,-0.951454973067077,0.1050284009830687,0.22395893948775272,0.10918007125203044,-0.04819488334046777,0.12944418116822348,0.27124473725315695,-0.32655513155365423,0.2884983978013649,-0.9973615775865626,
0.06842585902704848,0.42941040620141957,0.08654549481772544,-0.038896257525605875,0.20393838354506882,-0.8101853361333587,0.40727922776705977,-0.7117523717797013,0.0541620435908337,0.285390544114277,-0.46536520441446755,-0.5094594695391622,-0.05920268808988861,0.2048416514721169,0.1120335590812442,0.4125533934777026,-0.006377054605197236,0.28912808079948576,-0.2784827436307656,0.08159705688921691,-0.6296679858222346,
-3.155859637347187E-4,0.08396262323388286,-0.09056309351515153,0.1411059595690775,0.044384372670031216,-0.488773235623332,0.08368718824308972,-0.4992950444423759,-0.01764400579151678,0.26600539667166284,-0.2569884089713732,-0.3024957852927344,0.17291490774052717,-0.10390465858364084,0.2365320906530273,-0.0026691247847759163,-0.1984725508798836,0.07649786851269025,-0.43996134941286474,-0.17741191758962246,-0.5243669989184894,
-0.3276349962135188,-0.027795504732457073,-0.3794434378873086,-0.013948119947315351,-0.44183891574205386,0.13906460581380745,-0.2999381024689354,0.023747764848207283,-0.07128122715642489,-0.2789150997850337,0.3809863818204244,0.08138258923873508,0.0011984641759173204,-0.21682882269557407,-0.23679413508293848,-0.2360423097322531,-0.1435057559502631,-0.03422247631024296,-0.40885871157393927,-0.06887135702989527,0.39147290568006127,
-0.2972239864723385,-0.4478993256715475,-0.38204423037414487,-0.30174099601956283,-0.4344944214033728,0.5305771861187241,-0.2849475833678853,0.34992919382594756,-0.4047807294268195,-0.22225793401254865,0.5683476781193088,0.27041529022889604,-0.11595661478873837,-0.24522440986053526,-0.2770118629730425,-0.45657068596979533,-0.24919982089228668,-0.40671054685468655,-0.30949539272430515,-0.25768217726004483,0.4979342419220757,
-0.3819016063987019,-0.282385732021632,-0.04943773446465459,-0.378116527593736,-0.0760211676202907,-0.0020118038511144796,-0.21175010363288352,0.10084964195457521,-0.20292045133961045,-0.1526911729763179,-0.032784975302272465,0.28820623616224383,-0.33551040758123835,-0.2714244172458383,-0.24185762847186126,-0.263615324268063,-0.29836250226364897,-0.16608090529829952,-0.4717016578888565,-0.3996536304203328,0.08078890938541594,
-0.3114678839533747,-0.3577596522064441,-0.5900004009616976,-0.3790623012821909,-0.49101802902865355,0.798654940671298,-0.6199954991378052,0.36896751499441777,-0.6113823270906769,-0.7770259039607781,0.5787199381895665,0.4618885968541427,-0.3028076312265024,-0.5807627399430816,-0.6989671665087875,-0.3929304244140245,-0.2896162200989919,-0.4479350627619905,-0.5357429607841011,-0.6212531107277558,0.6297131469883493,
-0.5953187415690724,-0.28667747457743564,-0.3040501371604855,-0.42436915501299893,-0.3775191271688312,0.480143444394234,-0.5010817457753375,0.6415612985572109,-0.28812983264758724,-0.5522077970823441,0.36811715211731877,0.8143165035972136,-0.5362560311076272,-0.46050392996898737,-0.3793521346876967,-0.48509067297342884,-0.25242464059677683,-0.6983616453577284,-0.22690374892384493,-0.5315505579258707,0.8379969830501577,
-0.275891123601705,-0.6428433985335579,-0.4343567386849685,-0.4900807968486863,-0.722426946110326,0.7434162942147362,-0.3479637474688033,0.44901406023560375,-0.48134387880955637,-0.6538426360044065,0.39348073250890525,0.6849891179460026,-0.6295052624262795,-0.5351372994331494,-0.4861372676108607,-0.5597338249890688,-0.5652450033730344,-0.5637192790855318,-0.4323180736508687,-0.469114813749652,0.5492702467590094,
-0.27710530401250827,-0.4045546279578814,-0.4268538163418596,-0.29277717942164083,-0.1153046182750614,0.4944120808310315,-0.27084731049882427,0.23650642343667594,-0.3861771193127451,-0.3330687001913363,0.32892733800143326,0.11867926733751928,-0.3361184038975126,-0.2060739851921917,-0.5761275790099785,-0.19816336011289065,-0.4552208336495616,-0.23200998157376343,-0.4170749956228559,-0.265382923522262,0.4790600557697645,
21,12
-0.19289415396628287,-0.1849472110633506,-0.21541521243476347,-0.09912211579164201,-0.24154101829186683,-0.02856402549850505,-0.18464883337696017,-0.19814578069098754,0.042328251644776126,0.01186021341758238,-0.05440568839400138,0.09150168133353392,
-0.06872361039221785,-0.05077116735666022,-0.03167234396836954,0.08410629100385661,-0.05783603150374616,-0.28647118547791417,-0.20440635864326412,0.03192476214033327,-0.3272586637932015,-0.30748210753786176,-0.2525926080949302,0.0797372420452794,
-0.353255962571149,-0.13139919847102774,0.08838374734105577,-0.3019272594441355,0.0478775331705831,-0.15957874522452695,-0.11762419413888658,0.115364984871085,-0.33752471465797734,0.06176293124266698,-0.23373891145110412,-0.0742199539005747,
0.09632774273660881,-0.3204968283152136,0.02520476234019302,0.0327023491869786,-0.19294954636742537,-0.09840589011829483,-0.1691236305966201,0.02623890035239534,-0.25622620762865006,-0.06342693906670054,0.21470281199215524,-0.20249047641334272,
-0.3118242072613416,-0.12890342110960704,0.0722527651389133,-0.04544617528472873,0.102615995492445,-0.20964158285303447,-0.28883075512864703,-0.2109035755954773,-0.13199494593991098,-0.31416658804474307,0.038500336281473604,-0.28546870083271036,
0.3375824239452834,0.34779802418042566,0.43183515681810086,0.2843690915493713,0.37544823211986644,0.1306356179959436,0.5683536574311294,0.3894302560126532,0.3836973977750094,0.5429564073692202,0.2761331752738492,0.36584154990725515,
-0.2991546047570004,0.054553928586977336,-0.2590480142855405,0.058954948471459066,-0.15598381708190226,-0.15278729811016986,0.20257649244281598,-0.1185903422569819,-0.2196207092101771,-0.13331889491706403,-0.2513893166172361,-0.18752797115735023,
0.35306967595723554,0.11335096263188955,0.30983552988270596,0.15627563754357615,0.21909247476229066,0.23397540291699467,0.18628131996239244,0.44117153328123143,0.257612128266323,0.37647000299387506,0.33534879107600635,0.49015294911654683,
-0.06749199071733208,0.12843538696103027,0.018827032065214813,-0.23080940875023306,0.0058641661637375015,-0.2773461669843056,8.101289658434326E-4,-0.3290407336634275,0.02634939320557273,-0.22248051755502296,-0.2293639671448476,-0.17500843121076012,
-0.266274235552702,-0.09730553629481613,0.05075607863266792,-0.08575230455120554,-0.15085231468105867,-0.30990020306943644,-0.10239333489591132,-0.21987512599724202,-0.24045470875245237,-0.10994401785533992,-0.23521122052328605,-0.27907974783923956,
0.4168660102084371,0.27805892590600456,0.43776847474097874,0.4924424509280515,0.30693610014401396,0.45870422206769407,0.1716095837549553,0.2839884922022291,0.2793856744539665,0.22369605602894432,0.40306204455043504,0.2133633415954129,
0.27724404081314674,0.428962227621731,0.25253677161959326,0.33076671658913387,0.44688754596052643,0.5246673385079835,0.2251835444521671,0.30688492231431536,0.22698225161359192,0.5154391088737901,0.35579907861060517,0.29008298566341467,
0.042717246783237496,-0.031291300770657116,-0.3213071088705088,-0.07178021226036606,-0.06788997111422469,0.0938252628352875,-0.1034141844737597,-0.17458087954919116,-0.12961543915145643,-0.3109354182896787,-0.23930763213078066,0.01340013981212343,
0.13082778732069625,-0.24022439778934743,-0.008501036910698185,-0.3328555632460437,-0.19883629789703794,0.017341646850333417,-0.268701976129822,-0.3515167268796821,-0.2070726798102114,0.05249987156552305,-0.14187615178336738,-0.17494782014631935,
-0.23691169158573644,-0.3036583958413852,-0.3133851923391935,-0.4006800184694046,-0.23518211801611275,0.13390585506488786,-0.3018442722836504,-0.2400817217252672,0.10429565444734734,-0.19520469994096765,0.08720746919396528,-0.08723492445787548,
0.00271633919490432,-0.0520732693740845,-0.31440449154871913,-0.35809213063949663,0.04564975203883195,-0.19623227243207775,-0.08268256873496627,0.025767443887749143,-0.1245366298223431,-0.12583974374418663,-0.12202191522647657,-0.28374689195276326,
-0.18969986604005856,0.12911073859245856,0.003656451353367366,0.051446355193777445,-0.025374190972714716,-0.11549180288687314,-0.11591852456164536,-0.25006886354260977,0.08415360069400725,-0.11212104760987968,-0.05264433475030629,0.05172637140567665,
0.08247050570253886,-0.2218981315403437,0.03586246567051306,0.05767606737733784,-0.1140719122327029,-0.06271808025404468,-0.05638062397199288,-0.13852775199939812,-0.18573386338994152,-0.35222919884518067,-0.2766761642928947,-0.3839369445781127,
0.14981748551976118,0.004767193037479559,-0.03328574328500207,0.05482920109693275,-0.06641485653951992,-0.025226539413004498,0.2980421382172562,0.20245922170546393,0.26287017355215914,0.22820614962524358,0.12063580242754463,0.12194958292723161,
-0.23079309087551692,0.022889060849673643,-0.3407167913671116,0.05905892201740309,-0.3311167547723065,0.020405326828949848,-0.2231674531700003,0.04940025189548589,-0.17505540173745415,0.016720870208719985,-0.206448526831925,-0.027230527905952973,
0.3093680366574862,0.2317138656177445,0.08444233883098422,0.25252816787255683,0.24372864645996592,0.30575795235702063,0.5999721367429434,0.38580269051247984,0.7152966921813875,0.2528067660538104,0.47700783513140393,0.4844887697272428,
