# Pesos da Rede Treinada TxH=  0.30000000000000004 TxOut=0.02
12,23,12
12,23
-0.4245200285928708,-0.17026826437252954,-0.214851049036076,0.009741736293339614,-0.07059634762484364,-0.11307832009195104,-0.01161125645355071,-0.04730013133653224,-0.01385282964646323,0.21719029514223634,0.11306712616014794,-0.46148970944589496,-0.0303566762279499,-0.05051212761919867,-0.035504828625484,-0.27156564841976677,0.4065777892024366,-0.4153599465442355,-0.1821490914697281,-0.3412429572304695,-0.10616561697057368,-0.3450356219166464,-0.46133205727278864,
0.23473083205667555,0.017873370666791455,0.3790877577359236,-0.4487829188763716,0.028295703467435866,0.9295277958236371,-1.0140926808126283,-1.4314539432863325,-0.6268354080990878,-1.0034989177063847,-1.1601543611603413,0.1964252406317321,-0.9729331575841076,0.4098737602422454,0.5332622219389449,0.47646039501419424,-0.618664414834204,0.3723653274135923,0.40368583772990974,0.8067014434560605,0.34873448077674335,0.41098757209176573,0.6290547961323978,
0.12661578291958545,0.23957677730720753,0.5863893918536893,-0.182361346023959,-0.06450136548962308,0.40968962881608967,-0.7375436196276642,-1.2653957257285187,-0.5702893975457127,-1.246382506065497,-0.779532481248394,-0.14650993086454409,-1.1123950099207345,0.17193162823299457,0.41895891076690916,0.3131266887294132,-0.3198096942329949,0.41139246696190646,0.2855408692751818,0.41952202098891195,0.2832595735668253,0.2166275313794526,0.40022937071526193,
0.5329673187522257,-0.036525002277432925,0.48341083084034986,-0.3916868189806632,-0.09574619126202236,0.5616276241797162,-1.0239191428029975,-0.9029743496514719,-0.5288728065314666,-0.9673155347710283,-0.9996653919239857,-0.07721908624437014,-1.244704709163815,0.18141920049875876,-0.010323920499166772,0.4363232772524712,-0.4603819405488845,0.2104616840615912,0.3907498102130381,0.5238745345900071,0.1463443244570996,0.46494329186268135,0.2012695652873016,
0.19835093816755145,0.18152576798435127,0.38663767549281236,-0.23558569031104767,-0.0029489340851280932,0.3827854996215623,-0.8485579613587264,-0.6754467254095673,-0.6024491543385848,-0.9689667770120947,-0.8100385066706783,0.05042981544604561,-1.0004990249258177,0.4345450035057169,0.15083213382643237,0.383998391383521,-0.36149774124509065,0.09009001005141848,0.015960848436750948,0.5241255527520577,0.35250247718910155,0.20863850425988764,0.17097892320800437,
-0.1933489305354576,-0.3014533973159028,-0.08457295858136549,-0.2873418761736953,-0.26434405906396796,-0.40155924470382715,0.23422365770283177,0.10995765917823813,0.339728818715549,0.05953921778608781,0.3360981862541028,-0.40378701865067745,0.3827235901648703,-0.4213631109300913,-0.39055094948152547,-0.1814361660446447,0.013395050178754201,-0.4668688934417587,-0.3498023973679279,-0.1658108990282267,-0.1450071512496755,-0.1827575884671328,-0.1897726941469444,
-0.4197374015293321,-0.3175126275071899,-0.2569396702809769,-0.2787423764920891,-0.5311396789731953,-0.7394778512027329,0.3658426314213431,0.7128005301818534,0.2829569688344456,0.3359098476124791,0.7314105810501577,-0.15457672998962546,0.21460200711186786,-0.6352333615000416,-0.429309329844833,-0.6768391785689808,0.2409543493317477,-0.36001250937690593,-0.6281073326992171,-0.7943962426996416,-0.31783507473653183,-0.40497641018773867,-0.6735237270434863,
-0.1943770545677648,-0.27152759273101085,-0.45375280439815313,-0.2348288638160924,-0.28258685877078066,-0.34205770022569537,0.13197011375319537,0.40568370534718157,0.14782941954450152,0.1279612044031804,0.07536992095487134,-0.41334170415767096,0.40549162881380973,-0.07699446009792478,-0.20983168376384298,-0.12275916584583144,0.32242562296684457,-0.25443047277299796,-0.10162190895039926,-0.4612377968325645,-0.2811679081447668,-0.45479124994306613,-0.3872935402955236,
-0.34988323459232457,-0.38399071670309337,-0.7220622204614946,0.052111398034829864,-0.37471896689886114,-0.8770201202710136,1.0508520179156609,1.052172173911657,0.8229520395846047,1.1930609829972125,1.1110099140073117,-0.26311383615686385,1.0123047897348063,-0.48717073996092,-0.6087347596430087,-0.5015044807470498,0.45150942133019517,-0.5263145081120885,-0.6721521151677423,-0.8559152073321107,-0.8979672445313326,-0.5164202254875185,-0.792392444474734,
-0.6774613505813684,-0.6387413615046096,-0.7004903322625224,-0.2957298028582636,-0.4881581586911259,-0.984515411091206,1.0664674042544593,0.9257178728065357,0.619567540100148,1.1427343649899815,0.8354636715759736,-0.25086967823641454,1.0148006490016828,-0.7900712676735363,-0.5950537215664009,-0.8379273579698034,0.8029556169791566,-0.644544483894343,-0.7259925984345813,-1.0576810393220382,-0.7117340249251382,-0.8230496454969873,-0.569497574698807,
-0.6558270350065032,-0.4724571915003242,-0.8825849486312469,-0.11528150074983604,-0.2558505233200174,-0.690126802807121,0.9116907615269794,0.78147980361154,0.8648415677433967,0.8049133338465931,0.8963337705554121,-0.3024641497765689,0.8757842096786574,-0.8174135371890856,-0.676908286039689,-0.853779175667069,0.3945750088437789,-0.43830652598923014,-0.5157064000453845,-0.6852587312571431,-0.5260201912655965,-0.42032081536408206,-0.4158733613845578,
-0.5510324347701315,-0.2685436902293572,-0.44765364970888694,-0.45660023568122554,-0.14736815346302537,-0.3449682925102485,0.49916030147364654,0.5314744592494385,0.34908892949612724,0.5928343427724976,0.7443980107997876,-0.3875994445324875,0.4966645686556196,-0.28494055150740116,-0.41108332880047427,-0.5330783240843039,0.17786164447011402,-0.2646722337986989,-0.19679736890677027,-0.4856740257399066,-0.4274444468023466,-0.5390812724183455,-0.5604499822856122,
23,12
-0.11463982870795394,-0.14197363427817183,-0.19025970973524825,-0.07028712381905103,-0.006582056419351956,-0.29552395584257984,0.05642178540396114,-0.10061595340383868,0.09168197865852622,-0.25074172790856925,-0.09031043849399852,-0.03982222793066514,
0.09714198704002695,0.07397448591247699,-0.22608178270565207,-0.027719728957339488,-0.08189346975257249,0.08926318443340353,0.01908412764686999,-0.15274914057517539,-0.21385683788665197,0.13309220701214447,-0.2693604706235858,-0.16862661036399196,
-0.25502948194073893,0.11067068527311265,-0.056471815855646854,0.027655180121952165,-0.20196404538109836,-0.03114713356946732,-0.19447604565652649,-0.08774395951666097,-0.131874227855409,-0.14740654795727356,-0.2880511842903464,-0.004549935642374589,
-0.18831720149194137,-0.014800636165929647,0.02986437295213308,-0.05918826432779286,0.09619420344740912,-0.1092843030586779,-0.10058976588788242,0.08540572108485732,0.1159829020274544,0.0021163197525158398,-0.13520929978243787,0.18287357187030043,
-0.08239004885139183,0.14820176538779803,-0.22002601679771894,0.006130414206075647,-0.24422001059740864,-0.1270851423938063,0.028330944378726155,-0.18270194149654176,-0.04084539869971346,-0.04904045249410899,-0.02384295583515336,0.09463651320180527,
-0.25723480455760755,-0.19532647617605664,0.2580517567487411,-0.1757093054295265,-0.010369818130341794,-0.18758265913533156,-0.20222055209368842,-0.24209227869430652,-0.29550113160958325,-0.04524091406138801,0.02256418539296833,-0.20937604551948705,
0.08217244228746022,0.1885061197875276,0.19461402683360376,0.03394014734941079,0.4088559440052901,0.28981813732319023,0.29679875502412395,0.08986069481843258,0.28311654609820985,0.39596757155851775,0.06652008325736848,0.02526017193413941,
0.08867991099790395,0.10986733677094691,0.23680859207914237,0.021098222028593155,0.014639670575285618,0.1368810328131704,0.20323485066716535,0.34602851442517435,0.32957217730255206,0.31716930207910954,0.2731455186446524,0.3809304573473153,
0.05801123135415472,0.15552959923282844,0.3503769598263723,0.39106125598019714,-0.021071102775320563,0.26196270864695875,-0.004251356252688782,0.43945114611056635,0.21249849509876387,-0.051616158814091054,0.1784368274080921,0.17757094990985112,
0.10059714024340742,0.14926599806342233,-0.07508415207535774,0.33325767089312963,0.029941324407184625,0.2361939617749959,0.20172771085764027,0.28491702387642986,0.2853785051990859,0.3848681746767496,0.13481352158591992,0.34399507045440314,
0.3716911728465894,0.2702519926360315,0.09786665699156394,0.34175906866405903,0.4128223414823972,0.24685351491809898,0.3326499768252412,0.13925434813779441,-0.04436451470030379,0.26114921976603334,0.3074291857547768,0.06736898927563731,
-0.01106613866583578,-0.29016163479611917,0.1371080702075917,-0.11961941086080055,-0.28330192819703326,0.09125917827351748,0.023197577337302315,0.05914336355585603,0.08701498451800804,-0.13208518453520623,-0.12268999275902852,-0.09168723207462587,
0.2566277418586188,0.09744219617939756,0.14401633941881434,-0.14807073757008768,0.006036077824981133,0.22114227140449658,0.3324733578008503,0.17473951029565765,0.4017134382193296,0.11936388624542418,0.37319213473962143,0.2165108066426865,
0.005561550673911015,-0.2083216787608671,-0.08596201586152795,-0.15782099367982375,0.11156601272860091,-0.2654452915806776,-0.14281624575955343,0.05517822004880508,0.04622378828816395,-0.24430820909583045,-0.14187507956958847,-0.23558950251301083,
-0.007479058898439881,-0.07507501082089722,-0.1426102487028053,-0.10064833109222927,-0.035567888644083306,0.021937608588586316,-0.13668678461966138,0.04512292397066181,0.061670042281640365,-0.11568363365151244,-0.2285581627747404,-0.2573675778785825,
-0.3280065889818067,-0.08659014889489368,-0.05580420841700911,-0.03265889756535929,-0.2549353981446858,-0.2664309579246471,-0.06677356114950993,-0.2654830728328809,-0.08313842702091559,0.11199026922075911,-0.1618460196458937,-0.010809935594105433,
0.363699552390202,0.16426084430661744,0.32991093961815365,0.21342244250720319,0.40844774381274734,-0.04810710641779355,0.07545361167341524,-0.011227121518615596,0.04439316640884029,0.09029127171954271,0.13104978940912423,0.2867133793215355,
0.11623683320017555,0.11434414340677028,-0.09256888683089765,-0.025061317669161302,-0.1186457779573067,0.015868495019582336,-0.288723106667994,-0.110881984435369,-0.1483721861725235,-0.21063528040343238,0.03576280365372616,-0.18614811278809565,
-0.03443612832583767,-0.10458995276785406,-0.08106791226886373,-0.05022416582326156,0.19054152428085994,-0.25528927588358413,-0.16908636358992993,-0.23013533714759707,-0.17217718593934256,-0.2226339441738722,0.11979106429326047,0.0803742371624836,
-0.07583005384126246,-0.029762059111956906,-0.1985673829947813,-0.07952823291111248,-0.2950145835328978,0.04191256269487055,-0.25396442395087443,-0.17456903508607727,-0.381348809559354,-0.07796426733888773,0.04206241233149578,-0.1037145062493058,
-0.14567206045039888,0.07331594513079337,-0.046531000816795766,-0.10338600748876074,0.19728846837320896,-0.03426799903827306,-0.19798114879137238,-0.12006352074653079,-0.3256190982073202,-0.0698992477400963,0.06330023068364021,-0.31814133853820903,
-0.12656629114935647,-0.21866740731398462,-0.15707374147438802,-0.20583212540394252,-0.06514879121427289,0.08223765687997277,0.07948741471237161,-0.023500808573907437,0.027986087981509842,-0.04415922328640874,-0.3303848435867522,-0.20954466917110454,
0.020403375234581987,-0.3396068743675771,-0.1864857080554839,-0.05632415165008782,-0.3073487909739584,-0.13933904600163807,0.06235086727418355,-0.06129950201766134,-0.19524144117423584,-0.20484005658703816,-0.0010682836602836827,-0.03187243263332915,
