# Pesos da Rede Treinada TxH=  0.2 TxOut=0.04
12,14,12
12,14
-0.33027009805723107,-0.5555173779667826,0.05434647959439009,-0.30448066442943145,-0.31401749092699494,0.47474784181206725,0.3169524394108563,-0.17060693244738345,0.40664973540421634,0.3226274599621195,-0.09354573636985553,0.5270924059558826,-0.32132627718139756,-0.27180564480694663,
0.8461054020069603,1.2083160511185411,-0.5481550629628625,0.48728854770657637,0.7791655370516251,-0.9122801205915595,-0.9400334247754798,1.0017867708079844,-0.8839086580275614,-0.8618644482851079,0.34711223947713254,-0.5993843558311319,0.6817509177861185,0.9652616961585769,
1.0381626389341807,1.1336842497683615,-0.33580922681919284,0.4576116440583995,1.2427284170195512,-0.9169606975716403,-0.8984467530939816,1.32586769058873,-0.9934410982745533,-0.861508774601566,0.6678541440365705,-0.5666541900052533,1.0441067964582005,1.363864680332092,
0.27676505500664317,0.27157235118046297,-0.23722092426381622,0.3172940364359245,0.5862428941563957,-0.2732611678165778,-0.8056983501936383,0.6252458356490599,-0.6843095638545584,-0.6117300554187111,0.3048676969310203,-0.23877176154186605,0.47847692598698466,0.37618075868239514,
0.32744729119110205,0.31138770566039764,0.07038739711852003,0.16506731760357354,-0.08325939866939214,-0.04641440785493272,-0.15265313214037915,0.3801267299396917,-0.4185366610551528,-0.31174257923598636,-0.0032166082214854764,-0.025549032217713125,0.18495524139765182,0.028593552849845355,
-0.5818862533107134,-0.5696253598629716,0.3773650134246757,-0.4091395396849249,-0.4222591417401675,0.3196871169568835,0.4720971274271756,-0.28044646961102626,0.5065769660667537,0.5698423011856381,-0.34087091992120355,0.5339806420936593,-0.7451743304016383,-0.2818204015888197,
-0.6823711530911405,-0.9510446589509925,0.2668883772482852,-0.6331094984884016,-0.9008783631751439,0.6759009186818599,0.6260156518267684,-0.8716424661749224,0.8763971935550985,0.6748094079563353,-0.41992784785753184,0.6965712647630636,-0.6843719642596631,-0.7017352018115471,
-0.07530663260659208,0.1426017547485523,-0.34187712630755174,-0.2940355965874829,0.13873547308986184,-0.12898764038305754,-0.14970108671154383,-0.13686620041584444,-0.33640464810651527,-0.23642870072159075,-0.3864279254150572,-0.227853746989959,-0.19627838005979373,-0.08819113934582902,
-0.5912719542463121,-0.6628798056883207,0.06834887361299677,-0.8011498030538945,-0.8190032988869691,0.2949876111088738,0.3267984856631037,-1.046815606712823,0.45601582631224297,0.6336767031300453,-0.8011260266872837,0.35319036189332553,-0.5041960667275545,-1.0512805376267444,
-0.9655597572973661,-0.8914847735988133,0.08247096818603213,-0.5814757679494706,-0.7171278337596224,0.38015948706508523,0.6421933292231748,-0.7893194603813581,0.6136836448495814,0.6781115530614281,-0.38028377185195567,0.4543114241119118,-0.808939396521806,-0.9973233332262321,
-0.9169242010667015,-0.9812929837063405,0.550999651766713,-0.7449272656825496,-0.9360962464323115,0.4597582185607395,0.6062965787226011,-0.9015617942349868,0.5754830955633312,0.5077562741937739,-0.7961199733864183,0.2786623293815636,-0.9009171061133625,-0.6920006696239053,
-0.44624901858634614,-0.5663718924060518,0.16003539557805724,-0.4927174613021804,-0.6591349832842708,0.3037022397043902,0.3853783402946609,-0.7866519465010398,0.524283021319905,0.35616090764475006,-0.6808373722464944,0.05396798569453142,-0.6580127637947061,-0.6671384649844758,
14,12
0.03967120153460196,-0.08696162258594578,-0.25783860049183427,-0.06244360439590722,-0.17713556759767837,-0.33084899836473536,-0.18355035186994115,-0.13121096946118213,-0.2875434741479074,-0.4025201115259368,0.0183607247567616,-0.3398116686533486,
-0.3156784400690454,0.12656906147301544,-0.1866211668873137,-0.3063116502593861,-0.3162358399337514,-0.36178705053721233,-0.2653774062821424,-0.20920597305205196,-0.38632820559322223,-0.19473729944187282,-0.1286376463406196,-0.23853994586418598,
-0.09037507362321882,0.09689617714480982,0.254191420768582,0.20655972936069716,0.23209441163995032,0.3459757775243874,0.06903510762152981,-0.11512314939393209,0.28902916908419934,0.2791605355529058,0.08263708038231625,0.33581297396880755,
-0.2099506875534012,-0.3338428443333425,-0.3722670773653381,-0.21029089736876874,-0.1932819080346903,-0.050546818461353116,-0.118258792615074,-0.16487141856022303,-0.11120683696391405,-0.09127859831678244,-0.12402269085914906,-0.14549966485585764,
-0.2478868028058356,-0.08190879898921022,-0.22076651938273678,-0.2874849724997175,-0.14961841134891002,0.037739448925537177,-0.22888930079167996,-0.2659086739462863,-0.1509161461714615,-0.09948763636552387,-0.48943904585623654,-0.42703575833903457,
0.21900648110006662,0.2946094357923507,0.07530071977871097,0.19787908689251782,0.33065689445655316,0.13741354502307188,0.08187879586994858,0.1966908552520367,0.26528306091907533,0.2279811385733613,0.34445337610991356,0.4413271517766547,
0.3576036323395655,0.30930828705219415,0.09618783569918081,0.17075277179270953,0.05371048584156769,0.3283831680469374,0.49168850025807515,0.2288482960382619,0.22438968822880304,0.3811583318871474,0.19326650779220583,0.13902634981095877,
-0.09907140204186554,-0.18256233003076439,0.1013507273811478,-0.02742759469498558,-0.14249902140765355,-0.330416398433182,-0.29501766239127464,-0.31095408081816994,-0.3636404723631592,-0.19869094789164404,-0.14100972967936068,-0.30934324318789724,
0.2237321988721242,0.33854749558565117,0.3322079092777553,0.2603931971719134,0.028245966273866115,0.2676833790203653,0.1694870513567564,0.3589562691296002,0.30596199802260293,0.48861344482025354,0.3806079504257738,0.22116658866584063,
0.3106880327242059,0.16796793246201347,0.178985833895351,0.1720568444907543,0.42641193559511126,0.2550770253402559,0.34497465424665175,0.4028379413220188,0.2512546579154771,-0.012694032270473131,0.4266840715017319,0.33158525460150146,
-0.020063130716292576,-0.35717577185301796,-0.15384135434362542,-0.14240208530506743,-0.0892069993515512,-0.21283830132896886,-0.27690282249570564,-0.11316264237811631,-0.030526837082249986,-0.11628252811419475,-0.1971462277308627,0.030969227237196847,
0.34473565405438283,0.053020865317440276,0.41075368779592736,0.35578404574883415,0.36169661268047704,0.1667335012497848,0.30790228922946944,0.38510923204380887,0.2219648315863371,0.266277537976535,0.08538857673079564,0.13738962588120568,
-0.3752946999443346,-0.3388929310910951,-0.16145167816656844,-0.1200885593689851,-0.343450631796047,-0.20322703902550587,-0.06396565878597399,-0.10041224484788344,-0.18703894835434345,-0.20104463233360698,-0.263189974731712,-0.051140628342069054,
-0.26135188237462265,-0.10251804903252605,-0.1857110385173724,-0.29359852220172405,-0.11406048000573472,-0.12616414154819525,-0.13820806834434546,-0.2559306898715495,-0.14037158178911094,-0.43945475039394594,-0.29843623199485125,-0.19477944703692104,
