# Pesos da Rede Treinada TxH=  0.4 TxOut=0.09999999999999999
12,12,12
12,12
0.36576443028112815,-0.43739203560359835,0.6530724317157434,-0.5654496690647481,-0.6188302736571039,-0.3150657656725897,-0.3736516599813787,-0.3591422657395189,-0.6016169852782736,-0.2416892935494764,-0.16831059258570236,-0.48969776043800956,
0.1351458248424515,-0.41375424157753654,0.5046020049714685,-0.5473852383738795,-0.15405543999544363,-0.13881428436008178,-0.12268773632011595,-0.5224183994556363,-0.43579010521515193,-0.4843990108049003,-0.3308012739011075,-0.32030218237339675,
0.3848119699861515,-0.27306313914325286,0.41288294674434556,-0.28779491343760677,-0.22318444709638433,-0.19504488608410353,-0.13363511339851666,-0.29735050503359206,-0.37620884827935874,-0.3792564137619894,-0.4256227835154008,-0.597321853498744,
0.5395386477556442,-0.27559474201096107,0.34467556340325955,-0.17830026727757708,-0.15640215354582984,-0.10052048568749986,-0.4928624714565225,-0.17353894505365594,-0.4531990097142812,-0.5735544652068,-0.5115551447620516,-0.323968470435193,
0.3408264342433556,-0.3820242707389791,0.6567392847312336,-0.38854667379694435,-0.5821488716988694,-0.11322365355503143,-0.17257660200606406,-0.3143746874550291,-0.5878202838834933,-0.3801906806451687,-0.41464340676567407,-0.6607435537126207,
0.40624642865453525,-0.3353794857708268,0.3461142908727396,-0.3417521520338677,-0.5499393851842632,-0.2703247115916445,-0.16898224168733286,-0.42503453193379287,-0.18547403706980958,-0.21837989143826095,-0.3307300386319152,-0.6668066404068395,
0.3309988544102721,-0.2792914778593308,0.5233235034154623,-0.47522600122532954,-0.2832080134850132,-0.33368723819278906,-0.49727171210606974,-0.2405088091232382,-0.2805489914519958,-0.3841965799838751,-0.6101380281910302,-0.41554241360061395,
0.378989281158349,-0.5706994745050782,0.5549923746771278,-0.23217776422601946,-0.526488310181074,-0.27973652922269937,-0.5162618400312091,-0.5265538703993456,-0.4616309322035667,-0.5281404913055937,-0.5452621003678322,-0.288602650103017,
0.2582924113113235,-0.36036388468360525,0.44157376704865714,-0.6556637810662632,-0.28872744230341485,-0.12383119866084721,-0.21247611793922352,-0.6167262674866305,-0.43781544338770184,-0.5709664503743154,-0.5808566601547158,-0.4711837598274722,
0.3395009722626388,-0.5792538336947104,0.5191786933889483,-0.344873065437965,-0.28832139057722544,-0.13778105507861785,-0.6745870939754237,-0.4814942272700895,-0.19069080713844846,-0.43696016269737675,-0.42943470735210343,-0.3083643406076293,
0.07302859163045076,-0.5860775645101253,0.10586595640809691,-0.40717982984160717,-0.6512075696524932,-0.34341796954038273,-0.41605340491725046,-0.46131779794898076,-0.42407797759077215,-0.5565195348825843,-0.4832215345099336,-0.39241810632363355,
0.12123124400060105,-0.16249651610385302,0.1767792973616453,-0.5896087133581904,-0.4072520881161612,-0.2762817272844203,-0.3991505600139686,-0.684306235029667,-0.36498822272813636,-0.44317728661213424,-0.20985408973278136,-0.2509307150077791,
12,12
0.29260543917690485,0.15688392683681404,0.34402856012810573,0.12942273936392307,0.1679436299640846,0.1435936038839994,0.3773203488429051,0.3922225822209448,0.32259426416162346,0.3175076383043421,0.3211180664844208,0.07617598577986101,
0.07772258539383733,-0.3415465332706251,-0.04100958382292422,-0.19336546851693176,0.022787523389137927,-0.29724154419894244,-0.29684979331927175,-0.18085995596635518,0.03541859643927503,-0.019179514505211562,0.05559824422521131,-0.33355810717587053,
0.484539127597929,0.5138720238745089,0.39826886224043473,0.5888330106967142,0.5926236853099561,0.634075781285388,0.4320192592247197,0.4544973233829619,0.5208597019978684,0.5395891157899885,0.5021563096044348,0.6980659715315389,
-0.10976852863793865,-0.23502925726876597,-0.338422104501958,0.04072839502508221,-0.2841335454927244,-0.22193158119136322,-0.06590064264732133,-0.3064210061031706,0.058574381933681495,-0.0025312604840137688,-0.18059447436250517,-0.05289243204949473,
-0.31610825960929684,0.04947254073620224,-0.017047847181221286,-0.2614271317103047,-0.10187725051517635,-0.01491885232249802,-0.30403996503032216,-0.09961298320808659,-0.09608175711887942,-0.07731845638310503,-0.03314739590954051,-0.13719909190408414,
-0.06979150931561846,-0.04148361389258219,0.03707924966797954,0.06233037464351931,0.14277233798889116,0.023298683661429963,0.02830786206373185,-0.13810905539326684,-0.2048682471985981,-0.0964885861755021,-0.0739194353223523,0.17478450417805996,
0.06953794210569533,0.004987810228372492,-0.14708682093708486,0.040956197898895784,-0.13991270394387914,-0.15468694217070564,-0.25574727714159035,-0.17458073731654208,0.06637506886883904,-0.11027815039320137,0.06758614994396558,-0.07398965943198389,
-0.23391602995551503,0.0773649395609382,-0.05698432268429798,-0.216246186024152,-0.009430796370185453,-0.22932900102363293,-0.03958541383407275,-0.05508563180806717,-0.3581561211336629,-0.21791286697982198,-0.28182842193851926,-0.30290243330730826,
0.07550434594230197,-0.1665924026511858,-0.11826880243622452,-0.11932403197784912,-0.37163002459074024,-0.040260433869274706,-0.2548360065351337,0.08263512269483204,-0.23917578395098046,-0.12389855242669601,-0.18359233629458102,-0.03705633001087084,
-0.2645078847884677,-0.3583873984945085,0.10966125091340238,0.02411924664974356,-0.07839975802977249,-0.07507842721312721,0.023873366393764178,-0.17970457992502534,-0.29042742260367527,-0.39564155648548954,-0.29458581684268376,-0.36431074606843616,
-0.2414694512507649,-0.030313004356324523,-0.2568518000584742,-0.19653531233068355,-0.25096136593626833,-6.859304371116853E-4,0.07143071952136817,0.0017317392996981566,-0.15832483950964296,-0.2620267518212074,-0.28569136746139046,-0.07517182314519794,
-0.31512942162191054,0.06274385543742787,-0.3136177663850712,-0.29533610807506844,-0.17396607609488657,-0.14503012187082706,-0.10018053142658391,-0.1427056053733042,-0.07703601168714008,-0.043981287682404446,-0.19244300512537907,-0.12842761032996403,
