# Pesos da Rede Treinada TxH=  0.2 TxOut=0.02
12,15,12
12,15
-0.1156758513369264,-0.35750032444345387,0.14212168693001398,0.22695755725857064,0.09936882881141629,0.1459822793009612,0.16693008770587262,-0.02207793830204629,-0.14280813738273498,0.20600835676664248,-0.45313486560751726,-0.20331247560290508,-0.27466075843254145,-0.09579086700257945,-0.24603570579514458,
-0.24647039437784865,-0.16568957509716634,-0.5059337154116318,-0.5922157435615835,-0.9039595736696174,-0.6229597108937899,-0.7176412156161251,0.6676253253825947,-0.673813871212526,-0.6172802765489556,0.5815841984871285,0.5852779459642293,0.783094488832876,0.42938981693993233,0.9489138549785557,
-0.3717720300789033,-0.04522508598154522,-0.5571309196663348,-0.3693325461106993,-0.7022902460705349,-0.5883505667226017,-0.7586330847862576,0.2778123787692515,-0.5399492788460846,-0.41637449214782135,0.7535474628548691,0.5048997991389264,0.3686179883165437,0.5769554875207938,0.5497882179333342,
-0.13472935414148066,-0.12617048159397143,-0.5912722506762508,-0.6737767826322252,-0.7764546684239677,-0.32996656954894477,-0.7736947686118344,0.24621033732590578,-0.7316607440846078,-0.45399936670252294,0.7671421399480992,0.1398064004224457,0.5603131508074952,0.44997521416581066,0.4923073331906653,
0.032107405654153105,-0.07720055784654059,-0.4614733782678412,-0.45233059233097583,-0.43069406390474496,-0.6703942832431624,-0.6644473885611301,0.35528887681303106,-0.5553280705848791,-0.5312185740232968,0.19281249684125282,0.15265825245191422,0.5226705116228314,0.42594519306459094,0.19703123470960524,
0.11124934328826097,-0.20279017403333743,-0.06426704078831744,-0.04168434444822731,0.15693903636395362,-0.11095686007183475,0.1584744269751797,-0.40211321743433165,0.34103563479736554,-0.0597347880039957,-0.46314519331827136,-0.2783454422879221,-0.2147041900639258,-0.37203521466708855,-0.21862333094212363,
0.08887146101893341,-0.36829660156316446,0.343593416024727,0.18492259468116662,0.4398278532104573,0.40089086068737745,0.22346234148246746,-0.5853810118168195,0.549584451503938,0.36913276696496583,-0.7489230751824791,-0.35785424121859183,-0.4765864438708764,-0.33841021935173643,-0.5293448081219307,
-0.08757908631859739,-0.1267425307277068,-0.10556747493958031,0.3357394638110146,0.13029839761011658,0.13254507118246744,0.35191672912978883,-0.26607516295687716,0.043510008510145845,0.17151493256098677,-0.43768556301453926,-0.24016861382820712,-0.5714453871256132,-0.4428132286733003,-0.21016153267699095,
0.17493958263451892,-0.348706865022056,0.34035634661831293,0.8249858678757884,0.4423978649372225,0.6017214412488381,0.6054702497292385,-0.7525748571522485,0.6146010392963548,0.33337864952724977,-0.5549878213913112,-0.7618653969428149,-0.8166896977130065,-0.5999063644140942,-0.7930453609161936,
0.5414306541727204,-0.35632619078618744,0.6527213441196558,0.5279468834117763,0.8156546296408725,0.5107260910269833,0.3924992195242687,-0.7852039392324495,0.6710530131860625,0.769719836568816,-0.9457057241053598,-0.7034151492524737,-0.7830416075210566,-0.956428668234401,-0.9266749366637397,
0.47399463014001025,-0.41856238354270514,0.5461737701169245,0.3928374771398114,0.7187218126516773,0.5326782700501739,0.6217347016460548,-0.7299729562785112,0.4267810076733821,0.5760254582860272,-0.5488580956413339,-0.48248195539527755,-0.9259496969335445,-0.5585487814987385,-0.9105679411311567,
0.031629499297003656,-0.27906023802135094,0.21330918723790124,0.49249263529973797,0.2634363175131565,0.4577470569779015,0.44115451920894283,-0.36548579207400855,0.1395653512571041,0.15740942914438685,-0.66482753952275,-0.5482247389592968,-0.2760238979610978,-0.7406701384308102,-0.5243682316917111,
15,12
-0.0696476316198971,0.2534416540178532,0.2196726033552871,0.15441648235902694,0.23011452794444787,0.19317560212508209,0.23842896571567382,0.0912477364110257,0.12711483690496128,0.06950042367186163,0.0856161105883196,-0.04803461785647555,
-0.29682083948599425,-0.22514052552813196,-0.26051824871645707,-0.20986621212065804,-0.281294035476389,-0.11327003848053768,-0.02114168048536524,-0.298846795703499,0.05394170916762378,0.041216472830177375,0.12263171749622523,-0.05218269669707441,
0.06951268615482852,0.2166370478210046,0.16059741508996062,0.11539048430364499,-0.10156077830378764,0.18072675359291246,0.34846874933956845,0.3114626212947063,0.06318606119566915,0.10852376775984714,0.3077095837228684,0.05029771606358795,
0.12432053012721285,0.3478450388032921,0.3010591590704806,0.24687404764715495,0.35833603754738164,0.3188693431956758,-0.030705549917989024,0.34743659346188344,0.21224466171776157,0.13050791144017018,0.17388783306485966,0.2102779383582616,
0.07843334509395243,0.13932597292910703,0.3789519134328337,0.17346140844905086,0.2999616870810956,0.2994790851467814,0.2507025612079632,0.1680784355112381,0.26768898382049056,0.4495966372817718,0.1498256523257536,0.3004395819449826,
0.21190179281407237,0.14148618851024114,0.3029459821910267,0.32188412172916364,0.24838776951317282,-0.08278998820485005,0.3937721983541945,0.2575784479327108,0.48342567469658093,0.17815403859298665,0.058004066383056246,-0.023823171387242485,
0.4252679125091052,-0.08609034118277076,-0.0672468956049559,0.09379494476135497,0.19449201517653114,0.3785017658609369,0.20511200707105065,0.31099870938398966,0.3292234634846162,0.19314297408118247,0.1201351335509193,0.345206992963005,
0.07801122402884675,-0.38500356354268994,-0.26712300711836506,-0.23942029529320205,-0.26850818830721584,-0.3965566455976618,-0.09319396551794709,-0.16039841500516902,-0.20473199399266048,-0.3969980935426432,-0.13751154968940768,-0.2631926442605656,
0.3968299637801865,0.039852382543271565,-0.05394217587862598,0.021174808508070655,0.2741276538988959,0.24685952737520386,0.05075672713277716,0.19062560898361497,0.02565647212395018,0.3031832254340108,0.33938508826103014,0.44160453940617744,
0.3236962506398569,0.2362492193469423,0.20091066827851137,0.30260607485859276,0.0076517252314087115,0.003735965676457006,0.1880657075350037,-0.04073700244008066,0.11224258088656733,0.2708332642451888,0.4484150474085126,0.39035185245156123,
-0.35897823674306584,-0.2691132929998742,-0.17025689234608823,-0.2496895643860755,-0.16387150749652019,-0.385009898509871,-0.3074292146351106,-0.33733061849108326,-0.14485547667618107,-0.30689255756609934,-0.3737792769686107,-0.28974289811364073,
-0.35991814088594365,0.04011428938403695,-0.27063463102666924,0.024387626693284346,-0.3668100550933211,-0.01486822557378409,-0.3721674099841301,0.05987413001507687,-0.14076180117033854,-0.3060828494520165,-0.3794893344172354,-0.37272036761024624,
-0.24390845537155376,-0.07221320500075853,-0.046318812594712475,-0.331885164736585,-0.03783882686026482,-0.2839901095562837,-0.35049500127861866,-0.32307829059992293,-0.5595254179488968,-0.08483689743493036,-0.28318970365310225,-0.39186978322745514,
-0.2830478284321505,-0.04453008425702475,-0.14786196603462193,-0.32167020738383534,-0.22382821428527566,-0.3078800020588759,-0.21269796722697415,-0.36005573593734735,-0.3308231480907579,-0.3416194107631704,-0.3115246902966285,0.02047117140414161,
-0.1557996789600534,-0.375420892465298,-0.31101118028215646,-0.13915281046676584,-0.2075710457977037,-0.0602666630397528,-0.32543498049720676,-0.26603797792333495,-0.3295211155152567,-0.35485535531403395,-0.3605421479803774,-0.3287798429548552,
