# Pesos da Rede Treinada TxH=  0.7 TxOut=0.04
12,15,12
12,15
-0.5959882026970957,-1.0491808249720065,-1.0835195338921202,-0.7742169914244961,-1.1662735404408338,-1.0219972771242565,-0.783261040822944,1.8463909285748221,-0.8569804179409668,-0.9657258896041163,0.13661581603625442,-1.2676392081122414,-0.8659678629675923,1.7578881083455289,-0.9911267435010762,
1.2786368814173814,2.627568677571565,2.50262206279918,2.622815195693888,2.47079093830832,2.6289062175519082,2.4077747244426777,-4.247619871892497,2.306370431458589,2.542468461695281,-0.7539123773064311,2.5603482057545897,2.6078281807368655,-3.940038786475719,2.465903077642651,
0.984014342623361,2.8675734956239642,2.7245419585317774,2.918956238127253,3.1676193940282142,3.025680389999307,2.7778302827529737,-4.644058601133457,2.656852331884075,2.733400092299829,-1.2811553147706412,3.2059334182889843,2.886182148265934,-4.495629731565675,3.269761435263126,
-0.027743298220468865,0.4633876513359858,0.28452853248842674,0.7301710279167121,0.30788269184852607,0.16870090456318687,0.6132970482795572,-0.18738121113122408,0.21499993369748563,0.559034088853687,-0.4427863153959864,0.3797265828550921,0.41300682358996466,-0.14452707208203341,0.6658814157196894,
-0.4453403229292442,-0.6834118730495448,-0.47718365907310245,-0.7003710459674026,-1.0070663263608757,-0.8175939350049912,-0.40921685388469786,1.3041858154948898,-0.8983074512630562,-0.9549349171973708,-0.39406990715985496,-0.4415948139180991,-0.4495693826517738,1.6182107765058664,-0.5505624134450484,
-0.69305857058247,-0.48953792435527865,-0.8492186665377609,-0.7752963535615768,-0.6896450776835776,-0.7290354337791004,-0.6733534818820199,0.8994744640995683,-0.5713841611715241,-0.5676634042682392,-0.17843491550500906,-0.5892551212458926,-0.7956731607518225,1.1194544954007672,-0.8376091826151252,
-1.393407676991879,-2.211986551518781,-2.2844604648501603,-2.401942934425964,-2.5909361779762823,-2.4435714048958617,-2.3485629650208546,3.7922932597952927,-2.2338900339431045,-2.267250039731878,0.1910420888901069,-2.162183876153041,-2.290762875876664,3.6644935092586475,-2.441634576101046,
0.3831145676041094,0.5430552219556865,0.6001992474472202,0.8502653851965786,1.0147520212297618,0.8874084654194899,0.7702056022506036,-1.6314103044680404,0.7464808602917072,0.6327982768599418,-0.6376121043161419,0.5595950658711089,0.4515527875546577,-1.7492887582741883,0.5863401419125583,
-0.7888047163484981,-1.265429010599282,-1.0772996626515907,-1.4409431102857184,-1.102453603511928,-1.246456283531484,-1.0873372573534663,1.5677552410065911,-1.0648889583990628,-1.1729963359947164,-0.010171355987831388,-1.532610577310598,-1.374696388320146,1.3434599461703753,-1.4631794596802958,
-0.7552213650203423,-1.3200743106014214,-1.0728514444337554,-1.1521505507440932,-1.3476000738338278,-1.1464758518561675,-1.5698245021132038,1.5999901676341017,-1.2801118720571412,-1.4315609825927045,0.05676051647592432,-1.6001181188952946,-1.2616030619621366,1.8219378561845174,-1.1577123895979826,
-0.516680847012811,-1.3098155206836026,-1.2050025105218622,-1.2516946898874048,-0.9779904497934461,-1.1373703765681937,-1.1748405434074078,1.674871206007261,-1.0654354188012773,-1.0239831909592492,-0.12576775337469287,-1.0028647192265154,-1.2073661824306496,1.2841838193265849,-1.012675272467829,
-0.7511219767066614,-0.8527380185513873,-0.77988655430284,-1.2462521567233873,-0.9769417920586647,-1.1131222561530256,-1.1361699687234998,1.3185470177801897,-0.7652453660472216,-0.9619410830964055,-0.4603386633553741,-0.8612308985637623,-0.8439695724513632,1.4973275947783633,-1.1802101496640356,
15,12
-0.14448538010311904,-0.06433745919273505,-0.19442220656235545,-0.3158417056693473,-0.33311798401072856,-0.019901914203950405,-0.1514029684446331,-0.0255998489726679,-0.17386651884558718,0.023751709094686307,0.01265545021385562,0.044094745308149115,
0.06065358941008169,0.015725367991861132,-0.09219000166848311,-0.12705868669796583,6.963233470284276E-4,-0.1761012768690787,-0.12942418022025412,-0.16177428309091677,-0.13164325386349826,-0.046783968329552894,-0.2296759831192279,-0.22070970410641946,
-0.14619996171447677,-0.06923375031182442,-0.054433008637505116,-0.09437942922479112,0.09225986129822801,0.06922369246005748,-0.14236866169192858,-0.048815064676867845,-0.19073091016635801,-0.34967329957917936,-0.19596007198624324,-0.0679339239108004,
-0.15172717282929643,-0.01571239443064606,0.04623705025462604,-0.04145819936901749,0.04080164095633259,-0.288173053455905,0.09182629266918277,-0.324370061160814,-0.05474094290087671,-0.24305315925121074,-0.25515515895795066,0.018043785042446355,
-0.3264138158109995,-0.14946509285620127,-0.16802052414798072,-0.003017102502994047,-0.21350215337374304,-0.07020944444612397,-0.03109612401116514,-0.1815458377936602,-0.09322648984639871,-0.20271971188444043,0.011825754537777266,-0.16814577414263943,
-0.09972089051230973,0.016870996482250582,-0.16819976162240735,-0.3434480084085535,-0.31511506401020123,0.012975958802588719,-0.17240678508309043,-0.17013500978325594,-0.04978061193569151,-0.1285239208693385,-0.03561601114306146,-0.1582366611913442,
0.021070359354721527,-7.231857421557299E-4,-0.09743989428921616,0.14513086209471115,-0.14713815722477305,-0.10802221118527125,-0.11116480926702275,-0.10050085105787747,-0.29401174950119546,-0.042928676019760956,-0.23242606765588167,-0.1311576414153968,
0.5071644165674785,0.19841692829009497,0.23676525672722573,0.36711420744992307,0.41290100176262606,0.3489617248473223,0.581397173454151,0.4262584238813611,0.4743313331075224,0.5851414004981417,0.39143069250385853,0.3481459557677062,
-0.1368106718741009,-0.00656103959500716,-0.15095231785139385,0.009461210809495506,-0.1557296714815187,-0.0961273865735226,-0.2528267640675099,-0.0994048919523538,-0.19926156643442175,-0.08333297348208898,0.024543043950765765,-0.1758963383989989,
-0.24666374514154396,-0.2688956759336301,-0.08592645643263726,-0.11234607707673044,-0.16691433294557087,-0.008239051984068057,-0.12086850231675825,-0.12673658808054672,-0.14086058233426776,0.04876025635994471,-0.14620979512519522,-0.14715373212635316,
-0.07815252198726894,-0.24507532749885233,-0.2178995426162957,-0.2647258690929431,-0.2025284453546205,-0.11944494549467712,-0.03659879653977963,-0.04222526266531855,0.18384165141802167,0.0620417250493528,0.04330494916900754,0.019068184370337433,
-0.05382655158559734,-0.017557813128681158,-0.19596612736558477,0.07130682550034541,-0.07897392140415174,-0.020803798075988644,-0.05664974583413192,-0.1815990472884276,0.014069071201594577,-0.3155914763015558,-0.1947119659985897,-0.21436147221941787,
0.0746919570160758,-0.16512091460975317,-0.0439815208926039,-0.20615321585746363,0.09089245414217526,-0.2999809584732064,-0.1722442206032457,0.04076383905547078,-0.21317672564499365,-0.11627491842060327,-0.08770165144656115,-0.17538353818231334,
0.3733402173409502,0.569787138061503,0.6104536459980441,0.45616910869629873,0.46651357370864355,0.5275800382704957,0.3244505835316086,0.5153763569665961,0.4653843858382739,0.3978444748539506,0.5589828082157291,0.5956096476997953,
-0.17656795757878,-0.23833231071954697,0.09977925797725622,-0.01132674048726894,0.00596146325874678,-0.2192965121784505,-0.1319085592930275,-0.05271685796691961,-0.12340424794343036,-0.14221047607214626,-0.19722773234459867,-0.07237996118221515,
