# Pesos da Rede Treinada TxH=  0.5 TxOut=0.01
12,29,12
12,29
-0.07431087591311793,0.4298760596424972,0.05061156293400532,-0.16096016839050364,0.049574941991802346,-0.10917678611505706,-0.25503544232735276,-0.2780601063093254,0.004142690010731443,-0.2612084768527741,-0.29533615392983464,-0.26482956903727883,-0.06881525467289734,-0.08713383618004954,0.2151212437531571,-0.05465186682602167,-0.3667227690863262,-0.09491014669666371,-0.2782504846250905,-0.04586789159347237,-0.3734940212644692,0.11194943534933842,0.13689198100574218,0.21887360604666478,-0.33060856657137433,-0.15145349089418605,0.07722782673088999,0.20503964460020055,0.22578225979531913,
0.5944948315141559,-0.9092627504943767,-0.3255000834086508,0.6923811625924571,-1.077135901051387,0.9921588653921721,0.32293263822829715,-0.010829836708214418,0.8249284465077749,0.5865922852999886,0.7431221985947586,-1.036020973803726,0.9512824150127076,0.29703910477393725,-1.314468156272165,-0.9250789103848108,0.6376600096784079,0.6612981243626381,0.6826358776755629,0.4715721852070803,0.6543849161020777,-0.3445240398727395,-1.1627480100486078,-0.7734008665647869,0.4676473402430663,-0.8216207496345138,0.7250600906469338,-0.3474347487232354,-0.9160106592390544,
0.20900877142822102,-0.9630011989050201,-0.5199445221706308,0.8947953955273569,-0.7899642392888347,0.747695833836941,0.11062395498788806,-0.24804352192410678,0.5604448866234922,0.45816642172342104,0.7763191891111869,-0.8472440675047064,0.8442762877216178,0.21910650115869568,-0.9245799271243466,-0.7609733054716875,0.4574379132956897,0.6557958734178655,0.6569916845319,0.542307138257939,0.5621347569790427,-0.43448689656129924,-0.6655472728418995,-0.8889785447242744,-0.012652637015059415,-0.3815838597646104,0.752216369126463,-0.2524136923587113,-0.42514444693314885,
0.6067623542355062,-0.9099026513016295,-0.3234640423683373,0.7025191320184003,-0.8030012100738382,0.9788744592378602,0.05895885237777784,-0.05126066526628044,0.2992643931971725,0.49152268841509567,0.7708593469429296,-0.9621975504963053,0.5907805132361359,-0.009483650072791495,-1.2123485334102557,-0.6621507870948192,0.21674213850812823,0.9065693347512744,0.7870940726022714,0.5501454606676176,0.7342589082977115,-0.48454422234641237,-1.0573863495000926,-0.5808969997167015,0.2682108083896094,-0.5908385498278401,0.6012172430067592,-0.39053519015506133,-0.3639781307486039,
0.20956190324682233,-0.34825787757905957,-0.32791080129636085,0.3917561783306579,-0.846677108094331,0.6556524117932402,-0.17424132704029527,-0.10444395393106806,0.13043718057099743,0.3050059360783252,0.29663345807688796,-0.7512371906345896,0.4408753019523161,0.18472601494867003,-0.8999103541227771,-0.638821722235155,0.17553686878903194,0.30777415999274826,0.20094684582462605,0.3325348340583058,0.08644845006006745,-0.12457215347827032,-0.7391120815481558,-0.6994148631377668,0.2651518440671971,-0.43629329381604787,0.6289057097025668,-0.26719406355524894,-0.4114851913705848,
-0.06645114295309862,0.31770774076054054,-0.0011129288439117343,-0.2891397758435708,0.3382621522235811,-0.3154265944651284,-0.15676898607035775,-0.2686145513871167,-0.1726868462957801,-0.22466495695521463,-0.4754234937187605,0.17666535857157262,-0.2487400331633015,-0.5283752828204414,0.1394275244585184,0.2366072034073828,-0.46844996065614397,-0.35882886090026445,-0.43946391255820594,-0.4818002766792326,-0.28481400642344684,0.17125692402480602,0.39753287883433863,0.3361740649293376,-0.14116626270811033,0.06801288830320494,-0.2938023781730248,0.2605018667976069,0.35404255211308877,
-0.21292383153195057,0.8230208810110371,0.21684740779774223,-0.5675140522237373,0.5062193045307151,-0.7714649843264157,-0.48202020350544034,-0.4031372180320937,-0.5140243519021384,-0.3596686706425428,-0.8183409486083121,0.4671052418285325,-0.6400670409934427,-0.3099194276866372,0.6074896003633659,0.2883951951212824,-0.3027697396012203,-0.5982608083693379,-0.6180894931370811,-0.38844532517962066,-0.7519239737333387,0.20993624502247854,0.6721441223557818,0.40974110473677494,-0.48428616698664917,0.11169577112146613,-0.6151656529192017,0.0879868614220252,0.20906996911692505,
-0.23534534422124911,0.47981190087567294,-0.009037009210140515,-0.23772317877790075,0.2666179769790465,-0.5608450035020339,-0.040942435022973594,-0.26938484284144415,-0.45670134323246375,-0.21364578851421084,-0.37276500663043266,0.3792198523841633,-0.43060778480110157,-0.40845189868198206,0.2347259190369771,0.3619650934001102,-0.18086750853328704,-0.35728530426733496,-0.344442916259114,-0.5111333152014269,-0.4706726783312716,0.167648347405875,0.057954763344041274,0.4577296625221427,-0.19345710110219644,0.25422932855845976,-0.5667484773180059,-0.17123784061503433,-0.004763033137597665,
-0.8637313202170435,0.984989840996235,0.5254555652573998,-1.3063131042709628,0.6470474772702328,-1.371352043740836,-0.7217572082237536,-0.1326434754033364,-0.5989874506424592,-1.0546241953806998,-0.7567457452613336,1.0377946324515457,-1.0586378971457673,-0.6949934063024791,1.1217123738824866,0.6910084323071735,-0.6583496470551177,-0.7384125772535642,-0.6816573524069014,-0.9218775156197913,-1.0131117852372382,0.2911162892017793,0.7715415359372815,0.6072996372453193,-0.744266201309347,0.6296020446808923,-0.8336780863957258,0.4925014613222731,0.42592931044398025,
-0.8037862253338308,0.8974491819148999,0.7042983575029403,-0.9194264251176559,0.6032663587101275,-0.9229924100779886,-0.47948553501756364,-0.19289947056415846,-0.9252224368824433,-0.7369459125642956,-0.7331030350858214,0.9151265725092027,-0.7932835531035869,-0.7985383827243283,1.0593811919045482,0.705885906805701,-0.5791955273119138,-1.1305015783623076,-0.7257263767929344,-0.7829258171039952,-1.040463034138027,0.3924032082817947,0.7814223497427016,0.5977124970052674,-0.6028311598018588,0.5243387000696041,-0.986785624389704,0.2685573941210749,0.7475990403634857,
-0.6198403350100643,1.0152984677534345,0.28134532804674706,-1.0561631804187246,0.8607772340558001,-1.2612939932676293,-0.424951897267798,-0.3962595190413588,-0.9806140174119994,-0.9877348180428834,-1.0095895875019567,0.8819325618472095,-0.7430656578361442,-0.4046432192023021,0.8835333032103332,0.39920515920143834,-0.6379371216991024,-1.097343592882932,-0.8865840909002163,-0.8906640384461669,-0.6277123323059186,0.5020492625943229,0.9269399099110853,0.717922525605837,-0.41120178812940267,0.48683279087087133,-0.8833349466842294,0.16445455067771592,0.5183586057579878,
-0.5843362799291907,0.6138290642958898,0.21440049554046695,-0.5393829063494765,0.4352487460041185,-0.8283748708864145,-0.3471419459102534,-0.13036997896367097,-0.45096641305397533,-0.44749942044551955,-0.7042624334773062,0.3454941873719105,-0.6825827555062809,-0.29503239424190214,0.8281342702803731,0.43707453531844376,-0.5505722321539733,-0.6217302670446367,-0.6567895634478762,-0.28558605183488406,-0.3469098319510581,0.08240628556927225,0.3989141842512163,0.3285052439458439,-0.2310572505895085,0.0385241558843676,-0.650586829632122,0.3817813829917294,0.1496300891404449,
29,12
-0.061545936255993056,-0.28226169733403256,0.04619445171133429,0.10992846154202984,-0.02738483142723716,0.028961016610657156,-0.27543971766358877,0.043045704330656936,-0.10435458107149645,-0.24203415520242486,0.016373785197393468,-0.022320063284776374,
0.3693593596085424,0.37315940627936867,0.2870888033907043,0.26021774941462006,0.2233043912354627,0.07601355988902886,0.27913557791191157,0.017376324829054417,0.04483130582721509,0.14105697003341727,0.1360499199521336,-0.08253231673388756,
0.03733282875091807,0.21699330108458928,0.14208392234602052,-0.14701865373646353,0.16685289307921003,-0.00870843440562249,0.009204026033017643,0.21607572840861214,0.046535153795087575,0.18938467764206368,-0.1299869743483688,0.29140442163299446,
-0.2421803106992898,0.07219087157224935,-0.14203418285417319,0.13764130754014897,-0.0752875528802972,-0.27260745235748657,0.24717291944320402,-0.2805796616391423,-0.16663037769609393,-0.25863055177582933,-0.21714308481483757,-0.02657404669814981,
0.036802047774542615,0.08965236441292371,0.18709567647405995,0.15002342619737657,-0.13296534005104216,0.22233340610980226,0.1276476289092411,0.0680221967214085,0.12727659970783342,0.2216125614698665,0.2654633207045024,0.11430123784697907,
0.16508862858951556,-0.02861246934807274,-0.12997590195405656,-0.08418751171223897,-0.08316623369645106,-0.28111507824333754,-0.24288968386213708,-0.17753989502801987,-0.1600574493791828,-0.2996844975793917,-0.07278983089308809,-0.04748546162209013,
-0.257592539558524,0.09605522995027602,-0.22956560989114502,-0.15314933981392703,-0.15147173454847587,-0.11022664736788872,0.20048189224857058,-0.08038959413560132,0.09078931698815798,-0.012922258722666589,0.025293792815251275,-0.11681238612211879,
0.13533090129361913,0.06863337948372626,-2.4067386803987932E-4,-0.08892049676226829,-0.06808818461310079,-0.017467874808484583,-0.09588916245918383,0.21187274037024684,-0.10615563723491143,-0.08969492942252527,-0.034448338455962055,0.06511580170712049,
-0.15716374187983995,-0.07663527196100972,-0.19966346098976379,0.04895001918752139,-0.08040694080309274,-0.17948852841304894,-0.17650056219775623,-0.07392577640999963,-0.08218537478474748,-0.026246519557857152,-0.0722016332273459,-0.01951762282646976,
-0.22914144438104134,0.08940323686492323,-0.22967494519823553,-0.042059956488936824,0.033123169827021307,-0.06950245726157511,-0.25012253724701783,0.024034354901520234,0.10578761051016355,-0.17546846468323507,-0.12282799407845212,-0.3140523012022811,
0.11240108679018945,0.059032303447456295,0.020525715468508298,-0.23502860827385386,-0.36141285669276557,0.1368916462468265,-0.10364401376170784,-0.16675863187294854,-0.1969356738279479,-0.239273084424033,-0.29017945776776294,0.015482669628583776,
-0.0152225788089109,-0.011847407352583078,-0.14057926046463917,0.15894049084209186,0.05700612914834257,0.21031969414878854,0.2109533507358051,0.22569021273989928,0.016141480196591017,0.20797202688737415,0.2156303156930502,0.35617133877311985,
-0.2761079005525242,0.0600411361495013,-0.030629392764502283,0.16665136694231852,-0.25518378775114864,0.0788437951451956,-0.10073338752910313,-0.15360933613811809,-0.24877670350460462,-0.23865084345693025,0.002090387740878978,-0.011758836468014901,
0.16641222403355999,-0.28374743415511106,-0.24310090414677393,-0.23068381628466383,0.10142598276253746,-0.14681993510317062,0.01446297761294137,-0.20731075313993896,-0.04036716589238819,0.17980789834749167,0.07465601942517121,-0.2658697563730275,
0.16431877571906955,-0.034494420979312615,0.0753604584549038,-0.10217356127034147,0.2231598302029641,0.08114235055624883,0.20691084083897993,0.2871714653150494,0.1291579280234496,0.14626935787033207,0.22464459760341765,0.3249927360225118,
0.2164561340246708,0.13316366222000287,0.06177289729189836,-0.036792516588544114,0.11728220630617137,0.173679455819251,0.0888886309052336,-0.11829429948711574,0.3028284733522359,0.2587057340774383,0.1924618091724532,-0.12548481297392486,
-0.061078659940635036,-0.06708995747741772,-0.168254031948781,-0.18654132001921897,0.04610222756889744,0.13672966657086238,-0.2780799125317235,-0.012739206683338212,-0.23301085468851238,0.13933262846030595,-0.01863392756065525,-0.22051836168188305,
-0.05037191355300342,-0.13823648581872952,-0.05640494313263498,0.04084987088607856,0.012810868642737408,-0.310057961373769,-0.173839392984294,-0.23766630580642606,0.04298748039415047,-0.0959538932032141,-0.05086284123913403,-0.2532363278466052,
-0.16531537413381603,-0.1286981425259974,0.04730807833603826,-0.07374080299281194,-0.1478473672178196,-0.06405510502804346,-0.02331726018538356,-0.25829114201699993,0.05440441829132805,-0.009798961121193321,-0.30942302437906566,-0.08521861974613322,
-0.16719119884413075,0.047852976927800196,0.00733358089468759,-0.1482397014327021,-0.12351646568918757,-0.1809497209064183,0.1348670914646257,-0.15750399721312122,-0.17660165360161403,-0.0028241847871155125,-0.042078276382995654,-0.18629850013762997,
-0.04646393757983513,-0.3090845752247025,0.18751196859563823,-0.2502532996222919,-0.3664301174892804,-0.3078786919941739,0.08150524686786388,-0.22276091448040966,-0.04100229411190789,-0.07733097935499186,0.10164165609001749,-0.07270342749637217,
-0.12481086353735839,0.19880112092860153,0.1456125595233726,0.2029115257979759,0.19933495050662564,-0.16674358108886578,0.2500959209374832,-0.034536496651953574,0.250909439839902,0.04585629308510141,-0.07586750252490015,0.2231000665027069,
-0.027414759484507993,0.2828949888121995,0.12970525255998783,0.2571279258155644,-0.026902644145154683,0.31114371206480984,0.27702694966623076,0.3095088542858608,0.09778740749732648,0.028801583516268804,0.12680988256214315,-2.991379539909235E-4,
0.25564020738933024,-0.10419544794378126,0.25481636301332394,0.25802029395231874,0.26626505551717305,-0.07707852929300926,-0.08145326452305389,0.04712154671078399,0.1283894982188462,0.25114372310730954,0.27921091320871105,0.0381181662182592,
-0.001489262414205112,-0.25558201614313814,-0.21664849246094636,-0.013304379656767779,0.12295427176469349,0.14437815900671802,-0.17456301552564277,0.08960508240280088,-0.254479184773374,0.07009482771773248,-0.29083316127168085,0.05541825299081425,
-0.09985269148525908,-0.0665764995240896,-0.1540892126148363,-0.16375802987553806,0.13737803763789425,0.1076744042573634,0.13886483629790503,0.24158694626423904,0.09566668392682905,0.138304736017344,0.18787902806594328,0.07391913997475465,
-0.22029379408923666,-0.07938695644016638,0.08754160625349823,-0.18615732825965825,0.0038486749727221674,-0.0046312221797446835,-0.2574385058481556,0.0991223073490516,-0.10201880583084706,-0.2590454307901622,-0.26255899558314616,-0.0390865942592211,
0.26927497669557016,-0.13625973193536356,-0.10252791083089353,-0.06973200884664753,0.28730942976663965,0.2728310920486557,-0.07721171548481055,0.23340296524392898,0.23084041804412447,-0.04834261331770728,-0.07963452791092114,0.061236896231556016,
0.19938881698128266,0.1503343627439359,0.31270903533610656,0.34985404734729875,-0.18094834354899467,0.15187742381260422,-0.016716687975992597,-0.019434394198853965,0.10092636371385542,-0.01724795395764992,0.1650735173510048,0.24284030788566818,
