# Pesos da Rede Treinada TxH=  0.7 TxOut=0.02
12,19,12
12,19
-0.9298273309075967,0.7848218556351918,-1.0814346578801044,-1.0734895423940007,1.2053741395257507,-0.8614674320539634,0.9898005191908265,0.6684982541299209,1.3024269204222547,-0.8242976912074205,-0.802821597615521,-1.2071428496469818,-1.1939419262939475,0.9086835512201064,0.8213784249420976,-0.9261385626687828,-0.7946583788691264,1.3175857499478787,-0.6643931469054066,
2.1859874394635077,-1.5546017161469519,2.4155454194393386,1.8845547609104958,-1.3989407540659278,2.3110902594286316,-1.4397667081535166,-1.6126405956577787,-1.9551209997124228,2.4897073868231083,2.2703616701393137,2.3449125390511925,2.1262685520254005,-1.528202217895784,-1.643686146121563,1.176320461607812,1.9986641147510515,-1.8138553844847547,2.160356041894397,
2.129822285839421,-1.8333035266392075,2.6292363090765583,2.405617178825281,-1.7751124022337457,2.7338885877297154,-1.3427799163023604,-1.4097564825114943,-2.0691802061467053,2.4708201717079863,2.624912289085084,2.240815570471938,2.662526268488192,-1.2828619319122847,-1.8954174050563473,1.6084447284767183,2.5726813234806234,-2.177618122911969,2.2765105716949754,
0.4272566293622643,-0.6330457439057763,0.45869581594248815,0.21230475278436742,-0.3668484379109125,0.2542589707809753,-0.2962831213292455,-0.6690479349034788,-0.3769334877567457,0.5214848735007223,0.29258552827635104,0.19161003148581573,0.28322440137329974,-0.18581785345540983,-0.43177114899846514,0.17847816378970427,0.07822650191384549,-0.06613834051912981,0.3253296128540624,
-0.4426567245789138,0.04198694833541839,-0.5318966283601597,-1.0133260685569425,0.5078633695175496,-0.33075901492115534,0.26663473960307194,0.19549790657080132,0.634694843734848,-0.59700816645078,-0.3735338520562509,-0.7753343054095426,-0.9039357469072461,0.3706455683510073,0.398653330329712,-0.6175513877296497,-0.5150267819371304,0.9056069157679681,-0.3207548010075684,
-0.8877269290050747,0.5146353338054378,-0.47487371950663226,-0.545422180997208,0.5029766506147719,-0.5122074135444378,0.4675669478626412,0.46290301761481656,0.5038470895155507,-0.7409868189571703,-0.7857215631925273,-0.8664335404028672,-0.7010630724078087,0.396954101795004,0.662320633556381,-0.8640333397305731,-0.46019341215208864,0.8179626327982643,-0.6218920581202857,
-1.5981491279353528,1.2951401250760344,-2.000928776871746,-1.771807326668181,1.6657049711603569,-1.766297692291342,1.3108069865784477,1.112078728316363,1.882123217643348,-2.1089662506955213,-1.7537683605058805,-1.6462919817598853,-2.2248164774917902,1.1898050023399904,1.6365062715668734,-1.3219485943516356,-1.999053174637853,1.6575371412510675,-1.9809237979321204,
0.8413304512194377,-0.6049960874192802,0.6095052514405268,0.49129337289136504,-0.45443994505658875,0.44139368713197263,-0.4771519318920331,-0.5853135244018327,-0.6020176751712297,0.7018358385530907,0.8102618524708217,0.8418234938692123,0.9155186299167167,-0.4769716680282851,-0.7950046932702496,0.5856096658479799,0.5445996802813559,-0.9560175926395841,0.6316991884981412,
-1.065791078279826,0.4358834578752015,-1.1432005401647551,-1.0263975632579834,0.7040930926426524,-1.049754189697014,0.4641952145720928,0.3189414222347032,0.7439666458434715,-1.0571820735609994,-1.1982382998893852,-0.6311103561584049,-1.0057859081856217,0.4133424824578476,0.6921437583466606,-0.5372160544568325,-1.1448833243744756,0.5066312146195672,-0.9964058008042942,
-0.9056492430872899,0.9269991397180258,-1.066659147076586,-0.8716289051927609,0.5283128098473512,-1.15251275112749,0.4819934399577515,0.4321635653451119,0.6863550589787042,-1.0483859117736503,-1.070166207443623,-0.977048950585693,-1.1371626242679629,0.7567357449991047,0.9182535914107433,-0.898781280690549,-0.8540702152505292,0.6058603067211749,-1.166557203725272,
-0.9506547885175262,0.6965390960795869,-0.8514196035743631,-0.802279416611659,0.7390731856028624,-0.8239657082702311,0.6789906518409773,0.5039445470466564,0.7255592159252896,-1.0493623527674256,-1.0816416141242293,-1.1155200472169424,-1.0724982429582999,0.8550632232207629,0.6366040408506214,-0.5833821231208633,-0.8168580316277277,0.8347379935860924,-0.717641094250986,
-1.0011995863930967,0.6536401081537253,-0.8025616120821922,-0.6740671717329078,0.29361213020776733,-0.9739995609772324,0.2693466186077198,-0.028425431128787457,0.6393076300734891,-1.1098195340615642,-0.9178607948662352,-1.0409611469300006,-0.689457085066758,0.252726070429366,0.38099417000239255,-0.4898792199315927,-1.0776983534292894,0.4463799344464601,-0.7932196265853987,
19,12
-0.20708486204983959,-0.17920948726491603,0.016832001266067095,0.011361937109334487,-0.2781600650413818,0.09334779149422796,-0.07741137330414206,-0.12886358970562597,-0.2517739548762876,-0.2767403366799253,0.03387584517133359,-0.08973026844384382,
0.003735268543630395,0.021576778463806005,0.06367808347841489,-0.028447807682565097,0.1648096494470805,0.07783932831865352,0.08586922010312231,0.17411608700273523,0.2134008243437216,0.13709879599688346,0.26447346770593,0.14841066900386057,
0.08838839489927708,-0.019411602732616034,-0.06950657455820909,-0.022529980900478294,-0.05292973631223682,-0.2501810155562872,-0.16211354832055122,-0.10117284355230804,-0.1759695143754326,-0.25713356748331173,-0.2312166396262354,0.011003433638287912,
-0.05947829792946405,-0.13119241366223222,-0.3379428947248679,-0.09488855964644552,-0.1234861669680502,-0.34271472626387295,-0.22962769966365354,-0.005800201827995557,-0.18918656018433488,-0.04287560546068681,-0.07644059445815385,0.002759539558868811,
0.15475605285703092,0.3050853124587237,0.10170540652632781,0.22644830846987088,0.08509735565724541,0.3612377077563224,0.3048724573187729,0.031321758453153596,0.1042719046015795,0.03321681568982041,0.02878625749949574,0.3246433820030829,
-0.17219034840437294,-0.018874281084678264,-0.08016989582663854,-0.059789384749412235,0.12361418555164994,-0.24792536083325226,-0.0899547299542984,-0.017035673179343493,-0.024902313625927902,-0.280337665060885,-0.07162207009394053,-0.34509357039586996,
0.2874858432537855,0.1887210737657188,0.19581128614715956,0.04925981642704137,-0.06011605781607074,0.22476337471979865,-0.07670283848166712,-0.038976018654245624,-0.014597643494519048,0.3185475469483449,0.2535983785225612,0.21169787923824507,
-0.08992270380652002,0.05726645099932713,-0.06442954071506364,0.07338403111258726,-0.1306508106698709,0.162069876210768,0.1339567055152719,0.20091479540519885,0.13874527861430916,0.18197136052127783,0.1402588665125132,0.030300320931914322,
0.3620976338482943,-3.010376298216121E-4,0.33595839865510163,0.3254937791514875,0.21451828292805428,0.061426969044926547,0.261146594246845,0.13735423592359103,0.10198829718769103,0.2683247823944956,0.16473997949939875,0.0358986642667245,
0.013079191216086987,-0.01812985722706133,-0.24683929720375059,-0.29106287436040823,-0.005120385651371539,0.037158651346648024,-0.17929600264171858,-0.07677158210552008,-0.2669943104430692,-0.2430994097974125,-0.2604873165341535,0.015405167501515516,
-0.10037644684899438,-0.1547385507566447,-0.061826302638210755,0.07470989386738851,0.03990964825205075,0.12102857392877198,-0.15739419030337348,-0.3303582494924803,-0.194875906686285,-0.12280505315547958,-0.20373376885701636,-0.18612288340828959,
-0.14902028235428183,0.04349408015609419,-0.12291323325350184,-0.24577889206791656,-0.24016765743302912,-0.21694767530631362,0.052217137885003075,-0.39918964974121757,-0.009700639855512885,0.08425782935115832,-0.1813400356498652,-0.2667526531410392,
-0.22122761964551776,-0.1996661665062347,-0.3278477545817415,-0.12901142422863365,-0.20992132351878662,-0.2060680299858025,-0.0947240678054806,-0.20587797866660493,-0.07174768979702142,-0.08721858866133539,-0.10580817993167022,-0.017712490741889898,
0.09037408714244832,0.25305892564927757,0.09993837202964782,0.030284466482934525,0.00794612115560966,0.10110308607982485,0.1647354816348277,0.39856806832284036,0.08939382594026195,0.05558188421779707,0.24819140577582324,0.054603476028651975,
0.024870458923464973,-0.08298721716131068,0.23741391091083694,-0.11295673795926904,0.31230103842917784,0.17959002857418346,0.16041732391717156,0.3134004100398295,0.2011592481873694,0.036231472611708254,0.05521708624831053,0.35274807420891957,
-0.053971693741435234,-0.013643255560345147,-0.05709158160013928,-0.2535327318278668,-0.09149099163078307,-0.12494459166022842,-0.013652945373956131,-0.12921609823989244,0.007482169075232457,-0.11378462236465636,-0.05375037964002684,-0.2027502920887399,
-0.13484218633045372,-0.24810039042884988,0.06729521606032952,-0.15800852493466105,-0.20150730473191894,-0.12288041160970659,-0.1168336805291378,-0.0755590900163551,0.10572046190182759,-0.26276941879408294,-0.09472549551586107,-0.27816271759434513,
0.16225869592220105,0.22305062447426807,0.016593430484772454,0.3928909799187839,0.39527213412361006,-0.01978067447773041,0.12970045895912355,0.05180297540017542,0.40436389891462077,0.2761228548360491,0.1286793569673765,0.0475823241673617,
-0.19757098067693346,-0.1833057449001797,0.05860383964947028,0.028418243409642444,-0.13099039620783762,-0.054943839375339795,-0.28564520222908163,0.0019896460306811996,-0.3551166870317422,0.09155412634426882,-0.23144994369209518,-0.0035751316968926704,
