# Pesos da Rede Treinada TxH=  0.7 TxOut=0.03
12,15,12
12,15
0.34589638367130787,-0.4695611174115493,0.3731974192572825,-0.3669284077510136,-0.2538570071882016,-0.33315759352229407,-0.6834376860172403,0.47825388434992994,-0.651112830341122,0.3170805603703353,-0.5983134360612457,-0.5365538540934907,0.32537248505985716,-0.6681767941161131,-0.7503286557524355,
0.29232845198266133,-0.22406380270827347,0.5741604550014104,-0.6036657732562517,-0.4769035137351194,-0.46190571760578975,-0.41873756628691167,0.1925113265251406,-0.5882237538040019,0.3208221397053759,-0.7571062430641048,-0.43873850884672483,0.6592282311509294,-0.6890458214360188,-0.6256954250306935,
0.23885372272236108,-0.47020080744179216,0.12203694864515538,-0.6110576364245955,-0.679173741665488,-0.30559281762002616,-0.6215631636312418,0.31409335418980805,-0.24823044082117268,0.5836490342045875,-0.5298592611996559,-0.844442216417172,0.1897252880290945,-0.47225916920911626,-0.6512883192253062,
0.7018394601403677,-0.44165891207109936,0.1492142733106968,-0.5736915269714354,-0.6756798635597293,-0.3779374300680727,-0.4147979606600654,0.4553479195557431,-0.5808399843236773,0.3535628034860148,-0.6833802070780288,-0.4149890298697883,0.46544119257398614,-0.6067877021783904,-0.46072136498143174,
0.35407009438032244,-0.5945940372973517,0.5728993576133624,-0.40694961113113537,-0.6172781316113191,-0.6723033331356096,-0.3899226216799677,0.5495435453835765,-0.6938851437753671,0.667541329199867,-0.45736002591062275,-0.6038622796741941,0.28851770984720926,-0.4682073883262059,-0.35814749541990104,
0.2773164048821283,-0.5337771024387759,0.003744884644701723,-0.682656458239703,-0.32637541382814905,-0.6198255612175952,-0.5267722773953115,0.41853757416041154,-0.5617167085043544,0.3596476180732797,-0.29007072702420034,-0.40919048547347503,0.27114286448582986,-0.4652357423632777,-0.4090345269333208,
0.3649126254030671,-0.2515284671717894,0.5115981507689,-0.37218607040761964,-0.36750696229887836,-0.5042349239917545,-0.4555342739778322,0.4358593531658763,-0.3607734502542353,0.49988097748653315,-0.6203208858446124,-0.4004581346553499,0.2926000199615138,-0.2115357671581886,-0.17609478259871714,
0.4061779325896299,-0.41760888394465423,0.3014310366606951,-0.21108607973011406,-0.49441262641462924,-0.4572464128281248,-0.36234932841362705,0.5030819939163153,-0.667563493319998,0.20823133210732858,-0.2531893371779738,-0.37589076442505964,0.3049810514795246,-0.3570740690116078,-0.5488349720439968,
0.24835534696403186,-0.6468131954922633,0.20741470538350953,-0.5598294930323375,-0.2591200142438699,-0.3067666157018288,-0.3335728190136922,0.06332044757075454,-0.5552727490473909,0.23586072938083083,-0.35457932193579844,-0.3947200250310964,0.06657915305676891,-0.2748368349393105,-0.5225508162068764,
0.2017304604540042,-0.5525252573496315,0.3667589046589015,-0.5605929789744859,-0.4681239060474112,-0.4611144841749367,-0.26667417271390165,0.25887916153409185,-0.1692635266764833,0.1950963550951339,-0.3013571458139219,-0.3200681109481438,0.49539601775772607,-0.6001442146539547,-0.16171667797625075,
0.31254603867272157,-0.6337952539606068,0.46595634465946834,-0.28973106952977673,-0.3630265861396727,-0.6492559570279623,-0.7096532684025385,0.28930474274287776,-0.23029878791915134,0.21316635355902802,-0.27599049310927326,-0.5857070818407271,0.43438285598438653,-0.7008003098815171,-0.5894483046784422,
0.5556149490698837,-0.2688493334136706,0.37867813802571243,-0.4666351147221147,-0.6028304546830928,-0.5619619692123005,-0.6277243082482656,0.2585369624203875,-0.3809455107270984,0.35465252969608235,-0.5843886437830825,-0.3604826229371595,0.4451404122134689,-0.1888474999312277,-0.5054722035399608,
15,12
0.3092695971580545,0.3322161633728267,0.04320872457018821,0.2072879500124158,0.3477542064006458,0.1441294975374605,0.0042735563551496245,0.25233589337978857,0.1538275323974403,0.19216252201669415,0.06886289207153332,0.14865412564265879,
-0.15876874371067326,-0.07392586403919704,-0.22419886909050946,-0.01781405132760792,-0.26239364025885165,-0.09015650523047983,-0.23519656442812065,-0.13633570069511236,-0.16445852733003954,-0.18346429554459465,-0.312396545083821,-0.11921179738812294,
0.20141778537209468,-0.05071023068872046,0.059340263591661106,0.10692720904810973,0.06704069074883469,0.1716698148695581,0.17968144033404912,0.29386753858928527,0.05964612846674293,0.32338873936975676,0.3247499089700008,0.06559357256414607,
-0.07123771071002936,-0.2189395812526558,-0.23711315724360305,-0.19801925493794625,-0.15985465386998554,-0.04728682395521984,-0.16765909751336766,-0.23044960130197997,-0.16953195762067405,-0.0788744933729939,0.010099992444456309,-0.05305851027452596,
-0.20432619184621176,-0.23490627493061522,-0.06926461740369098,-0.05300504991474401,-0.20688490974301452,-0.222080115692721,-0.3004182921177939,-0.09004333053834959,-0.19896519683052125,-0.09776193835290237,-0.3313120645070108,-0.273241647574444,
-0.24882576314285462,-0.05887906488768791,-0.3156133511344787,-0.3786746479093313,0.06917558096814481,0.0033079097702977843,-0.12067651644422397,-0.04049334790364762,0.043172176995619704,-0.08297903649520208,-0.14931263691188743,-0.29675945128808556,
-0.1294396506845385,-0.2917083660675901,-0.1408986793425098,-0.37807833667854684,-0.04875456268733791,-0.23083680582590965,-0.14433831354306229,-0.4410563908108366,0.00976612357062559,-0.2635299502402111,-0.2308182868703298,-0.1253204038004674,
0.04277633840912358,0.0833557082089139,0.19034459866337597,0.011936838359704617,0.37724703570430146,0.21466056589020827,0.29560099559306724,-0.005669296753764425,0.15857059229290396,-0.01902087424489924,0.24191177615181053,0.40342615864850256,
0.022648195438300243,-0.32116412380287335,-0.16136253444264528,-0.153072742580699,-0.3206069385601854,-0.26404905556026587,-0.07785872385875824,-0.14399524007121736,-0.3163771317384439,-0.4290454507867581,-0.23264346094530347,-0.11189743271284364,
0.23798149767828336,0.19740861340605695,0.3330523305381366,0.04163141810250145,0.1475953264817933,0.06819624630304824,0.13625252972345195,0.26598229684294755,0.30021001907596073,0.14184681313137942,0.14063252067960688,0.2277197197552045,
-0.38544871126509866,-0.11218326543003308,-0.18091030772768213,-0.1258071565442436,-0.13813285700301786,-0.31906140539451194,-0.2972575498242376,-0.14917266295611767,-0.37845083934562956,-0.1103557327512266,-0.27499650062119985,-0.2589689195456776,
-0.013830146687064244,-0.036663966325545055,-0.18189257970361447,-0.24690896724380204,-0.22686152723866412,-0.42740621155185254,-0.21185990354830356,-0.13635551350886763,-0.3094303918608139,-0.42222657432847044,-0.26945972687124525,-0.3112452422598583,
0.1026325397864877,0.12341365382631665,0.1262346874787487,0.380057166070897,0.025517953479263597,0.2825575993053617,0.23218391363845922,0.07452505869492346,0.26686410292383506,0.30186929126218115,0.1739342970059833,0.07675038095967522,
-0.34583470098201624,-0.387158705780353,-0.01815107964371858,-0.0976155864343785,-0.2681969326032873,-0.14841705463363375,-0.16734716381406187,-0.2725870428056227,-0.3033459012231909,-0.4183677511051405,-0.061842770136226105,-0.26017964046049186,
-0.3824661389560193,-0.05998765327546721,-0.39783004321052007,-0.2043256917179066,-0.36930523110535335,-0.1516944908144398,-0.26760009742557594,-0.4373717963053408,-0.23350748198614663,-0.026147857370461974,-0.13059119785022072,-0.20409739742266725,
