# Pesos da Rede Treinada TxH=  0.7999999999999999 TxOut=0.07
12,20,12
12,20
-0.6570055546556343,-0.5808864036619543,-0.15208537648724213,-0.6245596433821335,-0.42931928571629047,-0.8453460982868232,-0.6252275397270207,-0.7649674892805118,-0.776663590298755,-0.973197641888797,-0.8414132636482985,-0.8709895354425911,-1.0348994361116715,-0.9480636580584593,2.8887938195186513,-0.6001233695780179,-0.8680637710539149,-0.7261358149040557,-0.7929435217738491,-0.9751617383364386,
1.5920581093706587,1.732429935517594,-1.2593381914922022,1.873818342714752,1.1134079900568368,2.0378240084483767,1.8328673290413176,1.8854534074447173,1.4771594556786476,1.6162824399389253,1.83706714952439,2.060998639887838,1.5852803313233808,1.2931110833354122,1.5020039805783085,1.8534344691798044,1.9296674103618658,1.1845742616534216,1.727283732123817,1.9583819745264792,
1.8973166658471723,1.9221104363049386,-1.6905399342223095,2.039936964763342,1.662059219191005,2.287323599747603,1.74958650475972,2.2319214417464845,1.793745014915478,2.222418699716733,1.9418512466404967,2.305254676404135,1.825437236664066,1.5158980131530366,1.578437837832147,2.2142005916212906,1.8674750867173233,1.7310018597921097,1.9868237993728988,2.035310534951869,
0.35915110904278735,0.5071107678042676,-0.475773266107381,0.3025452129281146,0.42112507267979055,0.27161984816118556,0.5651702953119846,0.6566980102371435,0.13096696017432743,-0.056175900052663784,0.22712080109877628,0.26643057641030843,-0.07063163774707838,-0.02593546317139687,2.5818906005361106,0.2333698611707044,0.4123595848468068,0.04406923281307895,0.5341251866937652,0.40472778280389454,
-0.48593003046859046,-0.4725041569544275,-0.30861266013629646,-0.3261796284232684,-0.010215153284197179,-0.08153057025592521,-0.07225374446812842,-0.30520588526718095,-0.7877549068830771,-0.5836175298447868,-0.697352179907039,-0.26434315809256337,-0.5974779583522911,-0.8303972683887586,3.1539841785795937,-0.49027850649053956,-0.5132829580007154,-0.9573362090391732,-0.49519365379484126,-0.6680540327135173,
-0.5940740191191378,-0.6776829060308235,-0.3859687728730511,-0.6041461701245695,-0.5695163752582971,-0.4570823574418414,-0.8514042865958461,-0.5179994537508497,-0.636193423839349,-0.5623334733015387,-0.49482763060395346,-0.5995436024539135,-0.4743403050074113,-0.39685675081588423,2.992036646632717,-0.6921513401755561,-0.5633372588403868,-0.8509448078436256,-0.7155170430380775,-0.7385543220563985,
-1.6296529728967402,-1.8794268447514062,-0.11304379067346108,-1.7387853721926088,-1.2296826318890963,-1.7326864442217949,-1.6018743155643658,-1.8832896571638544,-1.7368142394045516,-1.6664318764779542,-1.6443447036581051,-1.5014151621873804,-1.5664858182814887,-1.6073578563118722,3.2401066681766832,-1.9080066906831012,-1.5493488383692402,-1.5561916547582693,-1.6411464644084583,-1.718313233620289,
0.37192469498640657,0.28243338149853414,-1.6735925965663496,0.6502064567302085,0.12746470132968876,0.5033973593384118,0.3158238582330064,0.4171828117248145,0.7536336023122024,0.5619608113029083,0.34713029112345056,0.22407091294028428,0.5613084298177226,0.6662650170379929,2.3622696090992314,0.27801371811632813,0.4981025118291134,0.653324874120808,0.5121543555862452,0.25007515664377045,
-0.6765457248032729,-0.9822427986662053,-0.796650954068588,-1.0774963883115387,-1.329600780164839,-1.200444418862339,-1.0267565885064025,-1.251368485997314,-0.7711419222554545,-0.7737326529793611,-1.0437276514548506,-1.1925506871564264,-0.7329721963772987,-0.8082619771824547,2.766019421045005,-0.8779989951651308,-1.1452163284722043,-0.48362711754941984,-0.8382458819824575,-0.8754428689624352,
-1.1987050958659031,-0.8682350777899364,-0.8329839452271228,-1.1408090970566094,-1.0626027536251015,-1.198186865148514,-0.9367759301171233,-0.9743623185982895,-0.8770125306962774,-0.8710163884227692,-0.8042097223491431,-1.2108896012908916,-1.0620275927247673,-0.8252259843346994,2.8781003582176923,-0.9413183345619668,-1.0445040452899332,-0.9091822309365887,-1.1001749027206047,-0.8790549216290106,
-0.9131613113301218,-0.9286253955988606,-0.8445862939202826,-1.1484038207126126,-0.8080289426978752,-1.1485966219000812,-1.1851636227000442,-1.1120647228508476,-0.86006673009698,-0.8521418532141072,-0.667962736817957,-0.8024469445463048,-0.867601481027662,-0.5182551475173903,2.5846319951055388,-0.9407035832074946,-0.7449988718177539,-0.6894702777917152,-0.9593206834378775,-0.8591961646994914,
-0.9175932662759594,-0.8368663191091249,-0.6582561678760004,-0.9886694757948165,-1.104353208168072,-1.079129709176,-0.947996514395646,-0.9952747411145544,-0.6504998788040927,-0.9128868621387404,-0.9350146225861492,-1.0864110831515617,-0.5228152211934509,-0.5322640219805116,2.566272119267504,-0.965701382878452,-1.00066130591071,-0.45119023729026003,-0.985830011020655,-0.6799139379674198,
20,12
-0.06399680818986954,-0.045895985562523334,-0.08425152744009798,-0.09950468407371017,-0.37273960471322276,-0.15880015193445607,-0.1549075463705147,-0.11753861789935227,-0.24897411471460956,-0.19259802165226997,-0.017570287773695133,-0.013592607634225252,
0.07274521246735098,-0.09240526071309915,-0.3548153686017728,0.08862431001336776,-0.1036826565992369,-0.017654640414301682,-0.2179263576599242,-0.2726117940984812,-0.07650413291352853,-0.13733840236746184,-0.105373881079477,-0.27123037916479936,
0.5234922144900646,0.18137797502788922,0.18602416072683112,0.20237576203390792,0.26960122100354106,0.5495990938738838,0.6007845422271733,0.569925521504007,0.6557203482392536,0.7167772975925244,0.7141629444766158,0.6042517931898218,
-0.24923369829540146,-0.2660131029116182,0.01878597958944895,0.003208381604624907,-0.15238526243003603,-0.13202936917225666,-0.16146075855032413,-0.14575471422094954,-0.3114284802218717,-0.08538524911423694,-0.07268550872248702,-0.024346089722183595,
-0.2864061449777018,-0.178835030342324,-0.21710766623335503,-0.24620253319627597,-0.24449235464965516,-0.209264222759929,-0.22616113708004545,-0.03799514427129265,0.04927572277662575,-0.06474543958594603,0.02985225746228196,-0.05230868586979517,
-0.13701222731450458,-0.2435613612980589,0.059292732511048676,0.10151653574358464,-0.08696437441425281,-0.030638774765912324,-0.269220934518935,-0.002644926067543084,-0.1903242362568157,-0.14755935145228619,-0.29578456539882964,-0.1548748165417021,
-0.041373736962041094,0.13097299867657466,-0.05477783128976386,-0.21083228055415967,-0.0785069322566119,-0.029763355452038447,0.002086860793431269,-0.10674593442333395,-0.18579548738961488,-0.18189412387612733,-0.2784954384118272,-0.2672792639863542,
-0.0318087193460635,-0.18029286493292873,-0.19074991105367362,0.09600975293173232,0.07153155077106628,-0.16378879583104006,-0.04079291805613635,-0.11347645089725553,-0.37219723822857387,-0.15985013665614184,-0.08037536860627684,-0.20822072151466425,
-0.24076706045876764,-0.024020707371672452,-0.3805730921914058,-0.24993130065705446,0.10385951854531422,-0.18377201094883563,-0.19954299272950543,-0.14942113397197881,0.0536778755224816,-0.0944279438029964,-0.19073467743980638,-0.22585669814888581,
-0.33581506346856577,-0.2617068378557801,0.00502677612176169,-0.09510924187753644,-0.11255983892107811,-0.009114696619617118,-0.1335310533127873,0.04828342730166573,-0.09908256244827478,-0.19232017032230608,-0.3075045958351249,-0.1973069119640279,
-0.1931691662445409,-0.2288267303824739,-0.11557154662311395,0.060388115143313124,-0.08757743511590775,-0.2451139413413842,-0.05726098917974756,-0.2716763261297852,-0.16897894498549149,-0.20568434713137768,-0.07968070245695844,-0.01900756390596805,
-0.04873023247070114,0.028868638174145436,0.08918924064658207,-0.06735209464971122,-0.16266377131618734,-0.30977919027950823,-0.07981672945854841,-0.21503951923294626,-0.10708425687646721,-0.2891874007891521,-0.18811235368979004,-0.030256302711034584,
-0.11082304381547763,-0.135022091019408,-0.1380061776696946,-0.33698420044772676,-0.2928922970966871,-0.18686594424418365,-0.1647992149418194,0.014939814148578508,-0.2315468288664579,-0.10062446946575404,-0.05243077162629293,-0.10107805651229389,
-0.243153279480099,-0.2343312160450143,-0.2938168564001219,-0.23009265136961163,-0.24923381572344705,-0.03195217744843518,-0.10631030102863717,-0.11279747238052899,-0.11704447335353303,-0.12411133325174566,-0.03383333720179158,-0.13996807457606125,
0.9389747929311378,0.8056002340860065,0.8832421236574504,0.8625674049987153,0.9276996607927757,0.9328555737294594,0.9677194033988306,0.9910440193965427,0.9951319175282894,1.0405518053537917,1.0168425900630962,0.994933746772576,
-0.05305725407644397,-0.024627047248639167,-0.13959306499456992,-0.3290007744598187,-0.048455795288437714,0.009701508130891209,-0.23593487254447365,-0.25975912578562305,-0.13980143736464717,-0.1255392843285172,-0.08736753358570346,-0.19643022566926369,
-0.07009811958976847,0.06903703186294555,0.07520849831488367,-0.22426028150964644,-0.18070817020466998,-0.16351977635308199,-0.04904875083189127,-0.2600928466010254,-0.32598326379977116,0.013831678411136548,-0.2694379570653509,-0.08079982424337205,
-0.26685188045579394,-0.09344072268487492,-0.3209068933608338,-0.12294255441553577,-0.19796062779374826,-0.2818151847741252,0.06545082788462077,-0.2286719722920448,-0.025484137660892036,0.0028686966623357076,-0.35625766351222327,2.1565529529947008E-4,
-0.12210780897492243,0.023792716055103438,-0.10336417139214868,-0.1227673646088349,0.09216898306375257,-0.20962973031163504,-0.16386402251056376,-0.19869295381545815,0.0015982180865053083,-0.23610702575799114,-0.11552363924833053,-0.31434812609157853,
-0.02442134593746449,-0.15355094123014434,0.02604768462777341,-0.08448720578056197,-0.16442272250080517,-0.011167969024126447,-0.3304991735254196,-0.07309052387078926,-0.06196488839449985,-0.344125495235187,-0.12318614066056503,-0.20482394185581113,
