# Pesos da Rede Treinada TxH=  0.1 TxOut=0.08
12,22,12
12,22
-0.31985360274978675,0.13742657033112368,-0.43605582260476217,-0.19820066523986732,-0.24831280628263583,-0.15134239456259588,-0.2607600917098817,-0.17417541645121773,-0.1910193951790218,-0.04774927492217354,-0.21290494439938723,-0.14965550565398505,-0.30215201559270716,-0.4873584309647111,-0.3635995807295066,-0.37044389110647424,-0.573754991645996,-0.176198539499249,-0.29455397306583836,0.239482713964887,-0.22134027637327244,-0.29671117302683436,
-0.1281279414892516,-0.11354183359338126,-0.1671195348586344,-0.07796641972898662,0.04359037583772811,-0.0300212427837644,-0.2509350035491472,-0.06779779100213554,-0.18589599663759865,-0.21887380338110182,-0.3629655957106297,-0.2291911562740076,0.1415724063921668,-0.15336276563196347,-0.3574859621601969,-0.7496341449588825,-0.15754781472032997,-0.14161847881245343,-0.5669422948759659,-0.23148751062892717,-0.13856905794064503,-0.3371244202841122,
0.06748846910444892,-0.34404257991313664,-0.3420162460962719,-0.3269412763240538,0.09846244755061431,-0.20105125134315377,-0.5022241511745376,-0.3461692555592005,-0.2622246797899164,-0.24946396326096573,-0.15337144237030026,0.004160563641360671,-0.15205541274654324,-0.3280791545531388,-0.36338767758698914,-0.7939901526473824,-1.6242811158900458E-4,-0.316699678942857,-0.5452848616665361,-0.28215797941014287,-0.22353687420868773,-0.6485582546265523,
-0.13833314780593095,-0.11324081678350495,-0.380318892273268,-0.1793853923281265,-0.13580914577669997,-0.13083758207074334,-0.17497832656044768,-0.21618347408323127,-0.05577988593940365,-0.20196133091062235,-0.1068759092566188,-0.28031887779046893,-0.30839421398350897,-0.22303299169276855,-0.05761063950589179,-0.7113256324677598,-0.02969275136138895,-0.18674352274147424,-0.6571305964584876,-0.10932575098343623,-0.16934093878442252,-0.3101379751078567,
-0.4625515905957092,-0.20379367489030972,-0.43457439507080287,-0.52174020012447,-0.45222272854245993,-0.4625442660607046,-0.43148500225716846,-0.42116546912115416,-0.143069043001858,-0.2513166454776508,-0.3496783247996353,-0.21808966317356304,-0.3452307264452289,-0.2993386331368988,-0.14424112184204313,-0.4284101071493533,-0.3470181754743918,-0.15005194736197203,-0.5791988602649131,-0.22186565943642142,-0.28822252357514183,-0.3375813595402354,
-0.6093404670462702,0.07061771086921889,-0.4268808538138091,-0.6362743104208157,-0.2712660267013854,-0.40078624412401975,-0.25006613702906255,-0.251121368989131,-0.23608811149729822,-0.41025075728799854,-0.5050996450071659,-0.494482539795505,-0.5520079432789481,-0.23900734805267224,-0.37052218009866206,-0.42260006854594956,-0.4582656302345816,-0.42863059281668653,-0.4060357168655473,0.487813416914663,-0.5562701878215209,-0.24087403865209087,
-0.17937757267079746,0.47655614069007884,-0.2761185128001745,-0.40485328006453253,-0.3609216853610646,-0.6470238232122223,-0.411781079576858,-0.4557960612834694,-0.5844419597708145,-0.12928013595790733,-0.5452625037801105,-0.6172528764227171,-0.37997373872794565,-0.24476625993598028,-0.45718555986946846,-0.12038754515982855,-0.555188998859189,-0.2543253032618022,-0.4399734288102173,0.5843883114220145,-0.46162777077075534,-0.6651881982142398,
-0.1822943903632473,0.23391679852682937,-0.35374721937834946,-0.31584560964112424,-0.17447327615053349,-0.5568642494744661,-0.3020100836654876,-0.453620009423466,-0.4257447375687303,-0.31606587365129085,-0.42838909255920254,-0.21641908360628467,-0.40602096567967505,-0.09653731971303074,-0.3699355057479537,-0.41428710233934196,-0.6101643471086549,-0.21114377856163735,-0.37784344392554586,0.33442804060196407,-0.22935678264237824,-0.3256448431281017,
-0.5291095553689497,0.2759586801875852,-0.16600218707864553,-0.6132265527234467,-0.4776511311105,-0.3446269217499912,-0.7013378258381562,-0.40976316892424125,-0.5153612548130238,-0.5177987069726433,-0.28558182361964946,-0.41234083863150855,-0.4019857363800358,-0.26999216269982085,-0.3457138805413771,-0.3030889214520069,-0.3493987230553844,-0.34230848772304395,-0.6217204250051299,0.3277958371863549,-0.5655931568461363,-0.3543937085211173,
-0.45980434660168457,0.3859975272312005,-0.3658187871606388,-0.44078284669930246,-0.4841267791661823,-0.4786173418708521,-0.4683785932999343,-0.5342797184233266,-0.3271586453203134,-0.5556202057754093,-0.34396039740971557,-0.43758585521977184,-0.4055826707713068,-0.50042356283792,-0.31945737632008353,-0.6490687804596149,-0.33298214498820666,-0.5962905130011542,-0.3409417881863056,0.6410612139032708,-0.29280713847356543,-0.49150139554001243,
-0.4305872775527144,0.4746386621778492,-0.34465555585269525,-0.24374236969975438,-0.49551271172063127,-0.34534322535727835,-0.6627968171776847,-0.29457084272611145,-0.22010175289316708,-0.6165321642291371,-0.6278931702506236,-0.3996082611174106,-0.48810677672376845,-0.626046484583064,-0.5353689949429372,-0.2012203325524487,-0.2704348483865923,-0.5180815163722131,-0.3150028925425797,0.4197116749930348,-0.5078541106501878,-0.5106284432071478,
-0.590008414809691,0.13688373519300334,-0.38267961603632017,-0.5530402928243702,-0.6225764942468797,-0.37615843619476763,-0.32137763606217346,-0.4182337283807804,-0.6306988797426486,-0.44091102508491165,-0.15955655016826076,-0.4064711941471594,-0.12294410113986415,-0.43781978773048746,-0.32784327723946466,-0.29609310277278156,-0.39581433093865737,-0.40146608516694304,-0.43749119784046026,0.3613166823089147,-0.1495827006335846,-0.6745147025441179,
22,12
-0.1043825925775672,-0.24830162471393227,0.20344789948165082,-0.18118702410925977,0.15019844197092125,-0.056375355213901836,-0.2911438577734843,-0.1545284121857646,-0.0714259898520496,-0.2358710689122111,-0.13408451901694213,0.040143892116609306,
0.24824948519315004,0.17835538715200636,0.45294622114820554,0.25310958852539406,0.166750700281453,0.3546268577453126,0.34279257569410027,0.40845877778999573,0.34050281977625857,0.40831409758051024,0.550924296758492,0.33681587122909545,
-0.08771595808552242,-0.1307771382862743,-0.3242175234769679,-0.03896739976490031,-0.38931054209708615,0.05411328710216267,-0.040359569807075106,-0.17663964503163926,0.05903302938413514,-0.043587241593613074,0.09224869950014432,-0.26307866817528597,
0.09484691119668709,0.05993789597315079,0.022843401922846566,-0.051731216087782236,-0.0806549284298013,-0.01011379963218616,-0.24599774431770569,-0.06787794532186703,0.10130304871109788,-0.04395229943296746,-0.20760445740656647,0.15723257348799324,
-0.15157074474497426,-0.19029483846876688,-0.21668971046347824,0.11925388685058305,-0.3030785086949757,-0.31644460911740696,-0.24522284302220318,-0.24042714848803634,-0.07715117076184533,-0.3138909835647424,-0.11363801242843774,0.06594271910860554,
0.12181195112871339,-0.10787720390018206,-0.042620440947336746,-0.16790213498073797,-2.596890842124287E-4,-0.15782995929297905,0.08193181175875246,-0.0023178568680688287,-0.2633157788151423,-0.14419813970956527,0.1217081761089602,-0.3112612286993263,
0.04101354230203781,0.15066612865993353,-0.030054080948342745,0.15449457658792215,0.1526573999170669,-0.007234347240100235,0.0027284178486763474,0.08616842916574226,-0.20451082400732015,0.18190700103586468,-0.1574361334189889,-0.25817499225596513,
-0.11106466195873708,0.22015691675079277,-0.1910907223865658,-0.08263867659940342,-0.13850929884139615,0.1179427798932247,0.19969055200740818,-0.29327392707055794,-0.056637014001389645,-0.22688018860584971,-0.2383984256028606,-0.15533649863140467,
-0.17958692798780873,-0.2970935724138855,-0.2609686610401635,-0.32204719375752977,-0.3705501719577122,-0.15121876809178425,0.046780215172237544,-0.11338218055958245,-0.1496767639198055,-0.06562939833022768,0.05012481481437339,-0.0668156382177075,
-0.16169069291011073,-0.09663271120993544,-0.15552833972841054,0.05296566882732864,0.02800139513980063,-0.2462146973133767,0.0810696762330305,-0.033529354797734855,-0.3285716919213261,-0.1814878651089953,-0.09488201582268974,-0.007559179089978165,
-0.14600127007752167,0.08894989909803015,0.07831675732741157,-0.14384841599284834,-0.19263727774243566,-0.14703350780979377,0.030732123329353926,0.007285938783593937,-0.08476057429479313,-0.23026046194003777,-0.3163685320052738,0.057883935943524964,
-0.18248044722514575,-0.04340120396260033,-0.01579118593991122,0.057777097389841686,0.045560608285295526,0.096901788328017,-0.2644357435258668,-0.2891753893362628,-0.1936464695546088,-0.10317883853720893,-0.24275389047740167,-0.18505993319138886,
-0.13859615582047008,-0.12165838037796303,0.11641126506603179,-0.23438377158174062,0.10861578354976954,-0.16529098658323624,-0.25080884269979686,-0.2586080598417517,-0.35596195353510335,-0.040207044613262646,-0.1813667419142232,-0.14943031020509287,
-0.04344560868545505,-0.19721309750339314,-0.0409256530536768,-0.31730067113531335,-0.04639965709242063,-0.187858159781766,-0.168899106522938,0.07545903478619095,-0.29582198852832153,0.11943008277481358,-0.30938181103234363,-0.06114051137871446,
-0.22499438994755225,-0.04448282672835476,-0.2958925373373194,-0.3311843335590686,0.1069334176022733,-0.20551711177036974,-0.06639263778806559,-0.024322250269791568,-0.16208119044978697,0.082169848570106,-0.018002813197924863,-0.13684350811397067,
0.21565798503822628,-0.01564050102404753,-0.09623342665764427,-0.003699877996537812,0.07443848207981922,0.28426489229284724,0.04699794377514641,0.05950325583945981,0.1747755392731065,0.2087366422209064,0.3349280034169229,0.3351417544988496,
0.22182542272597155,0.029630903957315446,0.06517274100009288,-0.19544418050887366,0.008886238546728004,-0.18460449951492072,-0.05807143923708369,-0.05742223901026966,-0.035302630644301856,-0.2303006939061874,-0.238063831800926,-0.22258621226725944,
-0.2223487189074025,-0.2485614525795059,-0.30824262206714287,-0.040723280376138954,-0.39919096965629824,-0.268865724465823,-0.23107252617733778,0.09203963913276951,0.08133158640858745,-0.2148422372052299,-0.09600007046583033,-0.11387743475084929,
-0.18016457568163993,-0.03763864110246492,0.11436294707920412,0.20671510621100453,0.1998709741497052,0.13107298742608003,0.2812836897849689,0.10512710991565766,0.214206941013494,0.0965291637791614,0.09641879781038468,-0.03880050218145059,
0.6982584420479591,0.6638808054452997,0.5333062352212042,0.6634349051525796,0.7938821594161025,0.6385622907202123,0.6600340445803624,0.6402907914555583,0.6882893030209972,0.6759507983851457,0.5508576962499584,0.6976237856377169,
-0.044133196893504964,-0.08561246769187518,-0.2359731802019333,0.200412422026817,-0.17788611852623057,-0.05049024242607806,-0.2167236200052145,-0.22343979675862924,0.010534150285670413,-0.2172592594809458,-0.23342442390270818,-0.3053649235460505,
-0.12215410712117375,0.12068371097102004,0.06894579454041376,-0.012087076829661127,-0.09986809478162924,0.11390825231377279,-0.14775717670196778,-0.03674794212494264,0.23908410391848747,0.05976677148909847,0.3083462326491966,0.2020212082672816,
