# Pesos da Rede Treinada TxH=  0.7 TxOut=0.05
12,13,12
12,13
-0.44136197511585423,-0.6223554979069152,-0.6298916291157852,-0.5699874821201267,0.40833591351071474,-0.36955235239734874,0.3983418635379371,0.4191973128312483,-0.35187200253548895,-0.5044648877276632,-0.6038434633588388,-0.7530102722031531,-0.41764637067284405,
-0.3650663348501938,-0.08104536340895288,-0.15734816190547316,-0.1456788923475478,-0.07755999866088202,-0.2371093673361386,0.08462016760910582,0.15154317443896856,-0.37085696298005644,-0.27679536306432506,-0.17703716887698343,-0.06913615898058409,-0.19017006945247242,
0.00861149267060879,-0.3462896058642078,-0.2736324562038332,-0.22489346846004332,-0.19311491265066277,0.08551824393905552,0.014145473031110765,-0.1047741692452783,-0.0629007289002594,-0.1558492387706326,-0.20043758180584764,-0.20742958688810817,-0.3444664897419731,
-0.5959829284070125,-0.49900240192050405,-0.22752724936970553,-0.2445394759482422,0.3518130465837907,-0.25555205512259127,0.4417505627960187,0.11360215679415805,-0.4795227994285171,-0.3220245681455769,-0.3125562781973109,-0.2783016732184173,-0.4534677217845858,
-0.5466550873913927,-0.5563903770131718,-0.4318616659314633,-0.6342395326692959,0.7568953054489047,-0.5449069770057217,0.3888692086937087,0.5032401682569058,-0.48875642287569093,-0.43336703893627726,-0.37288959152618634,-0.37394805833068717,-0.3008160289881568,
-0.4666281120018512,-0.5175690322282447,-0.3467965882818906,-0.5548826317513601,0.3319404033353165,-0.3767314326139386,0.22526090747785638,0.23915404799781975,-0.3612278890309029,-0.7099824163131986,-0.5326910319101679,-0.5735937501091763,-0.3355043567673002,
-0.5245626370577856,-0.6320140770625621,-0.4363622337945272,-0.8521715348096751,0.7038817061206468,-0.7620301225532928,0.521338739484987,0.3470234569560747,-0.35718957590789324,-0.8461945313451638,-0.3671459530161295,-0.5485594746944026,-0.5483405887798353,
-0.2262106201256654,-0.5368763052580918,-0.5117608074089157,-0.09147298335446351,0.2719237373980752,-0.33167412481895,0.3075124399420842,-0.0061644537031469195,-0.27156043846525957,-0.25960295483343837,-0.330736265638449,-0.3034806322524388,-0.3070571597375391,
-0.5915308055065228,-0.3161361728082398,-0.28894198127397047,-0.5810212750468083,0.4873746204704496,-0.39976886749361673,0.43950977818079545,0.30939071684548375,-0.45812443401645697,-0.44669218873124,-0.31480612373868105,-0.4050460563283873,-0.6219173571787673,
-0.61006344352319,-0.37362005370687934,-0.7098675293413688,-0.5010077599593683,0.7379181907460978,-0.5539458155657467,0.41697444622836993,0.3027827575349402,-0.5970881018056606,-0.4978787621581742,-0.4215905904187682,-0.598971765335401,-0.7351911518260734,
-0.6431071570110779,-0.37178923159840416,-0.2683892060337418,-0.36717768484358476,0.25761860765966854,-0.7504884637196958,0.4820129521207857,0.5356001439610255,-0.7933413951322066,-0.46342872093813103,-0.487970720968646,-0.6390542339967274,-0.3740629677384929,
-0.40760191613354496,-0.38390095328363216,-0.5959317351835985,-0.3749150794048214,0.32893332511302975,-0.38691774319162303,0.47312317996616976,0.24942588068416768,-0.317718689166422,-0.4691022096621445,-0.7420253957519134,-0.29712935087520986,-0.4644509168302412,
13,12
-0.08491718736589951,-0.085961236196282,-0.24455037286136128,-0.3135328173690038,-0.39132679147566146,-0.39508664574596797,-0.37046290944676896,-0.16136993512921785,-0.1670877494939026,-0.1380213183831197,-0.4260023159915715,-0.2231814428206486,
-0.45799402852383997,-0.26406524826743305,-0.3772863958011616,-0.12188849904419238,-0.32846459671793715,-0.4481699654655037,-0.32282552029433065,-0.07550287628833459,-0.18241522272055263,-0.3366969317179678,-0.23334577645867516,-0.1648259344980993,
-0.12513202021341038,-0.1412155563089795,-0.24933497722453737,-0.20537697736867586,-0.13085421531748492,-0.10222617931447804,-0.3419886465777959,-0.39881943286947746,-0.14178162318840118,-0.3028492502220563,-0.15641515343886184,-0.31045146572832305,
-0.49031702796503696,-0.38487434786545827,-0.13038282226507933,-0.39400500560141416,-0.18245533903863445,-0.20170555844424295,-0.28777254498659716,-0.413066864126647,-0.2186162012380456,-0.33115991052473964,-0.20533527024100423,-0.31356470228064653,
0.27750722956573337,0.404348877123738,0.3008093798283283,0.26040662546870175,0.3341983688811896,0.4582249510193167,0.3906804742113946,0.39560013675346617,0.22710897050952983,0.43281130326198736,0.42655979290171564,0.3595123600865691,
-0.3087293394527914,-0.26641525912030634,-0.14031191655810216,-0.10615212730737836,-0.020835490682415202,-0.46322160447123906,-0.246201572168948,-0.3313178717457478,-0.29013820736184165,-0.45937111849299506,-0.033819824282578785,-0.29244455300688627,
0.3136084771158605,0.37139639033784067,0.1642261844163073,0.4114426584288172,0.3468808797072115,0.35604860683611,0.2859710976543302,0.2975678514603227,0.3576932009065879,0.3353261048499199,0.24235974369472718,0.3534927494261121,
0.2779787668855068,-0.029207572184021723,0.3577551609881027,0.1000761618079671,0.13489273163273865,0.0348039077588267,0.2268295533341376,0.248884058107473,0.2650676736820931,0.2035561995847439,0.18202427686596806,0.21604207258384306,
-0.31686844983214657,-0.2520611090668235,-0.12304443095141368,-0.2157385504856148,-0.27107290792133076,0.03320494088049191,-0.17155322589010089,-0.3728965565032181,-0.1998208873395336,-0.09892429788253454,-0.30799778097972597,-0.09281594610476054,
-0.13855639278427828,-0.11984353941455103,-0.2319807482181906,-0.3886603076255069,-0.4502622020493116,-0.2503739730190027,-0.23787968815466137,-0.19257876451214676,-0.3301525826403334,-0.19385734525020062,-0.31793972490154165,-0.3826523111574418,
-0.21837044123546306,-0.22705997100211783,-0.22662798508462823,-0.07756316722740209,-0.16515157943365288,-0.25597674482605215,-0.0684850841089614,-0.11453584639051247,-0.49450150017998284,-0.4682114328521967,-0.168010071482135,-0.16349156922806196,
-0.23787197280484534,-0.26458832087792583,-0.15912482863500604,-0.11170091173829934,-0.2081266373883303,-0.10819146628270174,-0.3353600053658312,-0.4421249832543407,-0.26069041750298544,-0.40765164236839285,-0.36440540521226367,-0.4671830937210856,
-0.2347606567581924,-0.27751116788859964,-0.4619912856396777,-0.28055888477701,-0.12744570531150043,-0.1800741298819192,-0.1328421525658554,-0.27600596621880263,-0.3408325206948438,-0.1861394775076894,-0.26448890584935403,-0.24665979550313988,
