# Pesos da Rede Treinada TxH=  0.4 TxOut=0.01
12,19,12
12,19
0.23430857022616378,0.2938201997878101,-0.028506263273603196,0.1876481385241199,0.44699261696013615,0.41038744448771347,0.015182426408826203,0.09076815980665197,-0.006642308374196161,0.010610689071568093,-0.3670582139752573,0.06449870971697692,-0.4019949665464871,-0.11889729808460717,-0.2786097656177734,0.03714876366427082,-0.010784203551298447,-0.15714377604155477,-0.5324864338094757,
-0.5560876328274053,-0.4907526166612276,-0.3272172288146017,-0.21949383417507026,-0.7885240330866247,-1.2025452700955779,-0.39304374111163404,-0.35703724512505153,0.4110103176603825,1.1914377526436688,0.7067339924198546,-0.8164400221140805,0.9280951979892116,1.300983426725336,0.9265464627962615,-0.6143284368690191,-0.9540549406102197,1.4660165378119852,0.8918027756209231,
-0.7252663789272702,-0.45005489065960824,-0.38796861935605575,-0.17823014238139326,-0.6210365192786415,-0.8677572974737472,-0.4425114491971217,-0.0013381846704564947,0.6531192608626403,0.8605358713632504,0.8534132213541875,-0.7511171083776191,0.9661467090114375,1.0008277146181452,0.7308775312812088,-0.7159412463380186,-0.8418227850904026,1.4220186574306612,0.6975740421839837,
-0.6027355769432629,-0.40505861258633397,-0.20786381533016712,-0.4615702491793866,-0.657829935160319,-0.9593665144553709,-0.38090817386412235,-0.13364938973208246,0.4845642449597376,0.7056710655672792,0.5380493612184525,-0.7996611139400335,0.9053123785571534,1.0387860942813842,0.8158376176572747,-0.7340990520368524,-0.8203926006500726,1.2001074950474755,0.75674956413302,
-0.30906885372960796,-0.38674713856874654,-0.4364752949335625,0.07040806380316461,-0.46946668998982044,-0.5890469841568252,-0.4273239892029542,0.1427744666319867,0.06413758043052487,0.5527143725982628,0.38286851216911816,-0.27023414758959785,0.6728893607000881,0.7080476576726136,0.3395229412161009,-0.5135940986783308,-0.6586809949115922,0.6794952505160169,0.6023235891391817,
0.2982738073579292,0.2563568349020647,0.2411092725747147,0.0049381636349596246,0.3089355588492262,0.27075939182155195,0.1547263756571691,0.29137751512158305,-0.5028745183307451,-0.5928430905549362,-0.5670865082928433,0.4277372524476701,-0.39531066378720403,-0.37369063643049055,-0.6084892808595657,0.3541654795804752,0.17423342336346076,-0.5464434855584519,-0.4038858779679913,
0.5482669871144772,0.14228133932967496,0.1091088430402852,0.36437443214784293,0.25549271179356964,0.35940442512664866,0.1717878305524185,0.049558725336987734,-0.5926704963313618,-0.7097481326469873,-0.968605345782469,0.29355839618271,-0.8016680560422886,-0.8855758011960112,-0.6720670672865007,0.5010606032656144,0.5752004080934819,-0.9746929974106804,-0.6102428400229704,
0.21613930460280673,0.3541887966663964,0.10097391423383371,0.05295602165919949,-0.02641465525843978,0.2752339484583197,0.24161310667261973,-0.15368801177212316,-0.40695725170194025,-0.16608635602848582,-0.17958063140542044,0.2571191754512823,-0.10859818675982164,-0.30128968668406525,-0.13474337622017052,-0.05075553415647838,0.4295940664205179,-0.34164094288855595,-0.3603724752693484,
0.6758793615158822,0.3891455713027907,0.513939525227134,0.18458495885951365,0.6832573296661143,0.897781469296855,0.3960264354842465,0.348643438410191,-0.7748197506332624,-0.9394808928935512,-0.8597607984904415,0.5084380772513771,-1.2943838875259057,-1.1075119330799532,-0.9475273594506882,0.6908562469799998,1.0163806466515335,-1.511887806945454,-1.1675884919496087,
0.6188638524166004,0.676064292714357,0.5393570282094285,0.4452457025836202,0.9149405535549551,0.6718781030434973,0.47234568906805063,0.46031228488714826,-0.547307872472806,-1.1057155395588685,-0.7893158291250723,0.8103056706082242,-1.2659033333475451,-1.4820068242593414,-1.121461623393493,0.6271623822992495,0.7957849953241869,-1.3485273328325496,-0.7872113617685524,
0.2616535521010558,0.5653004158597482,0.611639226245344,0.12627168519515933,0.7229169085125049,0.7515708736085069,0.2037280473365732,0.020516781881274534,-0.37983518947320466,-1.0900399208198734,-0.9833815960025634,0.5564725888348706,-1.0186122758463834,-1.2762700750117857,-1.0761863167482453,0.5111814702914412,0.6003805590210776,-1.5468656397589202,-0.9216744319160489,
0.16722815735057747,0.15632413614304116,0.028154942697593013,0.021006386387458865,0.17676946568407026,0.3289282074444321,0.4308030014896802,-0.04525137940959229,-0.3188905162670549,-0.46143987504067896,-0.5346871801263693,0.2508975549186369,-0.4519139468530554,-0.7288417162117136,-0.6497846838115053,0.12927488411056295,0.42898429810063543,-1.1103228819217636,-0.7121520928063035,
19,12
0.02063267554622114,0.1976914788575861,0.29338496162940403,-0.0483538099740711,0.27934786315407945,0.33837802792541966,0.013367463000568151,-0.017616057654826264,-0.11619836139532197,0.05657688101359489,0.2320288875870643,0.38981598662455563,
0.07091742337560013,0.18751075391063154,0.0665672448379985,0.37911719151897794,0.29749841562312407,0.08691794964217536,0.09505423296787496,-0.04868622967668544,0.3039887782373451,0.09041220181691846,-0.03487538756964294,0.14341184160035128,
0.27465469759794214,-0.03632008433325287,0.09615982689166251,0.16535309926621802,0.09397761934664799,0.08119128136069398,0.12795096679270063,0.19059109853480516,0.07998678676845701,-0.05612013917339804,0.28103035521830383,0.04205752205011671,
-0.03700057688673581,0.20946038082605262,0.0387392575790625,0.35345829524251526,3.28101002619648E-4,0.06909967033239808,-0.05235521356368664,-0.08051553030050809,0.12630999219690686,0.3377467074464961,0.07337088534740158,0.0872418898523667,
-0.05987821350325958,0.253396364702196,0.1921130354381475,0.3712846156153343,0.1893679766330604,0.042713829142928386,0.021051348581239106,0.12571641448121573,0.32643181729183024,0.2977869044392776,-0.004920543683923669,0.24778614382580338,
0.2591260801794501,0.18703966313657946,0.005294165717478734,-0.08883932533672523,0.01978625089142689,0.3408184443642713,0.18789558429305905,0.15830345092238599,0.017321080750406618,0.4014619877838426,0.19144727177198714,0.2376550884912351,
0.15349624791957486,0.1565437297538503,-0.10054166742032596,0.009863880936748986,0.17641864108426544,-0.02333631418959148,0.08864344582227154,0.25884184644064984,0.3078692569423027,-0.040121135008869734,0.12591289396254152,0.03876852941845685,
0.27906904534945554,0.10878709529121462,0.04117313424731086,0.12280279676543912,-0.0768569776122481,-0.14850649415614034,-0.05226177784965852,0.28993798950065286,-0.07810547398081065,0.010942840082695122,0.17735596814570953,0.14682235159206483,
-0.004702371789022238,-0.27901865670003395,-0.19069721269090142,-0.2635815211463014,-0.0032667824079950004,0.0768790389074811,0.11750748112839475,-0.045602597975182284,-0.09035167582049367,-0.2739438285636657,-0.26183602012121043,-0.27856187854633885,
-0.370508063833463,-0.011296506077701477,-0.084322715586862,-0.11603970616870946,-0.01568969271582032,-0.14277010793186323,-0.1313446189641961,-0.32369803597285385,-0.38376370562426476,-0.14164161078849657,-0.2635643603303225,-0.1487432105653767,
-0.10889767902718243,-0.14654818633551508,-0.32712600650048346,-0.22837343870220733,-0.2862899702327826,-0.221573208690989,-0.2620336826992964,-0.32459967268722156,-0.16965819382645855,0.06316142572855996,-0.25524576331648047,0.11685949347997356,
0.09870331794344148,-0.09974257575179885,0.28628579955127026,0.0364607999444616,0.30428202276424027,-0.10911120222582854,0.2607271094042589,0.3963826597904439,0.14169180728694858,0.35174278405140846,0.037985877871123265,-0.03837347500574491,
-0.062081860170698826,-0.23484423291753134,0.13888601366652142,-0.2892152092868387,-0.1461097408874067,-0.20052330896150167,-0.32265524492293324,-0.46877994636005593,-0.36057000386735155,-0.3326904188725673,-0.05170126582771127,0.06661295155533965,
-0.36914456765748566,-0.06706976851298863,-0.06499298618033052,-0.04741030561286456,-0.25465554663297774,-0.3115629076154991,-0.2272560578341725,-0.10681289979784507,-0.36212656681343464,-0.37910367443661985,-0.09742068031089707,-0.2670391598569584,
-0.04543898489473376,-0.44969173769108534,-0.3089614520013969,-0.2292602287441803,-0.12399386830182167,-0.18601808520133045,-0.13022286981362233,-0.04973697342500977,0.06777790114210389,-0.31256580459185884,-0.14950070573609953,-0.353383022031235,
-0.05471570090485524,0.15850584004355217,0.0187081089026938,-0.05959977911199392,-0.04433421926141734,0.3044734231216125,0.3332757700617224,0.23385695450075747,0.2097370463029122,0.07766505883382967,0.08175832687399322,0.09466564868594779,
0.3863950741902112,-0.09886651278013475,0.3317097122448363,0.02407850700024032,0.0620789356642563,0.3581597655725855,0.3783825271727549,0.030322848826828397,0.15143898073496892,0.004615231470764643,0.3187748131370654,0.0463574585100559,
-0.19392455271451864,-0.09719202390539307,-0.27082360043946296,-0.04778850978444332,-0.30102734456454416,-0.2629007002207967,-0.21946424876626155,-0.29274587872161495,-0.18947544418877052,-0.3531072390962778,-0.38755796292719,-0.39020563197359126,
-0.3693582497180108,-0.03238894967190714,-0.2738172821171354,-0.13649828061419939,-0.2962133705376549,-0.1981314646566657,-0.36262443870506683,-0.052635918906890775,-0.09512458871591213,0.06795684048513846,-0.13986265545276322,-0.2813779486087889,
