# Pesos da Rede Treinada TxH=  0.1 TxOut=0.05
12,12,12
12,12
-0.3422550973601675,0.026414690748933965,-0.31317736859770434,0.08796340989784435,-0.21198785704688636,-0.2301372406107429,0.14148131155577845,-0.22667717749280786,-0.12208740130008247,-0.3013945681623644,-0.01800118596367495,0.05087180668201323,
-0.1718939326978942,0.42265596370982056,0.38456218033987,-1.24983064183079,0.2222088441631466,0.31362377451701623,-0.45438865123608607,0.4308827608030282,-0.9913707825607949,0.738613547591658,0.2089037476935199,-0.8533564065103784,
0.10347148837346756,0.30025689380778464,0.09149351385134119,-1.1283859047553937,0.5602432275116734,0.4339848477010914,-0.5096463185233656,0.26427731015636746,-0.6803620040050644,0.2569918139668563,0.5226731242347651,-0.6281057927574164,
-0.20865150104642127,0.4538472228611459,-0.13278485800466058,-0.8966383771922302,0.34937665528843864,-0.018589959100154086,-0.23891306527411071,0.4629405726203197,-0.6331281998984253,0.29760643460268627,0.44984654628211157,-0.7089368149018653,
0.028116915767163762,0.42705617679065894,0.052682703878631255,-0.5161320962023401,0.04676069956197052,0.20142898694965825,-0.055917251286947606,0.49768932497391244,-0.3294612092271362,0.34153081242817734,0.122764735449615,-0.5662017965049889,
-0.345600479594774,-0.46583247723271654,-0.44823695458899776,0.2711358765393532,-0.15281771762939464,-0.5118073665398092,0.2749673780294276,-0.5049643410960885,0.14324725973709257,-0.15577581754115896,-0.22383604398631227,0.17952676845924528,
-0.4667073775142775,-0.4406513032181067,-0.27106478917787474,0.48013659593577546,-0.5107864478356517,-0.5951467469075553,0.14523786156651336,-0.34184696425879835,0.33058810306101577,-0.5014443608645203,-0.2918728557570205,0.38235287510565324,
-0.2936158975372583,-0.33347878098657097,-0.05885861356019858,0.39249445601210486,-0.4688234137607502,-0.30827053970072804,0.24145777084515815,-0.2951263550154669,0.15168108520637277,-0.0859235632522356,-0.351564067749122,0.23397422858754538,
-0.15067766807803182,-0.6835669927244339,-0.40009617074803183,0.6751477660673584,-0.7842372846793346,-0.36456361733497206,0.08962871883444787,-0.7515880454502896,0.7041078572839046,-0.7484013492404838,-0.7370806296752447,0.7439631706982053,
-0.22741698645727365,-0.6677767704786993,-0.42586971497049975,1.0236968259683255,-0.6679501811573386,-0.4257856954547621,0.4437609183459368,-0.7470229296345725,0.7488114369812858,-0.464630855158776,-0.7397745216681522,0.32396892319233794,
-0.4668934928714454,-0.6612858265971587,-0.34930577257504436,0.7801137736701901,-0.5433428155906579,-0.2617347179313698,0.0829868517488793,-0.31165295413346034,0.7023605544607533,-0.7271858968605387,-0.723868761970363,0.6815766323944709,
-0.29737235816080715,-0.661259453919158,-0.42795028338477353,0.30685929176009485,-0.19521427854342863,-0.2496838084974292,0.14211947918500736,-0.5214670522180164,0.4024240957528311,-0.6187666195573741,-0.4368252665812241,0.49342607658324794,
12,12
-0.2853716331634189,-0.20575727141253577,-0.13936304977469816,-0.33336641189311966,-0.25895910089939866,0.07341526630258231,-0.0918238129144968,0.03907756712309244,-0.0625017748230269,-0.17153747070224568,0.10477795538860983,0.021016130341435037,
-0.17807196264196518,-0.20384790924922294,-0.45992427171617184,-0.34365769839379273,-0.13783877056466434,-0.3362307152309608,-0.05176115977850297,-0.3755252801002141,-0.1873958971866727,-0.32402233355149623,-0.3419685810425847,-0.184206039737986,
-0.05580417819288441,-0.01383059099685056,-0.032155009863263743,-0.078052243771713,-0.39372354317736075,-0.12079310138456222,-0.26406104531779284,-0.07465124605580295,0.04133143616756789,-0.08578644050902073,-0.3042593645566686,-0.3280278693359801,
0.39937789730027495,0.5556661678268291,0.4146698279019146,0.1424828340400452,0.4523279771118521,0.5225037537799406,0.4714610656300888,0.6022863953116665,0.6569028444432229,0.6411658476817416,0.5682986677434302,0.483071431568733,
-0.36222261944666667,-0.34260807986296915,-0.1208910185039157,-0.3630509731398921,-0.378876866868287,-0.1276403950040697,-0.022668857034118507,-0.40552964528845525,-0.06682141826076303,-0.28870515783974243,-0.30414054802538076,-0.09714139993043082,
-0.32404538836156044,-0.08061594697021106,-0.18309442757903582,-0.004541135717987104,0.07944689122719815,0.010284078618018054,-0.3477818895198678,-0.17730504406864847,-0.3401066021515994,-0.22675472673533226,-0.277522747609933,-0.021650424243987623,
0.24551195196105297,0.13847028137648046,0.5085455611496382,0.43489559827531804,0.3825934819606451,0.2748938021904242,0.14465751732095883,0.22421254803817023,0.01201237445200395,0.24457645733478273,0.37639986179441187,0.2086584059945748,
0.0673224781476608,-0.27750093683540794,-0.2186541793243888,-0.10816006378028128,-0.06843907831535503,-0.44634768783894774,-0.17859276770560906,-0.332079456930893,-0.38615112322637374,-0.24357806590026349,-0.36857248099384005,-0.2814705065808856,
0.5255247702757271,0.3972299981690385,0.21306861120422968,0.41654409764602474,0.4720341526243964,0.46565380890283703,0.6217876751700215,0.4154072082430335,0.4424006338388878,0.20672097695439934,0.45986051226671865,0.4322553105297398,
-0.2775502214865636,-0.15001861740787967,-0.28353581858971016,0.03251405462835036,-0.2733559406343963,-0.3023103950377722,-0.2595455727776696,-0.24889091909124314,-0.3244417892596503,-0.33097117606583126,-0.23698175705057836,-0.4457122947352506,
-0.19608247302058002,-0.1372152288168649,-0.1644421970059339,-0.31592442635672774,-0.18333063493695959,-0.33981957119967166,-0.43249349852982527,-0.13641666519812418,-0.35823766928753503,-0.09222460285749498,-0.002716811389962413,-0.3511585327826272,
0.3738759592900384,0.28434538248015645,0.4378731655246305,0.47285082860711414,0.26606989679186527,0.310644442168315,0.37066220347908835,0.43262296446786513,0.5384763690980922,0.6211011602877724,0.2885927345270921,0.5548744619853894,
