# Pesos da Rede Treinada TxH=  0.4 TxOut=0.01
12,15,12
12,15
-0.07072363869052563,-0.5030937066228023,0.44616331136677023,-0.31900211508760934,0.3812307308525206,0.5054986769435267,-0.2055719895830151,0.6404862266536915,0.3435690033419672,0.28916147783364954,-0.28617654226663747,0.3491239597375043,-0.12141845030225847,-0.1637965993807108,-0.4589554573897386,
-0.03319193962378566,-0.004147414976531812,0.2383052233247346,0.0011305483601295047,0.1355549521488001,0.13217041398238086,0.21264190958620513,0.08820507040160633,0.09676732777610514,0.3777089780576922,-0.16207311363333682,0.30645597449024703,-0.18726236895231468,0.2728722700794228,-0.25931115247601,
-0.3502893821939124,-0.19199640500258436,0.24987337846021868,-0.08326464942801412,0.1295578943377672,0.1980179833866537,-0.21711184280437953,0.003995512502623333,0.43439880202794967,0.18519787787353195,-0.3451604545945736,0.013382664400559498,-0.31319589645689166,-0.12936116897316008,-0.20263757676744276,
-0.07830517726801535,-0.26399882553382575,0.1294871690739655,-0.12909066129845803,-0.04793891791615673,0.21478988258326775,0.1346542744391801,0.2864452099319685,0.12561674068701564,-0.0015314671120235882,-0.35900141944303227,0.056666941271087,0.012364699720588452,0.25014232909574435,-0.010496270992073967,
-0.37305603051440256,-0.061148334573363244,0.27296938856698716,-0.2967459210553827,0.3099206300322419,0.3366184919852617,0.1320056482223544,0.18503347903022688,0.12945255341759018,-0.03414934248971936,-0.1080437651831998,0.2595003104403722,-0.24723862037629787,-0.13787301310874042,0.037574338966172974,
-0.3991152056835136,-0.4193876527673984,0.10257990117227216,-0.23488566479609457,0.3910841144304119,0.23633687476404233,-0.24604115295919243,0.10431403198149033,0.13869426440948687,0.3629324213807223,-0.45818946331677207,0.06883793396414785,-0.20001214402062714,0.07347641237182906,-0.281369926208501,
-0.27885237361515897,-0.1969142942824368,0.286797575474464,-0.48751598070995156,0.30402532630577017,0.14042694357041519,0.044579128829382475,0.22831832019189288,0.10288817437255218,0.265499464714677,-0.24019319567642491,0.17911044576873156,-0.3551653135235908,0.25573979348154047,-0.32781490330145596,
-0.20360480094279518,-0.37102761753501107,0.20780218103299694,-0.31099137043932884,0.4037814966386573,0.2785992497763833,-0.24129680389731606,0.5361822007344283,0.1616823935609639,0.322050228929556,-0.2800429988588879,0.3671265892194071,-0.36040192419469463,0.009296162611906012,-0.31040984731139115,
-0.4072470294605114,-0.4195907931449789,0.45368643273423165,-0.3683795195793826,0.04403616132403254,0.060933642336980384,0.1465951593418906,0.13281030105548788,0.22950338974527498,0.3744484256674629,-0.20245883836268655,0.2820493386188677,-0.4815023549901971,-0.1364379510332008,-0.5184254024401697,
-0.3397639477774502,-0.5361885712149126,0.44928852025850063,-0.3951912603119995,0.3982130600442359,0.1885622520870522,0.12843467430793287,0.2686030159786866,0.6504631717754492,0.08824923417468426,-0.5631567813416962,0.2149504927660169,-0.37678513426357174,0.2984656212228779,-0.41789995715315104,
-0.30795272206675556,-0.11670461963549751,0.04559627001836348,-0.44862712537309524,0.4572309428610485,0.40760388607217507,0.07768890053630727,0.3485563355207673,0.2568541162766094,0.464878653852152,-0.2698490999562579,0.4958989087432067,-0.29599467827402004,-0.15389482093676257,-0.2824739386002515,
-0.023266610518564056,-0.28308913004688363,0.2117486394689433,-0.29477686554197413,0.12120354208971264,0.4049597280543927,0.07779976287821465,0.3728757089200848,0.23495851210782806,0.3120510650122077,-0.16853216947613775,0.32541011617392224,-0.411304085134643,0.264143486976514,-0.15563855205793414,
15,12
-0.03784990404063747,-0.17974895541255873,0.16127373895084715,-0.11146842425105562,-0.13965999275614335,0.04061213441564401,0.044330294401855555,-0.2256107335817436,-0.11310040799245888,-0.3185785018250252,-0.24267633407390593,0.013949507835792196,
-0.4439177072484375,-0.012059702149038036,-0.3572969137537903,-0.3226956739295984,-0.3375288651871864,-0.16810340023340536,-0.34035015452750017,-0.3714305191299621,0.07541844608018654,-0.09943144413510577,-0.047604780869588054,-0.2303859676122413,
0.24409182580701067,0.1297589006751434,-0.006308853632563295,-0.0802603599974259,0.23949429585072576,0.16421305819563,0.2838145273497545,0.14953785248022144,0.16166260227097906,0.13183260451202894,0.08289592958169782,-0.028692411678399598,
-0.07209335769954663,-0.4660153270504891,-0.3700697727350995,-0.14951995025369572,-0.2822935504230746,-0.04061588069889803,-0.37272508593780196,-0.10897742335175886,-0.23350073141907546,-0.045400712876670496,-0.2219566060490088,-0.2654124989380702,
0.22333498315132896,0.06946424819874203,0.2447677733544346,0.014936431273997285,-0.1160880926463019,0.10266730824564324,0.21309656070450803,0.0849421344633669,0.020208804566239216,0.25856346554672277,0.19221540171523888,0.2637288861170415,
0.048606352542803044,0.23103166157863303,0.18302879803539787,0.2128718432088301,0.22039327529231284,0.1706883319807938,-0.13114939423948047,0.13924305599578443,0.23662327032290004,0.1275569358897077,-0.10968937443246175,0.18749366185033328,
-0.13032574243313466,0.1593414358244363,0.1396490260392088,0.15936630113687922,0.07124874396119255,0.14626267259886283,-0.10305412192540674,-0.07553714295594562,0.003855914979065211,-0.09487714775449599,-0.31991703175648983,-0.2125945007954521,
0.16547067429879916,0.3208929994471669,0.18645607175391804,0.1980396945588129,0.1004652667798357,0.1685373734884179,0.038237708221143314,0.18260350763508293,0.032999227186290565,0.08389032188776688,0.19923245470322726,0.3045541180158999,
0.028859609532482112,0.018996416546588513,0.07695137668261652,0.15269458533830668,0.187481555597331,0.003159370481546977,0.17992950277073808,0.18658473847849794,0.2688005183626675,0.07858145973068045,0.19764962084758217,0.10065719749843846,
0.08429227116190088,-0.11544064299554577,0.03667713235020185,0.19573035171868516,0.09422894487663079,0.2540995428888068,0.25030858402168826,0.14901639806413822,0.14374754965810943,0.1232525570060353,0.2419987595344641,-0.04603387744938636,
-0.38981190814933553,-0.0015524582876547885,-0.2860369553288406,-0.2750467846907781,0.005854917428195715,-0.07713945257253119,-0.3033568892370698,-0.2656203821797597,-0.2906958613537798,-0.1993528099344398,-0.37140911007711114,-0.2315767067818301,
0.26167949370237653,0.04249192828653448,-0.06587652917031703,0.11343705646387749,0.12897736416889338,0.05810954547880509,0.04487587045652616,-0.070098327479571,0.10053800892368049,0.2387376487290936,0.21777770486244025,0.30779233286236096,
0.04742896301208298,-0.31422125574153076,-0.3018996628651044,-0.16447217416344115,-0.2570635198493552,-0.24543592526218436,-0.22696462738539808,-0.18678546075010488,-0.2269204038877733,-0.16008019695880624,-0.14427084216464658,-0.1317176495277743,
-0.15225581526668142,0.002200205421558248,0.23061349809228857,-0.03509284623010168,0.03643679485875718,-0.21981415656202377,0.15370244454599621,0.2809432395188127,-0.05345592520625012,-0.009429766950224065,0.1650918152723259,-0.03482516488634549,
-0.06019110611956349,-0.005043460925639664,-0.03028972688778167,-0.08143646196892475,-0.1097014713190698,-0.449404142987257,0.07846897250620546,-0.056609848425213674,-0.30118224227487145,-0.3109608958371423,-0.009671242198810782,-0.16210619462726517,
