# Pesos da Rede Treinada TxH=  0.8999999999999999 TxOut=0.09
12,12,12
12,12
0.5654866453413093,-0.20372152678489666,-0.34722042783232876,-0.24050313778902474,-0.31940251475476605,-0.42346209134524393,-0.38720108079442284,-0.524545896431804,0.71511734642494,-0.2670180902092878,-0.030025083374065408,-0.4197519726024089,
0.3629048279357006,-0.3245952264877333,-0.31893827114737466,-0.13159443154951034,-0.14007601916179047,-0.45656795610011564,-0.3604948302367651,-0.31667358607135326,0.41829369355366297,-0.16100384662886427,-0.3358550858498123,-0.6177623821188305,
0.26551874129521086,-0.5022049459196679,-0.6278545176387538,-0.1477840277001177,-0.4780369454208776,-0.19558114092421475,-0.374620762751886,-0.5199697312929046,0.6636268839046021,-0.6234106368930419,-0.27184303861501785,-0.453853972470625,
0.5538816759589436,-0.5318950071696467,-0.2417093579803981,-0.20130515881834535,-0.42590311807659276,-0.654266752428869,-0.5033812741923038,-0.2646671128312419,0.25290773310114834,-0.27790464055368325,0.004818371104214119,-0.2884436290737437,
0.4203258107729392,-0.3794851146622157,-0.5838861779879061,-0.5006819532026526,-0.13489770559770373,-0.6892178072175333,-0.31681253700174683,-0.626709617774351,0.3991101984595122,-0.6655721580256856,-0.48949194577487803,-0.550639938424189,
0.33132402529017857,-0.2955486526506751,-0.29388218573864705,-0.3435817601534753,-0.5732474013652114,-0.4611097943283408,-0.4113322931976717,-0.2630536840401816,0.19603444681654542,-0.2992011731210136,-0.1904573928721336,-0.3455461500920203,
0.374188138931526,-0.31456258282968835,-0.5827379608149539,-0.7201604516345977,-0.372962191575195,-0.28385490030146937,-0.6387503773621284,-0.5856828126244481,0.28310495807928626,-0.5028997071928897,-0.27616685411040465,-0.45827432411600266,
0.476667977323192,-0.6234315147512977,-0.5148204596036385,-0.5039809242011403,-0.286014856493424,-0.37274700750132833,-0.3808442989584805,-0.23922351528727198,0.45798153218599363,-0.3265207536016838,-0.051894110615788455,-0.33414881416292874,
0.318759322353394,-0.3335187026382359,-0.48053088490712614,-0.7035029134859199,-0.6181105034015599,-0.4865475087255489,-0.6196203631171988,-0.6160721017372895,0.6142778593055245,-0.5856000379915286,-0.1458537004542226,-0.5567988549455787,
0.42672692880544694,-0.4615265243998349,-0.5697572229532245,-0.3040995985958395,-0.569197441119035,-0.2632261898874597,-0.39357131022894937,-0.2604408613123681,0.3323865342048743,-0.5832081209370625,-0.5193564983797548,-0.4789674161584715,
0.4741929318885986,-0.45968138448650264,-0.37407159589764616,-0.4452415114363145,-0.576033314416983,-0.6730358904180281,-0.5299750509690061,-0.5459846415260885,0.22448949282984887,-0.2881402116334147,-0.1563453194715739,-0.5565063365275176,
0.4968820607711275,-0.612079870029541,-0.5683075801883687,-0.5876745520024566,-0.21689305655479732,-0.37026378328138027,-0.29761446852005335,-0.41154345472596143,0.5457803545162482,-0.48712207226304644,-0.29667616791192,-0.3940785845472135,
12,12
0.3967481408511813,0.22448629929380212,0.5222904856866205,0.27587055623090717,0.37474913370829127,0.28118181775155127,0.3541647947720993,0.4975528057882334,0.5495867021571685,0.3796102068985688,0.40051374571923143,0.22779855054356604,
-0.32684592182645417,-0.27377453203360347,0.08359515708602751,-0.13962174523055124,0.10993915629521296,0.03756924474779469,-0.31869544308220316,-0.16057417125518833,-0.09706182769662546,0.03902526570149096,-0.12014189617362532,-0.3748109545136071,
0.04045968602565427,-0.2913947807824463,-0.24040336675271362,-0.2895117014077749,-0.2591466764550301,-0.017704809877476645,-0.26093360821964573,-0.22134577557838703,-0.19947650128313743,-0.22424353191873267,-0.11286873488366218,-0.21623361446879458,
-0.12144482404544713,0.0034976350469412914,-0.06077079484824484,0.009021668803601009,-0.30239932356197036,-0.23074375840024003,-0.2190816355460391,-0.11546352806430221,-0.03541866409873243,-0.013343095646514248,-0.24500820372578055,-0.08724674072116131,
-0.11041946069441154,-0.152112664572755,-0.12002693750870776,-0.1287414081072111,-0.01937991211958852,-0.1807317185459713,0.019729247712028643,-0.10500989536122946,-0.2558827536784834,-0.06503622297394748,-0.3132880512065308,0.02797070929466684,
-0.2575297725049766,0.10428698864138193,-0.0955822385895446,-0.09268145461645343,-0.2966595835263692,-0.3705386939529081,0.005510459235810539,-0.11173613626041724,-0.27589657460654204,-0.20184881762872087,-0.3106671444185637,-0.006968525412850864,
-0.18743374836639212,-0.2913406410290151,-0.15827738282338844,-0.08432524771240031,0.013092418263064287,0.04020944356718526,-0.2583931857426212,-0.27876918139594337,0.025971552536811566,-0.19556534752498905,-0.07351929712485385,-0.21458629742818516,
-0.0964525131912201,0.08566799954583053,-0.05190253988437149,0.09028983246811075,-0.07414548892589574,-0.3596965824615263,-0.36434257720365465,-0.2885602417294944,-0.14492291017622652,-0.290719455048858,-0.2986895230882826,0.015031210851553126,
0.3837451559016664,0.44901326810536163,0.22025417150410562,0.4392969263235813,0.4101344978826707,0.4614157195764621,0.4045667935308583,0.2824066324315004,0.2240431088582182,0.4408929307473888,0.4197300465149469,0.5673916581056501,
-0.23446429490945078,-0.21201015878488838,-0.12198913319822445,-0.017401063951116534,0.08305919778099717,-0.2793856363579581,0.03898949099510792,-0.2215628235454612,-0.24808064775135186,-0.2432922125116653,-0.054725277455459104,-0.09364369159467952,
-0.07416872527801403,0.0314729225069415,-0.15303047666649522,-0.17780604234102831,-0.21954486961297615,0.12582289696632878,0.043893623123601636,0.11136248752938621,0.11026451965705648,-0.10633512195540647,0.10865212147263116,-0.0881311883864586,
0.08393858655808273,-0.1585006750459008,-0.2725185791053649,-0.3347771494582513,-0.29358131862572234,-0.0342095560085782,-0.06978811941449,-0.005735731839061684,-0.2920207539597924,-0.129538318371995,0.01904074308959084,-0.337270130819691,
