# Pesos da Rede Treinada TxH=  0.8999999999999999 TxOut=0.07
12,15,12
12,15
-0.20016453297519582,-0.20136315110753686,-0.28285537505995284,-0.01559812264022098,-0.22594930581219663,0.47610582220359077,-0.19267484153547784,0.5764837513057648,-0.27165531147465105,-0.28549213294168146,-0.359935632272273,-0.1330656822293967,0.6096854224767743,-0.4829639999600334,-0.15302994223741587,
-0.401730000613653,-0.38283776861125796,-0.3574456485582259,-0.2523057058670892,-0.5907307964147747,0.32560459092039457,-0.3897614518891361,0.48433381896077565,-0.5402425442084994,-0.0824676923731109,-0.22620680421451272,-0.08341598555754642,0.5012606636942625,-0.2777638732809395,-0.17473603039794242,
-0.14348674424405916,-0.277511741449588,-0.1653920125649611,-0.42402934278430926,-0.29305158246461543,0.5570390041285859,-0.5785072358971926,0.5043793115222379,-0.4792784019192092,-0.27346474603971,-0.17682175704141928,-0.35917528020064243,0.24828187545678765,-0.286596514573757,-0.131242487076711,
-0.2802604184326593,-0.008998125182406166,-0.5059231162404869,-0.44982219989640687,-0.4236561955479029,0.34099788825926586,-0.4093920144971518,0.3374968085484931,-0.22575833524619449,-0.10307681823393833,0.07254139610840106,-0.24900793716740016,0.1908290844746392,-0.38299570573853214,-0.595832572156206,
-0.4666523449420495,-0.045583876327197764,-0.6286079206177305,-0.40310075004947155,-0.404704775164922,0.21715522752576416,-0.6283832664600889,0.43746970538069463,-0.25622745208836045,0.15142818353242243,0.03725813908625903,-0.4046593477024229,0.5308538957396177,-0.44234304015178466,-0.4359784353623264,
-0.34320907467844425,-0.2019673293277756,-0.273888641140612,-0.06781657455816008,-0.5454537562143235,0.19937691086123133,-0.26608624683317605,0.2860976593711567,-0.28297707900198527,0.040914386502681734,-0.15196922505744093,-0.23826976784059428,0.5589945743887088,-0.5500743200959783,-0.17989634170414714,
-0.545050753281718,-0.29139260579634524,-0.33801787273494743,-0.4786009258998059,-0.6206218339733841,0.48327644034369976,-0.4738908384047883,0.24280537315494763,-0.5589824920493012,-0.15616079512111078,-0.10415255118993194,-0.25961212370529335,0.10663525759354942,-0.3349352180198754,-0.37613604902988035,
-0.5581356943021957,-0.468731653865057,-0.2525876030676356,-0.5148309811822706,-0.40945084027328615,0.35138239084901146,-0.6627810220183912,0.3465066610377844,-0.27063776404392914,-0.2942739496848377,0.004419365212516147,-0.13527297805645735,0.3666332385311977,-0.5766160599576645,-0.5533637893739718,
-0.18864884312390762,-0.2933429217296444,-0.6086814994547337,-0.1569652651664984,-0.44276254355727257,0.5094151285597966,-0.5188988281857051,0.5146301077674285,-0.6824239067071005,-0.3767910463254684,-0.29292427896561224,-0.481173218775469,0.2631708720114975,-0.4975384079857735,-0.37504856456280183,
-0.26901770309376843,-0.3742110086533978,-0.514579885810859,-0.5061441532639663,-0.5692301857652501,0.4372874288420641,-0.3125743331978445,0.09923984593518968,-0.5020120505556028,-0.17392493523584,-0.40021026382023844,-0.37097002808907387,0.6034360467618218,-0.2707967200978497,-0.5567086581932386,
-0.1405820911588979,-0.188128445599066,-0.48380808153851473,-0.4136236287318492,-0.32531711447848694,0.47019933451829726,-0.2933669920462033,0.24290361441178898,-0.37476209151019324,-0.27233564634273244,-0.3125243001251062,-0.5731790153671584,0.19920400171930325,-0.3924141061594987,-0.5515243224937761,
-0.14882258333512832,-0.12295855207375833,-0.4824051357079683,-0.08991392614195928,-0.43597152526224897,0.272207168020197,-0.2205814146770669,0.43665160180225676,-0.5519949127463728,-0.007887679554674868,-0.14271033737040278,-0.17118318728462467,0.4245959673538986,-0.2643250218200765,-0.37340106795063555,
15,12
-0.3069335307417172,-0.0685834790943251,0.03225072200848452,0.17807204049916828,-0.023032097389865287,-0.1433237370840772,-0.19203464447104313,-0.0160422677783569,-0.2762580301883927,-0.08474089944607072,-0.04306105155156456,0.08438747623295743,
-0.33918841466536687,-0.05256364319618569,0.12163008997171022,-0.14629749272542353,-0.010898531947136707,-0.1275809639532562,0.10261417824492253,0.08203400380101132,-0.12030840127947204,0.07833483165471222,0.03282574916633731,-0.13600051964506002,
0.0928438337772746,0.22959431760291285,-0.06481297265984765,-0.18251045864439075,-0.1866166884560994,-0.03549087427941401,-0.2979034768949293,-0.2543468598975681,-0.24614511685899634,-0.016585594506545513,-0.13970611798543844,-0.12823454387031635,
0.09936527217802936,-0.13133470460010674,-0.06841748012006789,0.03582040370674746,0.06029761256596308,-0.13521194457356575,-0.18482199888330603,-0.1905878218226544,0.049112296015008404,-0.07827970848409897,-0.2320282436575561,0.06920019135077603,
-0.18441631295441918,-0.20123072205113388,-0.15488637165698388,-0.3274837910161148,-0.15871360286476227,-0.10949938884706416,-0.3285232030789169,-0.08384208752847566,-0.09821385125207516,-0.22539528556370625,-0.19119118721762574,-0.17008439527343644,
0.23167130741671485,0.3220666834019506,0.42395494579929005,0.07216942267585202,0.2824332736609269,0.17949554719030583,0.32908796171969895,0.33890965519381794,0.3381133818351927,0.42069370175038284,0.4123813059202554,0.23351474588601712,
-0.29786967931752917,-0.042617072109894086,-0.33239787448223507,-0.18163790803842447,-0.24475200469122815,-0.35162762573825307,-0.039173797712775425,0.017049049931741316,0.056232821623363766,-0.35693098355286806,-0.335712617153896,0.02785724748513371,
0.25156975947939114,0.3330193599711342,0.187517061768709,0.2868319755600412,0.25501418659026687,0.23788105714058236,0.13295798683927015,0.30885634294803743,0.20407919443259845,0.1780333403146129,0.1840785990252211,0.2626969394138174,
-0.16432509885260357,-0.2383727876217125,-0.15156259467351463,-0.22084350114631607,-0.1871498497826729,-0.0979208101464566,-0.14392327407044125,-0.32818572948202324,-0.40010047439883156,-0.2856242047623684,-0.2437818259264028,-0.38570434254241964,
0.14135263572120058,0.08625602046645096,-0.1857832767399751,0.03578648446139978,0.08875054963082911,0.05126381843723547,0.027957347644572483,-0.10445934707930365,0.04490110331129028,-0.07484355183815848,-0.16985651212753694,0.08981486537877921,
0.04686325420812789,0.07634037704864705,-0.0028243899811264536,-0.22223645954345259,0.13454000021490792,-0.13450471880644127,0.20931570470926522,0.03448465486501649,0.046873176581787,-0.12032646362380568,0.10374961048815431,-0.2891537835288025,
0.012635093518912807,-0.2306524159488364,0.1093468454413606,0.07997633573791307,-0.05355965790143091,-0.09056148519962957,0.04719634415628127,-0.2143619130646678,-0.08216551422204238,-0.036245702348773556,-0.10569561466813175,-0.27767559126208696,
0.3038197084953197,0.004627106798171314,0.12474235449443964,0.3605731498938592,0.18502939665496415,0.3985414211130164,0.28931064108417776,0.20116577597899957,0.305970213846877,0.30775935576884195,0.27472974953310225,0.3901902777696478,
-0.17090974507437648,-0.20979856615555567,-0.2423008936236095,0.06452765967469208,-0.15200850649040346,-0.1841570180191608,-0.2281538683832169,-0.20199452634367848,0.03800326083000929,0.03150741581296847,-0.14276333711577824,-0.026659439095735763,
-0.21328452231133083,-0.16476143787791725,-0.012057501939667122,0.019331310161608394,-0.3084311356560856,0.12918897343500882,-0.12424220767962593,-0.04397404308018483,-0.425847598495201,-0.37536626110339344,-0.00831653992211101,-0.17118763579743967,
