# Pesos da Rede Treinada TxH=  0.30000000000000004 TxOut=0.01
12,26,12
12,26
0.02142582364473307,0.09520959197231554,0.17352807920494526,-0.009385700613959687,0.34190354676871504,-0.2177382113921554,-0.08478128326685948,-0.14316636187350334,-0.03489326006600496,-0.32218409407524795,-0.028796621598697777,0.12840505758318382,0.035469938800399906,-0.30994055837813195,0.16598209779026654,0.1102973910725801,0.14364332902914131,0.31320357738302523,0.1429990689298025,0.17089221179073535,-0.21095785428626393,0.3309831826737118,-0.20280950670273862,-0.17462718527527132,-0.013227665247623678,-0.015562990986554589,
1.27681490121133,-0.7001262569991457,-0.6511388684190513,-0.11799906813885007,-0.43401320158477946,-0.030017124755915087,-0.11117752754141409,-0.45974144711681963,-0.8826250800674605,0.7890213018543943,0.2216773344545986,0.577283382475027,0.6836576795159007,0.6725591696764349,-0.499462623264234,-0.39763190628716766,-0.18435889871350813,-0.6491610039853317,0.6607073440620352,-0.42962094303483905,0.5668492572421063,-0.09557935975491115,0.07041503961541008,0.5865231859115031,-0.5357899358846916,0.5704209279378722,
0.9988989700912165,-0.5557368060409696,-0.7385480185135344,-0.24846151914293138,-0.32745762490308084,0.3167769895661028,0.23254981033663005,-0.22312569193404616,-0.4357855329488769,0.3740164542783295,0.20182395498649028,0.4038202121102679,0.541181197838312,0.16245633434139045,-0.5341801000355232,-0.02154796454570003,-0.11710984028027212,-0.5871347808759461,0.6001099284250418,-0.5250160086742366,0.3048254106222047,-0.24484078858321595,0.04360577469163201,0.36421223503196365,-0.3075195082247786,0.15368692913955803,
1.0776963438872385,-0.23409931138837548,-0.8640599867041724,-0.19558952628299175,-0.25393552463392505,0.02219507944370844,-0.05381677894496912,-0.2970233801574723,-0.8364213174503743,0.7439635626613699,0.3173924252145884,0.46515150206792055,0.7337983317601328,0.41800199064296784,-0.6256144460310343,-0.2228427726010716,0.0331930757545828,-0.6263584477788143,0.3668250416083151,-0.4510950894986033,0.18264266583012792,-0.4079173119138075,-0.1493729961609752,0.5109648545330823,-0.13404088230180947,0.487685068677906,
0.6298524646960075,-0.31911348748566243,-0.423573635774377,-0.289552817934775,-0.356453634389619,-0.07699874409692507,-0.06560496785662974,-0.6278695485829487,-0.35248373911476955,0.4395142401464842,0.06724601128463635,0.48001298049879126,0.2296573251512255,0.1371732038595457,-0.5226285395120709,-0.1435508554028018,0.0026717652331119932,-0.5774278498142754,0.3991142895031131,-0.5066912534263962,0.380496608769243,-0.0022523631717540015,0.10540193092608885,0.3347818646452587,0.023693665528942767,0.17314729897317424,
-0.16400719843059774,0.3416174117126437,0.03736447612782592,0.11359445957475059,0.2895963058603618,0.09173501051931508,-0.12902023067003773,-0.03882693174520473,-0.08411862707335725,-0.369339659806035,-0.3025765041529243,-0.37433449880708825,-0.2969344369661189,-0.03657829238058546,0.37107267505039815,0.19065340788183585,0.12941087635759135,0.1342699989298652,-0.3822321625138869,-0.005245590003114579,-0.16464708194653213,0.21490209148956282,-0.14608309988779644,-0.20347504585471693,0.05649374767585463,-0.30363508747001494,
-0.4542425514433215,0.4696026479199533,0.35739738832703455,0.3510297739114747,0.13674691760959543,-0.32899600863195166,-0.2673033855980467,0.3520409087828397,0.38659978379871646,-0.14126962243280072,-0.5080625814644978,-0.28131296920195464,-0.4693042425141663,-0.3141275920281876,0.39113374648633475,0.33549219090273746,0.10700437142007911,0.2662330141643188,-0.5314871510720485,0.4187996746595935,-0.24753656006275399,0.10679472137561488,3.948099187038631E-4,-0.43851311732120285,0.23034695728587443,-0.32296180874149916,
-0.6219027605055395,0.3169261488451891,0.3594218632558407,0.3451308365926698,0.06614784424723766,-0.30806765399276287,-0.12739742508908067,0.3926313686898955,0.426076506425357,-0.23735816594937345,-0.04399074352851573,-0.2564748892551912,-0.12986035753796488,-0.5305375046351402,0.12456971040448532,0.1999768451385724,-0.0132195110012226,0.32196749676832004,-0.22481761984427814,0.378412783578456,-0.4325922880066192,0.1827478691191346,0.2235216388084168,-0.06602732932654733,0.11294867084704156,-0.3621665617651836,
-1.0582351544835036,0.3364359879771843,0.6734898059673091,0.39332353532595077,0.4760367200605358,-0.09261919769380285,-0.23463369686697425,0.5664811082796263,0.9298972434945358,-0.7541982941643218,-0.49722084159965724,-0.6130049618461223,-0.6004475881816749,-0.6724435165923968,0.4794122882232054,0.28128730899252036,0.10716976571408514,0.4605427230619742,-0.6430183635099918,0.4702253625586681,-0.36993704535636807,0.42662900003346743,0.21564636269224216,-0.6458184747101262,0.5401510393553917,-0.7454210359073405,
-0.9883958388484522,0.511460494485019,0.8135332927555714,0.5077955568860337,0.5105753182624887,-0.5135747219625761,-0.34804541232742037,0.5053382895114759,0.8867445527664195,-0.853943067851882,-0.483023641113605,-0.8835020985184723,-0.6572758087645706,-0.5066866575304415,0.6233664149437291,0.41294789617909544,0.38962088862872846,0.5115321120048298,-0.52456195701765,0.8180668122594158,-0.7687087262821909,0.2774776880490066,0.14821273925813383,-0.7272281873149937,0.39947026925778767,-0.5077554821234858,
-0.8958469125230301,0.5286506221174994,0.5294410012237977,0.295448516453222,0.4856739467202433,-0.5007153794136124,-0.3038705539896565,0.3107914739207657,0.7857904378810564,-0.5216659878804539,-0.3292532657992097,-0.6958193147236911,-0.8676244463547269,-0.37050415010015486,0.3465671888816045,0.07787200625123424,0.16896049741013894,0.576891295140715,-0.5618297368632448,0.5846574587319543,-0.5294588697421087,0.42475249344467875,-0.161087609057812,-0.5263454623985646,0.5901630538853783,-0.5474689628748938,
-0.6584187006692384,0.15147224940302975,0.49807778556388504,0.14155832958256814,0.17033954018822065,-0.23018325248876947,-0.3996536307870995,0.40985982019887784,0.1764051336260296,-0.48771361782066097,-0.23778161977751458,-0.4026502824173853,-0.7243340847255306,-0.14868556444741296,0.585133732988697,0.09682633470511534,0.11441092269120925,0.41978871645540655,-0.46645690491241215,0.09804259447960453,-0.369110595068867,0.23927464089537412,-0.0789884292066503,-0.26000049298262545,0.14083025276502192,-0.2366200127777854,
26,12
-0.28067228467520194,0.07920863716980749,0.017823759017579727,0.030831853478492353,-0.32298921246282697,-0.38681052677221905,-0.11279507567977697,-0.2884572241675567,-0.31882964531256575,-0.285382157592596,-0.2996882402712116,-0.3662170852276586,
-0.04233479899927449,0.3116236177393369,0.29039501871101653,0.08209322174979135,0.06985402059105338,0.19828131721743436,0.24811889259241512,0.15358295758372761,0.218840230547459,-0.009101163745204793,-0.0913524319730339,0.2086392074917566,
0.021791774857859172,0.21970642015485414,0.06524063332419419,0.13617855938241732,0.2003881584097256,0.06597949633446071,0.23153882067264805,0.35653775273295524,0.08201989589833796,0.19765170049778222,0.3437653478506076,0.04348340081160239,
0.0773482521026148,0.2868182620572343,0.20074970019684168,0.1760266667054359,0.1327112667553487,0.14837407590105028,-0.006153020123187889,-0.06357723658461299,0.2771084234444604,-0.13398643060312687,0.1170716368343286,0.27593712333876413,
0.2802877317501007,0.26162814896537884,-0.026474963109483024,0.26274115129478237,-0.054132600424075514,-0.11187093131496653,0.20143988170834556,0.11953177398600993,-0.14868350165922467,0.28254834967320075,0.019209273202751485,0.21799271412347881,
0.13367647251507148,-0.1796224881965055,0.020704961026709393,-0.14529016413609505,-0.11314216224638485,-0.06337781771826255,0.022477812807929543,-0.3545097933164399,0.021804278204690955,0.1438026357241103,-0.20670996517845128,-0.16238762755902011,
-0.17134446753101157,-0.17266923458579347,-0.19318984514332216,-0.15114558932639427,-0.023141858477689483,-0.08412194351431884,-0.25223109288619466,0.11705138240981464,-0.1330160076748987,0.10532939607449351,0.16332149513089597,-0.21108882089154024,
0.05789676210568732,-0.10144410941122874,0.02810820854570825,0.11532641207697791,-0.053059655709386595,0.21153229976820478,-0.018695650057545563,0.2573585667474103,0.1604320248749207,0.25880901345957585,0.17837039406742386,0.09419995900781684,
0.10802392333888104,0.05960826006206811,0.31896528444109,0.1287724925233481,0.1919557847468229,0.2595319799311214,0.23134696301993843,0.22188576301589402,0.08442790520850928,0.2890686047826112,0.13861483076961592,0.2132288765464023,
-0.2382741787778261,-0.11648925455909427,-0.14235257573917215,-0.16642017670276654,-0.025436438270834277,0.009965464834577144,0.08479370541933472,-0.2171419712011922,-0.29646913899839233,-0.1655893309744035,-0.29945275366942997,-0.13346306800548474,
0.1024819920462473,-0.18688439686089311,-0.2318606224064403,-0.13355181448781128,0.019237451350297044,-0.015477109179755416,-0.18419538023141435,-0.1872302524119813,0.06102095369515033,-0.1851992948403996,-0.03853055749857601,-0.22288446170557646,
-0.2742698604391057,-0.2955946678799037,-0.14725375624356069,0.08567391505687509,-0.11549965588693166,0.03681155179352113,-0.10594877648801883,-0.2747037877902148,-0.0064848687249415456,-0.30892923488126334,-0.28192562415306016,-0.13343321613693068,
-0.1957023172419672,-0.17436925683973073,-0.3210421270194492,-0.21794709550641736,-0.1784024572269024,0.006584069961081879,-0.22993625177676752,-0.2623389244702884,-0.3143499200357292,0.0806139379091143,-0.13190429414151983,-0.1268119012930452,
-0.260053096458934,-0.13150506598343067,-0.049934227822450626,-0.15886970117614244,-0.12914473641579913,-0.23575589201484337,-0.3030453559574532,-0.08307507386412649,0.05912889233112868,-0.12350097866579139,-0.20909212082920053,-0.04609792262514627,
0.010933795773118173,0.2165254035263156,0.03493947074310675,0.13610028761053478,0.32438555076682235,0.1758853575117383,0.2803821917172873,0.01887906942702392,0.1645338090781087,0.2653037997117788,0.06947394744169792,0.07729918555564097,
-0.10929197585507529,0.09382093331362754,0.27908668934478315,-0.009655183640843956,0.0068124597934856,-0.10798012955520861,-0.033208394411978495,0.19193169255669018,0.13911250019276417,0.2903798942438027,0.32301285789902767,-0.15432786791048536,
0.14820208161716655,-0.007578433877489798,0.2662608861366706,-0.11663881039891223,0.10609514112031987,-0.16753748546739916,0.22080744809651814,-0.13588819428497648,-0.1577412690620621,0.1433025501044862,0.22444058101793643,0.17766721932119842,
0.2309536226872516,-0.005883312333811282,-0.07176109938962205,-0.08310872604329846,-0.07819493650538012,0.2722690349585021,-0.1722371257956116,0.17055967169950043,0.28580535776252736,0.2761626964283736,0.1862917064001637,0.331431492788796,
-0.19674123613839722,-0.239532918721697,-0.14444841872582995,0.020281653589869053,0.11427339424541665,-0.24584749923296462,-0.2820064486074811,-0.199213748434692,-0.018973917444173233,-0.3188510771578402,-0.13327117633195926,-0.06778652518735316,
0.22118101235963775,0.08430801426628388,0.2732377424132522,-0.051587517435867605,0.13614100312913097,0.18288988829405273,0.17181224622644606,0.28546815687701094,0.29582651627097545,0.09051406709268074,0.04553277522774006,-0.023804419208331574,
0.07870401804341286,-0.13482948673708273,-0.049517804644084736,-0.19395135528092525,-0.3461269301806599,-0.1388213491664992,-0.05146647312660989,-0.10237966784876996,-0.2829941402986697,-0.20498330307675258,0.12480847312796844,-0.267747516284117,
0.298014559006713,0.015451277883351757,0.01274103098561249,0.28107544222441266,0.17937482366608956,0.3016832382338438,0.20291690505572726,-0.03008164490397839,-0.14830234058777325,0.022289739644665286,0.002745258114407005,0.1856637060045783,
0.0604273510311951,-0.10564277410275248,-0.15246411645618832,0.22723676000328752,0.14257687015653342,-0.17808053682656236,-0.09933071989259842,0.1872944179799018,0.2635496417870254,-0.23740909138709704,-0.03685371175229329,0.18922780022298355,
-0.3409253227840353,0.17027243175874554,0.032231867524493106,-0.27266043925437655,-0.25782572923718805,-5.44493428023752E-4,-0.24923298435264493,0.030915061333106727,-0.26223580731167684,-0.1942334081620756,-0.16790917498353794,-0.12725941142370292,
0.25484113900178007,-0.06040471934504426,-0.09006177863800538,0.18495626291441325,0.2885192384612651,0.2133891554158014,0.0644060418021212,0.04251313557838672,0.24631757920234706,0.006165018106206769,0.20759413345298655,-0.10907913674940883,
-0.002595892561968427,0.10084690483120032,-0.22613792183493475,-0.1813661003115223,-0.22440148475234675,-0.3374071195528191,0.1287779100653106,0.0349602251559706,-0.28408935681121045,-0.29631631334265524,-0.25619851538787397,0.1512955291934639,
