# Pesos da Rede Treinada TxH=  0.8999999999999999 TxOut=0.09999999999999999
12,17,12
12,17
-0.5709432025407003,-0.2962137237410272,0.5465902741780237,-0.31036212500225024,-0.4315605633903595,-0.4159425808931229,0.5237693504568733,-0.4429389133708801,-0.5000096688691418,-0.5113989416346891,-0.5628862405268992,-0.4093082063579371,-0.3911057761627678,-0.5125512229010466,-0.3821440831347706,0.3620966159078138,-0.5092614567211032,
-0.12100764054196059,-0.5817844682305572,0.23594042610529498,-0.3438889685641485,-0.09950756799552969,-0.5386020438819751,0.33135713885244256,-0.2838420850229414,-0.5688155686997999,-0.20899468375243666,-0.5058548940837305,0.018156716523691954,-0.1565869635351087,-0.20867751368864396,-0.14656626141328416,0.21165098744761232,-0.22128072923374031,
-0.09843476762440777,-0.29496942846619956,0.07563159506500916,-0.1681047149410891,-0.3831390411529977,-0.576833243401468,0.5646267550458912,-0.5905568052538346,-0.19248501623800257,-0.46579141136036156,-0.489884014565941,-0.0988817398151686,-0.5848203951782045,-0.48430281416504545,-0.17057555773532668,0.06829517419119838,-0.026355448647945416,
-0.29846350311835224,-0.6366847229659628,0.21601086413291462,-0.37161832846821735,-0.18097473633805153,-0.4104465998185013,0.46274442815194083,-0.2905228229866747,-0.34897277777192764,-0.3522775798036994,-0.6425269966529819,-0.01047104636359493,-0.3301873669966942,-0.42327539815521065,-0.5504444516487764,0.23151593830640463,-0.3383465571476106,
-0.44015721986764267,-0.5477188607392791,0.5339477805204328,-0.3538479414798009,-0.08163236100598754,-0.6279170629730096,0.6233438440414362,-0.3607127981459861,-0.5052164349676791,-0.4852539354030745,-0.2947222157026118,-0.38972050520539997,-0.5914583890838601,-0.36071380418331095,-0.21804933018141312,0.0017407806570471814,-0.08368758100629892,
-0.5763279278927158,-0.2613774337020021,0.16047580612930679,-0.34568459897596204,-0.24699088996582771,-0.2241870140265199,0.3014083711745087,-0.5201536414403066,-0.33047832977265734,-0.3855547427339361,-0.36656955043363443,-0.17552168969906462,-0.36468992012776463,-0.575787951307487,-0.5153697358753595,0.35250125189444254,-0.5448429895687834,
-0.5131824001352936,-0.3687642596743308,0.20696821100537477,-0.21706868213130043,-0.326618891791644,-0.4226279236183508,0.44026927566868873,-0.6072971114264253,-0.47418232392412857,-0.5896605203887304,-0.5500666887448582,-0.4886858004163896,-0.5646311069623778,-0.36394048625081454,-0.43203178386283664,0.3073821241878902,-0.5229074256511087,
-0.4129966307489978,-0.3656493691414412,0.4386525195210455,-0.3478549296060252,-0.2223762288051666,-0.31203602672840763,0.4146393658059424,-0.46749350215146485,-0.6204873083513575,-0.3282727504349276,-0.16959529813955468,-0.015647774213997285,-0.3833886663078335,-0.4821914122621049,-0.475798759511014,0.24259914172806452,-0.1214001584188254,
-0.4664650391135719,-0.35087028268591225,0.2289395690497814,-0.4981254305368081,-0.32251687735997436,-0.3903591106895469,0.2708691196640161,-0.32256416483684003,-0.5082114972401021,-0.22280330887815333,-0.5166927143947073,-0.24076040104155488,-0.33327607066858966,-0.6689308477355284,-0.4865849128424995,0.21281311101743045,-0.48061581687581845,
-0.151531249772158,-0.23295480669710145,0.319201707689424,-0.23711053145565855,-0.33887769403048784,-0.6583470696017829,0.519510158457412,-0.2582269170220697,-0.4955797517737473,-0.5914593952695202,-0.43286005832869207,-0.2982804923748724,-0.3966380283922361,-0.652962620791569,-0.33615877193821786,0.07219169391899947,-0.2848990401539537,
-0.3614359112168976,-0.42193387797407783,0.36950400679764434,-0.48258269253728275,-0.15793334941641282,-0.3635644458770827,0.3821943713797543,-0.519688604628975,-0.34754147960931864,-0.5093681713260992,-0.37872497359095353,-0.0905527943471814,-0.4695707668611758,-0.5112114968297463,-0.1711413947564236,0.3680950636252588,-0.475142693060023,
-0.17446186860435073,-0.2694849818693485,0.41994169934655184,-0.36099857913266287,-0.2737666611897617,-0.2815051583614614,0.27190351884262803,-0.4337158671692484,-0.3625927195195987,-0.48148778567684075,-0.6542916951128442,-0.42163450190573615,-0.2449569350134483,-0.5332860461800278,-0.4605968037518753,0.013747000486477107,-0.3824812595607764,
17,12
-0.07492244582407906,-0.07576399472400935,0.11726947122776497,-0.1442273648431286,-0.24969047811245215,0.07974242035551071,-0.11924223072928339,-0.03228251651184724,-0.21242661185414402,-0.1574750417048117,-0.024005016020971503,-0.13376782858971595,
-0.2164103993733698,0.0858502900356215,-0.18308964936036615,0.033884827877786634,-0.11809581252124136,-0.04435334727948627,-0.3312225844128417,-0.17671311921619248,-0.15631629359378332,-0.19411105243581986,0.008853168930716422,-0.04713440143125409,
0.24361997842495153,-0.01094824627260378,0.25688829352941706,0.33353237460366614,0.14283735675360423,0.17556371496167295,0.3034629871545038,0.23871312842680095,0.41336754949112614,0.3763600485788492,0.16091780552560242,0.49281049451196,
0.09943749739974753,0.04558615743195109,0.05581172048980588,-0.014984461487451035,-0.22615018880152504,-0.18081830405773405,-0.09110239032178075,-0.04340931228786853,-0.22086409132998264,-0.10465746281282205,-0.18656912206261317,-0.17722554200733528,
-0.06988308472205315,-0.07513305569779966,0.209009120006619,0.12935715708311468,0.13038535389567993,-0.08722794342336371,0.038347950609467094,-0.31792522175120935,-0.1486158553013872,-0.24918633841346408,-0.025076413632718706,-0.2682091088423658,
-0.28528620103092045,-0.2462578962140196,-0.10533683480729476,-0.1585532747445805,-0.20160367702018117,-0.2521731857476352,0.0037857506388725135,-0.08404345210625516,-0.1174717353948639,-0.27054672574666566,-0.05385034288039854,-0.2182223396554282,
0.3125620540122611,0.5570053138212312,0.4718203288358679,0.43276262557926926,0.543616653069842,0.40078310120207333,0.2627694650475541,0.372264791426659,0.1850602362593737,0.4569205612471458,0.2820112832029396,0.3780372146707319,
-0.3269766249963552,0.028065456858020286,-0.14670535452741498,-0.27194540600672207,0.011419617719644016,-0.22379548261624396,-0.3059986090504411,-0.1911381200842316,0.07108066891223976,-0.09032770440607286,-0.13131407472977158,-0.14592552875503992,
-0.14478049584158617,-0.30328203619544825,0.02866022289612834,-0.1451161986681699,-0.40789521005992513,-0.2127249871423215,0.10255338685162343,-0.08525552377177434,0.10307332531200813,-0.41361951969493344,-0.29142154969547984,-0.07755418285284535,
-0.27144000411446445,-0.11774238022217985,-0.1993197895750797,-0.20381679369645317,-0.0425018418991884,-0.20565433568810196,-0.33583760882585034,-0.15755836525124284,-0.17486314069118986,-0.3365455259390909,-0.3569394886061779,-0.22880185806700493,
-0.22268665158935813,-0.17668199332135595,-0.09359935469252058,-0.2648890228730413,-0.24594822854527817,0.041818661180074386,0.09032433986076849,-0.03299905516128555,-0.07328498112602595,-0.0058600905312109755,-0.3012092308919161,-0.15042964242737392,
0.2176513369606242,0.0832708484036557,-0.08373810763405652,0.14309372664696549,0.14640588789047687,-0.21085201341148813,0.09337699981228012,0.027780143241064353,0.12862522276443442,-0.03291205148784701,0.02863243463626804,-0.12463828971717471,
-0.09431226843506371,-0.252582843463855,-0.15765250981610895,-0.10531992242420918,0.1073979175085858,-0.06936819387884965,0.025425583576528226,0.054987607858311645,-0.05867806729664088,-0.08254949166192893,-0.13338873439160867,0.19153807809012668,
0.03239373421680832,-0.26625801301192337,-0.48085558293934344,-0.16845256582185367,-0.12807959767248872,0.012812589319299732,-0.11468871574082629,-0.23555179077565586,-0.17913424157396682,0.028032405500244207,-0.3783338650687992,-0.2803902938808309,
0.16937911359117874,-0.08225731732557773,-0.06576008980811918,0.0010751180666343973,-0.2229486007733883,-0.1212551724365035,-0.29036298518843306,-0.289395526542277,-0.23476522360115284,-0.13580636953513084,-0.012374797830024235,-0.03302189975611672,
0.20108422374307874,0.1580482014731363,-0.048355964154805746,-0.11824584012776733,0.053007395346229495,0.2976814589537968,0.26546595387165894,0.30491586988005365,0.2947747865608441,0.2062252814765214,0.5164276039461713,0.11037277957637988,
-0.17873124223585968,-0.07761219296308493,-0.05733264716576746,-0.026826202234167894,0.09212044906263629,-0.024163353285777636,-0.17654760558235927,-0.04665807097902718,-0.22489808587626128,-0.10343844392284396,-0.05351288391270362,-0.1917192078206652,
