# Pesos da Rede Treinada TxH=  0.30000000000000004 TxOut=0.05
12,10,12
12,10
-0.8440737970336478,0.883482738291078,-0.6705083433519373,1.1391437478846316,-0.7606090726259096,-0.9100158206148236,-1.0056571484170247,0.7935694513100875,0.975918536554934,-0.9399569155496893,
1.2925240315574535,-1.0319584836653302,1.8081732247745943,-1.6676048262787988,1.3676629698462903,1.596087251047056,1.5227992644409192,-1.5029492430586848,-1.2794257163166973,1.5386211053353163,
1.684458738201991,-1.5611460143652796,1.8876467553748044,-2.0933052280171616,1.4290139163111717,2.2338526560332244,2.044405968151888,-2.0307206712971815,-1.8303399850736433,1.905070422387136,
0.21224358361177612,-0.31042202443988276,0.16420228737088763,-0.5625203980827005,0.28250482299536245,0.3964831683973987,0.2062445407759853,-0.33475876159331774,-0.2717072216425103,0.5248415240404943,
-0.38865904659857325,0.597830214745231,-0.6364966732406938,-0.00647786038049,-0.28542475358532354,-0.43712540754232426,-0.38665545357148856,0.4146287160495698,0.28320867963151186,-0.4092660500809779,
-0.5948161149991912,0.6213535876746656,-0.6917338809032995,0.41403989507787375,-0.8533890403994461,-0.7994968434499341,-0.8136056434951562,0.759639341557954,0.7108674776792527,-0.7535356596684545,
-1.532865073593128,1.0569857214594718,-1.6052969783586213,1.3836981145870886,-1.2162964096031537,-1.4457297142116579,-1.5943074739350545,1.171039783872104,1.2689069789309058,-1.3850942380308213,
0.20954504266770596,-0.5447958517162842,0.4631661549611056,-0.7170697241968315,0.25904786586271406,0.3464988013351989,0.41153283401675167,-0.45629350357939785,-0.6230053693640046,0.6679204950474537,
-0.8210994739373737,0.6797184275999704,-0.8142752335459684,0.8894879622545626,-0.7636430744851463,-1.036893056290783,-0.6470367520293792,0.6880714235111197,0.7237967558859483,-0.9753407388905454,
-0.6754495676880746,0.6828022917005852,-1.0223176323024659,0.6841169978965144,-0.9238200294262942,-0.6635172759699124,-0.8086667710055406,0.5889605334569478,0.6568009365029661,-0.7716477915296222,
-0.8164102502781991,0.8943547687329547,-0.7753667545530285,0.936478824735515,-0.6893553432567683,-1.087961160596901,-0.8269082718099837,0.9649649988741488,0.8566140026128205,-1.0122182437647789,
-0.5773763004257141,0.31435892623564893,-0.7549971552820557,0.4205129440291616,-0.5975197587726341,-0.6222963586224445,-0.9494384843637584,0.73850354186859,0.4733550601172299,-0.8177657343074481,
10,12
-0.2674231870567903,-0.1934198992548575,-0.4360362090369692,-0.23613871570899073,-0.17956048573584232,-0.4219734264401483,-0.2951940597397089,-0.30033150288059407,-0.2085329147198109,-0.2106300021455139,-0.20323353101942787,-0.04062359823042355,
0.37898076239858436,0.36645025269844733,0.49507448879932264,0.41755560295486,0.2390277126934387,0.2657102405524852,0.3531752803595217,0.40679353975347854,0.25761604067712557,0.25282711936314395,0.2367956549065967,0.14565214567250578,
-0.43313175245214136,-0.3237957830572294,-0.22499491949007147,-0.256532906023937,-0.2508899316477322,-0.11876902055499892,-0.23631322601162186,-0.28987110993725246,-0.3983950319559387,-0.2739977079526564,-0.23869486312974703,-0.16344119990700642,
0.08758436238139053,-0.08748490262572615,-0.003574912201356345,0.040849871895663005,0.22735711437914774,0.33893765140088816,0.2827631433766039,0.287446891005569,0.3388601132752111,0.3195712467103324,0.3039724741443577,0.16775166190465501,
-0.09051487470820771,-0.15706551098067725,-0.040226050358164164,-0.3209030820755425,-0.3789446881655336,-0.2177535758557131,-0.16633628600710104,-0.31511710828160755,-0.2449933761449704,-0.27168485787375235,-0.1653475703472109,-0.33266348977313553,
-0.17044235337894778,-0.1784596438147882,-0.16056329947307418,0.016693408735563367,-0.27185623557372496,-0.36089122643766364,-0.3120384692225102,-0.033643927382301,-0.2980060585957675,-0.3317801287677043,-0.40574637699699495,-0.3294145404489519,
-0.20466817894345016,-0.323080078837431,-0.32999000628210734,-0.3996599095528077,-0.2953878332784926,-0.3457360578509996,-0.17437372228069226,-0.40141509808656267,-0.15138290175294256,-0.3569305012768736,-0.20964372586623145,-0.309226637381847,
0.1583478453127168,0.32300015481452593,0.21745376205590256,0.22249186614098282,0.351495068429077,0.38351403375427207,0.3470739049984826,0.14535473576123928,0.23697134481557833,0.20308007042770168,0.4264391717461078,0.47090107125715325,
0.42963311648829644,0.28404200979519045,0.2967168535707423,0.3086266804512095,0.29051113838170217,0.11058229707603856,0.15329797329811592,0.3062012036397264,0.3230295169378081,0.4101087719603679,0.21545021548885052,0.35897228226461014,
-0.3390648294092841,0.006303740810779668,-0.16849104242475058,-0.16636783508456623,-0.1175678106707971,-0.002222259662908354,-0.3644762577899048,-0.30623284580841265,-0.32351938654237955,-0.24379300192474232,-0.3686107463079357,-0.30511335324162714,
