# Pesos da Rede Treinada TxH=  0.5 TxOut=0.02
12,24,12
12,24
-0.3780459970847736,0.20953891759396223,0.43497876841482935,-0.4644144724377664,0.2798518661755179,-0.28235056620755705,-0.09971564089499642,0.07153099450388425,-0.34059592728711946,0.2554278286508266,-0.1413734258378657,-0.48520919528090833,-0.3873796039209969,-0.06328646325625419,-0.44503702908048354,-0.07777976508111037,-0.09228333415520322,0.48443589659397646,-0.2709733827674059,-0.3794717438651737,-0.3129182022881067,0.03174246970246495,-0.48615501174123843,0.20459447231459008,
1.2517093857754487,-1.4180340272042808,-1.8347074902500071,1.3480952564655124,-1.5552711327785969,1.0368323151857004,1.0925358705672905,1.017772852446366,1.286256003146307,-1.5798526826127868,1.302172073528859,0.5876291009506339,0.5394447252215743,0.973565294578192,0.7380878054346824,0.19701873301405942,1.1227017641983468,-1.4933619405585896,1.104110042209188,1.2430146340069204,1.374386346478822,-1.3866328101693772,1.1833130294465841,-1.2056310599172195,
1.2394157335381326,-1.362451681394744,-1.7604009105075344,1.3904252405927366,-1.6398579726262177,1.2603412078766056,0.8408676342868046,0.717495262283199,1.4285052140778174,-1.7313372744090438,1.3217869458788198,0.40727227729232074,0.6527627694301303,0.8892511774284311,0.9847681436177422,0.09989092399040929,1.2105308441719644,-1.3281055622184041,1.153532653842726,0.9582605333291713,1.3372194612333188,-1.713638459397163,1.2794000849728608,-1.1818305218803438,
0.8809818783474962,-0.9002406127535437,-0.8941013834603867,1.0758698223722682,-1.082645645344492,0.6006338711430141,0.5880743789437759,0.40906376699967734,1.0280217988495846,-0.9284045296368776,0.7724827173190356,0.5041810597834276,0.35372210703422513,0.27435430955075024,0.5030157595593133,0.19484491073628168,0.4675640214073921,-1.2310098693822524,0.843736737503308,0.6100441750126532,0.9304810249232028,-1.0025634923674607,0.7339633157555352,-0.7111444803744716,
0.31788114296167763,-0.7100856640901178,-0.4295926956132339,0.6365374789027829,-0.5005847739124898,0.22247141216520885,0.09599436750586945,0.44415949352670875,0.41929460011930864,-0.7503141044233574,0.6060868721503282,-0.15355824249733663,-0.12602083346118495,0.05096369133166586,0.27119538265583004,-0.08340091892130826,0.2871497616747264,-0.7774276807621048,0.24618517262921985,0.18222756161227635,0.13266899840890298,-0.4971993355115088,0.21472331049671436,-0.658256462829522,
-0.33896513582376675,0.24673282031668614,0.5138500212028123,-0.6681877969289124,0.48213833122202365,-0.6590955883005317,-0.32957089761174196,-0.44141317584466144,-0.7791917575921418,0.7991238387998878,-0.6409841759546687,-0.28261601714423445,-0.6978023660964944,-0.6453533115735757,-0.24403033341099542,-0.6156769984653895,-0.7020841217797029,0.5724746545404147,-0.3412931931847124,-0.3726804498124743,-0.4775741954227075,0.5510012725559651,-0.628148403937795,-0.06070456634013591,
-1.083694443335464,0.7706204153553203,1.2952084753788546,-1.1940834201405623,1.229132579078071,-0.7997934174376327,-0.8418528130353246,-0.7865414039818476,-1.131470965118708,1.0647870230208833,-1.128828946468544,-0.6422348031248227,-0.47305508190921836,-0.754790948793195,-0.9809194388245237,-0.34768526729920757,-0.9463396912578641,0.8437829344197404,-0.9984365183929128,-0.9673109098098123,-1.1804999927660844,1.0304423688809061,-0.9685183336936116,0.31548002249244195,
-0.23259739652558117,-0.15974970930604496,-0.08714413137488956,-0.03578551315196768,0.08112500049653074,0.020767213094861722,-0.3687237437902806,-0.415465774584621,-0.041784008555704015,0.31259778489121326,-0.025461840139885575,-0.3556223338839184,-0.03148132460424919,-0.08317796169106227,0.025718615887132288,-0.3423332724395197,-0.15949348026112586,-0.2025733564839207,0.02932914908818301,-0.08737291717344418,-0.41314343281542537,0.08155051254625144,-0.0736871428597176,0.009606433678112841,
-0.9671848277686201,1.2871147552421844,1.1680107064053442,-1.2033947662811413,1.1265318585796702,-1.117056729043076,-1.0722341863635998,-0.7184220302916882,-1.4148659203469514,1.4304439092341812,-1.1913712743073201,-0.4259497315113431,-0.6643002897507427,-0.9266413959972094,-0.9971642064085853,-0.6778134841796934,-0.8765679845679871,0.9578740385934206,-0.9826354311285919,-0.7944372124174287,-1.1079982776211341,1.1293989991134583,-0.939229666468338,0.2603459528427248,
-0.8847276994946942,1.1782579337851096,1.1245444378938216,-1.3565983991097443,1.3615040090938577,-1.0192090651346712,-0.7341117431608416,-0.8243678517095366,-1.0000915079948525,1.3040265203308314,-1.0330233672815496,-0.7903225880892756,-0.5993512823023955,-0.6414098916596691,-0.674694745286327,-0.5797714226803566,-0.8235401129988151,0.8544072293717361,-1.1031925117033894,-0.74377081757613,-0.9767207927082756,1.2388180166419338,-1.1128424465819922,0.09112622392271733,
-0.8216432222853916,1.0313725105711706,1.1388848004565302,-1.2654495999092095,1.2585238851125453,-0.8929519234419905,-0.7227734212680669,-0.9486018326498106,-1.0984073255273854,1.3172217448066443,-1.2134005286242688,-0.876322911435889,-0.8353696259870195,-1.0504852906526048,-0.9110130092378904,-0.5105897969260403,-1.0878782561905338,0.9382112151972117,-1.1779261915676131,-0.9882556568892586,-1.276954628947648,1.139029110304891,-0.7962065751931904,0.5285641834924742,
-0.8993428852740774,0.853965349439838,0.865266453486663,-0.6665567241777544,0.6344649444314048,-0.705954059264244,-0.673825873898493,-0.6406264286878794,-0.8122192581825622,0.9893571666313286,-0.8877903403728897,-0.3572335630656873,-0.41083437141101614,-0.8558761540178179,-0.8360178739018024,-0.25305381089103723,-0.6946776479711471,0.6249039226417948,-0.6841358339946078,-0.6489297363837017,-0.6346032548952232,0.5825953842718459,-0.8869644838108274,-0.027328028991179445,
24,12
0.006268256970930201,0.07319850802789378,0.20865685683187338,-0.11646463859047966,-0.10660324436368801,-0.10686900262095263,-0.058604661852969794,0.007438228362166685,-0.11228663335054484,-0.2361294207309006,-0.19248610048796916,-0.16199846532930046,
0.19582100484534892,0.1589176431831157,0.11150795438900964,0.26109582180500357,-0.12289085809461821,0.10623101672310037,0.31604368578079833,0.2762903662452208,0.05082211901352402,0.3179547208616237,0.030363845275734814,0.310701547850625,
0.07501290092677783,0.16053400425947248,0.24509290267560888,0.2290606885040052,0.26861676120380107,0.34693909015116586,-0.03274810138106285,0.11815890847315105,0.27676863019664366,0.321898733376333,0.35281683827703864,0.05917015513956141,
-0.1511357834293058,0.16443308363277112,0.17244261420524576,-0.16142980533416668,-0.21212013419685033,-0.11414282200953615,0.06572943474588115,-0.31019145019399813,-0.16213173465947037,-0.03417301948315433,-0.21564481012250994,-0.1234753432958327,
0.1285886957406225,0.17133588186197368,0.1565975541522835,0.2065467142255435,0.35169622425672237,0.2196252135858013,0.0027501472256440574,0.06926379677379409,0.3712886103714833,0.13859447758221036,0.3214608517839273,0.2023343043035931,
-0.22726074477017286,0.13498391603679935,-0.19379448960043344,0.007477442709391578,-0.1373527592593969,-0.23479889660216388,-0.24422312952333364,-0.18473495401046341,0.08232769935640383,-0.17588679849988179,0.11330226932065483,0.045737139057115614,
0.017082865183126787,-0.03179679585975835,0.019781341426564767,0.16147464464881903,-0.16328327383266256,-0.13104376300832593,-0.31207739228999054,-0.2895723746880636,0.0983326309452697,-0.14417205586801857,0.03245314675002294,0.024773163857973565,
0.11410780626122075,0.01355219246135719,0.06098524874948407,0.12883241366251777,-0.1795906350960976,0.10300490959174519,-0.00414435645333452,0.008920944064864482,-0.24856779183353622,-0.1679015636753129,-0.1753874633846357,-0.18423538042099186,
-0.18654254811947227,0.04963574596988252,-0.16483707191334254,-0.18103215633740966,-0.04086059515784628,-0.0031268674142340587,-0.28289671849158327,-0.003415933039386899,-0.15940481734634576,0.020803485571702283,-0.14063106562878525,-0.14469318461277308,
0.20399034414531805,0.26226405801991914,0.26918604323224427,0.3012705941567849,0.25731328269410414,0.2350331259547799,0.3484506727860277,0.10888213638448219,0.14036236470872349,0.23151998927289638,0.04078904545373841,0.20483498759209032,
0.026027273742149432,-0.1786350526833038,-0.1968615477756914,-0.17870054762856868,0.007372015479103686,-0.11963749712197622,-0.022866411220986566,0.07498020317266646,-0.21108169833271626,-0.3034252350144689,0.011032238166339461,-0.06780885786928002,
-0.08266185432360841,-0.03716747605496271,-0.10752606188735939,-0.3071913808013798,0.08354594661351611,-0.24400874910797649,0.038215778370745315,-0.21386484276703607,-0.15132293317006934,0.20494546343805614,-0.043423770850323055,0.11669667280040412,
-0.16604126351403473,-0.09868967371716193,0.10277795705400172,-0.20016913827339322,-0.014991472501004514,-0.21432546175514366,0.0018262467167638637,-0.08050816583965842,0.21261311136873196,-0.09203180999274788,-0.09240127937510631,-0.06402361949472521,
-0.01645149511932785,0.1634067326356065,-0.3063474945281915,-0.28848867160476704,0.06485802485239517,0.1788278231419839,0.03497282706612283,-0.2133952758378412,0.04303355707477909,-0.2089976192828338,-0.12951744521636951,-0.13734874449494447,
-0.04407801076867374,-0.10604970108352692,-0.1906435498411812,-0.12779349775925072,-0.008303759870967995,-0.07840067028190698,0.012047351421274352,-0.0640095133204117,-0.25318763561262597,-0.03495899341918321,0.023308979339530536,-0.0351979052839235,
0.10276079169913635,-0.21549526962193352,-0.1486106054585217,-0.17095342279291997,-2.826647091924642E-4,-0.2451066093579261,0.11065867147465172,0.056146683263420774,-0.0323892456599535,0.09238104199471715,0.08604077185432865,-0.2079076430074146,
-0.1541806549448179,-0.1320620633740989,-0.18808712480217965,0.07116034681584761,0.03756235817485196,0.07882190633980148,0.03719205269542534,0.033961063783512255,-0.2793071045200673,-0.057339073296917946,-0.2697882016901003,-0.01194406736106835,
0.2717517662479825,0.148959159771223,0.05618985889602665,0.11836334416371912,-0.04094036176312807,0.01590211483665086,0.30931882888494705,0.13441885051432828,0.30749262816334966,0.08981963593409932,0.2515526053143672,0.05556779093999413,
-0.12392383414704662,-0.21828158915751075,0.07439207093413666,0.0499831192874326,0.10509163454797882,-0.060762969065906815,-0.2652454001382934,-0.12914799627065865,-0.2412591981266375,0.1856233765601653,-0.12300098987248456,-0.19096849377691238,
-0.20283068779550778,-0.09976082339976197,-0.03208504723039122,0.1957427401581989,-0.07230721589274265,-0.04077734391837689,0.0273861972958056,0.06471515103121803,-0.18819798337956806,-0.17913976807068505,-8.653143656404566E-4,-0.20911300934638857,
-0.05764937741918329,-0.16473621581982156,-0.1799775431006198,-0.11715053042627004,-0.13875966138667858,-0.19918195912760392,-0.012669018713402237,-0.08220931400324631,0.07044314643800077,-0.08960617981983353,-0.3258684387459629,0.032744543574868556,
0.27185658736296925,0.056345383378212655,0.14592401883939235,-0.184054380369726,0.34158261230535875,0.05906553745873109,0.2524910148017299,0.4414451654427949,0.0385914848525219,0.09381210517173222,0.17576671426138663,0.32535385463725597,
0.015055645916478648,-0.2111755871841011,0.01813938155982163,0.02653847534217828,-0.1949282158847728,0.0978978790539753,-0.2396083883061125,-0.27286137077288153,0.1359132166964903,-0.24600258672124686,-0.07015991529297774,-0.0693403836984572,
-0.1455063386929703,-0.16522677980442207,-0.0592401633642657,0.12878623115275734,-0.1960915438043078,0.23848039451498573,-0.19575134020943274,0.3145012148293825,0.09605705636219405,0.1403820321893528,0.21100361127141323,0.13526572893859773,
