# Pesos da Rede Treinada TxH=  0.1 TxOut=0.03
12,13,12
12,13
-0.2947545410024271,0.0499870965578197,-0.09079408754141931,-0.38066539846496833,-0.20812572689617304,-0.3342761723257001,-0.4547305020115829,0.2779571108162211,0.02430689371535361,-0.32971393279053934,-0.1494720150354401,0.3824863153688878,-0.06886389182849381,
-0.1108611721342565,-0.09294683563493199,-0.020084091232857242,-0.17415407913236763,0.04366930072697214,0.1679156073119459,-0.0060820327799865955,-0.39264678682853327,-0.09880599175165246,-0.10252719086360636,-0.4879262056524735,-0.24393709277943124,-0.043201080604678435,
0.14926283185173117,-0.2358167302772494,-0.029036438713515945,0.05295425949820846,-0.12975418322054058,0.16973248578196834,-0.11756742819145645,-0.08708437586510291,-0.2685395900243182,-0.312846602748185,-0.45969792350373806,-0.0541721653840437,-0.06545633044535966,
-0.2163379747210777,-0.12732418829303804,0.2529331338624061,-0.06265811681237507,-0.053956668410649215,0.10732383274204182,-0.2264005543608942,-0.28244448915314235,0.1249508280873695,0.023152570660287194,-0.26343655234801644,-0.33025787740879176,-0.21420865544990397,
-0.16740290265690314,-0.3897303650955529,-0.1364478585656076,-0.11703530571259375,0.03455575919886041,-0.16235671317100886,-0.40722923950222006,-0.38777645723646686,0.1926905525120171,0.0624372013576301,-0.2156373238070709,-0.39800575282682044,-0.053445487014115854,
-0.21644979827588673,0.15266055074440243,-0.3703508201597169,-0.05862751762373202,-0.28297732356795346,-0.2968930023541841,-0.3036807738625403,-0.013537845937718725,-0.2717726546494744,-0.3851545602327195,-0.3973329224474412,-0.02910761291139561,0.03510517870624456,
0.024647731171888978,0.14498498708058194,-0.09150616523821649,-0.35939636052157276,-0.19931943168960867,-0.00426917209583942,-0.06998215603310268,0.19507617786376846,-0.3632053346354962,-0.021300310181995324,-0.09028487210419611,0.04262083773905712,0.032715562316215495,
-0.3691803681873609,0.525480234706077,-0.12065129811362145,-0.22063760730728277,-0.08405054228353756,-0.21947687109572642,-0.2847799757165696,0.3655280577123031,0.015364578090430092,0.015861679933638302,-0.06849913912751807,0.23277290122286576,0.12408918983487094,
-0.17349005450377714,0.2794024108176957,-0.5148692580183271,-0.3163886148901835,-0.3212788258568173,-0.12410451009886064,-0.37375452422215916,0.6511711453145084,-0.38861270854665536,-0.2921326112194237,-0.280021613137362,0.728557941638372,0.5487953794645704,
-0.3065935033460691,0.33201522153916757,-0.27117130317179716,-0.25256785567921325,-0.33946673411633105,-0.39411117282462604,-0.45455144485194826,0.5966093873128564,-0.3917668845876064,-0.4170209479876043,-0.13048345921617258,0.6014074146150413,0.5741053913194711,
-0.19228506714196203,0.6333113212833975,-0.29197678143652744,-0.03869344172234892,-0.38282602588085696,-0.33498643544362633,-0.03411608927553004,0.2916508054100306,-0.14444672522193183,-0.3437056341163821,-0.07735565197793684,0.546540089504308,0.33342326808538086,
-0.12752789376389342,0.3576111765933319,-0.21396324835937153,-0.21085976401194312,-0.024134346688512377,-0.3975969925244841,-0.11323603063822327,0.2608635862107686,-0.3658826689360988,-0.19140629244062424,-0.5495261691172305,0.060870387663144766,0.320633047948749,
13,12
-0.2045007996549032,-0.34025922813819953,-0.013915760898320119,-0.272900170045368,-0.296879357047842,-0.2925698616877676,-0.24376388405235855,-0.03942470954773494,-0.07781475038286956,-0.2944987894343805,-0.3293381257397036,-0.17883056134823494,
0.5623016938330304,0.19486778943722263,0.4105385007614805,0.2581357587447537,0.3175370223841413,0.40855194879459716,0.3443934800367488,0.44754853444918885,0.4067001360660142,0.5115262325516959,0.22083866237051739,0.4788023867140184,
-0.36082906096884426,-0.025932752579209753,-0.4243475060322778,-0.26386600505985786,-0.16689710509629815,-0.08426011333475882,-0.19224917780337472,-0.29246732312782403,-0.4206540018339649,-0.29026803080181207,-0.1709726542293937,-0.13709332878541108,
0.027979196245436502,0.040259850623056065,-0.36134093169678566,0.05218853449543042,-0.34886151629845785,-0.05413572652484908,-0.11426581285283811,-0.1297656763539366,-0.21436390527296936,-0.25069667920599714,-0.10240458282037268,-0.33610920486734863,
-0.39166432807171936,-0.05178755506903811,-0.1657518959430037,-0.3959738496415436,-0.34541188060481637,-0.06768166603330901,-0.3137115551653954,-0.2803019075839505,-0.0830772073084842,-0.3909361780126523,-0.07836473703606588,-0.2741747668502006,
-0.2973529300983274,-0.31958907947205023,-0.22326831553633225,-0.023198717158850576,-0.23763922763879006,-0.2235155327147616,-0.16248684187787157,-0.39153186043191535,-0.3048469335986488,-0.10316110933043349,-0.39363935710989373,-0.3468857020284399,
0.08483486764149069,-0.06570165910137071,-0.30314380002428826,-0.08788298989747362,0.09852339383016716,-0.2399657677273239,-0.08903823650590562,-0.0577815918459756,0.1316151627353242,0.14865130205175808,-0.11230528592424686,-0.056539976218328354,
0.264345952460844,0.3280381567693337,0.3110400420810669,0.25128827099073786,0.425156598441125,0.10453736301317677,0.42858689381579035,0.2141433771905483,0.5319220628957714,0.2959078855074263,0.42387179211847875,0.24621427050763112,
-0.15094903323279713,-0.1907310201402104,-0.14690613981021794,-0.34197284019268087,-0.2653319817551545,-0.06655400333662233,-0.291762367625119,-0.09695060670876533,-0.37854096663716014,-0.529900973650459,-0.10570579597654403,-0.11186490908247154,
-0.02403078795170653,-0.1079974073027651,0.07244215769897745,0.0637793272439929,0.14379488504353757,-0.28163604685321847,0.1332697401367775,-0.2901898624023886,-0.13497785488912023,-0.1301548719990536,-0.25434432215212693,0.029246509687457203,
-0.1178109356845088,-0.15562586682218787,0.1921101332321742,-0.07552238770314204,-0.03837936546624658,0.005278594634270909,-0.14105048645222246,0.09115801905388374,-0.0034685969240132106,0.24143499234791,0.07590584344207656,-0.03281967377534168,
0.2863082864065586,0.37134759067151873,0.441239035958087,0.43995517998918143,0.2995721671659731,0.46895820167638325,0.09752825988310646,0.4570415296869676,0.17703383503989653,0.3328482972900789,0.40219306439642033,0.5199627560029906,
0.18759736513933986,0.2216832988436784,0.11260925349947679,0.28945178989356046,0.30960174920083233,0.23547584814976844,0.42529954725311003,0.25495933516982444,0.257975182738783,0.3443890703038771,0.31215536436544594,0.10948529776965299,
