# Pesos da Rede Treinada TxH=  0.4 TxOut=0.09999999999999999
12,13,12
12,13
0.5128170722528895,-0.29746800856623967,-0.21637172278341013,0.05159821017115884,-0.41143836742867984,-0.35650657424495247,-0.13352302845593886,-0.2016641696663912,-0.2516450960704897,-0.2453280633197341,-0.42237380037696104,-0.2528159987754037,-0.14368908218000254,
0.6172577441425303,-0.4547722030663983,-0.19342106667236156,0.3155008075887765,-0.18666660877169994,-0.6062464325772334,-0.10945729571919025,-0.26798935247916045,-0.5832951268313086,-0.1881542754285968,-0.09015066210469452,-0.26746492410528594,-0.23480410017434802,
0.2220909394156262,-0.662915759682495,-0.35353049114208396,0.3734396825795207,-0.31787476409937854,-0.4327551949869725,-0.3393248929842855,-0.45876161785794267,-0.5403243533032428,-0.2445779107655723,-0.39874551871056224,-0.3445527191585005,-0.18428294933388364,
0.39944708076969815,-0.5888979149846714,-0.4627356701565398,0.16703997482141283,-0.0452040471136945,-0.5891366784936748,-0.24524744028484655,-0.3448019626102426,-0.17796658596511056,-0.2911261299823887,-0.14167483502320496,-0.2802563162107236,-0.15152171762543296,
0.5989177740476478,-0.46356374581209636,-0.37595641260142076,0.4442270983450108,-0.16849413081970288,-0.48445781475124805,-0.35406523274580676,-0.4010717839328741,-0.2780010309977462,-0.1477113467896642,-0.12889842044496166,-0.5584746996960025,-0.3833241324902662,
0.17212441958778682,-0.5316348169325437,-0.3518453524650808,0.009230667959605695,-0.17222383283679393,-0.40862369891078043,-0.34919218028799026,-0.40561258871295414,-0.19600609948172118,-0.12113767038848035,-0.3608681949856369,-0.3382724159007217,-0.5108799813475923,
0.22708278556894976,-0.5310789146439008,-0.29589779640147296,0.4094820913584792,-0.3299772414584914,-0.1855529226698037,0.011824988159049237,-0.631067769517202,-0.587867080747612,-0.2969346773484908,-0.15162317593413313,-0.43905132767799476,-0.22722795349511524,
0.5511013682071565,-0.34136299367845574,-0.3951435207445615,0.3982488426340159,-0.12342568441391774,-0.589172893504395,-0.17008507879880314,-0.23472421765862794,-0.6533366629451544,-0.38680639128807714,-0.09997241174149393,-0.5777950250791112,-0.288572918896288,
0.43612997261108727,-0.2860178414334298,-0.6187484236711072,0.42034313840559107,-0.5786348904154377,-0.5914231541267156,-0.4303340486223606,-0.20866359351205016,-0.28706087235589123,-0.39572143248671965,-0.36743858692896825,-0.6204566273547333,-0.35771636342380114,
0.5883874306483261,-0.38184825103868675,-0.44542145528079263,0.18457269967378961,-0.14451417301253414,-0.5853616519802048,-0.29275615503126734,-0.4699803847431181,-0.32103715176021586,-0.2356857059976459,-0.31389340314079234,-0.3678266726260932,-0.5046620725152635,
0.46185715652921333,-0.3119571547774607,-0.3706234824020325,0.018944231473071546,-0.34620522129872106,-0.18942681194274802,-0.37907904359152633,-0.6321372074545151,-0.2183745291328901,-0.06906510960159454,-0.32630734958253904,-0.21429586169077552,-0.49147984242285164,
0.4871230106383718,-0.5367054966561677,-0.6153539318432929,0.29484492056514927,-0.13846485734810926,-0.4612353666644534,-0.17958713025256218,-0.22368038004062357,-0.38399925865796675,-0.15382612451099112,-0.35596582794361886,-0.6742356595789738,-0.46389431515287294,
13,12
0.46900280777170444,0.5305145802278662,0.6696388434189408,0.5112207774690705,0.620368572397205,0.615959887353293,0.5683657578049043,0.5874250368382378,0.6051635694566792,0.4679648671775316,0.6021003916060198,0.5821845193008587,
-0.10029847669135757,-0.3603046071836163,-0.160767316296788,-0.2532272202512015,-0.26324758666577913,-0.030795806027960858,-0.17793084840979664,-0.29200591219116473,-0.28358935080211667,-0.4018259767860903,-0.05116523955105165,-0.23468057282850494,
-0.1256146914808234,0.07710958000230743,-0.06421787641026647,-0.051776046641178346,-0.09392733885320664,-0.29923836804870757,-0.16937223260241843,-0.24290708839979186,-0.250847095574429,-0.18388712616819308,-0.38137946469751227,-0.10555530873587873,
0.33626402507002007,0.16922946904882605,0.07789680031032446,0.2337408734308413,0.18888902194896837,0.12669361417400704,0.27904079545691596,0.24840419254806856,0.22729758338626377,0.4635674293299712,0.2641587252857819,0.26728714322180874,
0.06717842226042886,0.03337618449632834,0.02458297945285788,-0.2371699640562637,-0.253794718597344,0.12844423507956745,0.03244728283251479,-0.2009258191969006,0.1443465807003966,-0.05170620165477822,0.07827131550866669,-0.2661542361473252,
-0.2984931813558202,-0.11641336555035225,-0.24217605314377602,-0.27493115282895214,-0.11164529825716754,-0.412656432073196,-0.20003569362252518,-0.23054469259637514,-0.29527585931473743,-0.2388397342273449,-0.3350182855060824,-0.19555476126843763,
0.07758913516564891,-0.2445608914931628,0.04540185395591177,0.14095258140645897,-0.05053006653327055,0.13267482498066346,-0.16270597155521385,-0.011425392167302133,-0.18596852517138535,-0.17762717920928467,-0.07308376775053493,0.13233960241379805,
-0.0032532327859618837,-0.17140714114165723,-0.3071177196419599,-0.057675910877002995,-0.06528338049861053,-0.3388788913755256,-0.04399980252354446,-0.11433532365121649,-0.1550176925130961,0.09428885662325551,-0.2164114985953251,-0.22051995524766693,
-0.2582388505773849,-0.021699553681257602,0.10007580981738763,-0.3046155396268943,-0.22071431412572926,-0.13391404198174114,-0.1581246929947468,-0.0018115682828775221,-0.09689997458766474,-0.0702921643359766,-0.09950235060118937,-0.170367494615861,
-0.11121552256831622,-0.17512599942392418,-0.10680297044756122,0.02608189342457435,0.00235223620580787,0.15499297817499075,-0.01434195362553607,0.09564717372458037,0.07717948169692285,-0.16897965733215795,-0.014495802121825727,-0.027656808434765548,
0.037586704236195374,0.12483307643485288,-0.027883627722999346,-0.05080755669637372,-0.02178241694659624,0.07606720135590674,-0.28619857606880295,0.0022727933554939086,-0.20939482815505994,-0.14750942328929367,-0.16098830653119198,0.0897167740477754,
-0.3502291926600279,-0.2588298835116887,-0.2461613507374907,0.00324101568238164,-0.12044812191044228,-0.3369219293693529,-0.17272188593120355,-0.35191961058364885,-0.23644299720355033,0.10165610605648887,0.034517649919659686,-0.13533324614626588,
-0.22717423486968824,0.009086272460596838,-0.21204178076766766,-0.030169107360334298,0.005920435602412472,-0.287177849108766,0.05230461051327985,-0.011793943820852908,0.07192995530157488,-0.08487265320244888,-0.1476014297028671,-0.14672542627023405,
