# Pesos da Rede Treinada TxH=  0.6 TxOut=0.060000000000000005
12,20,12
12,20
-0.3418992390275121,-0.6094499691394055,-0.5588251807760359,-0.4037154823014969,-0.5314193616118307,-0.6056186981571703,-0.5188625714016423,2.432718755367872,-0.5212617874661395,-0.6455668475425406,-0.31720965188709577,-0.20535749739820797,-0.3108011941917585,-0.43607110316876424,-0.23847569476304964,-0.5705012415768348,-0.456221790879122,-0.3086333892340517,-0.1953028926991256,-0.2198721854876666,
1.034698519544892,1.2431724565676865,1.4527929413338818,0.734016429230863,1.0903233043400926,-1.0797326862473928,1.191892598721498,1.4436045891113773,1.2414535043891406,1.1919959763994756,0.9103406623171281,1.5560025978798495,1.3204809693016741,1.0543619202187873,1.5544171229652826,1.0129846538666292,1.5222242077685706,1.3732274268491222,1.3909332993673438,1.331485166793052,
0.9138368486518738,1.3646350470434987,1.379448271129485,0.7464079128056643,0.9491752468151804,-1.1641926600053862,1.1048203680795308,1.7676548114729396,1.210586261064681,1.0906469043164626,1.1205317848913598,1.1834973991070117,1.3708436167887974,1.1235236926902137,1.36404339286136,1.0441156834492562,1.5129155897334294,1.1154322796443485,1.073090356032299,1.408371868481881,
0.5093025283284359,0.32831358866984,0.610472222979688,0.5245439226297269,0.5874226309080803,-0.8459848546067473,0.6960633839417175,2.350860784502735,0.644149551066425,0.37137458152160846,0.42345936658290323,0.7105646990300781,0.7342486196778967,0.5476005633749188,0.835009674732768,0.6194006204097813,0.7139821046385062,0.3050699061361493,0.45437922494136057,0.5412511622844282,
0.1373939336081697,0.1966997656515613,0.15873885408943428,0.050727028937247516,-0.23349831888308353,-0.5961756535748707,0.4606286771739725,2.325319704591227,0.3119505160058211,-0.12659528630194594,0.02467606987278772,-0.020852177044443428,0.10281297862674704,0.3096574834585434,0.5022542570387515,-0.12781431924987013,0.33344534229379047,-0.18889399694689954,0.08011045670057615,-0.12490199558958724,
-0.36571508537899455,-0.5697292247046323,-0.5834851029181531,-0.4994650853517025,-0.48640212295817237,-0.355349511153087,-0.6817630272378796,2.5700221652084663,-0.36134431318363547,-0.6298806244159393,-0.4862872699139577,-0.5581819165819575,-0.6628745716149366,-0.734254153258446,-0.4213200775951963,-0.5025858534628517,-0.8249409628164669,-0.6396488053683397,-0.501883429875458,-0.48568678263985504,
-0.7498217436218688,-1.1323492650279274,-0.8933012102304633,-0.9573220925062972,-1.2526993626143792,-0.18139677419164935,-0.8549329707851919,2.905233580801985,-0.8615672797066114,-0.9690490303478085,-0.961913179030945,-1.1668476671385126,-1.2880005442962337,-1.159881940345724,-1.136773577137211,-0.9337421240469334,-1.289107561019028,-1.1397083400080235,-1.2069258129855238,-0.9952412585935566,
-0.04047250169961913,-0.17504961821788909,-0.0824792591284851,-0.17400197324446126,-0.03662110662761225,-1.099320296463219,0.14815561299962896,2.3180010763231853,-0.030927247107916982,0.1942792120779198,-0.03680890233725528,-0.011583898645560357,-0.06489910734236738,0.22355005407745618,-0.37969891002135037,-0.09905279599947231,-0.3016137447195155,0.18510710097157132,-0.14998817057845515,-0.20269402805029618,
-1.0730599679868877,-0.8622962122040505,-0.995553780956048,-0.7660442160559285,-0.7694335027496616,-0.899853134763424,-1.1898897864118387,2.8146097613367482,-1.0055521519389714,-0.7086280929395227,-0.6862829425143997,-0.9084706367020546,-0.8471084853573763,-0.7882440185126234,-0.9497078122900465,-0.8208932666494814,-0.9708863783307785,-0.713462945386984,-0.749014668122027,-1.030769453877283,
-0.830895624672525,-0.7751455929755727,-1.075221581737133,-1.0673751389730437,-0.7578068019553301,-0.8883705995923791,-1.113832589642188,2.7889344300642454,-1.283251253010901,-0.9556111507330836,-1.110912606888673,-1.0242059414418812,-1.1974609983236335,-1.176840817681028,-1.2278330499947359,-1.0889947553789054,-1.089290527828479,-1.1613163818114505,-0.978940442198363,-0.9808864752698448,
-0.8178413272427157,-1.1108466092604512,-1.0422566786809477,-0.6684791070692228,-0.6510850844761048,-0.7573242774026923,-1.060443820606052,2.8427635912973455,-0.9707861849392141,-0.9108987173905828,-0.762180717745004,-1.1318573908242164,-1.1431023984000463,-0.6529425624988057,-0.9416716069169916,-0.7679531208618803,-1.0000236987711477,-0.8138559365096713,-1.0436189724744656,-0.8459844661581261,
-0.9123805086714103,-0.6171671161360553,-0.9723462349898655,-0.5978970603181945,-0.6874245044749082,-0.6568582238375859,-0.8609368880435013,2.67747161291859,-0.9010932638616476,-0.7492270364973675,-0.6805590659677285,-0.973676966497364,-0.6063726961467801,-0.9640933900579148,-0.8272267613330456,-0.6030384703932086,-0.6773712217770154,-0.6422225643401216,-0.7464160707446847,-0.9734636147727068,
20,12
-0.2646866928754453,-0.01492278801739299,-0.1313594776689014,0.07620146271813057,-0.10834504142669736,-0.2742979700972516,-0.09655210222788592,-0.07275115288616334,-0.0635061553573237,-0.3446994448667153,-0.10767089690976928,0.01764510606015283,
-0.06556092882438216,0.03298242563698643,-0.20532489449651056,-0.2882344833690471,-0.17956494909950388,-0.21034058686987772,-0.0797465583399214,-0.19328409980186323,-0.273665597187812,-0.16097242606880352,-0.10265136377288027,0.011192750368609379,
-0.14487775469357295,-0.17320406267828978,-0.10386865939818465,0.002640542541317361,-0.18998419560518995,0.021980428617986797,-0.25902242884864823,-0.07403336547411922,-0.17791483883272274,-0.19806638289155204,-0.08070072092468047,-0.2644491259195617,
0.03770992342484854,-0.2391752062862515,-0.40555702604407706,-0.14770187385676345,-0.20466659062029668,-0.10220934695897223,-0.07649395826201698,-0.2640762109250692,-0.12954199049923648,-0.07925978133086624,-0.12206936967636252,-0.049481286982245666,
-0.04641017844319653,-0.24812916772529106,-0.20033120014923284,-0.10830688309045107,-0.13909824099686752,-0.3111976904742365,-0.11825780220189386,-0.21976778492199667,0.061367054183195574,-0.37305743733942853,0.01882169453205678,-0.13216605611942783,
0.5784832473724529,0.3087948490484504,0.37611550886960093,0.27426910700527446,0.40448438683044047,0.5842230321892804,0.6502521310165589,0.6218303390023489,0.7345796064322354,0.7865165571175515,0.7259351194096303,0.5781273440514335,
-0.04982526086221208,-0.12803032509674792,-0.04453850488898845,-0.0923014033910828,-0.22826352213607204,-0.20097527927683626,-0.21938208838724566,-0.2889522188085271,-0.13467472996592603,-0.049750946122096996,-0.16775509836767682,-0.010440718183274014,
0.9834461749338307,0.8444732034422713,0.9074404157062429,0.8906204316192495,0.9632174660438341,0.9779794515601058,1.01551980463073,1.0296452530679225,1.0461883201888829,1.0966269686014223,1.0698245846484302,1.0547175958134967,
-0.10776762696324352,-0.1127967343865914,-0.007151056581393562,-0.23021103052122627,0.02408957226846348,0.04391344692432869,-0.3185520299173491,0.006607115019825403,-0.3516166652466492,-0.24092659951779774,-0.18818611474753086,0.03541449549707984,
-0.33479883971713575,-0.310936941999463,-0.13203425722144735,-0.28195617892824587,-0.1190282318219905,-0.22734277513735157,-0.26368280241412895,-0.0777383216042606,-0.0799938628393616,-0.09569702185498442,0.048411421146181494,-0.1783560020584633,
-0.24171254075609064,0.09571859388113235,-0.11021819845745648,-0.204013327054051,-0.062329324841046876,-0.14823894682793276,0.08353462017910364,-0.24114006865566057,-0.09440870927882007,-0.19031377805861902,-0.25903270163055747,-0.07155710505316373,
0.006645041158893613,-0.013619739232315891,-0.23983978944014062,0.00852854253460917,-0.2670635814750516,-0.22438687531993629,-0.22456868100896152,-0.019115445313541146,-0.09297088528023412,-0.06220587646837708,-0.34336775022978744,-0.18916316374939687,
-0.17059726221653165,0.04638445982897456,-0.09049534511584895,-0.15588695227678603,-0.1732234815380103,0.03812148887524884,-0.2611379949389526,0.00434795980748136,0.05036182321234496,-0.3448511182649139,-0.2621763050797234,-0.24671502454555147,
-0.18386799751414962,-0.12115578389526098,-0.1369626205050126,-0.03715869096788601,-0.24782217367046874,-0.15842264457288924,0.021516291167916386,-0.28328803241767647,-0.33019046632250176,-0.022164687874700387,-0.08159059145002215,-0.1007277738853482,
0.025828426753726864,-0.13959847704951336,0.12250356405431588,0.1479010508934514,0.0831578188220615,-0.12604492877591308,-0.13134735101813788,-0.08371708615990388,-0.24531100591065993,-0.17875634578778285,-0.19853002090196867,-0.2977820456266319,
-0.27183503047303326,-0.1328191236467859,-0.3287831445373948,-0.06011894363036539,-0.22249471738445428,-0.05536445202206717,-0.08194030428736508,-0.15634307672305311,-0.21568378568638788,-0.02486198859237109,-0.08210733299085227,-0.174562436886344,
0.006392626249293138,-0.05306276015865892,0.023628274425416377,-0.33780982765713413,-0.069408139383065,-0.07496679521410776,-0.04154389364731482,-0.384646365176833,-0.13991415518899358,-0.06538635194929804,-0.17271469558543065,-0.28968268049091334,
-0.06413186650687577,0.05313572445060708,-0.2160052977787392,-0.2994580867943378,-0.18616772493553535,-0.1354385238019978,-0.1504002339076646,-0.026441094434411293,-0.33143502765310057,-0.1674242325031248,-0.15956403565926963,-0.06183813352683328,
-0.2938543939374331,-0.34323598463794436,0.10053691370205577,0.03664383138049015,-0.09595858247286539,-0.20574246022128653,-0.34829679475702036,-0.052965005536145665,0.011939611223873412,-0.047024169287145846,-0.16263643586442145,-0.23378851735484785,
-0.3034203215566415,-0.2206360063477287,-0.08342864251282989,-0.14412875545367218,0.05569182089771341,-0.05320449774398256,0.02499061361025823,-0.1252179225501586,-0.08675022782909547,-0.1160436801299476,-0.2531319286294685,-0.3201412917951685,
