# Pesos da Rede Treinada TxH=  0.7999999999999999 TxOut=0.05
12,20,12
12,20
-0.17612791449413057,-0.3852436272811002,-0.5303989192227858,-0.5189586687614078,-0.3928632846113941,-0.12167031229571931,-0.30854540187771506,-0.03824039284326461,-0.25375425481350977,-0.1796554271757583,-0.5091312337899341,-0.270701518502908,-0.425709666392004,1.5654342311904945,-0.4146513256436838,-0.37597637218494706,-0.4486710464574698,-0.30039429159086284,-0.4732218390263207,-0.42086203827203256,
0.44224777578896135,0.39738863652156936,0.6643203500174345,0.663432684115063,0.28893114544787957,0.618861692297903,0.24081953175071197,-0.7157045364229487,0.6855963955305935,0.5111440509644477,0.5531335122653562,0.2494622786555787,0.32324173125114186,0.2628800735283216,0.30203759781432626,-1.469642516393335,0.38289385314223623,0.36163235201910693,0.2388011446825994,0.5533698881749052,
0.6151768968530367,0.6959683446872074,0.43651895428078336,0.8597532359373589,0.701208166526928,0.9388457485575378,0.3746298888321758,-0.6163147238172086,0.5177049716312825,0.5768979424328201,0.8401170373504511,0.7436370974467116,0.8938862687481005,0.028860044212552696,0.5298474764734739,-2.0235752497710093,0.6211890317597591,0.7152069859221528,0.25740541776564063,0.5078067376051363,
0.19744512260237118,-0.0043017196363026745,0.11539047226801306,-0.16422293079477196,0.05098660075837449,0.11772671773992835,-0.1631397860828922,-0.015585088209134155,0.06094107245478156,0.15985036707927675,-0.07790096967621185,0.03296252585326746,0.040515233225764474,1.406673996527149,0.2507831620319564,-0.9204419619279575,0.07030459096399559,0.12701102151468138,-0.2620602955889208,0.3574427508123662,
0.2040565486988876,-0.27665785996922154,-0.18391924064047235,0.02273303635675089,-0.24499814622416616,-0.2674846228826969,-0.15701338118628091,-0.41257619575814236,0.01172603757395079,-0.1606083191260302,-0.1824025668686519,7.06559103719917E-4,-0.19783203770548125,1.8646213796337958,-0.10571562976053464,-0.7829993189930662,0.1696302865305789,-0.2562295964855059,-0.6844422247334863,0.20840133214735285,
-0.7033184380224112,-0.4805908338880858,-0.31605356234264415,-0.5191402541277716,-0.7236112343521124,-0.686748406151352,-0.3893237720463269,-0.2592076493674183,-0.32752756281746914,-0.5005282414592507,-0.6396216363013861,-0.3675407622275271,-0.5868962674397133,2.099119307532076,-0.6679916338432846,-0.768852163648274,-0.4506026873760826,-0.37460045821236354,-0.8909934242135544,-0.6204914368182439,
-0.6203844455132219,-0.9675016916528086,-1.0668600308858227,-0.8875647184289498,-0.9560568605129338,-0.779087767635139,-0.9850495076451002,-0.014483554229276852,-1.03500690286184,-1.0400729519533705,-0.6148821283129413,-0.6959627784933248,-0.8526483237505772,2.762119435301608,-0.9410337472901739,0.03111405308396854,-0.6021259232123134,-0.9892696600136395,-0.9584381363880866,-0.9458646670903161,
-0.5658574688713245,-0.4649423205981984,-0.27459278937635045,-0.08598257082592019,-0.17092448493681056,-0.2766441192913827,-0.05620417774742058,-0.3860300803304221,-0.42012645209591565,-0.33139416034655084,-0.1795976461216482,-0.34351584204780783,-0.22737491439479837,1.8088369460463,-0.03351148023946025,-1.2270404342968673,-0.4113884277730316,-0.2508677850197677,-0.3302733355327569,-0.157783662572133,
-0.7597317054898646,-0.48781190562597804,-0.9175456350274201,-0.8567219450342939,-0.7307950189938229,-0.8936979388574269,-0.6156547207952331,-0.6045876111076207,-0.8634948322574928,-0.7869812947356076,-0.754765748219768,-0.9190016791061364,-0.4924623732223178,2.5594032991501954,-0.7706789476287759,-0.5022834722048003,-1.0002634144222633,-0.7288174213874741,-0.7347044444243256,-1.027785599326713,
-0.6562683244346472,-0.8346988683005513,-0.6877204146248631,-0.9625846036188754,-1.0728835246306485,-1.0142083647190403,-0.6347997398718078,-0.2819205462707789,-0.9633211689657518,-0.8927015903430644,-0.6114135784909027,-0.7926036528030765,-0.8617941408092251,2.4179271715464687,-0.8558540167940047,-0.2857458775602862,-0.9783659266673543,-0.6895136233146731,-1.011678233547079,-0.7638904052414067,
-1.0778271141165812,-0.701278742969893,-0.6143602968449866,-0.7876691232168125,-0.8554115314640922,-0.8544146964842605,-0.790514921912294,-0.19364560681639986,-0.6252245529157027,-0.5423811076260557,-0.9153549084257764,-0.6396545053760327,-0.7728513528923943,2.456687436107962,-0.6485728985204603,-0.25795329199676476,-0.6981267151228945,-0.9856008930166995,-1.0273451076980746,-0.7401759131828004,
-0.7175652581081244,-0.48585762029538904,-0.44658581803230674,-0.6002292413892405,-0.9266885173919553,-0.569196090323652,-0.41181718883083873,-0.5215337695100443,-0.7304630515483547,-0.611405310446604,-0.7197762446868129,-0.8538253471961509,-0.7144554747964896,2.112974734785928,-0.5048508949161621,-0.6751825750416705,-0.4727402183693136,-0.5842373811672267,-0.5837450774413908,-0.7830240158447657,
20,12
-0.018077473357432528,0.012107990923274237,-0.006572180920893262,-0.11864327180447258,-0.12208293342537643,-0.233879480282864,-0.18922878118970865,-0.2709077541120967,-0.20899406696295778,-0.16904293257524025,-0.20480699509697758,-0.14304778449921735,
-0.09911270223533153,-0.19503344838498016,-0.06158990641561114,0.12007912009970793,-0.08860926271744449,-0.2724670993740034,-0.0651320803216325,-0.23156290570059465,-0.05712711468728776,-0.17454954028643307,-0.16418665378056801,-0.07115397747136326,
-0.14823862595167914,-0.022682083949201456,-0.15379927355476397,-0.012097251939965647,-0.04004361574910979,-0.19783140178409492,-0.3045210889543801,-0.1595914386833218,-0.112063773884903,-0.04861801898078297,-0.1738866854204333,-0.2497077488291883,
-0.14126996066894396,-0.24739552764848707,0.01979484896346526,-0.10803994802882595,0.013022143605418233,-0.06920807591974,-0.2856490220883333,-0.13775692830167013,-0.16022502199707894,-0.15483278068100398,-0.1076845472834953,-0.1277119177410974,
0.08384755533635589,-0.02564482441143704,-0.0757192947010226,-0.08901208724799875,-0.19075182560536344,-0.08376159683129124,-0.19122167255633868,-0.15242018985310835,-0.29566676637168854,-0.14482609843610508,-0.0033023614845878323,-0.09271945951701108,
-0.3787756348719431,-0.0858452822475529,0.04438731252642865,-0.02559607436366653,-0.12013020070287384,-0.07103469108785354,-0.10761206462633661,-0.14487040554572475,-0.29130102958323945,-0.3057547103277745,-0.16583752767518245,-0.0310897135598837,
-0.09254466879188684,-0.04242251632189655,-0.12105117518792749,-0.1989232665949121,0.010805296054336493,-0.007299969344496467,-0.22838404255051153,-0.14808095169896854,-0.05796247742400764,-0.22757645069616453,-0.10595661668596082,-0.21138337409356542,
-0.07831119464884824,-0.2886663509308209,-0.33689689034646636,-0.27493967789950763,-0.23660774854320674,-0.16779041369649417,0.027933923084348583,-0.1745384155447968,0.13033833169366008,0.0949974780362292,0.016187022940926683,-0.048284678305086946,
-0.15921410942444783,-0.018326784763761237,0.043773084541546256,-0.17318529142795622,-0.18329637832635204,-0.26662457189313393,-0.04884525374221813,0.07103691123828845,-0.10919139331340537,-0.13161905702245535,-0.28289732641086945,-0.21913924050852213,
-0.031090151739211848,-0.1646561698081629,-0.07456716944559656,-0.15248969710191712,-0.09984726906820877,-0.018318873899418137,-0.2990843975108247,-0.189962533434266,-0.2799004604116421,-0.06908079985056569,-0.19143763263317037,-0.08017855714095945,
-0.12649368997920757,-0.05468188030903117,-0.20523055325496894,-0.06940629943699807,-0.1786320700664373,0.01630356461690188,-0.06385400090913883,-0.3612899756883049,0.028801789173679402,-0.07513427246180931,-0.19265693653928123,-0.2031406720633259,
-0.06989818135145692,-0.0655789733964569,-0.28363979288738733,-0.04414710905829025,-0.12085940133632027,-0.03376816254964559,-0.1733023898809191,-0.02818140005818913,-0.11093640252126809,-0.2588793492971257,-0.22351793654702778,-0.23628475155416925,
-0.10303944123461797,-0.3384494334379908,-0.010951583041306284,-0.21355046830164465,-0.20438816705323018,-0.27642062944060813,-0.02727207154850505,-0.10247123168423297,-0.035312232876159866,-0.15436369829389762,-0.08537301133228647,-0.11075846580447052,
0.816953896309296,0.7205654257674625,0.778127490172276,0.7791161814266441,0.8170253728484872,0.8078393085776854,0.8547897066177169,0.8641209205333633,0.8456878274002764,0.90755945693009,0.8989318324545851,0.8871099790286605,
-0.22567919828230348,-0.021778033345612454,-0.2411643579033766,-0.13703443576412472,-0.03109129744095047,-0.20474500313220642,-0.12646350987575555,0.03609402537703703,-0.23069421570255233,-0.15175112960619805,-0.12810760893541254,-0.07366349032813736,
0.12490850707265175,0.09312437754078542,0.08578571760395914,0.011407943426131755,0.04872923385172758,0.17932751615455944,0.0942491511433771,0.1745981298472931,0.21827545700787876,0.18453161257545475,0.16160110195816227,0.16476807573978822,
-0.12821255767682915,-0.11516693102237367,-0.01900879754507769,-0.04106337522375604,-0.2998602352178549,0.062214599228762046,-0.19981077798702532,-0.1625464514593428,-0.31215213395929403,-0.0019789056334750983,-0.216952282388937,-0.2518039057626523,
-0.08777338440089669,-0.12723012889283433,-0.20007373287003696,-0.19448632197812618,-0.0891058884774594,-0.1652514227601801,0.0028323100792130565,0.06647369471575976,-0.11498507595313547,-0.24393947619081677,-0.1546770377811392,-0.17690160955236156,
-0.25994448768957323,-0.12292584077688543,-0.26981758981904086,-0.08015736574646383,-0.1128713223195796,-0.09053063232934884,0.0661736594172818,-0.16022370898183566,-0.1585733211991081,-0.009263558965618613,0.03557340016655182,-0.0013682739765190435,
-0.24788966864275142,-0.04121760359575051,-0.19996075627962212,-0.26734693696033374,-0.12177393291204675,-0.13076818774151555,-0.10720520963200854,-0.1807179690932704,-0.05738178489147666,-0.29535554739855,-0.10224190223288467,-0.06769225227600843,
