# Pesos da Rede Treinada TxH=  0.2 TxOut=0.02
12,22,12
12,22
-0.26348294141741263,-0.3306547779259945,-0.06051244539506664,0.17805725431884284,-0.003770580990753062,-0.41815035361828407,-0.3950571851190123,0.03702546522588387,-0.0530784829196355,-0.3491991236996849,-0.24492699820837865,-0.42114392061191636,-0.061645902615067485,-0.3997061246691266,-0.015966841996906907,-0.2260505553441601,-0.04166709147617372,0.027068419921825917,0.10709590528552974,0.15967373202663637,-0.11021713862769911,-0.026515533811617326,
-0.2679209860500013,-0.1554073463402573,-0.21710360661960962,-0.1496746149057624,-0.2910447665559362,-0.37667397240126094,-0.538368561750285,-0.4241440346842009,-0.18557444370044487,-0.355888740510979,0.020193156829143032,-0.05657252415340338,0.17071598634866145,-0.3404967598532176,-0.16489708004677903,-0.12107188476039395,-0.17428508702010054,-0.3456158018198975,-0.2647659452142992,-0.45972658512079745,0.04877213781759626,0.16676803010142097,
-0.08532871043442404,-0.10198454447467749,-0.09890527798935282,-0.09275602463200723,-0.08237772857152344,-0.08832335308798682,-0.4465283921481308,-0.0913268776191105,-0.07158199288900335,-0.025050463290709205,-0.20660736795415957,-0.25066103480708635,-0.23198239445449573,-0.38667963833110347,-0.27968463791018,0.1007661295859598,0.06360602738085452,-0.33872981530964796,-0.18536815032036613,-0.04802189850314221,0.17243046666323517,0.05463443639965482,
-0.2957375147314996,-0.34593820919534246,-0.012286107040283715,-0.22756116970734594,-0.4882824261453968,-0.03425590739701763,-0.15194553343721717,-0.09359933537776523,-0.09741426161191169,0.03909460012133028,-0.18480537070089698,-0.47112229699203406,-0.11895269040655389,-0.2642503299896401,-0.34885284724319077,0.006634853618734306,-0.24778053340745126,-0.19765414160481873,-0.024882701860467944,-0.07175502960188862,0.06480311388009485,0.02571720858889521,
-0.22682745360175383,-0.08691572428734241,0.04966315347789155,-0.05170490419219742,-0.1453628599758627,-0.44244789492527214,-0.21707788139898967,-0.18106299022452632,-0.17056425979805664,-0.09557881068939453,-0.4248587627888221,-0.15673371309492629,0.029113189423145495,-0.3699022221362014,-0.06342166610483294,0.002013778217128381,0.070029093708632,-0.3879136181373708,-0.25802204089269315,-0.07155567143721187,0.010549046759578747,-0.08287019095487372,
-0.18965059561259792,-0.28580228004431907,-0.2033278499362403,0.1746440499560179,0.04335741394223473,-0.47076803881553636,-0.45493966277590314,-0.047647830567669705,-0.21379540539760183,-0.37464381003989317,-0.17772214827500957,-0.33932903042860185,0.020953856127121962,-0.36243363436892745,-0.01657308673519059,-0.272889928443033,-0.08591481776763955,0.24013115737985904,0.09880482088834623,-0.07478226013652643,-0.03538237063375304,-0.24942979401069731,
-0.16648340935609598,-0.2519619451481645,-0.06598478598859031,0.11299376936318374,0.46242796364147,-0.0952176743241151,-0.2510011367668072,0.28360893545319044,-0.40142749948052003,-0.1619905014948634,-0.29023464211231353,-0.40124875195174253,-0.2504173765697993,-0.057990130938254725,0.2540689023564122,-0.07435994924221068,0.18904162874155703,0.05812268443649566,0.21950519256290837,0.010925778837435118,-0.3211027608041205,-0.08844876032405571,
-0.1487626004122142,-0.35406848088627424,-0.2202368379395244,0.08873946695569784,0.4247472923257766,-0.0896202982708109,-0.08728104497030136,0.30490877649793136,-0.1727889569183788,-0.04686023999406922,-0.21927491276495856,-0.4048374258830953,-0.13252194860326647,-0.050499292605422394,0.5758710412450588,-0.2776765888400204,0.12861102040299796,0.30010613047604756,0.3684008953025142,0.49621173794796297,-0.016748824664639037,-0.11733930516472686,
-0.26910220874163027,-0.2127953213647468,-0.22989314619283616,0.553593145900255,0.5183097053566833,-0.268185428677749,-0.041628854258231936,0.6533089650301511,-0.35531035374207226,-0.2499283511507969,-0.15912778494562047,-0.06905615873651375,-0.3178286290094654,-0.4651103358984269,0.3507296500008543,-0.4588783516359277,0.6130297915774949,0.4723128786745761,0.48485648364071654,0.4700279650213567,-0.5013156043415087,-0.4407951596345779,
-0.20704316814773308,-0.22016455640777577,-0.41843302833851015,0.4266455324607108,0.4535654417089777,-0.38054034506029466,-0.36924738678544017,0.45827281923130425,-0.12149766169919629,-0.262377919223376,-0.06912871752385066,-0.11182479262155415,-0.3466137350120698,-0.2117587430480659,0.6872714496686219,-0.32102027698537255,0.411089029119501,0.7185824182526414,0.5066138620828009,0.37344854931563254,-0.5021711172007638,-0.32185428487437406,
-0.16126113119301377,-0.11511050857794139,-0.33484221738506537,0.16921670031320282,0.47042431833799875,-0.35621447047339266,-0.28225728538485284,0.4814587507469882,-0.11400841112550342,-0.12636935505387717,-0.19474661394799295,-0.4253290566385012,-0.4019424697240614,-0.28099181819612856,0.4858309844678279,-0.28565485188413187,0.21742353211507986,0.49835242172164956,0.49450981272811656,0.3618112992977495,-0.509449320291949,-0.527964984953434,
-0.3806639728779973,-0.3358850781847578,-0.2948170182497021,0.39585651672149225,0.327878192703705,-0.061518916048042785,-0.18512396566072067,0.26220796272375296,-0.36986619665570275,-0.4164463214238048,-0.4943186737758919,-0.17665310683686303,-0.3788761033284958,-0.10010031953539529,0.19670206386280117,-0.23411944545123933,0.11220865107096298,0.4563087198792682,0.07633055811183329,0.4775329046999067,-0.2386467387540392,-0.341872729305459,
22,12
0.006508735481716278,-0.3195574698764416,-0.2894123345480576,-0.17343843678846776,-0.18901962542828327,-0.2382018084237788,0.02835673217960961,-0.1440895061969516,0.028534828882329152,-0.18310538915342536,0.07009796879347006,0.015716013727092287,
-0.004015891755777382,0.10103216862085,0.04942150315034679,-0.1415835793815702,-0.28152052445825304,-0.23262379172587092,0.08176237825024772,-0.051290155164649194,0.020317400381890796,0.1052175451325735,-0.24805211473466013,0.032880606254804344,
0.10713925670832493,-0.17897431874208813,-0.04174217131771899,-0.030286250205235697,-0.11068798751543733,-0.03608535843725094,-0.28156306321905533,0.02382282784353347,-0.3601732716428571,-0.3112445346767968,-0.07240421739146945,-0.24816463144416745,
0.15435089344322597,0.07170834618339196,0.2752327636203943,0.21130572951822285,0.32836771000845066,-0.018266465997587574,0.19910058072037545,-0.0013446817708400566,0.032901061270354734,0.05107909511355929,0.06222273885185241,0.11046430311354816,
0.061666130080352884,0.17176639042934735,0.3254970877691517,0.2397749447511571,0.16031345204614267,0.10474485556956631,0.2956847841028464,0.26294518850956444,0.18860312844541335,0.19942429365979542,0.24175624821686903,0.12691807611054193,
0.032115914895298005,0.056044373391517195,0.06790641968920968,-0.1356049503790513,0.23050686071536614,-0.02833153453109095,-0.08986478736378829,-0.08600229799795979,0.03756654898858609,-0.20648653822565208,-0.15930267088015007,0.05438764545501044,
-0.18745067884521138,-0.032596198658602527,-0.0831402759845555,0.09654222481472831,-0.19426819499317313,-0.1830203982572655,-0.059265795235684225,0.20607211922712992,-0.04820756576108724,0.07641901807892587,0.02186991504096129,0.19790083428500443,
0.022129297465021822,0.23238258212212048,0.14392796496202387,0.07553178991928614,0.01984722858036806,0.3255364492412205,0.2835172421660639,0.15063084914811717,0.23950861391321182,0.2358804800373301,0.12176810560309005,0.26095659104524405,
-0.24261771173184324,-0.0722772947566385,-0.15452602121426706,-0.2163427300909736,0.06431807364055618,0.027931115428771237,-0.18661698702168183,-0.0313628083157391,-0.1647230592108041,-0.17544622780643707,-0.12146227347222752,-0.07119499499056514,
0.006456730336984335,-0.31844349997484045,0.018427645354612093,-0.22574795776070947,0.06281834668192723,-0.1003578733184968,-0.22009188095550142,-0.07702151834912423,-0.280691741506728,0.06306372786614817,-0.26201862001528026,0.03596593206527828,
-0.2317944836134296,0.022736841262905615,-0.3139464437634945,-0.02197535022127273,-0.12956016636453543,-0.06268840214900297,-0.12382817030179491,-0.24208110158575047,0.08137904262857197,-0.020535244097552193,-0.17222834043642643,-0.1791760282966738,
0.12740443141208116,-0.20040491396338203,0.022035428171503717,-0.33940981318452973,-0.027584031738431793,-0.22333011191815363,0.09228657252972855,-0.15438774527443294,-0.2262270506540161,-0.114474896641165,0.1107454927570674,-0.24530337461878124,
-0.11327771432679663,-0.09467556531392628,-0.013509677629865423,0.02571556239989435,-0.06838750342202725,-0.12124899970665806,-0.3007107293830056,-0.22308374022233476,-0.17551398037388993,-0.28642575173338397,-0.028351396921781492,-0.1625854464800146,
-0.2266458058648312,-0.12661927988501076,-0.29876221745678594,9.89958446943528E-4,-0.16801242731006402,0.03946573317068543,-0.3060318721571872,-0.032817135770328756,-0.06822487815722762,0.12174515500010706,-0.005655923023779409,-0.21534061930689175,
0.30245328585381925,0.17230882582623444,0.16878871992298547,0.15083346825681718,0.2725063340930216,-0.09893384679248321,-0.19328290565431042,0.44546271230626805,0.035864848076534735,0.34036153436221633,0.23249555089566842,0.20931117696733567,
-0.21225330246881974,-0.12363160798123894,-0.2533076677013358,-0.2180966867057851,-0.1371441905320352,0.11907614928646208,-0.20061795645965788,-0.24324144327650477,0.04165445013077334,-0.18848341041501512,-0.20602552324307033,-0.13799761203588937,
0.05453769713246982,-0.1516168286964898,-0.03491122583896075,0.05113262511737596,0.3415109018444768,0.2739152424850857,0.14622417449429373,0.04566210369236185,0.1111332536847606,0.03194597670949213,0.2987829950012842,-0.028872302358876077,
0.09700446020193092,0.3156807057099951,0.1662876179916111,0.06323685563087239,-0.05235083786158216,-0.03200809299453478,0.13285434704687615,-0.027213347903944675,0.3644145920765844,0.1928220639085157,0.19246308799099113,0.2544841111022315,
0.22392134818124687,0.042185016741645966,0.14164777131307596,0.010553481064744515,-0.11915343754019193,0.30548754542464573,0.24426080890575294,0.42618655548027273,-0.07558979673685715,0.16630413531488292,-0.07227272035065829,0.3828729236669462,
0.28498307818570084,0.1624135852548857,-0.06175141539720566,0.2831388221369062,0.28210741521527777,0.26883347259564516,0.11171343494093124,-0.005932516262608309,0.37763407915907626,0.1555187388653433,0.23254912498820535,-0.005402088205560259,
-0.30291249581994384,0.08581002030982708,-0.039746119937216974,0.05506966581195544,-0.17089874893494594,-0.06653466948671756,0.053286891523184284,-0.29520860560815193,-0.043332799672474095,-0.30733196069349317,-0.260003547820804,-0.2697032417282285,
-0.14721074208923307,0.032317280188877105,0.04914116508499788,0.08394458256566843,-0.27445963708083304,-0.1649362914398561,0.11952572328345039,-0.11910348761725259,-0.2931306216501297,-0.13222423913806716,-0.1444800363617447,-0.2681637799181848,
