# Pesos da Rede Treinada TxH=  0.2 TxOut=0.060000000000000005
12,26,12
12,26
-0.5437263827790912,-0.27985977860180156,-0.313822403482687,-0.4512471888156217,-0.2224615576508634,-0.4315834989792016,-0.14178798385947028,-0.13206421326379933,-0.21722175307401412,-0.2783926119233323,-0.17014092230224911,-0.20645674372760045,-0.23244627855275,-0.14599414181169373,-0.35879191623628814,-0.43905377313294236,-0.1242211384194174,-0.24527370412171492,-0.2193382231796568,-0.13512442166497698,0.2873064058887313,-0.3836414933759718,-0.3184952088203793,0.4061737250066979,-0.19080526877186507,-0.12712735432868516,
0.44494655824758617,0.0012420498790930686,0.16757340671523477,-0.6420728253993365,0.47251241620367296,0.46496439839687986,0.48924368000447005,0.25674344978393937,0.20479702336486288,0.4957361142016057,0.6029134945239482,0.20032222974626265,0.42119287558844626,0.15538464426341742,0.4112948892599226,0.17658485389539819,0.3677704457984127,0.29953749175197364,0.03859363335089413,-1.6930433949199213,-1.9894444642491114,0.3738522863647783,0.3268479813811107,-1.9879496367809615,0.06990431828409457,0.28863356067218326,
0.8184365976805053,-0.012889524415499376,0.435541511866159,-1.0436270052531806,0.6469504908320334,0.3612498956423476,0.5225931080994309,0.28619679947137466,0.5297239766303594,0.6132160065869932,0.6414277352169188,-0.1252609819024411,0.3077743541783692,-0.030023797711492273,0.33723957957196987,0.2971491389593387,0.2568790378949558,0.1589606418925187,0.09424689507828163,-1.5448000754197297,-2.0117424169877864,0.6885161568915522,0.2339757679740558,-2.0134616419036178,0.3825475858932186,0.37786634353533005,
0.21123437230833983,-0.33402413854291263,0.3053838333138629,-0.6574074145629383,0.15427438376827068,0.23869704285803986,-0.030362855491200588,-0.019985867381312306,0.34940800560749635,0.22556060627040714,0.4397643814061048,-0.11282446576919568,0.015503190543758146,-0.1873039855480827,-0.08708272400992599,-0.13761919579019602,-0.04441330665858793,0.27334948185459723,-0.1507491329347595,-1.0665760899283216,-1.2931552949495935,0.4245634276100944,0.3147782416663131,-1.1991084632716746,0.1181456710506412,-0.05119155705072075,
0.0922010581143443,-0.17766407341685558,-0.23010068255451052,-0.5543838278053426,-0.11340675366575573,-0.194014010338309,-0.09765625266564057,0.03218525765090288,0.06390165859523582,0.0661255428933957,0.19306606296869103,-0.14292165686720976,-0.3568006784380393,-0.31190328814868945,0.16024786066759514,-0.006587099995996664,0.07846623886483833,-0.14612320586501543,-0.46160597698718475,-0.9150998768417062,-0.6423198629414085,0.20183052576830027,-0.05290570110389453,-0.6061851628135329,-0.27300478349555235,0.10549500125663167,
-0.3960475977325106,-0.4376532433315294,-0.5885744222711321,-0.4504050395855316,-0.34477568501619626,-0.4458139790254875,-0.4215864938321002,-0.42569977013113985,-0.46439639095272967,-0.5595331246327103,-0.5506313540119144,-0.33986856418009886,-0.4578879599651125,-0.7063023709656381,-0.14564936895682884,-0.2872875053031663,-0.4593446459982013,-0.6204536253540616,-0.2520750072270024,-0.3701469284183551,0.8379942654569809,-0.5608019540913479,-0.3848492561739724,0.5826012453348005,-0.3490388447650811,-0.5602745970220881,
-0.5890460678481692,-0.548179848069625,-0.72640135253632,-0.38730894722262826,-0.7370337091533706,-0.4857128341025485,-0.7632564526746298,-0.7279949602867432,-0.5491191876108846,-0.5894748791390348,-0.8056624543732401,-0.5655780063595042,-0.6528336285246696,-0.7939162113457705,-0.6583748171079208,-0.8379761571265816,-0.6506620897012876,-0.3665149494766432,-0.5467991289939352,0.049591335615605504,1.1184471043954862,-0.5112840711444099,-0.5254372957017821,1.322693720293988,-0.5241523410654058,-0.6320003515442716,
-0.3238377733243385,-0.12461351901073359,-0.07092508599531905,-0.7144902772545635,-0.16207235595889413,-0.09470077575497216,-0.43615474965431333,-0.11859374093037547,-0.4066596355610874,-0.24679226884712188,-0.27860299000753147,-0.3590535257086716,-0.16656811654249315,-0.1668700781100075,-0.4466442862773243,0.008631363910137508,-0.2428307212629971,-0.3121088676522464,-0.3474821030789576,-1.161885815656665,0.021937607396137905,-0.21591141225817925,-0.24445410742981577,0.1352827589132002,-0.4384312025076719,-0.0188969716125107,
-0.772072093023223,-0.32113174050234067,-0.6119892242210982,-0.4741872664657108,-0.8075471670764264,-0.5447106868360427,-0.7023080159704623,-0.44290077035801634,-0.8556122675552542,-0.502192959731793,-0.8008661937283243,-0.46950004591890415,-0.7958551941343804,-0.48889751351041183,-0.6580707743808408,-0.7159780943450629,-0.7491453944822118,-0.8030337877070474,-0.482377816587932,-0.31378518357135166,1.2985334160155175,-0.796841415489883,-0.8086500860745206,0.9519794032705715,-0.4262351350957346,-0.6667463572730643,
-0.5196805889836391,-0.4332295065510435,-0.695670349277785,-0.8574870582678771,-0.7184453859698607,-0.5945980732553304,-0.402974762462704,-0.5097269857858763,-0.5968422287315232,-0.7044234041857483,-0.6084774371135456,-0.5653232421109928,-0.4660851668081339,-0.49270773926176537,-0.43325261480020283,-0.38804483559323855,-0.626859755001252,-0.4826703545090346,-0.4022859183003301,-0.3121182551074735,1.486822318960627,-0.5739886171432746,-0.4159125230462941,1.0051873146117474,-0.37409949986595925,-0.7391972920910244,
-0.7482290135493035,-0.6414848202718659,-0.4409881190925012,-0.7514700993016878,-0.4241831755282124,-0.808233880655891,-0.7042534857001561,-0.7238576922048797,-0.640831048034811,-0.7916266179426161,-0.7528063749020669,-0.2138559201353922,-0.350112191180079,-0.3957396901371241,-0.5281639944446509,-0.5537054082334973,-0.46160445575767,-0.4557475175510845,-0.5375867522756145,-0.16325725647750217,1.60074842431272,-0.6929461106245964,-0.4158128811020173,1.4612212944945968,-0.5757438213973247,-0.5780030426843616,
-0.4086551349923088,-0.26511247091131807,-0.23714780682870212,-0.5811336659511663,-0.578756079230121,-0.4357796292576105,-0.2619696422138699,-0.6004853000733493,-0.2880143513450097,-0.5486324183178378,-0.6367299163214776,-0.6369223802337894,-0.32127231030456743,-0.30044814588105034,-0.6468659260881456,-0.4375429326533005,-0.3958318324965614,-0.42635779220981807,-0.5719134919374373,-0.45220541790812435,0.899107942881856,-0.7370050106300446,-0.7595209786590316,0.8161147996373325,-0.6821052973962792,-0.3670907085809504,
26,12
-0.0011707146670658258,-0.22400499853467987,0.04708830888703891,-0.3317629150337784,-0.18029594049790298,-0.19935230818747118,-0.12401907975253842,-0.24913959564809593,0.108922555012955,-0.015781662226686893,-0.28008134710642196,0.009196215490100667,
-0.33040643484702076,-0.10023512794748658,-0.0521031927051336,-0.021203939459736556,-0.2897289987712454,-0.20324443402505482,-0.01909117319954831,0.10596235748763613,0.2336697725368044,0.1437973584950636,0.1181915103210476,-0.11076522866477294,
-0.005200439497315862,-0.08473574601831502,-0.2500688649091358,-0.23534995801986117,0.004451944173276008,-0.10440282260425124,-0.06832054975197106,0.05870185843650571,-0.06266766288935192,0.003872288030161464,-0.11881842082659555,-0.2161745935001439,
0.21093191385713386,-0.11913320646916277,0.0453818988943926,0.08695595293955431,0.10497980552122355,0.4438670246397369,0.5167716344726577,0.12588987934978485,0.6364463829507635,0.33705112114772384,0.2275749263853796,0.31178841944169594,
-0.08190800554995983,-0.11028722232927538,0.11054610230217188,0.015965524448439048,-0.07476720832745513,-0.03825561711684826,-0.01954642245389923,-0.18097927399232805,-0.2554060588056168,-0.1309180896651982,-0.2481301824759761,-0.09279564771339772,
-0.1868681222014697,0.09044935365309906,-0.17601794512002433,0.020184288025286608,0.007534771424270584,0.17043541235237405,-0.23035914302549956,-0.0935670968666145,-0.28734053539173354,-0.14379222939582514,-0.11175420231739008,-0.024843911749883943,
-0.22659110774373759,-0.24815062155488696,0.10650255669480434,0.15788133874741345,0.09230032500298167,-0.30537156934026344,-0.13796946773190374,-0.03404311165917836,-0.05528040107177798,0.019604377598323022,-0.3566326506564771,0.012647163634976278,
0.08366488102860609,0.131772672985432,-0.05043373392744976,0.032768446036645936,-0.01576412711257307,-0.18056600174233142,-0.17436153760094633,-0.283313371885294,0.0735559212237342,-0.29059934134046567,0.06276565995832988,-0.14530872956060553,
-0.14797117887123548,-0.23336136690228415,0.06744406742885391,0.14650637993127444,-0.20121030613177673,-0.2120852505612208,-0.11906124835616722,-0.16802613807039754,0.07667802145333376,-0.11189519235656809,-0.11097311787835396,-0.12017650058620956,
-0.2619846138251179,-0.02735757677833246,-0.20630895817974024,0.0434866860160492,-0.01599083279551074,0.05413380314298537,0.05593124057975227,-0.2953109812880627,-0.2525058565231711,-0.23230334382285422,0.16284619028814903,-0.2376578834708784,
0.08249924921459512,0.0513116597774645,-0.05545511514793371,0.07365591014670218,0.09882422621356311,-0.056123230135785754,-0.16144871577929334,-0.20755696319350522,-0.37608739122914214,-0.3904305494668152,-0.24527260482718005,0.021436768595617946,
0.018716708015836123,-0.07339995325554576,-0.25264460672350775,-0.15071437723051254,-0.16066963600677892,-0.04602030966553076,0.19734349962700198,-0.04818313638223991,-0.03298442507939475,0.28277782322164047,-0.06406315555489127,-0.16778963160440452,
-0.2661773678592444,-0.16430154072922362,-0.08935759598119862,-0.2853330771083542,-0.11140583263813107,-0.1475574650164247,0.182152611723258,-0.040399307978217974,-0.053594523832681595,0.09441568251045691,-0.15838684315670445,-0.026850187253386698,
0.19553315382209516,0.15588532509301778,-0.15526423735312805,-0.06595741971163772,-0.16316683590511866,0.15499949962714357,-0.15155391735804638,0.004803647509796439,-0.24146308697430627,-0.0716756482567323,0.012165236484388652,0.11419513257570513,
0.10110064717098922,0.06397403065412931,-0.2827938183044719,-0.06835644916074848,-0.027880843798679868,-0.19198349484760896,0.08405990915794402,-0.2129181970086567,0.006470936804970484,-0.15819245406867388,-0.26702163811367446,0.083872810712203,
-0.03591748589755401,0.02494831876154658,0.045910773027768435,0.14391757902887134,0.15148951738386662,0.06728364510379305,-0.17156707049997919,-0.004257683425937595,-0.21246031356982867,-0.0821609080704901,-0.19498166326882826,-0.25126456998099844,
-0.14832117454307855,-0.27442637825292787,-0.05496994620864193,-0.019652690172862884,0.07856166987920947,-0.178962259033431,0.140389977251271,-0.01838502251734052,-0.2365840359173642,-0.02535060121063204,-0.03053852862308055,-0.21693350955953153,
-0.17570280066294203,0.14507981672408632,0.0059490249042650515,-0.3362595920357534,-0.25712428939189014,0.19797640423002572,-0.10800635123064195,0.1022204288839118,-0.2527342245140907,-0.0495366183473814,0.04427452725556616,-0.2180276995568433,
0.03533575358680138,-0.01402209929767447,0.16924456343638947,-0.21606414120054634,-0.09817854384524459,-0.17047000350183975,-0.0916539015926345,0.19628911488201498,0.15466236530968666,-0.044606393367380495,-0.004986713527157954,-0.1236512070304151,
0.5399136479254733,0.3715205983062745,0.31156962500516266,0.3665158775935022,0.42001943603066483,0.34623707271609483,0.4631529999825058,0.5901193771383273,0.5357690250970633,0.7074014780695383,0.6487717503480719,0.5637176952121994,
0.6186610814894482,0.5774865622908767,0.6660954465774551,0.6920065543867147,0.6394474614175004,0.5311923059670242,0.7411817287593989,0.6204147905342798,0.6650854418838611,0.713482704949472,0.6332412046622595,0.6349239525821679,
0.1972278160220856,-0.034294366039717424,-0.20148658608228887,-0.05783089858618186,-0.05837954381776879,-0.13058488587957243,-0.11118082900795123,-0.1831901002318649,-0.24134692588067086,-0.22431634207891485,-0.21433857766085077,0.009127498698306983,
0.09064352108317597,-0.013512136608051336,-0.06479120261129151,-0.3123500205187448,-0.09612724600927534,-0.06665174010315343,-0.2437841759409384,0.12698041096815277,-0.18092976050036405,-0.25398123114755466,0.09630436660131092,-0.09734069725313207,
0.46899119444897286,0.345378246073058,0.3361865605253327,0.27493169579186055,0.40307051653738274,0.5781340623118102,0.37672363198726594,0.5627765878461901,0.531215583692957,0.5214165910920322,0.5587807979415601,0.5153143754774495,
-0.3570453014614103,-0.10531821705897193,0.17028099220077747,-0.05600853599299016,-0.15006144595236648,0.1264487049087465,-0.26832818125841773,-0.20470340942173768,0.006904604506330369,-0.10634791964771768,0.13690852099101927,0.08787262490073912,
-0.24535971665849257,-0.14223045039455082,-0.17019375282218224,0.14145847803115894,-0.03940689812541971,-0.19671725050526365,-0.2684882414907836,-0.05705467679421626,0.1240229655749636,-0.14598235424153347,-0.023869904284288947,-0.038650418956136856,
