# Pesos da Rede Treinada TxH=  0.4 TxOut=0.09
12,29,12
12,29
-0.09187569368411184,-0.1911138720182032,-0.0853968392019942,-0.5006228223287741,-0.11714598108515806,-0.05511506579315787,-0.4177285899360182,0.052412737440649525,-0.3983647084151164,-0.49069735606792486,-0.40051921294592857,-0.5505638168235861,1.3258444046052684,-0.2464324858616369,-0.04017674316991439,-0.3787189423969509,-0.3082055365007017,-0.20729873562493853,-0.18817995071838856,-0.5858322918763414,0.03680681776827518,-0.241438351806629,-0.36977209158787827,-0.03546746675284646,-0.31641114648909546,-0.019771915947644374,-0.21790655291764272,-0.3037081413552771,-0.4166803946906548,
0.3686172316258557,0.5839932073198821,0.9501344569747152,-0.38573412199263285,0.5669973085272478,0.6990731290978055,-0.5310838028482938,0.4687037098139516,-0.43367708993124293,0.16237163778787495,0.2321691299605225,0.3350567625864761,0.23025864350802555,0.3952014828611668,0.28877438936927247,-0.6663271225137887,0.12276060048918037,0.07919224744602617,0.46405494277932624,-0.3396909234538363,0.5233904287117963,0.4760312487213361,0.2528290414942872,0.4455364986001812,0.6719837681030526,0.6149284835693211,0.3759319680228088,0.3324542377837865,-0.7495105071719966,
-0.03169873903513398,0.24485117406299087,0.7915079719672842,-0.4988027792406407,0.5897582924374545,0.3596260816940792,-0.4092286276567485,0.858817715761749,-0.528340389723906,0.055969979970169906,0.42543635402136554,0.1707243602753083,0.3766888225116776,0.47369534161754595,0.5281812850395946,-0.5633156259093668,0.28663012284167366,0.21426660173970308,-0.023089620888181443,-0.5818232378400139,0.6976254455577766,0.7064297548459789,0.3132488324284631,0.13168517020766984,0.5221910491857585,0.6490125793600023,0.3591167034460871,0.5886495091014111,-0.5622221895897833,
0.10459182339844586,0.33801747958256934,0.6904170383247195,-0.7072288874318309,0.17447830803303507,-0.02524949401691884,-0.6168763216643665,0.2693744244745974,-0.4331846398348208,0.054375306772231506,0.10323999427430212,-0.08914082342640778,0.8283584693943472,0.05597127721514942,-0.06203462746198779,-0.47522041570050505,-0.12455586999265664,0.2565255871285393,0.07645686653146175,-0.7537047457806102,0.39322499520931686,0.5339640596731052,0.24409656980257574,0.42339623267359106,0.07579883010502621,0.4266661320596082,-0.055811523310175686,0.4323084266153891,-0.5404342162811259,
-0.25655027601953995,-0.17314749276669175,0.2565812668611,-0.28078200736951875,0.294122154147108,0.07752147247442057,-0.4881668167297481,0.19764681961945813,-0.3923823542329985,-0.38974642478091237,0.10346682624192796,-0.2786966994572694,0.971122918445279,0.04367114309475054,-0.15262517480060947,-0.35407343378588396,-0.1366177473347801,-0.22852053860086416,0.06509992105384799,-0.47581971233952436,0.17234370894224288,0.006357953786257012,-0.20671111614383134,0.21185754636617493,0.09413703828688291,-0.1456493995530371,-0.04738585748464429,-0.14005420414279163,-0.3252320570801844,
-0.6325207128622512,-0.4383595237078874,-0.46814161214019673,-0.7690992469923708,-0.38785473718280217,-0.2917068720070401,-0.7173755908202029,-0.6009836690345466,-0.6296820134234092,-0.39699260044051626,-0.41327000971668926,-0.7134054319524178,1.7553843005078928,-0.2624404893448098,-0.3339144251309683,-0.5205353305702011,-0.5503035666014583,-0.537211504569986,-0.4190180492124342,-0.6109873875596041,-0.41386666374023956,-0.3602952961674593,-0.24074155619509807,-0.4913419730395202,-0.6594574331385104,-0.44701040429823563,-0.22296725082391156,-0.2607422123872832,-0.1298483139184861,
-0.739547765440523,-0.6126748203107688,-0.46562903333041133,-0.5501166944396564,-0.8235017813523874,-0.4913289860818018,-0.5502119384399264,-0.763310275136933,-0.34925966805332065,-0.46858581885147776,-0.6274765428502715,-0.9076818408156728,2.098082560131746,-0.5137684369789699,-0.6563597307978642,-0.7368507824421946,-0.5907646469856488,-0.7860311547986518,-0.6297580650755704,-0.6714186247230336,-0.827997184872962,-0.5096275334463185,-0.5221085273599414,-0.8620496083155861,-0.4747365732447326,-0.8841600482060599,-0.8811340662273277,-0.45121418215708436,-0.42728525255366934,
-0.16228444357009114,-0.22705665948419515,-0.23214872743663356,-0.6616406727110486,-0.20314613717222907,-0.3527926483908116,-0.2978641586661743,-0.13154956906050966,-0.7045369508150915,-0.3824147571127223,-0.24093853328578063,-0.20694718450754387,1.4923503263966593,-0.49643139807880055,-0.41678763631794075,-0.3627244869880681,-0.14420316111003137,-0.5044524007933605,-0.4442781189979443,-0.5641823661034827,-0.5050011100329974,-0.5097974362788369,-0.5670621871027821,-0.29624401435110614,-0.4171092547208399,-0.4007602632609967,-0.5032773604467726,-0.340357600307583,-0.3980437069835334,
-0.4636358308559354,-0.623820883753779,-0.8576585234565317,-0.6571133962251686,-0.698403697665678,-1.011126294158226,-0.4567290854922687,-0.6939023009059447,-0.3311586458280791,-0.5575013679820626,-0.7925832113952693,-0.584810353300744,1.887744901887788,-0.8696944188248161,-0.7417429070548803,-0.6860591693378117,-0.4753992549671305,-0.7359935697745715,-0.5985058064726702,-0.5400845015994651,-0.949443334547538,-1.0081731850134805,-0.7707902889945287,-0.8883399556763512,-0.8273745009609705,-0.787825753851961,-0.8922333057166013,-0.829447662041174,-0.22424673261741407,
-0.8277082995769957,-0.9796868374522852,-0.9141300726232494,-0.4283349309686822,-0.9532868624034383,-0.636230761086588,-0.6153277868299959,-0.8397214961639905,-0.4255917406485289,-0.7331997864913202,-0.7369498940339877,-0.5628248797139234,2.1373132088800335,-0.7471204447467058,-0.8871941108505828,-0.5406458009733889,-0.7190646913632155,-0.6697907235176749,-0.8159351249636904,-0.5147755658859168,-0.6642104903472716,-0.5451935341183173,-0.6173991845557814,-0.791290708388413,-0.764239019076278,-0.8365836850492705,-0.7505077924129981,-0.9395207020965878,-0.34748170678326135,
-0.6802400522832862,-0.9193499804744356,-0.8109460142658056,-0.7320535629203995,-0.6846484208816536,-0.855438188847437,-0.31737424976388284,-0.8821864553142975,-0.3528506370002633,-0.7879571907368516,-0.4934603109378354,-0.4845381668867583,2.427799191912512,-0.48326366949854715,-0.8903650777906192,-0.6306644192393139,-0.5869359241117826,-0.8264197593802197,-0.7708781646344052,-0.4230795931296253,-0.5375436791084297,-0.771367955121015,-0.7438743768120514,-0.6877579083916955,-0.7704638016113929,-0.6813981860868357,-0.5395038015374254,-0.7483162312376964,-0.1848972971597179,
-0.5844020924728492,-0.8787860523223255,-0.6100434643941438,-0.653775191459134,-0.8986561757817089,-0.6565603229940937,-0.49499689460932944,-0.6493680714125275,-0.5947136959498768,-0.49648674040455526,-0.7310541398877056,-0.4976130161370075,1.9972734055290857,-0.7115023281651162,-0.5471025654613868,-0.5782186797286152,-0.7511773451202283,-0.4286041362684726,-0.7891611031367385,-0.40348149085937873,-0.812354047913395,-0.8226754442904087,-0.8871992718728621,-0.5175495836656008,-0.7058355533394197,-0.6668995957465949,-0.49763915269916215,-0.7904914106438522,-0.1916070884043119,
29,12
-0.2825620341703065,-0.07609050040466156,-0.2097531385382787,-0.2240506878090725,-0.033731873573642976,-0.1723031218779059,-0.1765193825590211,-0.24897131335019904,-0.18453563732859044,0.068764237082428,-0.2823937887815944,-0.03719595868890148,
0.017049231403423192,-0.032337127178454675,-0.1956946774633147,-0.3880745035242033,-0.08183073715562961,-0.3280550496487902,-0.2867937190849351,-0.04072794090768585,-0.2127484690937135,-0.06731939657685489,-0.4648139451029279,-0.14267614929969302,
-0.217388291268909,0.01284342570189454,-0.24221530194587138,-0.10278255039626746,-0.02275022297239486,-0.41257634783854846,-0.049803782987579835,-0.18017391566993368,-0.20782752009882186,-0.328234158523566,-0.2615114679785935,-0.33536630006681223,
0.3156313383714901,0.40972009247949326,0.3151894255205291,0.34718381933395304,0.36522225419321425,0.25797788070525707,0.2789036494321242,0.0957453380820943,0.5052844208100845,0.4118018501058395,0.24957679708100033,0.3199330689162668,
0.05022756858606063,-0.08999001858125685,-0.3003717460549853,-0.15326504580439812,-0.10192705289802967,-0.3108810300415781,-0.49249623840256135,-0.3801854733495819,-0.08638557365341604,-0.007592448920962871,-0.08468912676555249,-0.3525286101567018,
-0.02790219425580633,-0.33058685407494465,0.0694579729574426,-0.2696362005695417,-0.258989596432692,-0.039130215529470894,-0.3770316097345047,-0.23596846707746985,-0.07461491738342399,-0.20030331762006207,-0.3832117892006267,-0.043910120008305145,
0.29867800088169094,0.34659703435664585,0.3602247050345687,0.3346845764917546,0.035215044714061665,0.21754231054211368,0.32578974802307764,0.4082418448597492,0.35702112278685844,0.5417381162686834,0.3492290188541809,0.319834654572522,
-0.15716339856320652,-0.3354880065567434,-0.15482490295092996,-0.10054726957079117,-0.11718381394513809,-0.25036853997874303,-0.34476059883293153,0.0017957229034559336,-0.24215656402063754,-0.14744558539106925,-0.3261087567613947,-0.15057897335967993,
0.3818166187716953,0.05799564061513216,0.3099172608916693,0.3650944115664228,0.41569383353926076,0.34148878665291515,0.27960082412643184,0.5499387659241017,0.24589496422054463,0.6244653639409619,0.4754676555466738,0.4487749474407555,
-0.3082833452875639,0.08729498535194821,-0.27098760331906835,-0.11945883047300161,0.06604920571903576,0.0012582709035747445,-0.01323902689915271,0.0016457729018991448,-0.19499183687986846,-0.2462853022405434,-0.2295910586197426,-0.24991524681232985,
-0.404190957292639,-0.3404123102167868,0.11856260422063364,-0.22528437320315636,-0.18107722445793667,0.05479319315934661,-0.14237528196741372,-0.2124517633214258,-0.032311252760339686,-0.17556737693610483,-0.32107980178871154,-0.17988198292228957,
-0.19596929672675265,-0.26407317247323736,-0.21351515906292245,-0.1486318638956174,-0.295114327024198,-0.24170176169254803,0.013875239419185512,-0.113111363873102,-0.16803045593228644,-0.06969257157390597,-0.15820296013652585,-0.17441219131797978,
0.9434506795955775,0.7699664115302717,0.8829837655995828,0.841293557499975,0.9121922175080283,0.9593606792658628,0.967448754069426,0.9856272908145701,0.9991073544518867,1.0548136847034668,1.0301017372777588,1.013394600146031,
-0.20329182914540078,-0.21251034870334645,-0.19206181165490802,-0.02690483239696967,-0.2235142561443278,0.03401200017311746,-0.3173083639910529,-0.20898789681923796,-0.25354075522970243,-0.08922010941974547,-0.042856628581490475,-0.26241293429274165,
-0.13221994686351432,-0.29962652716134885,-0.24294835892288508,-0.2743422309156656,0.025720667554329908,-0.13396345168096843,-0.21600835174967092,-0.0685922564309986,-0.30513981487918534,-0.3271423958606714,0.01048765315118362,-0.09639795931022305,
0.0015958670944440493,-0.042893276973584936,-0.08240193265162112,0.08543867398372983,-0.030557304500622755,0.2436563666280625,-0.01304656826366079,0.12884167662354257,0.1520976198912833,0.139060386634107,0.20830303075911244,0.31603278552556185,
-0.3872861089918665,-0.332317230972814,-0.03459311494140163,0.09701463826037265,0.08416336110193885,-0.3625943201904857,-0.14627722118135295,-0.00501868173405619,0.12743823338933946,-0.28941588732129114,-0.14843422196968303,-0.27997495507946807,
-0.013939981077021164,-0.11685423418420467,-0.009084148941111177,-0.27738315373514216,-0.04160811963779703,0.014328306011990252,-0.2833976716129068,-0.3465021683132627,-0.08503539613294558,-0.38879420899487616,-0.030398031779401244,-0.07213978768896645,
-0.10183360434878415,-0.40085132739557955,-0.1821205892900909,0.07365676795421666,-0.3440815738858534,-0.2821625317741005,0.024644953840908437,-0.1632798808749152,-0.15286397419244258,-0.1311314647724798,0.018819622223401347,-0.46684528565185307,
0.5895149774163045,0.3849966566742272,0.2186569732491722,0.09959516140124658,0.4563502482172802,0.3371425594448456,0.6219066291654928,0.47308030140493623,0.3394293129452956,0.15518883155496901,0.389412418304316,0.21376362086984296,
-0.377457645448558,-0.010708981122040695,-0.15290554327975828,-0.2184911176350828,-0.19943014508182524,-0.01753510218640847,-0.09567114550806727,-0.09292247752189273,-0.2959908003559209,-0.444949550528718,-0.16828719311684442,-0.1473008573532544,
0.03519820447529732,0.14202152041659122,-0.11252932011326909,0.07872218343413033,-0.18500625498230663,-0.32096181279727937,-0.14200066364533703,-0.2590035435848625,-0.3537042706116653,-0.24982747788221552,-0.14396725259672252,-0.24542660579517517,
-0.1737381575579921,0.059414292801431554,-0.01976813032218135,-0.14845036589335908,-0.2187683016035068,-0.25205682526599776,-0.15467265204639172,-0.25124297658320977,-0.204001182671818,-0.21256476326636012,-0.09599393558927805,-0.12711908541314307,
-0.07311444556353748,-0.01161533766988687,-0.27150187839899365,-0.1304508695654599,-0.040233776592601495,-0.018967142369833753,-0.11989482387549442,-0.06959239144190524,-0.4184730641700913,-0.23552532741161114,-0.12537357197131513,-0.3142159709481832,
-0.06438089786313662,-0.21107458895044648,-0.030533301411858067,-0.09536089204845818,-0.24832470238439017,-0.17810359962453096,-0.10404228394082345,-0.31843364330663915,-0.31766420232733905,-0.38593856655326675,-0.0640276909537783,0.016144791327007364,
-0.2232112874975424,0.028837199406836603,-0.047186991615797695,-0.19729628918032502,-0.25957848871784456,-0.2049898397484159,-0.20071008359951442,-0.2541397864349316,-0.14694497375336382,-0.33405284794081364,-0.3208800821745525,-0.042303656743216705,
-0.16010102656977526,-0.24538587603636847,-0.1417256604207666,-0.30897740397038154,-0.2885008862367476,-0.057594752068938895,-0.2632781971117124,-0.10025157690368702,-0.21633578382419127,-0.1426476900919985,-0.15277604527278021,-0.1285646827402137,
-0.4182349422463322,0.0874448972207521,-0.21347373768439104,0.15367960783479537,-0.3002041614573046,-0.15337298194364693,-0.04327791359791655,-0.4316870967142491,-0.12455805539628553,0.03166697602934413,-0.43700292331678947,-0.204825208035823,
0.47395319996959573,0.2745491006591903,0.20645151042193666,0.12129748599334592,0.27431479634085965,0.48697180059540224,0.6915418388547974,0.5320531763830002,0.8132237538267748,0.6326634525094788,0.7082179064169674,0.6254821692162051,
