# Pesos da Rede Treinada TxH=  0.8999999999999999 TxOut=0.09
12,11,12
12,11
-0.302483130541058,-0.5837126076943617,0.38107161713229093,0.4433685478897186,-0.46428360505167476,-0.2751050249435397,-0.386496891495278,-0.18658974938659184,-0.19672448075993432,-0.3363421381125211,-0.3819479133426246,
-0.6137179551010012,-0.2258638036010506,0.45104179993224824,0.5999167958067743,-0.3547355245468996,-0.20004490991281748,-0.19133009391305644,-0.12787678185866222,-0.5261941184928187,-0.25577420445701143,-0.5350986992637735,
-0.1709541560584157,-0.5134898980149128,0.6252851224225323,0.38511451932990387,-0.6538314863872914,-0.5930383731419459,-0.5415349434161552,-0.4344876961452657,-0.1967236281749854,-0.5609587588558322,-0.393455911411722,
-0.43383610825237073,-0.4422192829129552,0.23339526701460717,0.2999747300760298,-0.4795303387768682,-0.27683218488948425,-0.19863693426918264,-0.6532628341642417,-0.6118864675046373,-0.13556001216811125,-0.5199258497617643,
-0.6890673640106159,-0.3614570107249122,0.34458931904831097,0.38437932742059927,-0.43835792515236743,-0.46383213074888363,-0.49684680953308247,-0.45826694507616533,-0.23905490759745518,-0.2720918543978091,-0.24323912031219003,
-0.279789380745296,-0.5892996927388362,0.5975096708093169,0.2570242423274931,-0.3489659437097888,-0.3972337036314819,-0.6235705415192978,-0.4104781402579332,-0.47443293814789755,-0.4412031256261669,-0.6718515445845304,
-0.6811657674908719,-0.6069831303231261,0.6158276758486171,0.4307995641372888,-0.6355976266401648,-0.2713864026036975,-0.5351817784583025,-0.48608789043775336,-0.33095770042103867,-0.5017988795753707,-0.3146786046656089,
-0.23964463394692667,-0.5336875798636632,0.4675789689568365,0.273577789178775,-0.44028172664684756,-0.5968536912310459,-0.2642566333787855,-0.340933608457218,-0.6486649237027862,-0.4455525829861188,-0.4956342606973771,
-0.4233549978778007,-0.6039900290107069,0.25313540269097523,0.3892066660057707,-0.3117055775938413,-0.6649358463522046,-0.3655011341277691,-0.6700263561978675,-0.32427792928002697,-0.5824229236356332,-0.4904651353954854,
-0.5524142221305101,-0.4161731613134722,0.4980630893941317,0.4998062909942883,-0.4001375510448059,-0.3001342683386459,-0.6161421511286505,-0.31584806058616954,-0.6860528216110029,-0.552509562375686,-0.27128932671857836,
-0.39314009324131005,-0.28830572834380996,0.39162326614287984,0.4413473947330027,-0.4596881996692607,-0.6714350854698622,-0.32686442509168795,-0.5283999436893662,-0.464900115390899,-0.4300912763481157,-0.5695734107465853,
-0.5289426976600923,-0.15265615057105936,0.17607320672389123,0.5920575904290453,-0.40751370302346374,-0.48756315392811417,-0.579659736083538,-0.6332033683253829,-0.5489304698379426,-0.2558333382463159,-0.4404263698324224,
11,12
-0.07522384682585963,0.08687661011565052,-0.27967063039363255,-0.2337484232356806,-0.16929173121589638,-0.18799848238152203,-0.2968974330744719,-0.11184055347952175,-0.047645122632556165,-0.1831208662490196,-0.06786487942298892,-0.27252657056182017,
-0.16431479965714554,-0.3687726324299199,-0.012533471215154114,0.011137843341095877,0.010581709350008111,-0.03357545751435726,-0.28260543261077536,-0.1112149715964255,-0.21844181901118956,-0.23462574163353714,-0.275809172276318,-0.15220641699969997,
0.300677191639015,0.24657098572634434,0.41191789383434574,0.5320437425231197,0.20611934926422457,0.4929741558404242,0.30218566598177193,0.5231990380941034,0.4421660184626271,0.5171311262133296,0.2181156444436805,0.4733562282694357,
0.4868712992719002,0.414676646517741,0.3282153813947848,0.167806960547845,0.5413683783646406,0.2798927354936328,0.4441892056876765,0.28088118620253344,0.30884608647637657,0.3443682125386007,0.6048142094883292,0.33795161533665385,
-0.06359630717263035,-0.24450436294140449,-0.3044872043231204,-0.34485665938447035,-0.2433647477748753,0.08390695415044773,-0.1000784005530035,-0.2670181972317179,-0.14142036198912009,-0.061484119602928024,0.18533842388116933,-0.3043760318705833,
-0.28268676258795783,-0.08414124819937453,-0.14113190639794648,0.013628608502177265,-0.24063174788987757,-0.32279465263287593,0.04991644938489673,-0.00511166722541098,-0.24827390352286202,-0.05267448881942783,-0.3392978686519058,-0.3859741126987386,
-0.12551033202698658,-0.22865654364587112,-0.27680262310001713,-0.031813958882295906,-0.28282753269169053,-0.083878457332137,-0.2168637967936661,-0.3063397586134556,-0.03911190112171016,-0.019204832912773025,-0.10958607683356186,0.07816274523543112,
-0.23172681037077175,0.092627698112077,-0.2795029880625284,-0.0779592394241192,-0.009159229053982976,-0.2169698285473684,-0.2269809694453517,-0.08855152941359971,-0.28407056386510326,-0.1984906979687034,-0.191336705891885,-0.31309614302560396,
-0.22116104013624271,0.013360570955883899,-0.16654356397976183,0.017712961105645957,-0.2610363011169098,-0.33451529257916734,-0.0976794499576675,-0.18119926111197543,-0.2298467103151844,-0.28826284145451225,-0.12000467393824998,0.020303904419569235,
-0.1882957262568031,-0.21338710337878303,0.04318516533621901,-0.22282544683016614,0.09818185840674898,-0.02135868513205047,-0.07466407651421321,-0.24887504794009108,0.03811101346859039,-0.2812098745852228,-0.2176599230582898,0.013876564616966328,
-0.05240867855987261,-0.17879592930126337,0.03507584130926733,-0.18478553113236673,-0.21117671590190554,-0.24122304601498992,-0.038709238541384805,-0.04576457465723448,-0.12819666833015297,-0.2238800026388684,-0.24800727837593695,-0.18079894341335678,
