# Pesos da Rede Treinada TxH=  0.30000000000000004 TxOut=0.060000000000000005
12,16,12
12,16
-0.25236955011181295,-0.2760355647113899,-0.5554330830158541,-0.16227110447888882,-0.2961736937304272,0.5736229402264853,-0.5555598696231565,-0.4669106993283454,-0.3933334776931908,-0.51752766869755,-0.6991548468334723,-0.21745338123459898,0.7923675638435637,-0.4053953316768211,-0.2759337194725939,-0.6454167994362559,
1.0070147016656965,0.9097798063132512,1.127755250000821,0.7349902286898973,-0.7967998392637715,-2.511617485338822,0.8734663028439574,0.8337388064390527,0.5907375279990209,0.5096060791208586,0.9560150125538124,0.7522059785569659,-2.055104897721978,0.7510262115759142,0.8069619396934129,0.913460882581772,
1.0018368737479748,1.0461886999006516,1.2535024697393513,0.7475127330954017,-1.0945350914066923,-2.762598345836918,1.2578698342055945,1.2013447880129666,0.8951322342125475,0.6312249309837764,1.1671160018516549,0.7316965270462034,-2.2782094063725293,0.894174228582537,0.6502428790220937,0.918647488029734,
0.336237055583049,0.27532755196667547,0.6507574728665622,0.291298455597913,-0.6977862585797868,-1.2986044060904205,0.6528912068272388,0.20524705222549675,0.4553306782940996,0.20665688151667097,0.5479407885931467,0.3650644738149938,-0.8982489146806004,0.0733030402196773,0.17399712348095212,0.4676178568931408,
0.26354975283606413,-0.06735634695328802,0.34636706374326776,0.17552361273006173,-0.579652527971289,-0.10406828000138134,0.11408715162630907,0.1151928060417228,-0.11465802269721437,0.05182779612540468,0.213615716063727,0.215693791837804,-0.3796277783219237,0.18515950077310434,0.2371825916615057,0.07075554139594264,
-0.6620135590648237,-0.38152804602655477,-0.7375931047344755,-0.318404168759294,-0.4976613086055054,1.1191268119628988,-0.47248118762082025,-0.5741921392810869,-0.6011300255598088,-0.5768153312396194,-0.6008255657453063,-0.40187880799390074,0.8339608155887781,-0.6871967152807883,-0.3523166973502465,-0.35658905772913524,
-1.0392861421057744,-0.974981826949639,-0.8383180119266248,-1.0094279703966813,-0.8382895076397169,2.1202778692684108,-0.9722946548574928,-0.7305033436592876,-0.8594784811065194,-0.9557616799303894,-1.0533611205930196,-1.1105130972835229,1.573538795675329,-0.7316708575443751,-0.7337572223801646,-0.810915452753665,
0.0899467120555754,0.007513158343343127,-0.35027037223911,0.10554508642091241,-1.0413045143706192,-0.29333777970177766,-0.24042736471934498,0.04375862685952392,-0.09276821402545626,0.09208200451380841,0.17074836551734626,-0.3804231842487729,-0.37077680950972747,-0.3572167169921788,0.07020327205373977,-0.25482686331496307,
-0.9550801357424161,-1.0461653633879209,-0.9973600865333162,-0.8088037914774918,-0.7419337765543523,1.6057307011283841,-0.9165819662227954,-0.8493576286120819,-0.7279627031897936,-0.4923142344045568,-0.6882776399519106,-0.6380497112217975,1.1859431433426502,-0.7278503609525202,-1.0070525591984898,-0.9609062164259307,
-0.9643699925341116,-0.7305588495225344,-0.771443382452314,-0.9485148752285222,-0.7297322334442404,1.594320977113022,-0.875775738250015,-1.0001693613966656,-1.057811050998458,-0.6039423874508234,-1.0958543592440069,-0.9154040327118059,1.2631567029737207,-0.7225751070681756,-0.8609364425101532,-0.8679597223520418,
-0.9586437104395931,-0.6149225074812014,-1.0262674170405444,-0.7916265406008793,-0.642708194767913,1.4452687617141617,-0.6246765547550527,-0.8868010371414057,-0.6241517048253453,-0.7451396621549319,-0.9553831789534659,-0.8755905075221851,1.3999642550440217,-0.674151720898313,-0.8642755235845139,-0.8292149210901877,
-0.6855681594472689,-0.8439200431419331,-0.7452021709676695,-0.8024959057350319,-0.6783993841293576,1.2830051941511853,-0.8145122335576649,-0.6751043420896209,-0.418168738504188,-0.40914341969392,-0.7819348251303683,-0.4689855103665744,1.0098544702152963,-0.6410441767771227,-0.5768953192074384,-0.5403498218964912,
16,12
-0.23354065239583466,-0.12856359037044018,-0.19036969439288662,-0.11194287336512719,-0.22159373960535786,0.004053978226213353,-0.01959655625244189,-0.06417039491712642,-0.1816952091845801,-0.11094852705442364,-0.22250197749547163,0.04158597473716835,
-0.1714020801857195,-0.20018624040045663,0.028833666700868402,0.08852006526660412,0.05775668713965892,-0.27372680498696894,-0.09785949300362794,-0.23457389253868272,-0.2333504416231509,0.04725666498722319,-0.02452709104527115,-0.26847741707734696,
0.11840552584408934,-0.07228062451081993,0.037302533362979645,-0.03361641300876098,-0.09951705440672379,-0.18120815015242026,-0.09331529908462066,-0.1751556716860967,-0.14834885981904689,-0.24135828336596155,-0.12981119085086906,-0.18728037929820096,
-0.01201373709755343,0.0741517904925059,-0.04755867276647468,-0.27904804828884405,-0.06018065040326107,-0.10624247000021322,-0.0803130010863591,-0.2724898494550836,0.0960018549135947,-0.17634993404627344,-0.271379820801797,-0.07059389084263415,
0.4451991617695639,0.20145179376873068,0.12841722980014705,0.24434059396490437,0.19772454984761156,0.434075451387319,0.6394297148724436,0.4785498155737563,0.7181798284234978,0.610126279275266,0.699547961852569,0.5672531904259848,
0.5929785267014103,0.5853444829241874,0.5408201334128104,0.6598533115540501,0.70545162686681,0.5418836600774719,0.621264894271835,0.5229191111882701,0.6569720137027124,0.5909266740138476,0.6042865310591924,0.6132468070513472,
-0.23748594265697995,-0.1504764036692568,-0.06433928771879388,0.20008532108688393,-0.07218557094641817,0.053842197462908824,-0.29406100699531845,-0.12125465991017767,-0.08000479119108354,-0.21474714981333093,-0.10893208310536587,-0.14491939083220357,
0.020686728436316495,-0.09650679102369254,-0.21521564798936982,-0.06468377768563491,-0.26309365474606433,-0.03975064163859111,-0.00616291327191098,-0.09818820644210878,-0.18653642289473515,-0.2528394704992061,-0.020590803974911545,-0.13221738689119988,
0.018514789976158137,0.16980367793101822,-0.2818945105806068,-0.24994379657804652,-0.1624556609892462,0.010876538185990907,0.05775692437095129,-0.17166257080880892,-0.17866904630365377,-0.09847169790316833,-0.1125297747508607,-0.2618260750665119,
-0.1954067222968595,-0.2925584454815554,-0.02890219656583142,0.01041660014994198,-0.03988403556045237,-0.13568395920326187,-0.06620956380408075,0.09442638295488755,-0.10190773186457533,-0.20122836354048013,-0.28153327923806487,-0.018613007987042057,
-0.2814074194441097,-0.1646634386036278,-0.12208594705202802,-0.16864066465474906,-0.2979596173658556,-0.2223708857645515,-0.07539126795090018,0.03086803939658661,-0.373032596289152,0.012917264734625752,-0.06738693283949942,0.06684065723071463,
0.09896387908541145,-0.06870276586960704,-0.0938783881060416,-0.12112582349535,-0.12868411485874798,-0.10078042928810724,-0.31246073762000254,-0.10597962878584018,-0.025955352303062403,-0.17632050020112056,-0.00415164802351108,-0.15054375024380107,
0.3559602889259775,0.23417026186308326,0.35075063245864113,0.21049828096744455,0.22348344017926652,0.40483015696824937,0.36310803122641055,0.4873048480231991,0.35321179248384027,0.46709315423709385,0.4261492535235646,0.4049111698255841,
-0.1615473427482352,-0.14182647056233766,-0.08487155825298273,-0.05672424871228969,0.0030462767507629025,-0.08661300128154809,-0.33980988973973375,-0.15292508769229995,-0.1559679044961354,0.19038284992230675,-0.2970660010430492,2.9308072411801824E-4,
-0.05615735540123277,-0.00861577679202133,-0.08833397925853137,-0.1882032364056044,-0.06437538119878301,-0.3194931673231679,0.009014017874593893,-0.11279766213378532,0.026489724503235834,-0.20263798032526856,-0.07230365477767212,-0.12136064288072355,
-0.3341161957912821,-0.05074889609904441,-0.030073720127437472,-0.2492797430299359,0.07201923507780972,0.03353733826764186,-0.21481398644041333,-0.09393730269627737,-0.051703015764621246,-0.1741864876541262,0.004956602814429445,-0.2540673046082527,
