# Pesos da Rede Treinada TxH=  0.5 TxOut=0.04
12,26,12
12,26
2.031867531735307,-0.4288821801975234,-0.16923455991633643,-0.5167570213537761,-0.05875722346616468,-0.4442532104704308,-0.36638011388187214,-0.20416754748933436,-0.19103263288860547,-0.31781972992506424,-0.6187857474916061,-0.2868135345204842,-0.2626826507227752,-0.44090096573850057,-0.2133536664617997,-0.3762538188512368,-0.2733989936456932,-0.3348317563646077,-0.208029632099251,-0.03433736142371748,-0.29295078028179744,-0.04455742528262378,-0.36877989339039957,-0.27012361124193346,0.4405343491248932,-0.2638652786967017,
0.9311604759677389,0.511658538759231,0.8426130067328665,0.6191834610052025,0.7826054323772399,0.6535613455346717,0.5618449006980466,0.9874983367798149,0.9477771657931511,0.5664020813378773,-1.0692884697136276,1.0262843651059317,0.5388154256028881,1.1977243185705546,0.6892192021689749,0.9642577498223459,0.7980023203195276,0.8266246621184042,0.7777443663254828,1.1246267487809705,0.8239888368769908,0.6265016212155489,-0.9659035760539931,0.8340242652783597,-2.2432866847428143,0.8017346970073351,
1.2433082016404018,0.9042738511771048,0.6527027386116185,0.5438707474560636,0.6960483618379092,0.8363347637318541,0.41883544589194627,0.621563644569397,0.6083610453400462,0.5297684840070239,-1.1160330468217963,1.100737280244607,0.8262391304729193,1.2190117127923379,0.7889428320886257,0.5533181405507958,0.5856644339766165,0.7227084941452934,0.36956758441334986,1.047447162238946,0.9665349758856534,0.5850175368919802,-1.0699066212701356,0.6707219129745642,-2.428212382350514,0.6517757608744453,
1.7017994629000854,0.35363420875680623,0.14696066700350138,0.4414496473712461,0.47311629283666096,0.21879050839145525,0.14673616261618566,0.13665212531121088,0.5431651146025107,0.08892664338161087,-0.9044295697639246,0.6424841808813032,0.255174064678477,0.5216480823214185,0.3007694527559739,0.22841884810682672,0.6220814730130297,0.781632482437148,0.0985898862178916,0.4270430322677672,0.5190451696161352,0.18554180609385512,-0.5791472584454782,0.4713919203297788,-1.1367294564743422,0.198369564453373,
1.9411995697193298,0.2583899087904952,0.06430787326809931,0.19225002873388514,0.1115775919703259,0.2716909908674816,0.14144585273973048,0.17881596837528058,-0.04062889750872002,0.0352489852116913,-0.6117098525192791,0.3862931197193477,-0.045003389017905175,0.3765093336608783,-0.035384649846360326,0.3373467541456624,-4.739126582997744E-4,0.09210341938598544,-0.03636655282782606,0.3918141365647397,-0.10748783786752361,0.4418343521609748,-0.7702281567099905,0.2721166060395033,-0.7934880115394641,0.15060819786835336,
2.37851824725982,-0.4739176126356666,-0.42146827276809856,-0.3113452518075836,-0.4721402271041561,-0.6398763152834567,-0.27407784447552264,-0.3992959285059871,-0.7298951799795645,-0.4813094274502698,-0.45207432857377017,-0.37582172302732353,-0.5547014305228524,-0.3323098676530198,-0.2670216405080982,-0.549725599646148,-0.6240720007583429,-0.20830555138084306,-0.5951670445256088,-0.3330690363397162,-0.5962215272848584,-0.535069448558105,-0.6793890133241799,-0.36739258115058226,0.7049566475486728,-0.35647184929533443,
2.284631647262556,-0.5240995402115582,-0.9098437273980547,-0.5066138620883583,-0.9775520051172341,-0.7043259023334286,-0.7382526236842978,-0.7881780906205793,-0.8719189557777907,-0.9717286430768011,-0.48881887500610727,-0.6572867292372754,-0.8433422026939841,-0.8630598728848856,-0.577707647881992,-0.8657353527951721,-0.6104843695202791,-0.7924828204434992,-0.6174963720475434,-0.9837636491400304,-0.5483794474494768,-0.7030091180683888,-0.45690094290153604,-0.8541695525949823,1.531192825204198,-0.8864825231446486,
2.122549403700161,-0.19825027262882794,-0.24354969356665573,-0.33738981233048265,-0.2202983334530687,-0.32802582309241207,-0.16493811566389396,-0.09737127841090647,0.07691399471641369,0.0065652670003552875,-0.5630641832566666,-0.4524515056737659,-0.24385777918360618,-0.26754614861923814,-0.4460561511090928,-0.05049498274333572,-0.31646184660652765,0.09444122717841831,-0.3091037706826218,-0.17311781447353666,-0.39936084999618265,-0.14940938695655978,-0.9920948388050627,-0.1552945719707651,0.07712496704194845,-0.036439000857451255,
2.4230217112031154,-0.8947709358448583,-0.527788892502977,-0.6555223215751673,-0.843450435471222,-0.7646391036315232,-0.9466150690077991,-0.9030306280379535,-0.9418452086567519,-0.5720497884816164,-0.5457011539315835,-1.132156807211331,-0.6185487904982493,-1.1276920362726204,-0.5847709435707533,-0.7916005541649211,-0.9304361057896526,-1.0039684856536244,-0.8934988618257441,-0.7761953824640201,-0.7653155654643353,-0.6919999557363451,-0.4910672133655569,-0.921785242830626,1.675594966880406,-0.7156504168726655,
2.7024184306332133,-0.6811082914231094,-0.8134393811778665,-0.9115543901333399,-1.083708788096241,-0.7607411849251999,-0.586071847424106,-0.6382238557530562,-0.7743583681649865,-0.549412151586155,-0.6055825506226874,-1.11767159548507,-0.7387824761721247,-0.9592677620884905,-1.0400872530760703,-0.8571694394189043,-0.5399913161635269,-1.0118154374274675,-0.6295928262334997,-1.2218233704351578,-0.697783610272752,-0.8283099578260714,-0.5283547973667128,-0.8106153288537592,1.5148394521914748,-0.8007670499219928,
2.543084433678003,-0.8882350243907564,-0.6894706682247796,-0.7848155239973493,-0.5929803830706846,-0.4745250421133621,-0.5506722224124572,-0.7318588781578125,-0.655447512969143,-0.5905688106069136,-0.6046336888672792,-1.0225333247903305,-0.69277293054027,-1.0645998487362276,-0.9678932129805281,-0.5942743491180343,-0.8978246321700228,-0.7114554464642201,-0.49841050437894335,-0.7888241372402454,-1.0468907810380836,-0.5911290255868555,-0.43418650403398334,-0.7161568916896449,1.8249659701813206,-0.8008633523930022,
2.3576013096564825,-0.7611965655062679,-0.6071657404693792,-0.6024815069182555,-0.4538939159398872,-0.6409113412994499,-0.37083876159843243,-0.6967650231558392,-0.8056735450903233,-0.528505795222031,-0.5378850515388777,-0.778009129650856,-0.44077257171481615,-0.7769765488651327,-0.40428196244602804,-0.7055212501154533,-0.4008274592130333,-0.6248280260981154,-0.42126379751196574,-0.6041646157007374,-0.6080883935607951,-0.6428129366705826,-0.7716189726985605,-0.6098339680129109,1.3169829977292293,-0.4510020411839731,
26,12
0.6416579994199431,0.6075229324255039,0.5465246040687174,0.6388580348822538,0.6898861139755417,0.6154049263695948,0.6790819004526877,0.608888714785553,0.8207385692744691,0.6661592283364844,0.7134439870862704,0.7047530964729357,
-0.24255892099957357,-0.09128858232343548,-0.1910508111742252,-0.14271103995448836,-0.021214795588740537,-0.32410995243231994,0.027087029887119286,0.033992208396847606,0.04204955154566528,-0.2134424594260392,-0.27993563127752213,0.13242817975436563,
-0.18323701725612015,0.15956828131514342,-0.30624272318513135,-0.2778670708084714,-0.14117375275005625,-0.306895214655167,-0.10824317687380591,0.06370662789683922,-0.014382008088951315,-0.028680483534629223,0.016999140218758303,-0.20507372306326682,
0.018329699225779122,-0.24332286044971346,0.010229334708676941,-0.27262447090783315,-0.20968668314634817,-0.044383460765357,-0.2411444603699885,-0.1697531974972487,0.017781225640597285,-0.03226138100047495,-0.06265481982538379,-0.10524129521433342,
-0.10905693065385702,0.06597779209838094,-0.2576329633476478,-0.1234046353953446,-0.0024745869199035713,0.16649174108436057,-0.033031194986015824,-0.28184983609798786,-0.3587521580151085,-0.11085193107333909,0.007539377801819374,-0.09113011254309783,
0.08436232226584182,-0.23349934679248163,-0.13320984762984023,-0.04718315322176922,0.0020065025960809254,-0.26914775686840253,-0.16343508481398084,-0.060535266008854983,-0.1250353716923745,0.06053578723386582,-0.14296711766422648,-0.17607457189455405,
-0.18058100290577772,0.009161999366536252,-0.19023666441616222,-0.30710850421930425,-0.10932569786926681,0.02353595077603212,-0.10646248265771137,0.0817503299114158,-0.16623562778473555,-0.003127634410814265,-0.11750141397327492,-0.14120188815009324,
-0.04286393151920807,0.08154988298773176,-0.22558257432825413,-0.20045093065524935,-0.1671135432500117,-0.08300634116502435,0.11919922545392257,-0.232466180425576,0.04358985537956309,-0.21946470062926893,-0.312552987776908,0.03916729808740701,
-0.3213475516951579,-0.200916424219951,-0.2836127526142835,-0.05972267088507667,-0.26816300660485803,-0.008283856676132266,-0.08097461343995789,-0.13924666102377584,-0.17054389427546401,-0.11546501830229901,0.04177740856031909,0.07500025699334625,
-0.054999307826932464,-0.2608141124737823,0.06613474168784662,0.12721035054680735,-0.17475208619276802,-0.2149882485819449,0.0016568002110600548,-0.10930836582385474,-0.10004289413527225,-0.12096600668379709,-0.02036951919961687,-0.23149977027724497,
0.32225780706317664,0.10823293870237151,0.2925041689079331,0.30061644287871503,0.23226210807432224,0.2878702794274572,0.3710596549125976,0.4118546165030558,0.4554947457576331,0.47827823829243854,0.4277282815239741,0.449762421393876,
0.15592803477258532,-0.32576027849402744,-0.04537829593162277,-0.13687738837834293,0.0054990632550843315,-0.021592731142749857,-0.1641090795224452,-0.14565124585590183,-0.31137186859722044,-0.059671584231950806,-0.2719657372074068,0.001026089349136925,
-0.1676090114022837,-0.13680259734324435,-0.12283490417597635,-0.11535706161914788,-0.007033838258794556,0.052349897889959314,-0.01494297198595966,-0.3029208883699198,0.013532465096521536,-0.10347287343415339,-0.08348395257794473,-0.1897353294305304,
-0.2251898038831011,-0.07886206486056985,-0.22323757693073076,0.16160411802604902,-0.1785765951944264,-0.00397743729021889,-0.25961930057577304,0.08118416691552946,-0.3251450409493686,-0.27939629748825623,-0.05635642250426834,0.036330091620352896,
-0.017422489502422457,-0.30350215634576994,-0.004386913657039834,-0.08589281388865869,-0.0699785914796066,-0.06320856146452261,-0.01781661563220573,-0.29933580201595344,0.13995631214516296,-0.0069510865145241294,-0.24140960110786805,-0.22039293505803922,
-0.16884363248559736,-0.09192771678301265,-0.012728915562804293,0.03195989499467475,-0.0177470080937114,-0.14840013401091387,-0.25686126122360964,-0.1685974861302377,0.09007984958469807,-0.3528188467350257,0.0832113774987126,-0.1616391408597854,
-0.10706293725537223,-0.14205611402680046,0.0651425601709386,0.06359192061497985,-0.25713170401286733,-0.2768331176285075,-0.1933400821059598,0.016133004599292372,-0.0711849833405334,-0.15646666728582695,-0.1671369431844085,0.06087857062093237,
-0.14381864421718077,-0.014925791763808573,0.05207979266222673,-0.15269694449642565,-0.0268734688810058,-0.012451264650528307,-0.010479524141362485,-0.01805720230256061,-0.3542882804781221,0.12052616381908217,-0.2918295788658764,-0.2511416709437465,
-0.09878274635487934,-0.20285406896083932,4.97566186654115E-4,-0.11051608466823243,0.0684828126829911,-0.14391421942564164,-0.21931898797284963,-0.09134898783573012,-0.10177580627803037,-0.142883470342668,0.11240235084289332,-0.19687603642314613,
0.006276853863218024,0.04650184491178579,0.21486450041254312,0.1922203868856132,-0.31371052724671145,-0.18567096464512467,-0.21962630168271016,-0.12236622642214987,-0.07599775938275133,-0.2717565972904667,-0.10672011589725093,-0.15433435038612411,
-0.12902170703177646,-0.024836071945565537,-0.059928524286375205,-0.2530794288112574,-0.023556313062922864,0.06310063977396754,-0.11600086233308435,-6.781981116248822E-4,-0.2410333690797469,-0.23816518218629085,0.07888623880021296,-0.2691578570253668,
0.011577964086502017,0.012538555331305231,-0.034184908806247125,0.13687758331976735,0.02643983891024278,-0.005966530393978899,-0.1493867142472513,-0.22321697478272112,-0.2606148180646241,-0.009497649289199031,-0.14798164015102486,-0.1780217731275304,
0.38368096620469083,0.3937337261910838,0.09261096683344401,0.10635632363183127,0.16520051237718775,0.42889438258257023,0.4301428921101291,0.33794000296820836,0.4247524814816528,0.44586131685296404,0.3868817094861113,0.34681749563898634,
-0.13360145916315988,0.040381725008732314,-0.11933729323894214,-0.19674480184200244,0.00944066326606989,-0.16172300407743034,-0.15588481669393625,-0.11926440019827556,-0.12227446870652643,0.14618757282630976,-0.18669794239336784,-0.21627154651488015,
0.36233728837503326,0.21187873947238936,0.3590649375257068,0.25074203439688225,0.28178700626678976,0.3862902605053873,0.352379647054452,0.44582234720371744,0.25251415138166095,0.455720293978057,0.3896140892236595,0.37253088331725775,
-0.2075442863452982,0.05480519619250149,-0.04401030229248789,-0.112438513525504,-0.19952517866427805,-0.15389224658076348,0.07557723832523683,-0.02963282227310679,-0.0579084825575607,-0.2802601117788664,-0.26507419180281894,0.10096554411022507,
