# Pesos da Rede Treinada TxH=  0.2 TxOut=0.09999999999999999
12,29,12
12,29
-0.3040723993620041,-0.4780226354020963,-0.445488314826003,-0.760897280663627,-0.34085752756881904,-0.3835770846469264,-0.2907106063730119,-0.856131542060724,-0.34744540464253365,-0.2911396010194605,-0.42485264923350197,-0.43046053114296745,-0.7851571917588307,-0.30340749114626664,-0.6271131737468258,-0.7057793491864883,-0.39845786131116684,-0.3429777249146095,-0.22988068971259054,-0.3404335826102549,-0.24710784733569818,-0.5140460717268377,0.12428289409908953,-0.27066655418764224,-0.4357386852377146,-0.17166184927923003,-0.1294666335334862,-0.4436038355995811,-0.3220186043683541,
0.2996188014329633,-0.49201346518021993,0.029997521525000768,-0.6153501681829393,0.08943542351652436,0.06560842101923757,-0.24972449354333282,-0.8020115850200091,0.10016201626869163,-0.09998795976657736,-0.1878080891598761,0.1490461076035802,-0.614058741225081,-0.16158312726014626,-0.41916923121840893,-0.8191114390468361,-0.5429599740628085,-0.23969827848119893,-0.15960814872545084,-0.22541789149066493,-0.08178165587934492,-0.6479789793853437,-1.5001014161929018,0.22226741148402654,-0.057842977630822384,-0.13202882234174987,0.17149279348195587,-0.646487394530851,0.15722578879115826,
0.04500539001529414,-0.8547393925118051,0.14561770794586326,-0.8081752681012135,-0.01270749404332363,0.01506335927240087,0.015364091621800701,-0.618388665406014,-0.0787164347376758,-0.015286996990147888,-0.09282188591930676,0.01713226560748088,-0.8382368506208984,0.16179704006322215,-0.8118250779307153,-0.6121638258080705,-0.38051990169244915,-0.10443065331548297,-0.25824166404476845,0.05907175974320342,-0.19241150364954154,-0.6084681475300796,-1.3954129615235502,0.034959948834509764,-0.2627862617397161,-0.07401494246566184,-0.034562906978911755,-0.5335228521469868,-0.03370191651133843,
-0.06955561369336788,-0.5294837500401489,0.18217366487856101,-0.5962447968602266,-0.13172566073368777,-0.31081359575264556,-0.008640398088429407,-0.7701295269366063,0.018426853779899846,-0.003265570878518763,0.08947803506016895,0.2004435404547743,-0.5460869359424916,0.14831876356555032,-0.6014540364208303,-0.872822939903465,-0.7914698672134867,-0.14411342888410328,-0.2273629317685915,0.006711447250964312,-0.1846996103411834,-0.563087956936697,-1.177315908503131,0.08827177380069814,-0.19262644192069492,-0.28803961494334296,-0.10776313239804805,-0.6031718567233479,-0.13198821682052905,
0.055131035826589084,-0.7480920727186189,0.055250404868148945,-0.45138199877260216,-0.2667218648397284,-0.0386434399796031,-0.24458165093993647,-0.5703006200853382,0.07241576615127149,-0.3250002208985265,-0.05582243841035277,0.14777839626808617,-0.48063780821742835,-0.06397830008419814,-0.5485613199777923,-0.6089037106628924,-0.8035962051606121,-0.3431122604154811,-0.3640387761966275,-0.3614294011966408,-0.4779299960125368,-0.696705434107241,-1.1335947966200424,0.09361374821136147,0.024102409656027373,-0.22432106527513637,-0.0296560228732107,-0.8655714334016783,-0.012921409896669086,
-0.3633745228746653,-0.7470357694071694,-0.25384605301269764,-0.4287840914439997,-0.12286293217934777,-0.3785370811146082,-0.6345842825818067,-0.5348723215683577,-0.21007537418213967,-0.29856327216222095,-0.5792544251978197,-0.4959530696112368,-0.5273755987616513,-0.32586702824643027,-0.48237457828447167,-0.6234904640561556,-0.5072503063993729,-0.265902612885038,-0.3449312724331311,-0.33069999021806284,-0.34516986839613745,-0.505055144154336,0.5375832746998184,-0.3796151945188158,-0.35746172956836164,-0.3937772604483738,-0.26753142997392065,-0.7224941326245969,-0.25054343118441846,
-0.7261849605046602,-0.54420778438224,-0.6798196034993556,-0.7034771460552605,-0.6397011375801043,-0.5327255873178123,-0.357733201185783,-0.5910411524468759,-0.5501485072014641,-0.6636786878362022,-0.5167445402654148,-0.2535528668368675,-0.5963133760640377,-0.525181536960315,-0.7230549993234593,-0.74063895812617,-0.47790197312157545,-0.24518399141819724,-0.27499857854761933,-0.2302975000402664,-0.6530542601338752,-0.657632513457582,0.9034588261890011,-0.3095077037827708,-0.21607512280369962,-0.22757902983627828,-0.41245111628798103,-0.6489760442583208,-0.5910450395792803,
-0.1722954468010356,-0.9612288916936501,-0.3900642596730213,-0.6190674105934632,-0.16240780648021844,-0.5097820746500796,-0.25569104708028517,-0.6365409541445435,-0.23274582837439883,-0.2708660997264181,-0.5708926158000092,-0.49437823076201143,-0.637004300021185,-0.4234035692074021,-0.47988325127619963,-0.7520049416611037,-0.6082347842937788,-0.242358579937815,-0.4081464020972668,-0.44032990987602466,-0.28959475024676845,-0.7334578421578221,0.4040266117236415,-0.5497729329490193,-0.5231321968972438,-0.39884146435808726,-0.476279658497814,-0.6280807555051557,-0.16246599297936104,
-0.37021214406313885,-0.7626226970477432,-0.668098778751126,-0.5194488293504947,-0.4039289845364854,-0.219473144891662,-0.32159612218271055,-0.7622878766577025,-0.729617197193922,-0.4039957533381053,-0.533413631144552,-0.5664994643110178,-0.5327079027014607,-0.641281346368531,-0.7487304105628729,-0.7354886786236982,-0.8638464532409283,-0.4379220095883108,-0.2194979549610658,-0.7035920889555036,-0.6748335416221842,-0.7383849778223063,1.5736160412850313,-0.5398304241901828,-0.6195098787786931,-0.6761489394384101,-0.45470665425536044,-0.4427694447992464,-0.7516812464412633,
-0.5890859052501444,-0.5766292039290364,-0.6398926521141026,-0.630414566427685,-0.7098594015563596,-0.4786762118712699,-0.6593927975536945,-0.8380642552978446,-0.41998707939332114,-0.5604855179810415,-0.2709207525650176,-0.5754170071775241,-0.9845677218088389,-0.6471096136357561,-0.8048766277898283,-0.5666094529416638,-0.6015381227737552,-0.6523976587211296,-0.5921760078517571,-0.3851106886377163,-0.5322196734295473,-0.7434242575876422,1.3841127367556527,-0.6298803249150726,-0.2585190016513434,-0.5791929765214969,-0.618878894723441,-0.6479405744413269,-0.46410113390952745,
-0.5598547016658687,-0.6287741107493157,-0.47539924925244986,-0.7804785154506731,-0.45427396472278825,-0.4271860138377336,-0.34578234403681113,-0.4927526248799128,-0.4949010660429278,-0.6136199738749389,-0.2568255782559053,-0.5069088963297903,-0.6508452220138652,-0.33811977710514196,-0.8474793647722062,-0.5474998571691159,-0.8906387205304612,-0.48855275184833585,-0.6128553933735429,-0.5465327545577009,-0.6836579945801947,-0.9171822864749712,1.4760077137898726,-0.4221204609862448,-0.4106110646758268,-0.33718871726588096,-0.6015157248940859,-0.46159372196287635,-0.6021808262274465,
-0.6151342511538852,-0.9648579104657694,-0.21417977034647795,-0.8738395196655117,-0.427494623838122,-0.48907287319977955,-0.41936554581777447,-0.5534717157952468,-0.5331434865377519,-0.18988725736007647,-0.3004157356816966,-0.5394305022292532,-0.8448200003081761,-0.3957578291629205,-0.5925795696867071,-0.7622796067309767,-0.9141144305232242,-0.22608261497717227,-0.5169931799308172,-0.2386836847243491,-0.4726735766504322,-0.813576310272676,0.9901830046284003,-0.7091774996894817,-0.5150715971676361,-0.18222875878077344,-0.5004611310035069,-0.8846786050399116,-0.3159600139884941,
29,12
-0.2598124603260741,-0.24197164624786432,-0.17457638534802294,-0.26270237246545425,-0.02404297950402263,0.06807634099447933,-0.0031596317774109342,-0.35575565910990453,-0.2778827878125184,-0.03265980786725965,-0.2782389777107908,-0.3104066165303812,
0.5266565341013164,0.02560390374345326,0.3448271842102063,0.41215404200243777,0.4894561688353436,0.40035726291006923,0.5063336840626899,0.26379626092171254,0.47921537268985215,0.575739704391496,0.2613684436142114,0.1966825539619253,
-0.3098040476618353,0.12191411112988376,-0.2443104454232563,0.03201785603694056,-0.285483187414545,-0.25269136268833853,0.039355416211537646,-0.2955605981602425,0.036151074430137674,-0.24324987453918934,-0.26279580691134335,-0.32905408325803864,
0.1936088787812925,0.3535683630645913,0.28242973894531964,0.03768846369152266,0.26407178924723673,0.11335098034453865,0.2954291538246914,0.13252528833144156,0.41464840816980236,0.35378329598554226,0.2979228630658949,0.31651753243401215,
0.07114581988341252,-0.257813458836779,-0.10139469255719001,-0.3412940674284998,-0.07348911626241364,0.01594167263257213,-0.35083449660657834,-0.07598575973091261,0.06728728174013171,-0.4067105896398498,-0.0535179139360797,-0.22113647147722718,
-0.33019429744862205,0.09008781447020427,-0.03173495668409943,-0.3209041503002522,-0.11409704018893253,-0.07237214574872193,-0.33868793452474805,0.009090454587136998,-0.3662520622985508,-0.05961298456316335,0.008526562004130229,-0.053110965212535145,
-0.1639477214541483,-0.08385603134821881,-0.20149948393341446,-0.1797954827039354,-0.3089464701462331,0.13394339314206158,0.0292017900661312,-0.11492693343095789,-0.12283292742937606,-0.07386316223803364,-0.2552191194595137,-0.20156639036735113,
0.09943755349687419,0.3135477332955072,0.32773527364198224,-0.0019474497306120927,0.16775373512391437,0.3931118234247952,0.32867148997868395,0.4788491745473771,0.3592503865461669,0.46509343362609096,0.2925338023745903,0.44712784407435785,
-0.30164931724607025,-0.1265050759662689,-0.06214667978383718,-0.24715533957366007,-0.2816873887367913,-0.2846093566293058,-0.21865393165835542,-0.06993330814109643,-0.10504991909427769,-0.23816000787193897,-0.14588103191230084,-0.020239429791795636,
0.08027435055438664,0.12237322728348574,-0.017690649218510997,-0.13269276524255733,-0.18839369120897909,0.04754577382677298,-0.29969544378652757,-0.1505452916358946,-0.18347570958948978,-0.2536243078399397,-0.29922792949286764,-0.0891087022253261,
-0.20672811132643837,-0.22989466183788176,0.004673742967784233,0.04226116581072353,-0.22887280515024472,-0.21182404578168304,-0.3135272775534082,-0.16797945898266217,0.022818274827980548,-0.14098395073955897,-0.0742129568465111,0.010717665153294257,
-0.04188213091206716,-0.1540637758722745,-0.2347508501989981,-0.22623824396023798,-0.08856284425489826,-0.018890558572474393,-0.3974353431401972,-0.21967625637938984,0.07646570552845007,-0.02026030174352238,-0.41763975517388335,-0.2070438788107322,
0.17087966285292996,0.2439392332341305,0.3644714440709792,0.2447433097448736,0.3081732589997117,0.24327338675578575,0.16559880504766772,0.46749631830211646,0.18818338078075858,0.27080923480707564,0.5167123982498658,0.42342935413826827,
0.050746189258378774,-0.26234205782395587,0.03541057186163769,-0.2571328374809169,-0.14395032069350466,-0.3903838774003758,-0.07015681972047333,-0.08387115301294966,-0.29856174734545515,-0.30237606765831504,0.02854128600650248,-0.2403182737669627,
0.3725952634051353,0.31103263708232404,0.14329975570024878,0.3470080058896861,-0.02877997033877887,0.2571566526576891,0.21633989139206897,0.11991189469762814,0.3901717012902787,0.45053120402869573,0.1557752115241982,0.07432987271909992,
0.5726532706414739,0.16772177338519592,0.1104842993432831,0.43744271591564415,0.5313489621341807,0.36570456761052655,0.7060948048707396,0.4086864415914015,0.4081673920494763,0.6014559756494279,0.5247122544765817,0.32096509040767934,
0.17016301330024675,0.2329849504975338,0.2774129241083249,0.3079960193553872,0.13952588298542373,0.2737959981460182,0.2289845659952328,0.14514157447500328,0.4218704987400091,0.05693708695722867,0.3637086577787865,0.366147163420671,
-0.20891561918084312,0.11064127462896636,-0.3279060307429436,0.007531073642530856,0.17805658248818254,-0.3699630895189738,0.13563236353000266,-0.19228704543732536,-0.151257844083227,0.01460979155355771,-0.26505481292865235,-0.3344183871469954,
-0.07594856595120625,-0.23479124120683606,-0.06329131095212358,0.10114921553300224,-0.11221154915032965,-0.07916364907100738,0.024788467160134192,-0.05709848083533112,-0.019375985814855733,-0.21303409598350506,0.020858300073009456,-0.045824752014109515,
-0.25906718693402603,-0.3061580231997787,-0.0803351078811608,-0.15316343114340114,-0.2865722319264884,-0.05266548059932854,-0.006468617453190104,-0.13727584242175372,-0.2772296902291684,0.01568460419116439,0.07701266179868427,-0.258356915522062,
0.13978424022061123,-0.12830541133165227,-0.26569376509264686,-0.0016303476517906409,-0.09705300414767835,-0.07576437173836424,0.001990988562365107,0.11567087547444378,-0.01301187026799986,0.15373832505779927,-0.0618101561204484,-0.004627761472268123,
0.43926765514102434,0.24388665895551656,0.29399082311166,0.36183688820209037,0.3860311830443381,0.21208936685369406,0.17549628804445191,0.37990734564518375,0.1464036046001066,0.2878170138150853,0.3676106459475645,0.43832122435020615,
1.019805775550845,0.8656468935142841,0.9479260460239443,0.9360461869235626,1.0053296419061015,0.9993199121618517,1.0422839178175412,1.0717435846061292,1.075294358943684,1.1212498640805972,1.0843774146884102,1.086021213569949,
-0.2664322013223786,-0.28359841994363943,-0.16657414290609834,0.03540662693263096,-0.1892280187240263,-0.016163855870571158,-0.2717973479590408,0.019264555650743493,-0.35208099993967634,-0.3146617098772002,-0.11997798857230751,-0.11478184162441175,
-0.0242152552718209,-0.34827684649242396,0.03664294272478449,-0.03940455242396362,-0.008328327910367821,-0.066304444520924,-0.030648912801138843,-0.13485167096879117,-0.31560590149306333,-0.08728321019086885,-0.28500836015912717,0.008290352437198802,
-0.1600640784077817,0.17576833095307817,-0.17570620407192547,-0.04188424571932198,0.06273109988494721,-0.27635278109573136,-0.32124397113689857,-0.267881914591408,-0.08153992606476948,-0.05009675571653117,-0.1653719944410492,-0.14357860507721698,
-0.35702141177912244,-0.07421617059639436,0.021019525488412596,-0.1707423408116763,0.06221802640315774,-0.254241122461618,-0.1566528437488727,-0.23536018870235118,-0.323056388139333,-0.1982072609223976,-0.013408151440883205,-0.015382761377768565,
0.10953418922762849,0.20508156412741205,0.05803583142522139,-0.09388987935247795,0.18933231587888025,0.36753693133115084,0.21147014434928377,0.3996175824158098,0.406358659013552,0.08979814019726377,0.2708183225270618,0.409254976829203,
0.1129250552389996,-0.010043894309315734,-0.1844956744255248,0.06174003411538395,-0.262731427438486,-0.31729945908326546,-0.0691203256450628,-0.20235166952508626,-0.18547417784037212,-0.3903190631664869,-0.22408689508977825,-0.15821558749482342,
