# Pesos da Rede Treinada TxH=  0.2 TxOut=0.02
12,14,12
12,14
-0.20677457148061895,-0.2928921200959627,-0.14636219332684475,-0.16043440079981303,-0.0540179985044626,-0.15317723221568916,0.15176131151316585,-0.02347480477355716,-0.2517862493081932,0.04705884161752116,0.0032098406416171694,-0.1028911116535851,-0.14360111237753323,0.05752782544589832,
0.4873824105297661,0.870566603788826,-0.8166274651295827,0.3921574177253503,0.33563524708743464,0.47136298874233745,-0.6054049582073024,-0.6963001378663244,0.2624223414908744,-0.5683740203312934,0.34429366563854075,-0.727344553872136,0.4437037201485475,-0.5713409772118891,
0.28618772205630066,0.8031248273498055,-0.491513632477109,0.40540815093857424,0.32513876799468233,0.6213437027920702,-0.38622193869644883,-0.48615776632343743,-0.05404894851212626,-0.2105910331646002,0.0981499726848442,-0.29407309111852475,0.41900045001634545,-0.4383861965472829,
0.6094450423739999,0.4738678390470942,-0.966779832902478,0.5019918822535986,0.4267487068530722,0.636570608579655,-0.8628752477915949,-0.7137456959196146,-0.09422451071736622,-0.32650605353603596,0.3129922540267709,-0.3904152055046571,0.645921684351852,-0.214141028715889,
0.5622415410532737,0.3961430856033492,-0.43203185279799433,0.10906318975154326,0.00781778852370406,0.2876064139600605,-0.37160435808809167,-0.4702114483769822,0.1598258279978203,-0.5708629775926488,-0.0579084695995941,-0.36032238203698697,0.600566735223723,-0.43812964558772843,
-0.3095862438401746,-0.07132056622609109,0.3598644702035821,-0.20916025211308212,-0.3064391386127867,-0.416532672985107,0.1482943234191483,0.17398204293091826,-0.22683642463216627,0.05540581350240415,-0.20732781150760157,0.24886893349212907,-0.08513877812366785,-0.034163263820234116,
-0.3168255416061273,-0.25653449024811525,0.3179025196216441,-0.37190855943066525,-0.4307103046083674,-0.5325360121406503,0.4708903453646735,0.43066742487492754,-0.37946876267989293,0.2816542893813943,-0.37514856423740334,0.482228168073787,-0.7195930498110766,0.4019456401469032,
-0.31603071357141327,-0.5699019162026563,0.4106131072243132,-0.3427386842734402,-0.5122816373217407,-0.47121384890422174,0.06550159435516699,0.10303060243679464,-0.006064390594526009,0.48089426604022534,-0.13325698954992524,0.04318797525248671,-0.1477807849440704,0.14389559923086384,
-0.8599540830413902,-1.0892788223015881,0.8507637534625784,-0.7793961799520938,-0.6800845065829336,-0.7855788626221983,0.7368228326130826,0.5816052850737032,-0.48027693675679406,0.5447289818671561,-0.709379153363786,0.33437957698255605,-0.9542058758028025,0.749233371620927,
-0.8283089106028375,-0.6968635041012269,0.7612933303696338,-0.7782177670716235,-0.4673031432391258,-0.8226377333649131,0.8320162645072228,0.6497981923751271,-0.34820324846580014,0.4839231411243666,-0.38036350308630973,0.7369645818084231,-0.9225942780014228,0.36710206824683844,
-0.5741564777628434,-0.7323285021021353,0.40043731299222024,-0.5636402873385571,-0.4231331277285437,-0.5268393468159375,0.38294665389625604,0.5215281021401202,-0.31399986369584637,0.7951430358151904,-0.5778058196189781,0.31427458868933084,-0.5529932170730799,0.5379054923110278,
-0.17416093314260048,-0.43456185051771484,0.38427666660369003,-0.2585444600644028,-0.3352575323319354,-0.5765291542746779,0.17015483333741263,0.5681598178184919,-0.26290050933713743,0.1496833021400133,-0.3514585271728377,0.29421419005558647,-0.27230621617717243,0.12480619681195619,
14,12
-0.11822677331962433,0.05416467086196353,-0.21376989609511735,-0.11954231781568427,-0.3427705521352107,-0.14634239214165906,-0.04285609801504879,-0.2842295173813691,-0.40595522646519494,-0.3574210001350615,-0.18390484841715599,-0.3118717939870788,
-0.271307121825016,-0.22327693317213582,-0.31829523063704074,-0.11439758878393413,0.04308971742228073,-0.21441888494350586,-0.4375890783232029,-0.4200792603195634,-0.11861831156187648,-0.3777096001107922,-0.2299000457403934,-0.3892226453961215,
0.1022903087313654,0.2345874616121464,0.44891095811088266,0.2266494244520048,0.13452905795761647,0.3727338819657034,0.2530542957059325,0.3320564973421979,0.2981181186402601,0.28392020320710565,0.44013389956931237,0.2721352794615975,
-0.28329148780732155,-0.25068681795381875,-0.19520913055786,-0.34425167011296864,-0.04013109708881531,-0.13411974990405565,-0.22777083833246906,0.03508528431542336,-0.31489915968363924,-0.0525801336429134,-0.08550744037143777,-0.2251978206552559,
-0.20191104069338647,-0.25055745469902163,-0.3205111440204795,-0.18962685449693498,-0.004661483547481602,0.14459220796669317,0.07795762653952536,-0.26513466603676056,0.06275122187530731,-0.33817668983858756,-0.16404137046272127,-0.3589957436761032,
-0.23518069274104952,-0.3796113924293214,-0.27582324354775634,-0.22720429921009155,-0.34631143185705715,-0.1919876420394611,-0.07810290335019471,0.039583036574645826,-0.1648888649953145,-0.16412888862927275,-0.46886247196018327,-0.37874822930866603,
0.31194275576944985,0.4696642278327875,0.14972403471932702,0.2494329260370144,0.35057211830776785,0.20762670364946015,0.11682500363644074,0.05921787209735472,0.12627694804012163,0.3615851854201538,0.4282408126927645,0.3772592157892038,
0.38217494176646705,0.25769242534212256,0.10526963468524149,0.2801394889801105,0.3492547185225961,0.06674299583312258,0.4921267141717609,0.27699204578510167,0.43091376695624134,0.33769614935867986,0.17530006671479031,0.33518715549760175,
0.04486067829638899,0.0569258803754906,0.010390442751510298,-0.24503472996733572,-0.2460752346067558,-0.24740771766159678,-0.16972166492169943,-0.023443679951838055,-0.2852027954791382,-0.10532306201024297,-0.06292527975439753,0.07997978386384412,
0.27036130258867175,0.1535898306460689,0.2728502730762926,0.3692091415963971,0.1906858156388295,0.3683118508619866,0.12056121750021598,0.33635697297012207,0.23052325483199754,0.27044896795610307,0.10112930601472041,0.160104496573723,
-0.26662399201746,-0.31004810217092216,0.134904754642601,-0.0928631146197116,-0.2864031740615454,-0.3321290453095029,-0.3335803080373748,-0.3433636515311625,0.005846106288926404,0.023615957002949304,-0.10574675010059914,0.0715030726465704,
0.05286359874947931,0.06390287096993587,0.31934981430863024,0.09090643168288756,0.22124868788716454,0.0985307135377597,0.4660821300634371,0.24112200986446666,0.16452430613778285,0.22303637573578558,0.40422789640282214,0.18812112292493144,
-0.1442018840905644,0.030150854900015914,-0.27996963539809666,-0.04849124873292112,-0.29124244773992497,-0.3121232415273752,-0.3501558523075171,-0.34268972806067144,-0.34908713985198103,-0.2639972561573481,-0.2747504983570122,-0.028410072963265687,
0.320303104208386,0.07190774708140758,0.15499559281889166,0.14852959422173523,0.259713526853421,0.328580924088323,0.10465046079837032,0.35153987794569713,0.31024559055547074,0.14271685166703868,0.007734043735860171,0.21669521870160535,
