# Pesos da Rede Treinada TxH=  0.4 TxOut=0.07
12,11,12
12,11
-1.0463413574306497,-0.7305553055773485,-0.6554650442395583,-0.523381095178064,-0.8691399375420449,2.5854746325946514,-0.8208675240127286,-0.4225037371329389,-0.7459683402307273,-0.061621253890891,-0.6970384663799637,
1.9403249384656438,1.7964135538486972,1.8652841325031078,1.9534960500065632,1.9213733870362844,-0.19176247728184326,1.7075160919461259,0.9849632339805298,1.6111341485887638,-1.4983299291628125,1.6305272152701018,
2.125638713547543,2.3266016510986325,1.9468448644028535,2.3410425507333485,2.0711797256740887,-0.4767071767983172,2.0892947836163795,1.0302280330388878,1.9357954900424812,-1.7076012446493285,2.2395735428317556,
0.17137382051458688,0.6604583404652238,0.24166174128523923,0.4242744109810219,0.3756715133380584,1.736311424069828,0.41449310689736774,0.3095808394434967,0.04276424167058407,-0.9805358137391174,0.30681715466972986,
-0.5008638422901885,-0.27952002524312347,-0.08204015729180117,-0.2182442483268099,-0.5021465366350232,2.438080934747462,-0.4567198841294959,-0.3750386916270504,-0.6474031174462165,-0.5382127516156514,-0.21856237579623308,
-0.513521452898773,-0.7684153605299124,-0.6645910239752428,-0.7490766002115067,-0.7036571926281003,2.4765578251998526,-0.51152665900249,-0.45055234607565514,-0.6338992176159196,-0.5347241259970136,-0.6891765114529596,
-1.8659021174679087,-1.7595106417002746,-1.732882240600265,-1.7494764166790375,-1.7141086243142571,3.442823144174182,-1.4722282771638886,-0.988075529816081,-1.6511716771745957,0.12157203311268261,-1.644079714433618,
0.8200166626866081,0.6022033259291002,0.6107620695262558,0.21995755728609387,0.4291977499893536,1.7949092887327538,0.35205966307056646,0.17190663681067564,0.5234760241483933,-1.1764349610015024,0.5103575389701731,
-0.8558551302576339,-1.1613800689541807,-1.0443906233847569,-1.1150957068313445,-1.0487009659628586,2.7331946718166744,-1.0635376072479104,-0.6824590190454126,-0.7195385455862695,-0.7044413704266623,-0.9841283211244634,
-0.9270205369908348,-1.073964120991746,-1.0560099835434504,-0.9468618918302775,-1.004167288408398,2.8658966834427932,-0.8688765740601878,-1.0122419847942554,-0.8089737346376784,-0.8230631033862348,-0.9970823278424419,
-1.0683616507392057,-1.1404934806007678,-0.8881990408333124,-1.0705613260066902,-0.8338247552511516,2.847275111418695,-1.0390589214682167,-0.5593503957455613,-0.9373470694635199,-0.3269255420765451,-1.0291315102543885,
-0.7785691160727758,-0.9459354462595325,-0.9797164515200448,-1.02483440115368,-0.6413462333857683,2.880829723776072,-0.7871130623506742,-0.8357534913316635,-0.5327840290933635,-0.550053958477727,-0.9844510293354245,
11,12
-0.18352344359792122,-0.20080389492552675,-0.4702048592089039,-0.2882453946865223,-0.40594610054893127,-0.35567249493862974,-0.10624857372485429,-0.3284195732207857,-0.23873915281871852,-0.1882058088993426,-0.3455761838828043,-0.2636826639716525,
-0.18221199681066777,-0.1767874351685507,-0.08613365796343142,-0.31093376999363725,-0.011430282555036905,-0.1435006182528104,-0.3446892930402586,-0.3552574584730198,-0.5473193933056314,-0.1969928495776908,-0.247076981805449,-0.4483932392435108,
-0.33530812952195804,-0.05190904259579,-0.03570472317826866,-0.16455267497228251,-0.1930849960331783,-0.16466561543567695,-0.31987818901733067,-0.4316016778310048,-0.13496769400016326,-0.38971596281009935,-0.2669559987795494,-0.4327260185735056,
-0.29912790367731806,-0.2530069457048226,-0.17515038843363864,-0.1226044636016392,-0.07475323305117548,-0.19020798045609735,-0.5989051675944627,-0.14608702214461308,-0.35390758848575243,-0.494929115533187,-0.14319204554455345,-0.18663722463702725,
-0.4124342615860754,-0.001273761729677192,-0.2275198974024611,-0.2828986329627669,-0.4905877033954176,-0.5290366222523686,-0.1606873035310767,-0.3767674160126126,-0.15120153137412254,-0.32776516436268605,-0.09842189390242821,-0.1814245241011783,
0.957115255933717,0.8284526516716455,0.9059295934948465,0.8809536063830531,0.9550998917213436,0.9588029417799481,0.9961417741123618,1.0279089890456075,1.0293899873272396,1.0699163521882615,1.0407563750412445,1.0273078970472407,
-0.33664260410839864,-0.37805499180597213,-0.10383937665851826,-0.3025494801664244,0.1162339991459805,-0.3077683327930079,-0.3589073787848454,-0.25669184395835687,-0.2815389465958916,-0.20466174414644,-0.4715201878627952,-0.12837662738000816,
-0.23652669439843774,-0.3704451740699591,-0.2567069071722369,-0.21562319297465643,-0.4378557024660649,-0.22418658366636934,-0.10246655523108941,-0.41731140633632513,0.023470439896070065,-0.15655035203452697,-0.21702869783091333,-0.2680816644600701,
-0.21908037959230958,-0.25673379100137184,-0.4002347578426864,-0.2588147670540155,-0.38129209889341037,-0.18386749427851953,-0.2201132941574761,-0.10399069492181223,-0.3733960666643222,-0.23296296937200242,-0.3667800617092268,-0.17261604344010667,
0.3237954354160718,0.16395445924321814,0.09006876587952137,0.019512080073622554,0.22477331671913386,0.41096895317584453,0.4505775432828165,0.4936113061210012,0.5803785626779565,0.5832615114882184,0.5695416207904722,0.475465822945548,
-0.07957992898512517,-0.21517911781059415,-0.27670521700672035,-0.009694503542228209,-0.3300032985016142,-0.17852570493121914,-0.19082652625051036,-0.06636259869729846,-0.46503622894184543,-0.43136110423524393,-0.38895704011976384,-0.3655564909242624,
