# Pesos da Rede Treinada TxH=  0.4 TxOut=0.03
12,10,12
12,10
-0.8964026908381333,-0.7623089709888117,-0.9331971975308462,1.09563602044924,-0.28669963775671076,-0.7041064155809815,-0.7128556715495202,1.064386660729848,1.1059075585631537,-0.5512523857846076,
2.0047926739092743,2.130128224694976,1.658598559747204,-1.7237730219018976,-0.4152021549219233,1.7791876661143333,2.0615600170311414,-1.6699851675674173,-1.5413403920286706,-0.7675962587573546,
2.2594408177308885,2.086610972440069,1.9994862293709748,-1.7139273104669395,-0.5915635253335054,1.4493272490086455,2.0226336495639115,-1.789727458260661,-1.7458317014465816,-0.6300217153755766,
0.28473167078107386,0.49325769471356945,0.040678455676656226,-0.4701505087134653,-0.7517738454365693,0.3871851112208189,0.5002322882701485,-0.33920959533645323,-0.5153815220916786,-0.6599170609467587,
-0.5026043489240571,-0.25658221284363,-0.3457709394383125,0.05340037244967003,-0.8006061566041687,-0.06968534558298385,-0.31406270845368617,-0.04465083636898569,0.1795359570092528,-0.46477067292677,
-0.670024459941196,-0.5273097176813699,-0.516748869751919,0.026235212406680974,-0.9859902027422752,-0.8155785533233674,-0.6517677666730932,0.4366099026326859,0.07391152718988006,-0.4877812154505078,
-1.8571586604418837,-1.7167235123508575,-1.6389608083743201,1.491261703170125,-0.6438870203517941,-1.617120808942185,-1.6620983292579565,1.6154165784249772,1.5686089517165638,-0.7612640506392073,
0.4277217629908626,-0.003590833082460986,0.20941037909818558,-0.18404671830657143,-0.9102837028334823,0.5538833617216496,0.3421565309526275,-0.44719825129177776,-0.5415195554287646,-0.45657197900386637,
-1.066232339496915,-1.416845158944539,-1.124542729837985,1.0612191699638849,-0.4449103846763128,-0.9337528404657851,-1.1502872787991083,1.1631486575581265,0.9819250486891605,-0.5110927869716699,
-1.3823354859388846,-1.4912354624805422,-1.1392110412093759,1.260990395084072,-0.5204630365674683,-0.928428289828654,-1.233979199640385,0.8453829111530667,1.3138330814302057,-0.7626790487437604,
-1.208451658035357,-1.1024815073934062,-1.180574789547017,0.9986998102815099,-0.45330183133107266,-1.0199991455189874,-1.2376252897110225,0.8519939616554963,0.8889004788997726,-0.7198736716812132,
-0.7783214133430201,-0.8715196171067303,-0.8658715725744767,0.33574824217505056,-0.9291823080501536,-0.8463694376668557,-1.065446834859349,0.3076507099170498,0.581652213461638,-0.6990213106454433,
10,12
-0.3575399126879954,-0.2345273982833993,-0.4024153050985001,-0.42241599528444523,-0.368461344027828,-0.23974213270550288,-0.333105770868495,-0.04627627312940108,-0.43209542821950037,-0.48979003484828676,-0.41835827269445974,-0.479399215976723,
-0.2990734595901273,-0.19939942603180422,-0.26116048541103476,-0.2778020637605678,-0.36187239369018753,-0.29644298769660227,-0.5223580241048607,-0.5264048046542258,-0.21137771708663403,-0.44627064684876744,-0.37251310218622996,-0.4183640378800022,
-0.2913948211465574,-0.40841331826092714,-0.4543338695667266,-0.35047312820316345,-0.3130757079076081,-0.47911953599155754,-0.2720259605952,-0.39303451360155056,-0.48444293165061997,-0.17138198471809868,-0.41768977307686395,-0.23423757829783015,
0.17303503167799242,0.37164913013814566,0.40013585708319627,0.35775497266414286,0.15434155399445185,0.28955954832713215,0.31051068451537034,0.45508199906156427,0.31987576716448246,0.3018372506036174,0.5068738188990463,0.17667259635349242,
0.2288896385684891,0.20605524955888946,0.3114062490401794,0.17616319351063217,0.2213359545041825,0.3269309015750455,0.42184773312614937,0.3801120989089636,0.23439447656877835,0.46189959522173274,0.3631395989566804,0.2734159600438861,
-0.3548496046761958,-0.27922736219294786,-0.21401998453279472,-0.19783204387440095,-0.1808627844861422,-0.2949763516596817,-0.3637928818798458,-0.28270988479090475,-0.2674180281349066,-0.13034898599497255,-0.29898255191780604,-0.2541224608034995,
-0.30427539691895816,-0.17246776611910797,-0.21395186825680867,-0.27710698316966,-0.40995891640561716,-0.320558325420526,-0.1939890119954776,-0.44651911723557797,-0.4252456904005445,-0.5209086262647405,-0.2687338688366631,-0.24847639479989655,
0.44602109075382823,0.1278865597228227,0.2624856991406552,0.12915439971175266,0.3605762659590135,0.36188710035244853,0.3356142058008641,0.34935762972116674,0.2661208487147622,0.26028145099284444,0.35657455125352405,0.40475415652562796,
0.32111952269943816,0.30626815455888634,0.2493746663452193,0.40105670822640505,0.4397936352345977,0.2865718973773851,0.31958440418557976,0.18956782209166004,0.4054193201953263,0.45163620976191426,0.1382714132173214,0.4091020590584617,
0.4231499546939513,0.22378178507641167,0.31928608197368513,0.45672616922428594,0.46396181290457217,0.4286453712456014,0.33291765774613247,0.32275068460908807,0.6647730905464347,0.29473208515059107,0.45561039293881544,0.38346476561962617,
