# Pesos da Rede Treinada TxH=  0.30000000000000004 TxOut=0.09999999999999999
12,19,12
12,19
-0.5627568097996128,-0.3894152517578364,-0.3259031594426034,0.9809225808454266,-0.4449458417852566,-0.3079959960910348,-0.5527902770324611,-0.13132802242071942,-0.4605235213390456,-0.3428098771956141,-0.42200302595703204,-0.14107574812068974,-0.31996283674777354,-0.24602232799679352,-0.5693123224025445,-0.2010739390983764,-0.1369822052035185,-0.4465727139517953,-0.48263314262270224,
-0.2296111896565764,-0.3062427591719108,-0.09310683403488897,0.6164049517082978,-0.24612875812126955,-0.5608120233411935,-0.3040982594606486,-0.20504833468676914,-0.03441438880858733,-0.017506003592021136,-0.33742182394733605,-0.18021596019580266,-0.07847925806250859,-0.06565507477221788,-0.08492590860503303,-0.033521024738694186,-0.13191442255626615,-0.2546120512310764,0.020329515311260093,
-0.05695702014268603,-0.08783793457458443,-0.27461081398784404,0.9529776187696251,-0.09591740567974799,-0.25372814478816735,0.045652089260890656,-0.30894076513994473,-0.03737506060935516,0.013194568149086644,-0.026353674014889823,-0.1759225714134561,-0.3816403034284067,-0.08370153136667208,-0.061320994213944546,-0.5070874449808442,-0.1494993541715673,-0.41436851550671044,-0.12868329432782186,
-0.3625898368573007,-0.20786149664125603,-0.2924677920331391,0.7303040039363249,-0.4027693684928495,-0.3902456579047535,-0.4053771194614385,-0.407214309078365,-0.13457663038189055,-0.2993267753659788,-0.08306851997415196,-0.10507770028153834,-0.4322808070387909,-0.42173812933672084,-0.4049411473321486,-0.25168052012890174,-0.06839103380885012,-0.1057345334949631,-0.220263878848278,
-0.5223208110625143,-0.36651405360478273,-0.15914348022990754,0.9326301895779802,-0.31155138690215356,-0.17351475769468905,-0.012623118398515784,-0.018499187860069627,0.01225909444324526,-0.3769228859465104,-0.041675526745624955,-0.4947190774758383,-0.4152215564810839,-0.2671902697020999,-0.3714204797427808,-0.4208547455793834,-0.2166028976867903,-0.43072758908665276,-0.21623773515401032,
-0.390124967616454,-0.46714720984720376,-0.4446761132566537,1.2134860465206339,-0.4902898934006202,-0.33210949545127133,-0.4259572578385229,-0.5258501562414235,-0.3965497375958793,-0.1725793012748183,-0.42909123908894026,-0.4068282355998771,-0.1977352120390449,-0.21182994843538658,-0.5784910012091837,-0.23146190854312237,-0.3514446711679893,-0.6298554021418546,-0.48073477146883314,
-0.3967389104580658,-0.4823861428047899,-0.5544362623969622,1.0375907916492648,-0.29052535748492914,-0.3572830139307048,-0.44128346241777267,-0.5650257646159014,-0.5705927681130992,-0.40241875577759434,-0.5772195730096791,-0.1942433851275907,-0.5243295030742674,-0.4778805395889956,-0.15990443206393143,-0.4677460641469018,-0.3823900578773865,-0.2973686821058007,-0.3301099485447182,
-0.41555471966362095,-0.4712482316469864,-0.3776933979991657,1.3421093117801997,-0.2536224497439591,-0.6579012095199117,-0.5635244560118846,-0.28985361891854267,-0.4119147544355419,-0.6349377428692862,-0.6282090569543969,-0.5693195941593518,-0.2165502272581412,-0.5904672404078306,-0.3493975906521021,-0.44112343493779194,-0.5023820703330408,-0.2740075284135617,-0.4252158810346522,
-0.32790490521192206,-0.31998252164361785,-0.2245804174431665,1.3493682288780957,-0.21238788228251765,-0.2627508365921402,-0.30745159330568067,-0.3833122557000465,-0.4784472523335396,-0.47047305515779114,-0.27280400711396063,-0.6036827411633162,-0.5808065761355345,-0.4416415797769991,-0.44545719662938205,-0.37435793741724455,-0.3731386443880461,-0.3675115837441101,-0.225222762447528,
-0.3004960740735782,-0.5560113038435973,-0.5587309009711015,1.481275521303547,-0.3700866590985568,-0.6489671638569955,-0.21846914476967758,-0.6209871809700337,-0.5599872700681812,-0.4017732716412715,-0.5643630203102576,-0.5149078575912139,-0.4438666805954257,-0.4247881347097474,-0.5025297369017311,-0.4229535042561472,-0.6659889807829538,-0.2052754963537085,-0.5760817044116828,
-0.2679653641480487,-0.2751453536672214,-0.6193684343954411,1.465302262036064,-0.5669349806938093,-0.6125306112602226,-0.5537487705845873,-0.4043605779359598,-0.42899011762657185,-0.44240447181952824,-0.24260265377680437,-0.6809288751454448,-0.5151278873676238,-0.39915452934523366,-0.5204951769927288,-0.5744076979356035,-0.5131464215701177,-0.4736546013163873,-0.480649890536894,
-0.4653516181285155,-0.38454755612965386,-0.20260185440277165,1.4129430799251235,-0.5278740957001231,-0.47802499082692207,-0.42962001162834657,-0.33527154551477545,-0.51122625712134,-0.5600581716664687,-0.47670470135653514,-0.31250306071148776,-0.28373353832511294,-0.5891547809923526,-0.3278874108581292,-0.3977220640149718,-0.5491297122314148,-0.48297552192800336,-0.5450768012207099,
19,12
-0.17520879214171212,-0.06614390499858849,0.17982312100671952,-0.10920295831618669,0.05988228125901485,-0.12013427457133123,0.024872353681883168,-0.25606699522259907,-0.25993156684093005,-0.2912494411613657,0.01208163639101673,-0.28754473814263665,
-0.3029994463573142,0.03958517164669112,-0.2717718957891994,-0.10356151618980937,0.0309691632808442,-0.09653867837019725,-0.11333189547637253,0.043364959200301124,-0.25849215694897987,0.12512376369427763,-0.09813560474331975,-0.25003354070393674,
-0.2015710029043867,-0.33108932298959437,-0.1801081913896801,-0.12561424038691246,-0.19365377532328837,-0.3077896692950235,-0.19832359922209322,-0.057480644548959084,0.02518154407723669,-0.06520198365223938,-0.0206294953683435,-0.3591808994307002,
0.8179940797890137,0.7391771323208938,0.8006060972013403,0.7799399281662583,0.8506337322823985,0.7992035184468164,0.8313474878521513,0.8669084019012145,0.8417286334799544,0.8866281548738318,0.8759074061965233,0.8770947284987567,
0.07422393389762709,-0.0925132350176319,-0.1297091982932735,-0.2102310812510124,-0.413900248468276,-0.12354875941708349,-0.2728287306720078,-0.22419751473320731,-0.039826650267317736,-0.18854207930773054,-0.15209240380618733,0.01530430395286364,
0.08451454191616323,-0.12157614404856346,0.10323481394760807,-0.10678762617808164,-0.036479695278766794,-0.1121173674847479,-0.21650317363681518,-0.12399479202850142,-0.12201290949662139,0.012010044717575587,0.11812461866290269,0.03964581526064804,
-0.14234316865187233,-0.10217416025154295,-0.23216896681820187,-0.08262024964189295,-0.14491784336036642,-0.14269504246272896,-0.31678259608530474,-0.20425050937112196,0.005073607226646893,-0.10419990374765059,-0.4064603059963911,-0.11171447734821063,
0.031282043688165,-0.33108933690309195,-0.2550983545323606,-0.3961470679505605,-0.14437740352761946,0.043821544924151384,-0.11535687581628393,-0.23187194282274784,-0.09927948287837456,0.02772496238268497,-0.44167913394270225,-0.2899741719269398,
-0.27640868508710864,-9.415817437175059E-4,-0.04747812985564173,-0.036455416788808655,-0.13302044135838664,-0.007535922820825911,-0.11013692873035243,-0.393182909936139,-0.33193038607368625,-0.12124501638101262,-0.35691293992808654,-0.0989148607046686,
-0.126846370266012,-0.25004558732689913,-0.17801743750905308,-0.2024867319465315,-0.325237026210784,-0.25800879179146996,0.08461758102028301,-0.2271073366042636,-0.27025059877791574,-0.2744756850972913,0.05421520924822703,-0.32002639269454103,
-0.20529991365900693,-0.3062188721196027,0.006853613469065984,-0.15371159613095753,-0.057127947065089946,-0.21007896390036937,-0.19509539465441336,-0.09232043177248542,-0.26904459941174985,-0.25342285061632086,-0.18230751332868353,0.008661549272350983,
-0.13251920766702602,-0.12324517291903618,-0.2724241594204764,-0.14451390523188762,0.030588732762210347,-0.12626128330150496,0.023927758774894083,0.027334207868046672,-0.13016981633911157,-0.09096878968679713,-0.26090645718064226,0.10581888587609009,
-0.15213973671051906,-0.13538151662377154,-0.13354168969363622,-0.31352071116716396,0.022576140188697708,-0.017742004222883898,-0.25823247198515237,-0.12408936053087105,0.08651481781670464,-0.021505470044195982,-0.0911622170836108,-0.05389619146598684,
-0.08889552352657493,0.15788417707420743,-0.31273748110262967,-0.02441237212478725,-0.22796159406618682,-0.16148452476681333,-0.273689602138707,0.07441135405201263,0.010969759628022744,-0.2840909714363654,0.04734364118149419,-0.230820509378201,
-0.017518886952569267,-0.12430373200511075,-0.17132365583301354,0.05396498489000259,-0.05198500132093299,-0.10869195190337906,0.0534773412559791,0.03970836109181751,-0.2652178691974506,-0.0016186143468311714,-0.3183896661547184,-0.1805272057090046,
-0.06690894875260596,-0.009280584339142056,-0.18703157822062633,0.0395551363314793,0.027041446926449757,-0.09713768523504322,0.1537162040610625,-0.3809684657498124,0.1213207756273891,-0.31804903691196107,-0.2697098399929096,-0.13638299766350923,
-0.21675708180928036,-0.2762333255417877,-0.2875962371332263,-0.05964312975684518,-0.2375272475563037,0.018078099992826585,-0.37009589452073427,0.03835737053867991,-0.11552972138332339,-0.14514292555362204,0.042466681589076564,-0.29492290591260417,
-0.3430980403566241,0.036993889229128635,0.11303356002585552,-0.07391934924279513,-0.4062906337328416,-0.20647621406775904,-0.16773930467925235,0.03232244199069161,-0.12381919171778451,-0.1065453763564086,0.10749327564645329,-0.038439669446915424,
-0.03601928652753484,-0.01716954976189116,0.09650248885876592,-0.07926358898744465,-0.14527293028095917,-0.13175322745777698,-0.04758653498588619,-0.3468320017409618,-0.30608608773468665,-0.36299372510193967,-0.21724481247265473,0.0909139355437571,
