# Pesos da Rede Treinada TxH=  0.30000000000000004 TxOut=0.05
12,11,12
12,11
1.007875249888007,-0.4701700240531374,-0.531876942527191,-0.5366297908861419,-0.4280841527050272,0.9960230084610882,-0.569459303135829,-0.6006951981292987,-0.5203827913030016,0.9958621805273582,-0.5731470110878553,
-1.1287689067473388,1.6314640060871288,1.252548903056474,0.8314389139944407,1.6048118506308244,-2.173181470188889,1.695419767576841,1.5915932335756329,1.0733835967780856,-2.2313497632833363,1.4650755876701793,
-1.6257630024380916,1.8601018525802768,1.5667410523103555,0.8894080384428231,1.784235231139891,-1.9139966034715004,2.2054861280665783,1.477969423135844,1.3888158552926178,-2.52421292607753,1.1919166462589559,
-0.46726066714018066,0.32717764023101537,0.3557132953527147,0.02880256098018366,0.8643312700470566,-0.7965803660506539,0.6475525400974335,0.27779223793196123,0.492720795539133,-0.9352452307313022,0.45034817526174303,
-0.09612555840594869,-0.15094961201044857,-0.0987676272325183,-0.3299916721743498,0.30284411756828683,-0.06292984203013087,0.2268969206184095,-0.004406470026335949,0.08185382306149558,0.2346427345606416,0.06927619167117229,
0.5764157475741805,-0.4958984894333463,-0.606020814150006,-0.35978704348732177,-0.633678128372657,0.6839070459082187,-0.43681768399275694,-0.7515251491624589,-0.6216094344288087,0.8817717898177462,-0.7377198125978318,
0.9820736647547325,-1.4826987264345004,-1.0850151795981324,-0.8457337200114625,-1.1728035893391389,1.3451660988790075,-1.3242297287086595,-1.3038854434534608,-1.2441258467890852,1.596335287842339,-1.1539463265809544,
-0.5571677834994022,0.29772059193476924,0.3528325690637597,-0.058319205175284924,0.11320696883594854,-0.30128319426155825,0.030469094925760092,0.09839049705227301,0.1308790760135977,-0.5863052530893608,-0.008320914608791651,
0.5878085150345795,-1.0507941942335906,-0.8217111184641593,-0.9177564046459529,-1.0902726710093364,1.1036981020385077,-1.2681296343902364,-0.9211274129251119,-0.9464596845212548,1.2267347622687463,-1.0054183210858931,
0.7415711516034389,-1.0851040902331377,-1.0692613918923213,-0.5196328786465323,-0.9341201681143335,0.903178904105617,-1.1543955264619676,-0.943872252933183,-0.7287417547646687,1.3844708639770416,-0.978436418913722,
0.5896068972112659,-1.1711695980017072,-1.1319115147622425,-0.45560867823301143,-1.118677794913898,1.1223930476605053,-1.0489260570527943,-0.8043178920649796,-0.8487848436106524,1.332988414128987,-0.9490502435090246,
0.64762560016099,-0.8165413141404858,-0.6975451784257977,-0.6174514551238777,-1.057138915645365,0.5467694591170522,-0.9330882172312955,-0.6394386316033287,-0.8029910578715982,0.8430109956483646,-0.7169406075919427,
11,12
0.3807492200541511,0.3657377483692764,0.15287046188719375,0.21791238037867794,0.35969400256663514,0.06415979460186287,0.21477466330927536,0.30628945124125645,0.4086143104895049,0.21096915376486566,0.3504257102842736,0.2844834015090273,
-0.4603445523802687,-0.11073317485974905,-0.28200419735108206,-0.17901920908288743,-0.19730381479842735,-0.04127507517869595,-0.1516394948086251,-0.03960051190197678,-0.3584462713629517,-0.08308438329379525,-0.13172229513758377,-0.21108304545183054,
-0.2360688005592758,-0.2923919967198307,-0.013016880120759203,-0.21412122217233723,-0.18849803086170122,-0.3367670606143237,-0.22533065634255295,-0.2082068152190646,0.03617165366751363,-0.08651395155085197,-0.32966343902564493,0.04841539130515032,
-0.09309843515344604,-0.29802484813681523,-0.11088017124956245,-0.13845096789977332,-0.23481592144476005,-0.2784853538373974,0.030899513610577765,-0.2249388097270285,-0.17480087359126067,0.036843086597275344,-0.023525243217958704,-0.025731527780621054,
-0.009236506863870602,0.16395637327141396,0.045769363331552716,0.05947504607383052,-0.21993624514148927,-0.029619501649788063,-0.2359509477545518,-0.23033416611524762,-0.294122200339191,-0.4022156944996503,-0.0931224384436206,-0.27377736811257564,
0.29762114542022255,0.0546450051468787,0.3186234682457315,0.4372452703337043,0.1829505615762087,0.3574573652987183,0.47717532769700965,0.39851109226694637,0.4234793733964912,0.31991296481117165,0.37751876387159095,0.4122777994893143,
-0.22677422058674856,0.027870379509943775,-0.21141359543545465,0.032079140055588144,0.09884710967578902,-0.19547473339545982,-0.3702965441759646,-0.1456017350911024,-0.20104681660848825,-0.16088658460662766,-0.3294215029840028,-0.2070786500928731,
-0.17819971857715575,-0.25186878135334906,-0.21044545658465721,-0.14859371598421936,-0.1716670631390026,-0.14411793251597865,-0.08299715901134558,0.035727489203662546,-0.11977313229621742,-0.4441999963471947,-0.09936988998432962,-0.18634637510976693,
-0.07524296668427613,-0.04418787814407268,-0.13988053586761262,-0.2439516628131942,-0.04734140287375178,-0.11890270269231833,-0.07255423995219958,-0.3282945730707721,-0.1417146086820723,-0.13260791465169794,-0.17404150867427493,-0.20366108205026281,
0.3872152120066614,0.4592496764452193,0.5245153458300286,0.32550654908396354,0.510332239609105,0.5806170249998831,0.41604632261675717,0.4228961980313524,0.30987759231198314,0.6249329520382152,0.41006880875078106,0.4381788878743181,
0.005019376547440925,-0.24890013642529857,-0.2529135417877112,-0.32827162291156564,-0.28232293009256104,-0.026102605705724726,-0.19130765309940087,-0.17884852794727193,-0.0766895343980305,-0.09215288667502773,-0.15442742227215464,-0.24376059603290676,
