# Pesos da Rede Treinada TxH=  0.9999999999999999 TxOut=0.09999999999999999
12,22,12
12,22
-0.9053740713238022,-0.7031492819309321,-0.33704233055062843,-0.9520164029689144,-0.7325814851479043,-0.38765942742258036,-0.6761035226906004,-0.5918752561597834,0.6469548211191388,-0.611249720150638,-0.5660522369108721,-0.760351373088343,1.2767328462047798,-0.7396346194360272,-0.5846843085379028,-0.6047840838379838,-0.5407051245711754,-0.708923813370514,-0.6972821980726722,-0.578668589115795,-0.30436388198193076,-0.5782782757543131,
-0.6768565965184037,-0.24785949596276088,-0.5225354374581013,-0.5059337909284404,-0.2192426028044528,-0.48821370793268193,-0.32272151571182206,-0.5141631760918355,-0.14804457178568414,-0.24865596046106914,-0.33338414179241244,-0.38690120913838005,0.6891576071098078,-0.6158168675653347,-0.40191969813870126,-0.7683473436776287,-0.43218350784679016,-0.28395585146306906,-0.4707177021539635,-0.5809238538021356,-0.21909301732802083,-0.17036890968224827,
-0.7168577860513426,-0.4476019275103187,-0.19794592798167768,-0.251171453221241,-0.19034837863691917,-0.5104542293613683,-0.18078308353300887,-0.41205568402450027,0.05971499403260205,-0.05366051035319551,-0.4995277813461624,-0.24469466796381054,0.6012858710413698,-0.25192096381602425,-0.09122928349971747,-0.43170996583493415,-0.4105489789759655,-0.2136936016636056,-0.4392236784651598,-0.6233077538466872,-0.4398637736119574,-0.20636649595291678,
-1.04897172142743,-0.3692607523905568,-0.3919023305295157,-0.5715287535238314,-0.3823871894924063,-0.10999479574383016,-0.1568938749231611,-0.9372038687513495,0.45368217457900956,-0.5282444527614125,-0.5213951791817167,-0.5278965915369531,0.8777705757399235,-0.9871162754640237,-0.07477935638709123,-0.8651652225335925,-0.8155172483520597,-0.8320928239985111,-0.716604269317362,-0.6072732621339844,-0.3657788046985684,-0.7645222690014005,
-0.8642483230863154,-0.4778299795177852,-0.3327379412099256,-0.7216756125990128,-0.755604902094936,-0.06690389577073602,-0.5563306962666784,-0.8779163796925994,0.5825100460545639,-0.8113555377523324,-0.6604537603950136,-0.8723788634770177,1.207601802496222,-0.7985569773304061,-0.33849461814175524,-1.0698620933976466,-0.6901930201705464,-0.820736183570608,-0.8605479200697138,-0.7019214066862236,-0.25225363853715443,-0.47369919040541464,
-0.4757918471658971,-0.5106549067749466,-0.42324249292736094,-0.6190090478424105,-0.32576894236173676,-0.5006612486460136,-0.6350472887620696,-0.3990403546927218,0.5079905105556685,-0.4537666423262345,-0.4676142242045313,-0.42146150923334746,0.3318885922647726,-0.2798495526221274,-0.38787862420966995,-0.7123823468693411,-0.6389981321103082,-0.2855904529566604,-0.6376131405839188,-0.39722880715113873,-0.7455212738299649,-0.33227199664460244,
-0.6344929033899314,-0.36927881958278724,-0.6934605508951159,-0.7565815435849201,-0.5995463744002476,-0.34720151080517536,-0.6449868303214844,-0.8105515105333017,0.41543301369009983,-0.5735692664467822,-0.7741775330246229,-0.654136340876702,0.535646867651717,-0.321122776691545,-0.5751845766095647,-0.4796336209518102,-0.26949944809050386,-0.652932824550745,-0.5313819637115947,-0.7043021448364116,-0.34777864842968503,-0.49666030621980567,
-0.048252048209570415,-0.45850477601258194,-0.5929527855910021,-0.07861692362495214,-0.4122688614239707,-0.6287647969523108,-0.16821682215154674,-0.25798481385694305,-0.22656703722521626,-0.4283284717987043,-0.3288819915046479,-0.18100402991286357,-0.14602039756492216,-0.3975732315448892,-0.6004792487973287,-0.19821890519399865,-0.0928285963606046,-0.18312599547133945,-0.3742911217770716,-0.4109577648175378,-0.8131106388104643,-0.35270088720634657,
0.011742403403118553,-0.2106508347152986,-0.40392405796562453,-0.32416089139478244,-0.22851194217628043,-0.6705420412653165,-0.34273316071220594,-0.16015866588885072,-0.2963604073164361,-0.2541171324736775,-0.13460411783347903,-0.4132753405717851,-0.36633054196109627,-0.4101851222615182,-0.7250800354757043,-0.04453260898940331,-0.38367932461387977,-0.3328241605487267,0.01677182632676544,-0.12785724022222655,-0.43554835807459946,-0.5345925165589561,
-0.17774506511065807,-0.5749763440216388,-0.4544435229449195,-0.241958527171279,-0.5570890170984936,-0.6217720928297674,-0.4420335313143247,-0.10287998978440363,0.0252670092588093,-0.3749215523910008,-0.27900641434915724,-0.3628012725493232,-0.3543813000478194,-0.168735856374945,-0.4790103462938962,-0.22366879322533517,-0.2276540719915682,-0.4393107042133239,-0.11152996029578295,-0.15464871879940917,-0.43860699279910104,-0.4323496572492622,
-0.33346683183614056,-0.629489633815472,-0.5789143910747501,-0.252905112985135,-0.4016055617383731,-0.5949906853875925,-0.5651762990410041,-0.21409365763474555,-0.021930956393277336,-0.40589569689127064,-0.6478287347515082,-0.20857127429983838,-0.1725494845913475,-0.389484632582063,-0.48498160157149284,-0.24579834865690062,-0.5275271668915993,-0.32436892736167133,-0.4240122715522417,-0.29556589492824253,-0.544028160075662,-0.5396549923300054,
-0.12411300232806945,-0.395331823483869,-0.4448230169602108,-0.37804080469164997,-0.31920787635955106,-0.4642162851288568,-0.567321368993349,-0.3742530382198956,-0.23404739895575194,-0.5705482340266746,-0.21273106855861895,-0.3489039573956046,0.15892845485286272,-0.4661926172969962,-0.6902220881825482,-0.23115471933970583,-0.5140162621458154,-0.4090046841168589,-0.5515159262307777,-0.5139966897216057,-0.5520495799374211,-0.35782654860401353,
22,12
-0.5199938227115157,-0.3133363587848955,-0.3369544970765675,-0.3106884321002323,-0.4057493771236334,-0.2247894076705452,-0.4691079599995163,-0.09524491712626536,-0.36289777594605,-0.13406232633089124,-0.22616587007475403,-0.23679289384950808,
-0.12186713576292764,-0.22693057628080732,-0.06539992486458225,-0.1302135184352379,0.12962278219361276,0.03461176291077204,-0.3878418595064732,-0.21824297649854746,-0.3860322978103913,-0.09675006266850333,-0.17461412271572252,-0.10294563973778711,
-0.1286534376167411,-0.05165419300981971,-0.07127895280201273,-0.1193623829054925,0.030775351435805627,-0.18891646130979833,-0.26676822698979297,-0.13972289493717222,0.10864597926670368,0.06064438599254788,-0.24787980557323008,0.0611366054711343,
-0.24267143139548852,-0.21351043566722924,-0.3118452065043812,-0.12041815100858785,-0.017208459913813683,-0.10559418935365066,-0.2596011265326966,-0.44023819375224565,-0.11308082668053196,-0.4346166795261643,-0.166847418938552,-0.13181292629191924,
-0.04088728868328061,0.1691900671851345,0.21166915021743382,-0.2461712006688334,-0.11660476955380711,-0.21882478135480382,-0.3040240432737436,-0.019662436277559273,-0.030538103068219673,-0.35403316296197307,-0.16623409080816254,-0.028136328186722685,
-0.14748004405149515,-0.25674677644276184,-0.30573081631229715,-0.29085381684122363,-0.4053256202211714,-0.2027504589842314,-0.23504203779274535,-0.029313360862434065,0.03734415883723502,-0.04582225588167091,-0.09351847955147012,-0.17486583063584113,
-0.053632910654332164,0.03393264420569628,-0.24759080727764018,0.07821798000826831,-0.1691835110026629,-0.12277554882651691,0.07018137420525532,-0.015782630573753502,-0.25815078689348214,-0.13570518003827214,0.013712647983679662,-0.047669817484987345,
-0.2002602126715091,-0.08186502247517986,-0.20184690012772788,-0.01179679877226046,-0.2803079154079018,-0.29135527793969523,-0.44514479229852866,-0.3145415333559437,-0.19675462809538027,-0.05048025276865831,-0.18517181368134855,-0.18678896620479468,
0.02678192317514049,0.016397339740887286,0.019209253177504566,-0.18223710249290326,-0.09448669228678808,0.21263548660698262,0.2621429679364304,0.13269929591421065,0.32819373294856385,0.37221096531924974,0.34422876349986875,0.1876212345721793,
-0.08363201787710105,0.022559944144263207,-0.1736561890016296,0.14959089876745402,-0.21712422091798314,-0.14596757360017693,0.038233620873663395,-0.18876655893577945,-0.06540543505962042,-0.33388437561272827,-0.3197572887511052,-0.22608908680727938,
-0.055976724594899135,-0.0728620611731949,-0.16944099471522608,-0.19933637304578433,-0.016024198984353148,-0.4035692512137577,0.047425029919186686,-0.3175965031266097,-0.14932211115639726,-0.15072836666554518,-0.21992840833106952,-0.24678704035468277,
-0.22244102157214085,0.14496171329875257,-0.1317071453596705,-0.1371259855601962,-0.005773289129113756,-0.20174790334889006,-0.2832317053009481,-0.04860648065404244,-0.3152110191065467,-0.10247233048928558,-0.18157363209024374,-0.2131717669476598,
0.7726873443962147,0.7414434165331446,0.7928888136636628,0.8672287189059245,0.8653987157173325,0.6702676591561283,0.6682151992293583,0.7421453022756793,0.6203685945160368,0.6306736518151097,0.6314659928046161,0.7162592697702282,
-0.5321237566626782,-0.36812281439433964,-0.2549741629243371,-0.42794240701489983,-0.13330948402566953,-0.4774724843129958,-0.21203018752597758,-0.06904958249911082,-0.2114239934575415,-0.26303116601003357,-0.12011346854627039,-0.23426329275463892,
-0.03180701438411823,-0.22901142549997172,-0.14777549297735346,-0.006993956302940983,-0.04831732981328616,-0.13663805441225427,-0.0182108991581075,0.03473415911785565,-0.06775090254640265,-0.2850565864210818,0.06504214528174557,-0.1647718347484607,
-0.21907913136120769,-0.2640966233282845,-0.3447121117782447,-0.2762772843970371,-0.4296654999339745,-0.445701726042314,-0.1416560385593804,-0.13698989885719567,-0.19654704710506207,-0.1471888064864657,-0.5042201753571934,-0.11584349428013711,
-0.1259014028264954,0.035842983952929314,-8.847719003583814E-4,-0.18289865309640824,-0.12531420948980151,-0.0513863969193407,-0.14622694007297726,-0.30726890959568953,-0.261073293988621,-0.31616323705375154,-0.2628847649552702,-0.3593490491100371,
-0.3167025299119109,-0.028715636236390805,0.03430509356227655,-0.23637302254394582,-0.1610323111153213,-0.06745865028274435,-0.3104543827864595,-0.2521444598648245,-0.09940611335842547,-0.27749586519150055,-0.08969255925176847,-0.413524315873069,
-0.14523736313036564,-0.37439968837943255,-0.20390324604366217,-0.325603663176922,-0.37883979955710334,-0.07085761288426966,-0.09228330001712738,-0.48687872264844284,-0.4057472957265269,-0.26455988692482746,-0.2854463469157618,-0.1644132828285941,
-0.13357932572511508,-0.37145910053098014,-0.26610353673227927,-0.21653062707545492,-0.25749529780396313,-0.006655273762876559,-0.09111889011998815,-0.3813676879073969,-0.236740372359332,-0.38319576310924747,-0.09732926538783189,-0.3175388149977488,
-0.2143673279293462,-0.4519936018018467,-0.267731719683038,-0.373038407138924,-0.19774078035012688,0.0164899302969715,-0.07732927202189986,-0.0298697184223733,-0.0563160038593156,0.04580630469183011,-0.10161288839264805,0.04727587265630397,
-0.08022364207872539,-0.11817984325046617,0.0876165569740436,0.11303878057907017,-0.2413280061804321,0.005842015618427691,0.03666488984837074,-0.18725993847008557,-0.3308814147262739,-0.04027411152035761,-0.2905766026050031,-0.33212863440613927,
