# Pesos da Rede Treinada TxH=  0.7999999999999999 TxOut=0.03
12,11,12
12,11
-2.819345450317815,4.38262278842614,-2.66954975957255,-1.0521864136604264,-2.9066837596888178,-2.0691363876862656,-1.0389390382820922,-2.3902971373873263,-2.679507161384373,-2.3065923685787104,-3.205141597954197,
-2.274258076430797,3.4937406338562678,-2.3396178732830957,-0.35466231505834994,-2.607638196279425,-1.9150813147322856,-0.6238844437601027,-2.570944735107667,-2.205251273547247,-2.2687174872263127,-0.891308921761816,
-2.4387528917795853,4.076973555169465,-2.898317360719024,-0.47360070920801667,-2.8855326780988095,-2.20684564901311,-0.16541135169078555,-2.397822691634353,-2.699312049018391,-2.356462229031076,-0.5257651225722999,
-2.4058047219647785,3.6103742870508957,-2.729104021530001,-1.40415665643294,-2.8380158771336075,-1.928943394898844,-0.967235863184071,-2.7168094696292564,-2.519216301901623,-2.4691624417449964,-1.6140414220188233,
-2.962136172172429,4.264865314646572,-2.585023135218625,-1.4291297237464948,-2.7802062711594258,-2.0956470241821643,-1.5658343278314855,-2.9656083896520755,-2.9318147269870924,-2.8098157928970533,-1.9958965392921453,
-2.857911381928516,3.9592838532299393,-2.443984227538248,0.1724332211504888,-3.4474937020881473,-2.331100576177468,0.11767239290670847,-2.600800205820064,-2.880946029549938,-2.815114801369157,-0.04683335232029484,
-2.99378955413146,4.386755011059121,-2.413598604183961,0.3819699582289315,-3.277247007498761,-2.3693204407901987,0.13728314917573398,-2.5790814514036677,-2.8304265501045034,-2.481256580427101,-0.9324744426590631,
-2.712225467021725,4.408631838618427,-2.785460597060352,1.4154686536219152,-2.935297821134868,-2.08385911320174,1.5102973341186923,-2.6917888078656618,-2.673780471522927,-2.4577806161519735,0.2718189495552787,
-2.668914445376827,4.4622053749746495,-2.244926295240515,1.732315114035528,-3.1388291243297264,-2.430451898618401,1.5574760029256807,-2.4488075834253227,-2.407438368864605,-2.84669905478058,0.6917236039499095,
-3.1121610810594276,4.981483377665275,-2.3445991087326274,1.8657125302358182,-3.127362090135003,-2.513865329528236,1.521236263035858,-2.5272729287321036,-2.7823438067581874,-2.508357738583017,0.516245291373775,
-2.9801984877771575,4.5045006146460285,-2.532558763927998,1.0378654254011321,-3.0351159075924063,-2.1393375627071216,1.294850690716531,-2.558790621908816,-2.688628793816258,-2.7101075889572424,-0.11344270249735458,
-3.0301476653262163,4.3385418178528425,-2.8542618183454636,1.1140401143271583,-3.224444001584606,-2.449054046353217,1.2538462967152981,-2.5476847497413115,-2.7811905554331955,-2.8875086473244354,0.7087769537086539,
11,12
0.35480758430998977,0.05881072371803037,0.48992509746992235,0.17396281947233302,0.5142845927866494,0.19919074208968124,0.41460855384024936,0.3777683244171391,0.5180369914651997,0.3399621290429193,0.36442703003472876,0.34576261971619254,
0.4793421439503362,0.42995042833914376,0.4838188482179936,0.47118355061500494,0.4963763862262651,0.4848962273795153,0.49766861263227585,0.516378124259014,0.5096091313635902,0.5264484152297859,0.5164608561212216,0.5224642308428753,
0.16928734966673145,0.2632419674141141,0.023644026286327422,0.258405438233017,0.15966059873972313,0.16787689866133046,0.2219359722283016,0.16143554338237875,0.23173468052234755,0.258625269686358,0.22094775558439306,0.1889787490730911,
0.10098361089793026,0.1176398780383332,0.09429740531440015,0.08016295819125062,0.1345448076886085,0.12991765917092946,0.09218126541264851,0.12349502711202164,0.09151804377194085,0.1562679077988286,0.09713169512893213,0.1310598252232107,
0.7171454322095177,0.6708848783941674,0.7071225738823668,0.7409262186146901,0.7787200682211555,0.7559228490162639,0.7434678552354642,0.7983933050145064,0.7028663798263406,0.8460673279880411,0.85573272120271,0.8233148669449913,
0.011925485236337885,0.08455594831259557,0.05455256376329649,0.1523414773860285,-0.04979466248863801,0.20390581777654576,-0.05869948214276149,0.057346640102988206,-0.028214715585789592,-0.048361052909716165,0.004108019966687738,-0.055462366548358434,
0.12849554271263963,0.07039451763079452,0.1067930807832902,0.11620032118038051,0.08128603058957559,0.09046626938288613,0.1426569171472274,0.11358388493392685,0.14901632661406772,0.0969500964732443,0.1494965981950745,0.10424589982413746,
0.20293647302628462,0.18685154693421385,0.12181266957954331,0.19404242773409544,0.22367377672558858,0.15360069061311107,0.1944921822662285,0.25927850843231337,0.24571303224151686,0.2007890623428512,0.20567756121120703,0.2805112282814989,
0.21359780252006727,0.22117045982706174,0.29344581339141423,0.07084332264727786,0.24390358401410103,0.2086691057247538,0.4087497344953894,0.48252028670319375,0.516211468159534,0.08211867522350917,0.1686140099798237,0.14636235899000435,
0.06565394390080524,0.1258394836599635,0.04898833835691189,0.242406977927544,0.11524195799322567,0.3933399335263019,0.2658227170962578,0.2107120923235475,0.2486858481835441,0.24084841252263364,0.0812922512599835,0.11763146176349515,
-0.1427357630609831,-0.10793690573459391,-0.12167453418449387,-0.11824157900790037,-0.12639026400150172,-0.13607122494418272,-0.15167149108946626,-0.14835294328638546,-0.1584780143711826,-0.15936895655810784,-0.16136898204580918,-0.14847259873012028,
