# Pesos da Rede Treinada TxH=  0.7 TxOut=0.05
12,24,12
12,24
-0.39167990577372774,0.46752111111864547,-0.194017189914665,-0.6659743947079952,-0.4619947616725051,-0.6501702878742368,-0.39039946285561944,-0.6626598364832208,-0.7325557056100883,-0.40236026856904056,-0.41306368262769366,-0.36976208034804936,-0.5610706753801379,-0.4384281873077261,-0.59165861142295,-0.26180950349386606,-0.4121804790407958,-0.6697973655251812,-0.5954237759736641,-0.5082116307967285,-0.7543300980579771,-0.4101245450295051,2.7162576454726675,-0.42516303529720784,
1.4947215049299678,-3.0872919001539625,-1.1887175407673725,1.0896449761759546,1.768931933568006,1.7927084755866178,1.773029759363985,1.3421827232564782,1.3399815135879762,1.4450691643091735,1.2150315940280338,1.4683279979673443,1.5832521018880934,1.62693433519177,1.3987014132283324,1.4141075772638216,1.25667555545547,1.4648525263437584,1.4749192740129955,1.5506488668423837,1.8843890766700833,1.2960446915794899,1.0858411935230117,1.5915181536901006,
1.5350890349793813,-3.415892137893317,-1.3592350278063619,1.4693665122750799,1.6059060828701734,2.125016208786663,1.7987671630118494,1.7281141115560885,1.9134348632936804,1.5934687460445067,1.6291214576514164,1.7540857370645069,1.3167030831527013,1.6061681052663275,1.7224212803859802,1.5407835741793632,1.9183835265160019,1.6278972656011286,2.110597419997624,1.781080617677357,2.084689879578021,1.526735919711637,1.1705490704954182,1.697590315424143,
0.29614397270324516,-1.4837155041017613,-0.9567910827116501,0.14974011595758382,0.42216282984591347,0.6113697707462795,0.47125233810569983,0.8045735973492201,0.6886307580950358,0.46297596311565536,0.32892836988238455,0.5642148865721361,0.26743364714503104,0.36505582864342934,0.6986802897556341,0.5533033165831786,0.357125915084234,0.44246396684357936,0.7609476316342468,0.45656091195073467,0.7837658429695368,0.42744374466846646,2.246116510423859,0.560738875404964,
0.2693386112046693,-0.6028919126432782,-0.7384940819947463,0.14139396413461092,-0.1811582478859811,0.04511242042454505,0.16317229642641146,0.09224582676986795,-0.2909666822060535,-0.14211668862997015,0.017683643656082156,-0.14543912432235817,0.1835782813339318,0.02906471032222725,-0.13275038909090806,-0.2268995856436041,-0.17728565846226602,-0.14308628659834363,-0.07937792177308794,-0.20145355672268667,0.1682521760593865,-0.007601554657791742,2.652435129827791,-0.15080986374683714,
-0.5018279451829822,0.15978564533518888,-0.2465855548033134,-0.4792137477217905,-0.7443147963867064,-0.6811539938375147,-0.41019829184230056,-0.5275806261754843,-0.665526694898727,-0.695128653290435,-0.4940910308888914,-0.5643460160606351,-0.6813376274067685,-0.5467556910487275,-0.6461063004672731,-0.6469743997982863,-0.6863519569773726,-0.3421868521138147,-0.793766235099428,-0.5009182686715369,-0.43074149225607256,-0.4572196033232691,2.7585060503941587,-0.4560443091261583,
-1.14960086836302,1.538421378955336,-0.34491532959104015,-1.0609729958216987,-1.3565853789828335,-1.7963365682174244,-1.3312034338450989,-1.1967079772788927,-1.2009838240109265,-1.3005356963647514,-1.4647327168975495,-1.474638141549328,-1.227149736289571,-1.3325281611331738,-1.4998812320250545,-1.366046183099677,-1.1544564733906957,-1.2180925825655675,-1.5669581432401118,-1.6187463334730352,-1.609066857106267,-1.452541954609149,3.016834397529889,-1.615607822424975,
0.03455968538783887,-0.9631344596539603,-1.1834994628630713,-0.12162906517658892,0.127687335975161,0.3016113491578999,-0.13188855077108202,0.12739008634009202,0.3059262020086806,0.3401886091758607,-0.05247866226119558,0.1493665789989543,0.1338877470364939,0.00910234654538733,0.2184571889421796,0.11999304468718239,-0.12274629773832922,0.1720296537936556,0.3872492289969312,0.2634128156881474,0.11378649753972088,-0.08451814583843416,2.2965698775385364,0.27705837308213493,
-1.074452707948454,1.0361578099890292,-0.6386102686100973,-0.9277176334512139,-0.991584733527937,-1.4328002594319562,-1.0521339770883293,-1.0492690519429784,-1.0129598438250036,-1.0790544687733623,-0.909260934099078,-1.0645910951863524,-1.0853814053477397,-0.9645233485297372,-1.0206872129255034,-0.945742109783122,-0.9107660412140357,-0.8763229118928428,-1.173977790563677,-1.0642006074908856,-1.345937136683622,-1.2786596972593585,2.9738769559173246,-1.124459958084196,
-0.9354148621402509,0.7279199703133409,-0.7531261000717185,-0.7633821614557279,-0.8162148626815938,-1.1054709897549102,-1.3066747072252547,-1.240292481278126,-1.1449221119842086,-0.9498852012612266,-1.022311815535876,-1.257441863750143,-0.945479193195397,-1.247061409002936,-1.0689604302168603,-1.208558003249177,-0.8500163141071763,-1.0645243674669407,-1.2587441265490438,-1.1217041751471453,-1.3768051216937154,-0.9338300645209536,2.621241447326201,-0.9736107218198069,
-1.2113701557942869,1.1529297066596327,-0.4948385180553402,-0.9260708637584321,-0.9217072341267639,-0.9678260679214998,-0.9817483917121774,-1.28440400557747,-1.1219943473495668,-0.902992715638002,-0.9384774081085281,-1.1327027320601875,-0.7670042015621079,-0.9870152665627997,-0.767577925856528,-0.8847913417648351,-0.9252819545818719,-1.0496679384145307,-0.9523428366040967,-0.9609508100330755,-1.1424058225455758,-0.8231498114751029,2.902152175691062,-1.2286917007567812,
-1.0630681664481119,0.39052745877495443,-0.6828270411689753,-0.7255845184328511,-0.9100433117535224,-0.7705442797435601,-1.0751983907256106,-0.7690832571847941,-0.6121614410207712,-0.937479030015422,-0.6015526189941256,-0.5818659993179303,-0.8706234028503502,-0.7168876469829553,-0.8484344203652296,-0.5869981033052442,-0.8343053185855732,-0.9261208091653309,-0.7412016420752877,-0.6963700810639752,-0.7598472268716631,-0.5589404633460173,2.960039750516453,-0.6408791378481806,
24,12
-0.10049836441092998,-0.1458560104577918,-0.05355452407718874,0.021766238771642573,0.1453779577333845,-0.14315272842400373,0.06803278997455747,-0.14581351995813235,-0.14571225544239455,-0.3580729423261528,-0.21454939768975603,-0.06589101701384524,
-0.1387726525492302,-0.13755536826543102,-0.08499671053006007,-0.21792239796899426,-0.10368371331783174,0.04180928058292611,0.028872289672313076,0.002518262110493537,0.24168953934949367,0.19110559467242866,0.17904483375815308,0.0727151928741797,
0.3803132037906292,0.21830545574798418,0.08409150887843561,0.1784106636856669,0.1776907998474437,0.368306098215802,0.44790859110314546,0.5939032203799566,0.36731108847205945,0.4871589130332047,0.4440885974665868,0.35651450232255716,
0.023529042431153925,0.007972961181116041,-0.21387447885863722,-0.05020797800455397,-0.24349970811011554,0.062709075977053,-0.09809536086101736,-0.24518930677730888,-0.057537814745140636,-0.2569314991797871,-0.2005863534564651,0.0759721873080267,
-0.18997385830722932,-0.14776921688367486,-0.1561928158454673,-0.07835909283632436,-0.0282172448511647,-0.20614340893310354,-0.1900659893501991,-0.015938668158344035,0.018129697670338354,-0.08675247577298542,-0.10253713590178055,-0.18654173446890923,
-0.2130495886048298,-0.054288600253035224,0.048207123712006215,-0.23160238637216468,0.055886305132764415,-0.018379906797148734,-0.20119971381698598,-0.16095908184462365,-0.17527827498650453,-0.11986036250480898,-0.044249942435174675,-0.2652505667874683,
-0.2618422250006256,-0.18756204984889907,-0.09908360879918938,-0.04749163856942663,-0.14679535815773,-0.012008281650594229,-0.0808344077858691,-0.024922006646610522,-0.19630436355660238,-0.08127617623820158,-0.1165207371283646,-0.10837851750162837,
-0.15876845480626658,-0.12217867041275086,0.08747626081513198,-0.05718896851282059,-0.04684095614717834,-0.04282681079107711,-0.05734713968460387,-0.17002220995607698,-0.23394731891241188,0.008504309282555128,-0.2914237441477797,-0.14931494911218568,
-0.18874809492454658,-0.07418035182754668,-0.1977929408651349,-0.2333885917160988,0.033794651883814544,-0.17995036766326905,-0.11822293255588746,-0.032474050077478535,-0.08780258896816169,-0.023437901209079168,-0.1373648326731041,-0.1580878122989445,
0.06975045389206538,-0.02609694813572884,0.04295363564705745,-0.26018992592354356,-0.15745932363929693,-0.2672201611525952,0.08305309400243442,-0.10315808152230861,-0.16642986552849529,-0.1915015789507795,-0.26482091502937727,-0.051846736488535605,
0.04400762934618195,-0.19096129155743172,-0.18362138831159497,0.06631077892296612,0.04334430648088446,-0.18791376279570213,-0.22861771990779825,-0.1468661582316587,-0.13649533577643247,-0.15214331904036063,-0.07793256744416453,-0.06925984230659876,
0.02887090972062878,-0.11828458409033532,-0.1058937756916798,-0.07842884081684941,-0.1955442417152235,0.08876851381239803,-0.11081683390963283,-0.21784174509154416,-0.3242828242749704,-0.07332595453419236,-0.05864638892253837,-0.1592564198370201,
-0.07007076152149866,-0.27392329378025526,-0.005818530838840273,-0.07588758996166897,0.029082160306276382,-0.2541660634466163,-0.24330477079880447,-0.20573741395104878,-0.1292460499101951,-0.04792577098332845,-0.007427850206935236,-0.04736999386063914,
-0.04231251469464626,0.1366422396931266,-0.19554047695255902,-0.2279998609731889,-0.02187659214522635,-0.08687706499834254,-0.14083271137422165,-0.11664182443363266,-0.19549911473209786,-0.08536485268578807,-0.2874323359284661,-0.00258358461510981,
0.05294270318298853,0.002181977714738942,-0.2399126633206062,-0.02601334045590514,-0.057223239262498185,-0.26980450518566396,-0.07474061883708359,-0.1099360464123968,-0.2067252240799209,-0.10217463735813596,-0.022157537057070822,-0.23051619330957945,
-0.26086368363911583,-0.19907667451504518,0.09132691750816702,-0.03318815045713993,-0.16589142847607838,-0.036598691139261695,-0.23837628024866453,-0.003758434997886663,-0.06320320796215605,-0.26443582050381403,-0.11224493461841571,7.674056874648661E-5,
-0.11469004653573127,-0.11017612423794247,-0.2627925325639305,0.05359276883389398,-0.12661960187926882,-0.23251699909196116,-0.06752366871741282,-0.06274804148383979,-0.18385555166591405,-0.060702104195597226,-0.13560101294536936,0.00545117953836714,
-0.07682823387885786,-0.31306612901973624,-0.06892306858747325,0.02481530510796961,-0.16592846266910305,0.05794742852977007,-0.12716631113004076,-0.20413212084205182,-0.20989891261251398,-0.08927378744514786,-0.16139692212161058,-0.01365501046416952,
-0.21679197012278514,0.0748869168391162,-0.3488144315319783,-0.0318258124433817,-0.2905880030545999,-0.06799278568357171,-0.18612202953255788,0.0568814152173337,0.051661282512144295,-0.19277900521856217,-0.13196239275718577,-0.13554132564544932,
-0.2242696884121256,-0.13623204359348792,-0.1320825541508853,-0.34766269872503885,-0.24012601190615965,-0.045465983641355796,-0.10677245284319638,-0.2704347680176361,-0.0822358319660642,-0.019512623779387086,0.08010225344410975,-0.07163945182357673,
-0.2246086567684199,0.01923224953588684,-0.036798047701905964,-0.17705229329516298,-0.11693887367706765,-0.0867411782861909,-0.15739599186860315,0.0172645650151844,-0.20943720698821577,-0.06229028743226391,-0.1113764143720363,-0.22137225510990213,
-0.06068099973048473,0.1307216268646456,0.015873030588880167,0.05747940837359893,-0.2329408000241145,-0.23099469079477034,-0.10481948991259785,-0.34403465254447785,0.1018800163592274,-0.19045936921848972,0.02138696096578063,-0.32251012289137576,
0.960870037100717,0.820044005973417,0.9006475981607459,0.882191977652772,0.9434760442408074,0.9469042349624676,0.990720227382449,1.010101047195892,1.0053201846007658,1.0544962592640146,1.0310776675064643,1.0206168457877154,
-0.0039005450601960648,-0.0626880982602232,0.07061585079607138,-0.09954005152624955,-0.14626362118931727,-0.1437250566939127,-0.03222412262981669,0.015341559209207678,0.011530962062736103,-0.3029559766181946,-0.2854274288295503,-0.2604620544962457,
