# Pesos da Rede Treinada TxH=  0.1 TxOut=0.09
12,16,12
12,16
-0.2504541872080599,-0.06351605571571856,-0.3000973765377712,-0.31885614632962567,-0.057966011921744616,-0.10131082433973164,-0.42898619414672157,-0.31473617807493165,-0.11666382932265772,-0.172468477127833,-0.2526473278763935,-0.3756626235508475,-0.3181856868318161,0.3304500453198637,-0.24893661433656053,-0.292971324523445,
-0.9275998632606517,-0.05329185026980895,0.31218141532031934,0.12469531418571135,0.022357742647858784,-0.005380306279049708,0.24218601878134044,-0.22002202184045072,0.21061471980029298,-0.057030888225091725,0.4533763439246684,-0.3823200807348757,-0.4587370891672454,-1.2889615075060963,0.06558269806783083,-0.6974301579816765,
-1.1788545052008268,-0.13214348046273902,0.37700339888274015,0.43306012882919176,0.4618458712488918,0.3720603674723549,0.10504041717497391,0.1821149857561551,0.21067127907455638,-0.04047000321257202,0.46313023138189324,-0.48104978717831853,-0.5892240204486833,-1.212298101691187,0.11323003802772383,-1.1641596219402295,
-0.8337690191437767,-0.054963054305326164,0.18501513567469735,-0.06009244997606055,0.0482467961153845,0.023066067006879146,-0.18733630122873476,-0.2668462512885548,-0.27755266026991937,-0.21241091846846444,0.23199050063986984,-0.315560675379249,-0.18780398885164934,-1.248008739063113,-0.29379457536204956,-0.8485538495423712,
-1.0030605304864328,-0.08185627890231989,0.017672628870650013,0.02955435054546343,0.0498393208978009,-0.21110029375232683,0.02451957223354236,-0.23936726385184975,-0.23978007581730718,-0.0055420569734774515,-0.13160999964346565,-0.2295553758493924,-0.28374157717634313,-0.6814898873887242,-0.22349241659296343,-0.9193507185360031,
-0.2152290075066796,-0.2628952976092776,-0.2028884345607914,-0.2302477611254358,-0.10597955049663718,-0.21180776782396302,-0.4501387103857854,-0.4923335087426679,-0.2746762314545566,-0.33505290527302606,-0.44542302738020334,-0.5222460730097028,-0.3251802154037304,0.6571016857729545,-0.32869878030309885,-0.48751550977600366,
-0.2922684673966633,-0.5249376461834359,-0.6497342581251001,-0.5415804467460701,-0.7091656716384802,-0.2644265284843054,-0.4250352636132023,-0.40835618113473676,-0.6871200571622675,-0.576605576275476,-0.497780426747777,-0.6290353243988408,-0.2503025251235263,0.5562181685636749,-0.4000869690301459,-0.5743466872589365,
-0.7346282622539905,-0.144665967021997,-0.40945373770377697,-0.35763633674433887,-0.2982348240902964,-0.1824467582202799,-0.13593044157790332,-0.034992604442913536,-0.02365927868391644,-0.2840810988658127,-0.2843953404980654,-0.4369799139867254,-0.3758864914636829,0.15265570273082965,-0.3639992638263239,-0.5399061086348728,
-0.22328847165533983,-0.33350325978666134,-0.6042197778665889,-0.190545671066272,-0.5862404435052592,-0.6679662595879059,-0.4190955498224432,-0.22409179092679463,-0.5770561264969,-0.28805668616185137,-0.6652958682157238,-0.3423251810207627,-0.5969169177536878,1.1306883473960547,-0.2985862331842845,-0.3199345260127425,
-0.4403712740366822,-0.3810563697016703,-0.4934425421263485,-0.4235324498540463,-0.5498643765888097,-0.6867406396063577,-0.3253548231873442,-0.1984239450031418,-0.5318323767717283,-0.40892976638925294,-0.4475677188846311,-0.6090843385393506,-0.565494515208426,1.2116521294079,-0.5167831377780423,-0.520635242341982,
-0.32248081326816214,-0.6442995214014045,-0.42764089345863254,-0.626303154786255,-0.6128439352064405,-0.2525977746835162,-0.25152144532519805,-0.6358180366635166,-0.3258309237593235,-0.7024295983940356,-0.42982171763095217,-0.4234845987176731,-0.6396954848300428,1.1953252213427064,-0.30094248117411915,-0.6788649362892674,
-0.3130788063038509,-0.5081244072087758,-0.2838781688960919,-0.40766489769581776,-0.19989183508883757,-0.47969130163523915,-0.4436895320569703,-0.5377483298479915,-0.29982381659805046,-0.19491835129089757,-0.3725848397888541,-0.3487260247486731,-0.5196515968786434,0.6698312309996218,-0.2341787489550878,-0.46706905183058633,
16,12
0.1623139073844432,0.19192156101367766,0.11645100658023914,0.2102072894155325,0.20813587781810683,0.261176634212439,0.08603355319491097,0.49491843732481844,0.4836286726816419,0.6392430648467987,0.29532824909582844,0.3200184334602168,
0.0695625554382285,-0.3763027296433078,0.1466299807455799,-0.012934651536016022,-0.27789889707060245,-0.25166961413433986,-0.2971845996090083,-0.3113967891224648,-0.22894378165978047,0.12463884901675833,0.12972726898155248,-0.01757724279035024,
-0.36521663382218916,-0.010191851591810687,-0.05612397543154363,-0.0166873492005734,0.06687579267564749,-0.41711385258454076,-0.30101596276066916,-0.3441537957639224,-0.3314746967452882,-0.4104817296692385,-0.16235541032582912,-0.10175396615163369,
-0.1827573825537618,-0.05071750992921824,-0.2202697083390997,0.010328927276389796,-0.013973337256125894,0.007325484738875435,-0.13555670024464297,-0.24362243669308034,-0.4645238318183887,-0.31947429078451717,-0.39322811803251817,-0.3240209833810056,
-0.21086707842657051,-0.0667283140923112,-0.25641456990474615,-0.20560452141513264,-0.37561184878509274,-0.0261809613196523,-0.3309854969217188,-0.08390572641799907,-0.3057707116515838,-0.39949029042683915,-0.15678377984458647,-0.252768761073519,
-0.09709040788302274,-0.2862113448487427,0.05262252649570382,-0.04434691650062813,-0.29754069071878364,-0.31701899161365904,-0.2521412073226257,0.034015835738409404,-0.05022438692680138,-0.43979419789444807,-0.09082358506230578,-0.39232748604133416,
-0.3454017963418161,-0.3226653036002949,-0.1657841703735857,-0.5087689378041416,-0.25661632447485505,-0.22487532893039638,-0.12496083727073645,-0.03685132556411692,0.06765723823521268,-0.08457883504680835,-0.11928672928144578,-0.345811927006904,
-0.2958933386952488,0.11520709288213435,-0.22806250161750685,0.029267223239835608,-0.014016901188925563,0.05839834636238638,-0.23360069242648115,-0.24775803831217413,-0.13996014249870217,0.06887860561872983,-0.13459618586125177,0.06966214984403866,
0.04103855174608159,0.009443240605350098,0.04854055031413568,-0.016215823032305562,0.04100107922887926,-0.21650627973443298,-0.08581135416087807,-0.31637077831615024,-0.04109849736105752,-0.369929980688764,-0.23263975894407757,-0.3213419410074706,
0.10158467385232421,-0.01318582421047981,-0.19859141776850545,-0.24829575162679482,-0.11347818396989941,0.03611396909438038,-0.041197662364832695,-0.10263877267487179,-0.0532372737011611,-0.17405250896492405,-0.23690241746082583,-0.06385848432192925,
-0.20397666536522358,-0.1810982238868953,-0.28527571453889705,0.04760607624992537,-0.07744763945135795,-0.18569823014982162,-0.256687466343317,-0.36976661436415964,-0.4411717273946348,-0.18294868437619283,-0.5507927058426834,-0.17289010959512688,
0.10766846512131498,-0.20441378662699525,0.13058340453197695,-0.017265731797613457,0.08060582050268236,0.23919205162702203,0.3580208461789735,0.08914451876490148,-0.11036705265536928,0.1693912228457828,0.009952371911129382,0.04178733555285879,
0.001390171954254335,0.05613522936865107,-0.14765164406859313,-0.034651248221537756,0.08257869872903666,0.036222534651474486,0.20124720204067245,0.19734858989764528,0.2436669880397903,0.09567213585279978,0.10525960237958526,0.10481869776224333,
1.140385097944188,0.9480415487589363,1.0531621278799312,1.0209957378406638,1.1205954197795398,1.1480896826161022,1.2308396684003042,1.232024299532458,1.2558538875841874,1.321895599300604,1.256915947361762,1.2472012247477642,
-0.21013796442194435,0.004469067127445614,-0.19508229095849425,-0.39074091574795244,-0.31778369154376496,-0.26656109812008566,-0.1218546938993729,-0.02656155500046708,-0.06299759437954333,0.008222703547230443,-0.041442654799493175,0.023612820922338032,
0.45438988067684866,0.2494742348849784,0.2801841441849484,0.25631724384506904,0.2666481019704558,0.3548329592014116,0.6264816081325725,0.30672768975183684,0.5394136843405044,0.27217279733914246,0.656805937715393,0.49782080712794946,
