# Pesos da Rede Treinada TxH=  0.5 TxOut=0.07
12,13,12
12,13
-0.4720781468924882,-0.24124598647892287,-0.23457727090926142,-0.6457301261971318,-0.5810277064892466,-0.42773834757234264,1.4666027554185372,-0.23522493841838302,-0.5055046798240814,-0.2267325855617117,-0.6000884483130893,-0.248389951955964,-0.3955001224571551,
0.3573016855585561,-0.012249300784626375,0.26187838169741323,0.2971002632978233,0.015283559804490726,-0.9078428541346715,0.499710841452681,0.12157462531396786,0.08354930541337918,0.06447560315137853,0.2636681477996146,0.3220860254480495,-0.06289857608653511,
0.0732705156681894,0.2044766478090952,0.04525045554026262,0.014854859419385956,0.046593569831247045,-0.6520766378250854,0.3387314497905916,-0.07907706394116017,0.006672505381991448,-0.07975343005657545,0.055552960157187525,0.34217802085076826,0.019217791766716126,
0.035433362861174725,0.1036061862945926,-0.040298301908030854,-3.458814039326002E-4,-0.16756217044256835,-0.943706795734379,1.467001545118795,-0.20671130791455264,-0.2480654122602417,-0.2514700138995641,0.02781203280737463,-0.05086004858045688,-0.47089075732139674,
-0.3286839218812522,-0.1823881047225515,-0.11218324364743809,-0.24992034782142458,-0.19499973124545605,-0.5466765543339087,1.4111996435053922,-0.07480878049546366,-0.25131984120235046,-0.313330839132724,0.0652557785807922,-0.41410758225285316,-0.5164460168701169,
-0.19759454103270285,-0.5857999231344917,-0.37745711999850995,-0.6086230358224315,-0.551899225020979,-0.5119963364956288,1.3135364935268563,-0.4739427775961875,-0.24984320621693265,-0.4311826662679592,-0.5095287165989224,-0.5218869426669227,-0.6361182893582424,
-0.8825197443795073,-0.8037754916723979,-0.5474449215002934,-0.8573776152023738,-0.863995756836605,-0.48549903193606786,2.1826052649563414,-0.41378884662469606,-0.6586467983917988,-0.4726449382996501,-0.5722478553634721,-0.6974175223486414,-0.6345986861351601,
-0.34039266840903115,-0.5009610353911642,-0.5914015957771446,-0.06225801552411217,-0.48333328171112955,-0.5439274169234545,1.4881683827001413,-0.3959145837811011,-0.3058096288654337,-0.23779483952184127,-0.5085215160266903,-0.40600246954726854,-0.46580063285026035,
-0.5748337346381543,-0.33924199025384144,-0.47255501032871833,-0.7224341329485678,-0.5605976706855673,-0.5198813890953393,2.0469072108996285,-0.47863456046199515,-0.6941161620606691,-0.7413436068984964,-0.5238522633937187,-0.4457491077039243,-0.5398038714187919,
-0.5461385806809212,-0.7754450215339518,-0.5763906919876984,-0.4725886991519862,-0.698817108237481,-0.4966641514365254,1.6498338707181157,-0.5299284186731864,-0.5727320466593145,-0.5539568651281735,-0.6432043729555507,-0.8144742060749092,-0.7739232314129124,
-0.8471731138031129,-0.47716197459626186,-0.9075565099981818,-0.4499096882382305,-0.37626865328092934,-0.4721723910600113,1.788031427255987,-0.49642860097990404,-0.5565842487385482,-0.4503345490399903,-0.5579940826347224,-0.49632170067322523,-0.9841376529141564,
-0.34368434857519364,-0.6449720067072201,-0.5141540582563959,-0.6287374702693712,-0.31265460030059633,-0.6994915468892576,1.8622052741012423,-0.6844683247010969,-0.2325532172154966,-0.47641357946803053,-0.5358350025061436,-0.6053511290577367,-0.9180815860852234,
13,12
-0.3045672032278154,-0.14285251857791104,-0.3685459155941077,-0.05606677524004978,-0.28102268966602195,-0.3782973116560044,-0.38009737351775086,-0.08481698799210535,-0.3392208399348776,-0.2592367823307862,-0.08974930961817698,0.06714167112392344,
-0.22576706276220157,-0.38981757104145387,-0.21089610527137764,-0.4795020665235872,-0.09739709626045306,-0.008660957895721952,0.0752181040462839,-0.1280917304794488,-0.2048018557613417,-0.15293705828680265,-0.45440512480039275,-0.343768442673507,
-0.2283307227673563,-0.19517628470909454,-0.1384468925409151,-0.05320038277847903,-0.07346939426848842,-0.32509632010142164,-0.257115085269075,-0.16711048728854153,-0.1723907214595867,-0.22570158996823037,-0.3147341901539145,-0.4042520100273392,
-0.1185876405594696,-0.174355800006759,0.05531196216804966,-0.15626881233470774,-0.24263447377927005,-0.3171564614124075,-0.2837424805783386,-0.18710142039719443,-0.21547286407421531,-0.26601899612552515,-0.42326616382587645,-0.1334387310623878,
-0.2464902991203371,-0.013893982815320682,-0.25326213339576975,-0.17505595564914578,-0.19340576216467517,-0.13250490922651886,-0.16245563942622981,-0.11587792438810868,-0.3379404459141166,-0.2544878210500717,-0.21011110150858145,-0.2552494654326307,
0.07742472483030823,0.0018367648753689644,0.06042628813762608,-0.12540838618435995,-0.06443532168458493,-0.0402745625483704,0.08010852551012611,0.12683734293848367,0.09081094199784948,0.0788598482077247,0.04248269259514269,0.14841623980781055,
0.808231007092386,0.7253312794531087,0.7843440629862243,0.7483537632358194,0.8208726240260058,0.7910796677940014,0.807466685097789,0.8476745700074245,0.8313154831366893,0.8511280971492137,0.8624215768837165,0.8473786940155874,
-0.20815129422200257,-0.20550020438817884,-0.17618202276039852,0.0626491872797288,-0.27437415665054365,-0.061463469409615695,-0.3153964859017099,-0.1135770175455752,0.021103145008956232,-0.19341645507463795,-0.3507743605136599,-0.15515179217564892,
-0.04483574040972064,-0.17823240990878886,-0.15675298791661135,-0.2619731571099816,-0.2888413324176729,-0.23979795546160598,-0.2557400652312398,-0.4503733707310589,-0.04147223231932597,-0.1624304278828631,0.004948617507391149,-0.3937685603537757,
-0.2360284907672592,-0.2026188985103924,-0.22421315415207121,-0.30637492690810103,-0.1971243592338275,-0.021793325362539074,-0.10681912290392259,-0.4594550491133169,-0.27937462679263636,-0.19297461314647463,-0.07631920388094324,-0.14240847445921256,
-0.1798613922232714,-0.20005416785168,-0.16037415965111984,-0.13075758744377428,-0.21378912910412326,-0.29906350515435726,-0.16918480329820088,-0.2052779351366642,-0.22271019238190284,-0.10767350679018081,-0.3109650680803401,-0.296602366808637,
-0.331216177928754,-0.15481223467312397,-0.2841978994526647,-0.22791518675896638,-0.21857992645688212,-0.1693495550447102,-0.13145461769494762,-0.2262882558644367,-0.3694770123074172,-0.2836337203562226,-0.10275925584989375,-0.07289050502901268,
-0.16164409134332916,-0.1008502004760138,-0.2835920300855378,-0.1528832299652049,-0.0659314340974532,-0.14637656820204206,-0.30882174205530655,-0.29119298803244137,-0.18367868598976922,-0.3249880396340827,1.298885079858619E-4,-0.27061950989376066,
