# Pesos da Rede Treinada TxH=  0.1 TxOut=0.08
12,29,12
12,29
-0.48400519432075795,-0.28659237812792177,-0.22712286918756333,-0.5282510050842356,-0.4785258213342623,-0.32531605512187606,-0.461906905680551,-0.07557229632080133,-0.6334898427150473,-0.1450549506025537,-0.40661995005988766,-0.278965364008871,-0.3787386120548095,0.27481766133510044,-0.40046896940847204,-0.34337763173144276,-0.4792744331019316,0.48358278112128655,-0.12026047031266324,-0.48003247008485084,-0.24321462690571855,-0.30518758861737694,-0.25896147739960346,-0.49896736418220106,-0.35073800390530535,-0.2435174778324019,-0.3189516998102907,-0.4337150274570227,-0.5295674632340062,
-0.5282344467366039,-0.337132947429514,0.15782358175647615,-0.2704089146597436,-0.009327950916633812,-0.48905237674804763,-0.6349906468461652,0.1533692132026373,-0.5033294357497964,0.11742653255029284,-0.06417822555470185,-0.5184555215284189,0.07004747081447982,-0.629545280569608,-0.5977056424851808,0.15154594955202158,-0.19142418017674623,-0.6069625981329497,0.03679121124282532,-0.3173458764028576,-0.5064955097426003,-0.22467391526361447,-0.15782390709984037,-0.21039773758380437,-0.08882945116964404,0.08050740506060372,0.1616157115994186,-0.1687526973511001,-0.47056033580994105,
-0.37702097723732947,-0.23405397877995282,-0.07575718237228195,-0.39401118731585055,0.08311651703539606,-0.6361225928910209,-0.8637496065837142,0.007790300525141177,-0.5068725040383357,0.03912946694032467,-0.4362224075890537,-0.5222278019693745,0.029166099037644787,-0.6582595807025367,-0.44802590634495354,0.040587252086322835,-0.23304737988895713,-0.8055971933454471,-0.26984007075875033,0.0996460355360959,-0.2720458440373931,0.19129704718612853,-0.23303965781266628,0.024615941687800024,-0.03647020919442211,-0.005132740712614181,0.02822281170768024,0.2606142659607654,-0.722056121585775,
-0.3495558868956779,-0.04519546087582507,0.0011705160609876953,-0.1527726469242252,-0.06513989021224109,-0.7770398232876093,-0.7571366276472029,-0.024018009680334254,-0.5944548335962747,-0.3268934421919995,-0.4593919717045207,-0.5548369499918637,0.06555666551724962,-0.637496824267643,-0.466964617708433,-0.10412582448387996,-0.0478299153506112,-0.2834067279357546,-0.2501698462336415,-0.1558356501889675,-0.29314074484895625,-0.27912997263872213,-0.10892550523630071,0.05455178434396922,-0.10259329881415015,-0.24295575732699948,-0.2011621855895329,-0.22653741458567953,-0.6665601722781429,
-0.563634777628149,-0.16252618510032601,-0.2602252475160014,-0.2821352559116317,-0.15557526384535145,-0.8167172221739689,-0.5602602641960042,-0.12175492725470419,-0.6478771321883069,-0.09084927384313009,-0.6096492318014828,-0.341790097883028,-0.22899963173553986,-0.17888352321308965,-0.7480238404680313,0.03212913553804115,-0.37094476043920055,-0.24370191367266236,-0.09415332371266093,-0.2739329185165182,-0.43198205461933825,-0.12685453955272394,0.025041399742876023,0.019878930629318947,0.06040635415378243,-0.33549994745980555,-0.047444942485774945,-0.2389186917945116,-0.5178706053013042,
-0.7551376766156657,-0.39565800259055806,-0.45356518356923675,-0.2925721665553345,-0.5058714794905333,-0.4239073797806987,-0.4828639727951958,-0.3296015663552329,-0.6315420224487848,-0.2684617274154688,-0.6859818933854763,-0.6278572315935521,-0.33972441161622,0.319071998313394,-0.5474644530948939,-0.4378314542590528,-0.2909797246950393,0.5004640347685486,-0.39226542700072115,-0.4694602812887718,-0.37789545062678365,-0.39073806550801116,-0.28930398057197354,-0.3289189442587218,-0.451300108404982,-0.47182456465413364,-0.23836501099102472,-0.2881059488557008,-0.41134242256311676,
-0.810762890099394,-0.45177063956717783,-0.5338674102834986,-0.45860605801250476,-0.4633665534748989,-0.5806666192246563,-0.6680476554863123,-0.26438095986953436,-0.3942617633874509,-0.4037942468366866,-0.23563914087805238,-0.4614808023450509,-0.39005213669086763,0.6160597240792499,-0.7389366506496895,-0.2217018267997286,-0.5071162281974648,0.4013610007095058,-0.372712066608812,-0.17700731225381672,-0.457581686129463,-0.4444605543799598,-0.51942525681859,-0.402526593364148,-0.0833249219117014,-0.5596106935693835,-0.19900969056934026,-0.2411759361384925,-0.5328560265203032,
-0.8218446477257814,-0.5470297049812662,0.010403311979956625,-0.227033264459709,-0.4329254066953,-0.6860423448188381,-0.5293203052594341,-0.34943827173731556,-0.41151080189961675,-0.3361186242918779,-0.339354444359576,-0.2587600015733892,-0.2431565396915379,0.28268460730398703,-0.5565505222003664,-0.1849763246040694,-0.2586972750196632,0.11540858669925767,-0.46752937500597447,-0.14533690145209724,-0.6058109348718752,-0.09288587736658489,0.014071725699840677,-0.21904876447891275,-0.2712907025933677,-0.2467813100298516,-0.3098635248218581,-0.3215228585736701,-0.6076175288988853,
-0.8310095248524964,-0.5424156624178006,-0.5606828338953326,-0.2665571382513115,-0.27038241528451007,-0.8035677539783113,-0.8118130133414972,-0.5635445587800755,-0.4169451885450721,-0.4406796164243099,-0.5362018804950388,-0.2490737696495659,-0.08539227062600781,0.5803010876556273,-0.8034373582141384,-0.5052134166932765,-0.5135895507770598,0.4609775979070386,-0.3367967301789845,-0.20131490651055312,-0.32699872205764285,-0.4570935706929778,-0.45619752404012504,-0.5212918899597861,-0.1564094873477414,-0.22654646833853564,-0.3632826909098992,-0.295455219289865,-0.5661960959581557,
-0.7009080952356542,-0.2973756746535053,-0.39915660678174547,-0.3074147351772436,-0.5341413984935641,-0.6372411706247889,-0.5667854914449854,-0.5231667079530553,-0.34522777739377597,-0.5611369562929289,-0.413476659053526,-0.4169813278234186,-0.4733900333497484,0.6065703681504241,-0.8476939671125351,-0.4844028054239765,-0.5744366410518666,0.3436905195383783,-0.4367786095136307,-0.4402814662818337,-0.6123442027680762,-0.4302527983456551,-0.4371102764818412,-0.28329528030085444,-0.5400312669113239,-0.49848059314918897,-0.3269336403237315,-0.3746688862999977,-0.5798104094657675,
-0.4845683600087292,-0.4063468741210758,-0.4592145582416278,-0.5372013733198895,-0.4902019447628332,-0.7639184041461763,-0.682670170472113,-0.2661845648229715,-0.6681862604141412,-0.29211970839063095,-0.2803839155168352,-0.3276471259669028,-0.35758146864966267,0.6043364633823536,-0.46107292044407855,-0.5498123358473026,-0.42119100665621473,0.6214213212192262,-0.10140602578339791,-0.38621513430922644,-0.5251780844345979,-0.20414172932059152,-0.19599299436127904,-0.3143925088543836,-0.31437932053696505,-0.09192761561964942,-0.52837525635702,-0.4130631102186938,-0.8160483698208328,
-0.46469545660576256,-0.5384706668785532,-0.16935754377344667,-0.20544430088328555,-0.27355338926399175,-0.7632820817864993,-0.4705673684910423,-0.3701134968064223,-0.5877839342411516,-0.42075815132274585,-0.46411185794054893,-0.4946476417892902,-0.5259242133378381,0.07451941976307105,-0.735884294084256,-0.24008305252574083,-0.40481104574935506,0.43963020393225505,-0.5077037377978821,-0.5119567859754486,-0.5697828680488177,-0.41302041098053344,-0.45110362252057434,-0.23538738735485068,-0.434168843671554,-0.515814704629922,-0.43469591044499,-0.1552048880183347,-0.8791601364422309,
29,12
0.38269434424782395,0.0020636225859910593,0.13383383284706232,0.38574218144813904,0.2525861769773343,-0.05047974283268679,0.2722197538723709,0.17859620514968236,0.4001528959659363,0.47960763353966723,0.4234781896290304,0.16330245575574304,
-0.2952635552183001,0.09843900593663914,0.15492235986963165,0.09720627594788607,-0.21144810021270985,0.0903927026937153,-0.07984284575783965,-0.04168156650620308,0.13781080191074538,0.10929378384088957,-0.22166371359974316,-0.05867278022281726,
0.07276222721718728,0.08640438033319284,-0.0476610418087904,0.08854461499138597,-0.02067349864032587,-0.3844755613986218,-0.1060096273063778,0.04190808759501875,-0.35250719267851427,-0.46830996954567417,-0.2897039978561832,-0.281184421902097,
-0.009213310132201549,-0.1477972874729302,-0.2291115266897115,-0.1350182896302016,-0.33921936173822265,0.18605398147479896,0.16716427923676425,-0.1867544613699968,-0.11941850580828546,-0.05478667531832566,0.06126367624918377,0.09189056928888335,
0.04636216694821598,-0.010133730663688374,0.045670122414148716,-0.18288601110182773,-0.37840911143469913,-0.2629269680493695,0.06231345662827707,-0.2222717391031296,0.004805345399040459,-0.1713409662061819,0.0671377949167253,-0.01705462593160754,
0.5309636194651898,0.36886544569031593,0.2985819095090453,0.2234435462538245,0.06792778903985382,0.42904325803717897,0.48201821739941875,0.49190748525040723,0.4456026615916167,0.32691755904615794,0.41778898758827404,0.33141824222484845,
0.09283814924952721,0.0288092020054811,0.1971368149972951,0.2252532307692179,0.3336056931151189,0.20826759217052393,0.09812950984753604,0.5459025128879995,0.4741707497244096,0.5787625319090508,0.46032057527429343,0.39993108164935315,
-0.1127626049543256,-0.3270635237671947,-0.2878257741636937,-0.07068665270471719,-0.2562572766462613,0.007672309969422858,-0.19094145301457643,-0.11290975876296311,-0.15810422780534492,-0.2531677239767222,-0.36517553310940665,-0.31193197035050396,
0.19732946543358193,0.16276370292294864,0.05724744232638264,0.030198500047330195,0.14955194267410046,0.014757767152076382,0.29688792524158575,0.23328418287859537,0.23375356680987708,0.13501259147945857,0.17701157950298027,0.21930414056451827,
0.08335202743512854,-0.12990394255169302,-0.2794054352587717,-0.1274810352954619,-0.021320521531600564,-0.14280867489965993,-0.1051214850607443,-0.08055788498293023,-0.2753364956050826,-0.19713719783213673,-0.34803297631810065,0.04961098840128347,
-0.147292016517709,-0.034701990361679855,-0.20565646722610537,-0.2718987356031234,0.1353191055149679,0.08283409872663938,0.1850119742188889,0.16244837230609782,0.060147991213401475,0.20383146598456342,0.11094227380479275,0.05268816719815216,
0.23939785033808922,0.09209699253601411,0.05155744961223099,-0.025116894525026065,-0.08385202796401767,-0.0938078660336921,-0.07208360307904453,-0.10118545559747395,0.2405008619679932,0.21262641015659117,-0.12320363008572151,0.1745615945370839,
-0.14633199734331465,-0.33166180573483195,-0.3395283231664651,-0.30807336156478166,-0.3185603467079848,-0.11673202135569999,-0.20750883561946973,0.020943393805306194,-0.2613249418419174,-0.0448863592938614,-0.2945233015348568,-0.039743171463851534,
0.5968356770840437,0.5535458455932584,0.46839095177835455,0.5815873251820078,0.5541290512568802,0.6367353696824327,0.7058197857097317,0.746378663293333,0.6352709349762118,0.6245479279787572,0.6617000252832977,0.6574426995829097,
0.17335847695122075,0.2330968356076189,0.4832721005814502,0.257382882426333,0.25830461593455234,0.4554826675683129,0.4618357229533644,0.31432802803694343,-0.011305181204526879,0.276429002064722,0.3992948858408191,0.12543175122387204,
-0.09627933492788181,-0.30983403500721635,0.08516903563783058,-0.09211079672515075,-0.012237382122418856,-0.3948039426989913,-0.28703744575761575,-0.1695955641022531,-0.24563756312869053,-0.07105749268654427,-0.00792584453314172,-0.3966868499904141,
0.19541903678434006,-0.18374728225521594,-0.11719050945845504,0.03972341599251592,0.014630614466463306,-0.09705477637313274,-0.146911304898691,0.04579809140088491,-0.015814833768660563,0.1760725763983612,0.017626934212028603,-0.14186269597413442,
0.6770762263863961,0.5493900648061095,0.7436442611685936,0.5906357715611134,0.688878585310221,0.645612275296338,0.6285416686369567,0.569096144553913,0.7582054473657428,0.8447118853508642,0.7374257346956404,0.6992273082900826,
-0.10498049982250389,0.11734135386235922,-0.12186231606031396,-0.19658730671542177,0.021279826122469637,-0.33268364022923896,-0.08968107001590256,-0.16336974689003073,0.10453967766698842,-0.3821114953171881,-0.0732929904778842,-0.09876220475319802,
-0.19860488156555245,0.0858862859302969,0.11397419487797496,-0.027233722694865355,-0.10858342915180384,-0.019325102672702033,-0.280998456245253,-0.310663223982049,0.09252716430277416,-0.07709865163697158,-0.31955895689004726,-0.05345895052226996,
-0.10592635619118805,0.20230896019576375,0.07766692170850656,0.2368938846669016,0.2006492346354399,0.2885403664416573,-0.16743767014238403,-0.01918239918853748,-0.1189337484876588,0.11734341499160195,0.21514380840951783,-0.1165086751583218,
-0.2763937309191966,0.08228314939581974,0.05413565703524808,-0.06340800609345708,-0.2602370258991349,-0.12075393371064945,-0.044721051993033924,-0.22840879476795345,-0.260789032777845,-0.3326795359477506,-0.04589210264861194,-0.06293263733074866,
-0.40754519330402134,-0.004256692737939983,-0.04659604017529831,-0.05897522916382543,0.011769630076294717,-0.028732781348332587,-0.3471433953043897,-0.30581224999145135,-0.10024195272344258,-0.293597757753625,-0.05047583926471914,-0.11775681538273204,
-0.1768057196209903,-0.28352569205070427,-0.2710621057980265,-0.32935285659442093,-0.2768731055023263,-0.22345406818752078,-0.0994075539811943,0.00997326358841266,-0.3714301174589341,-0.22130612202962066,-0.029641471953402682,-0.10644170980226168,
-0.2503999401673586,-0.2477510645356021,-0.2578671641335694,0.03628466600302796,-0.3613144071933489,-0.12590973027140925,-0.15090406209581708,-0.1917193406693319,-0.1819964851482388,-0.31042725192111054,-0.16997624999826905,-0.4285782678753447,
-0.3604316657297412,0.05335460155372036,0.1411410512350048,0.049722097191116116,0.04101054478882937,0.05553585273837972,-0.21056221744526538,-0.2648122378838561,-0.2550899113474345,-0.02876970787980253,-0.08035962634149017,-0.2510501018786085,
-0.0727140461766199,-0.3543381431683475,-0.2602404947035012,-0.3375140974419199,0.06213522179064561,-0.3694328439141104,-0.24166423836108258,-0.17036387272721612,-0.34207546106687226,-0.09861246147114375,-0.3265928800156373,-5.36379188481545E-4,
-0.28988704048715247,-0.051936774331620764,-0.27057887712377277,-0.26017479618428396,0.029532826154703387,-0.08626341931664291,-0.19694826865643486,-0.18400075164002808,-0.1084586151607812,-0.29974811795594913,-0.31064767873468563,-0.26604964773950435,
0.417267713334184,0.017665596485063582,0.14641006793916614,0.11461488373465695,0.34556226101170234,0.4221441116660897,0.4636536867639527,0.13221766393237627,0.45122958521231377,0.11710954357586328,0.16774957256295242,0.49269124660891644,
