# Pesos da Rede Treinada TxH=  0.30000000000000004 TxOut=0.07
12,25,12
12,25
-0.4054124917151473,-0.2985810341767137,-0.22338157066836845,-0.35954844873253905,-0.23053459697529888,-0.4366397203002962,-0.044962570474555735,-0.3784738939749805,-0.4821740397772745,-0.3909014040474605,-0.38022003793615855,-0.14622402390586975,-0.3676708405605728,-0.3432681674939238,-0.16077000260325217,-0.33633403820022406,-0.38138305016081797,-0.4215367330723288,-0.33708136892804635,-0.4439335357990705,1.3140199976594629,-0.5140247045946102,-0.2364831022146171,-0.28772334412774214,-0.5270037966045026,
-0.7584192624975239,0.02294656633831884,-0.2850649957565806,-0.04202398663512956,-0.04529885935646168,-0.04248340087825086,-0.12149310319469384,0.09682213407020707,-0.011984996324583663,0.20419392101602776,-0.9067426324607937,-0.03172248051472916,0.3114913278902311,0.08514676243917695,-0.06742873004906769,0.31416689928263514,0.02427465410974964,0.2549093583226641,-0.5875115594653543,-0.016019198065015568,0.691905479147933,0.14122510803345775,-0.27289488838366865,0.045669295488450314,0.013065821286320422,
-0.9886621273979347,0.18726237767736198,0.01810480143336524,0.10647088809357733,0.12980605670326925,0.11971022954433974,0.1738249223939926,0.11759395709183558,-0.2921514868027875,0.16429611283888468,-1.249923652575927,0.14921554890070596,0.3858333359758513,-0.23758307883528698,0.16454002017528996,0.10480121054448996,-0.025006581599571975,0.20477558361347314,-0.41998298064559103,0.13032553566609908,0.9297110587804762,-0.04512794010584029,-0.24705823307861258,0.15356909154240056,-0.09607088591749176,
-0.7540840110557787,-0.1984092410140065,-0.14219220246153033,-0.13620822571584093,0.10995056585225552,0.15183751131180173,0.06737058996438715,-0.1827987440666535,-0.12050022878982392,-0.17317708516487798,-1.056093683057722,-0.11741992865830467,-0.09955600116050317,0.01588250361683706,-0.21445314885849057,-0.15158281178271074,-0.15983963393341655,-0.18629812533248674,-0.3866187236226468,0.08743443351188836,1.1646457520931246,0.08373077047827546,0.05416436187477533,-0.3046019343661129,-0.1228759594579853,
-0.713383668668696,-0.3600962690123559,-0.3485486627371663,0.0867173312636332,-0.4012754017889017,-0.04058015108847103,-0.1519457747758829,-0.45016947662733453,-0.3533985156330204,-0.4077608104627219,-0.6224977165501329,-0.3561372815594623,-0.2589996972440072,-0.3037058687153354,-0.3187360911525706,0.031619592887123286,-0.10202192530599358,-0.20460395671789505,-0.3949383540370968,-0.13192651952870177,1.5772114163458213,-0.23867854502610578,-0.11923879519034039,-0.3256968193605005,-0.21973110123608094,
-0.5090815553241554,-0.3115243367010289,-0.20928418336046067,-0.548039244503987,-0.2936207281933318,-0.19207009517737228,-0.2125497752653201,-0.5514666892238337,-0.22003944861148728,-0.5202019499102803,-0.29613609896925064,-0.5630389717253321,-0.48822258875857355,-0.20509878604592277,-0.2050138478629561,-0.4144637207079883,-0.35356616388847567,-0.3717848836294828,-0.3422256446724353,-0.20562038323935444,1.4193029260056367,-0.41810456927863526,-0.2453933071904073,-0.4134230828901262,-0.27254573666116644,
-0.5963426102451473,-0.41604265646387195,-0.2712349425864534,-0.5522804395300199,-0.4991643657608744,-0.6740849864111768,-0.6120935213955654,-0.49660493527102906,-0.5168318941093734,-0.5120452301296596,-0.14930724966336273,-0.25815158710958386,-0.6973344931676233,-0.4955188848633425,-0.2880862255453353,-0.41111861575754055,-0.4662256036393664,-0.23782024267350813,-0.4913921654968335,-0.725829575535572,1.9844103183664497,-0.22494226710720142,-0.4722566132591342,-0.6345395820095102,-0.3825962992996176,
-0.8650439233083377,-0.41035528314450703,-0.18522257235797263,-0.3061574150292274,-0.38203776818099583,-0.21854496778465116,-0.3112801493577346,-0.31226997083212577,-0.30540879366101464,-0.11117554961790296,-0.7349300042280398,-0.2599949779339234,-0.4323704821315452,-0.2731693531285271,-0.24989455049291356,-0.1335667449691522,-0.32379267085920077,-0.48611869692198295,-0.503945894245048,-0.08730014605595228,1.4158101836378267,-0.10315405167721374,-0.14786817183270684,-0.17605901293027482,-0.10925976070253458,
-0.492235977214396,-0.536633020667381,-0.5535499245429537,-0.6158085351592711,-0.38267880564831064,-0.275331434567769,-0.27514867480975674,-0.2620059425942708,-0.488977294931733,-0.29183133122517835,-0.5754727228227755,-0.6222629186909305,-0.2896880984359782,-0.4261173436982942,-0.4273903514165722,-0.6285969590867315,-0.5413814818978975,-0.3819486494718613,-0.5328821769067313,-0.6855239825683423,1.7325585019976553,-0.45497616351487485,-0.3269427830835049,-0.3960863336604705,-0.285904412583712,
-0.7824831758567122,-0.4939781713093834,-0.6601143749264488,-0.289377746040975,-0.3128002410115323,-0.6364259793881379,-0.5793579938264837,-0.4444555901553234,-0.3283024235779212,-0.3073896047233329,-0.38970319929281283,-0.5813606228125315,-0.5550348885631716,-0.6337473967962847,-0.6287162139984194,-0.30605036019529464,-0.45124267595528206,-0.5273538593379358,-0.3731127645295105,-0.38233807399226144,1.5431390425277067,-0.5029238928390284,-0.5423677305984242,-0.43610233694359696,-0.5822830945286802,
-0.4006422263028495,-0.2079424630726339,-0.5291284216787104,-0.5467741594520669,-0.5589580940909121,-0.5154186138338447,-0.6361430707486775,-0.24656346773873014,-0.2907630937287787,-0.5434142195083421,-0.48451667781656893,-0.38917392766982095,-0.4259662520952941,-0.26807778062185417,-0.5463649642182866,-0.7593150112446014,-0.21149713436892714,-0.5582388498057581,-0.22147438732518698,-0.2958725673535985,1.5508415683506167,-0.5022922573338556,-0.591633015522377,-0.33350070482694066,-0.4391752680679344,
-0.6425416952416262,-0.3768736366400204,-0.30787477719101786,-0.22220114383292514,-0.47772792792487073,-0.517328033096213,-0.5952897913067895,-0.3308539494974753,-0.27497486935430854,-0.45375236856843476,-0.8579351497742416,-0.20328681597073928,-0.350190236937658,-0.5500597033144727,-0.438371870941045,-0.5658632729498838,-0.41383291641061487,-0.39129610891757816,-0.38139064252320287,-0.5602444597474081,1.7139506650737284,-0.5320122814415038,-0.6379744764759897,-0.29831514812252347,-0.3806594950572984,
25,12
-0.0011385464706154006,0.1123272069282792,0.012897271319472428,0.031199099601450318,0.06761426012933645,0.3670789218091611,0.2630657588969045,0.09130631149994409,0.34725690912385404,0.1466190498125676,0.20316946393000324,0.1740223148999485,
-0.3269024383981655,-0.1956299580938948,-0.1349792071674631,0.12602814955918357,0.003425246396115303,-0.2128484331108969,-0.021245104535516698,0.08177682867481478,-0.14541418951572999,-0.14718765557746988,-0.03374259236735318,-0.2993646294655333,
0.15184268733249073,0.11070866850888424,-0.2202557195338176,-0.059318327543327665,-0.1319011235650327,-0.1717628089554606,-0.15918688368974596,-0.23633793414319723,-0.159682788580047,0.09506246780106614,-0.02703407156335121,-0.17912579523973707,
-0.25548240708314823,-0.1912883643865683,-0.17730742509474282,-0.062283704296597395,0.003125138381600943,-0.018506716968427574,-0.15910189566030783,0.04817358461611163,-0.1757368873794445,0.03357823513751832,-0.3212775923411673,-0.035518622806084976,
-0.28017474681635895,-0.2060729593642089,-0.14868564329582132,-0.08656176576152731,-0.14700426585302595,0.06727152552975733,-0.30968910598363336,-0.04145389172758407,-0.19899302365060845,-0.341166900957779,-0.009780469645275479,0.18061625426803257,
-0.150309091472802,-0.19249662628824823,-0.2043149457160827,0.048739765530598125,0.17657657295437035,-0.1663469497913633,0.0332678267326089,-0.32827827179885616,-0.09264986888868738,-0.14243967765974552,-0.37618877821026386,-0.1604648438997499,
-0.17389557849038703,-0.16261303417407177,-3.635702150621223E-4,-0.15258376880834645,0.09247612256287426,-0.09883066938968198,-0.03170960789554901,-0.17271869147231814,-0.16284138925096772,-0.4006491025096845,0.03614161362906574,-0.24387076607493063,
-0.06537556110267013,-0.23573830897780973,-0.16428821378863134,0.11387869724697942,-0.23730977780231347,0.07589540765601129,-0.3770377379455994,-0.28047217305058775,-0.06381804037891287,0.10156618324302236,-0.0029045529337978207,-0.227576141788369,
-0.25765240424782343,-0.015458817572102452,0.07889045829896163,-0.22322864250506838,-0.2825696062616892,0.009102556248397288,-0.25555046140793486,-0.21785688044719176,0.12817427967267528,-0.0025205411194023485,-0.03183785125574367,0.07619562513662169,
-0.2692477764868009,-0.27170986057137464,-0.15692979823763864,-0.04528928865178006,-0.026654407899032312,-0.10144259831692494,-0.11914059010111842,-0.13723528726945222,-0.0530082486542238,-0.014466603698306334,-0.26026666011804944,-0.24865516907386392,
0.15855726572579765,0.05191413415986207,0.12522992562834276,0.02930268462289905,0.07998177837448342,0.05090632959713433,0.19509406990516243,0.25317054934404704,0.1412453224893199,0.2447990093788019,0.23109407478711205,0.2417654260335346,
0.17744482758715607,-0.13850149435740106,-0.4262247550373305,-0.2878599900549236,-0.32576788125320655,-0.19214024016145534,0.022592703320269393,-0.005865626662523523,-0.13868736226756956,-0.27645914509533276,-0.09070212063481922,-0.017969702702513125,
-0.252276381677878,-0.03798485764490593,0.106112738987405,-0.21307468620074352,-0.2574009886127559,-0.12463343281220764,-0.1520358861115133,-0.25172250399063334,-0.15069267456363827,-0.1865055277505932,-0.13587401147336153,-0.2204685597550864,
0.10642802584532274,0.009850948492361539,-0.10536242363949999,0.05547954224041043,-0.12200250485411593,-0.14709816683100563,-0.14194402637887854,-0.02545523902666062,-0.2488257482796605,-0.3332891568042327,-0.024995987832953922,0.04503005547704627,
-0.03642186752950203,-0.18752685265005498,-0.24561600429618785,-0.28907164609959646,-0.28575017563177313,-0.23880279312307617,-0.06019055243962072,0.035796756487569505,-0.05043110840009643,-0.054701752458803043,-0.03648059590189191,-0.11573220747506421,
-0.14611639610651272,0.21337605940644322,0.031141306704560546,-0.20266137691917438,0.1454475729967459,-0.22455489102151888,-0.10973264188973139,-0.11210559306525164,-0.1948295733599143,-0.3445118914484997,-0.34728187791330867,-0.23227739237752554,
-0.04022198261939363,-0.20801341068345794,-0.030198906772804658,-0.0406063368876417,-0.16094191145873224,-0.28738769998045827,-0.011913072890811244,-0.2052313659150992,0.014228058563901295,-0.10579106368598709,-0.11844552999868324,-0.19678737668443086,
0.14161102762520292,-0.11372555096051254,0.08392394374254346,0.03142987498600864,-0.22731288917535253,-0.21889423305175798,-0.33462811747784266,-0.09308449406489057,-0.2655516094675195,-0.18531278115427233,0.01592192767346063,-0.2440938909379607,
-0.17923432836837758,-0.23016451873648106,-0.05450386293704586,-0.1642856061922279,-0.06887936163388404,0.08661826324667012,0.05990446508743051,0.14469638748067637,0.2176261174871649,0.1699369897285999,0.04359674642571788,-0.28731288994377524,
-0.2363143800697098,0.1061555159830152,0.03492686546131933,-0.07002794879845609,-0.13224033989143646,-0.10018993545843807,-0.10871721988136662,-0.2712389194654122,-0.2673600025138171,-0.25719330061262885,-0.22122878596844076,-0.039538094054298534,
0.9029804152077177,0.7724193119866577,0.855800143467481,0.8443447254782736,0.8973185997878996,0.9206097936228241,0.9378139603401539,0.9725802279993033,0.9899594127168829,1.040779231419619,0.9974257687441291,0.9671080086523793,
0.01830999831416727,0.010101404946514899,0.10862087102820717,-0.13908512882842478,-0.28967646151001214,0.11393979483723278,-0.013179323726702302,-0.18896067966993463,-0.3476216404286811,-0.18440647344067143,-0.3320575757096591,-0.21317535226631334,
0.058620175223420105,0.004424468670663704,0.0036649502579741075,0.02861103221533223,0.10124966316656901,-0.22775331444066974,-0.09390143329679346,-0.20176556873922455,-0.2291261641997713,-0.09548440921213742,-0.2728944469468347,0.12201546151276456,
-0.2421355979465274,0.08992850069937652,-0.22682162716163987,-0.35433357051351344,0.017101597370540303,-0.27851673554076073,0.026774602140739002,-0.26636697832931094,-0.008931011862946226,-0.10287180705394444,0.12065598360517168,-0.2728850591464624,
-0.16147483432405857,-0.18373654234508982,-0.3325590932888971,-0.15682305356198267,-0.16258465923461712,-0.05954042830709273,-0.2519711242542638,0.10478755377280884,-0.14055295266754486,-0.045933225764187575,-0.31043948543677213,0.18997385015411364,
