# Pesos da Rede Treinada TxH=  0.4 TxOut=0.060000000000000005
12,28,12
12,28
-0.1742038882271849,-0.5971175333651445,-0.25065242171180546,-0.3782115092044969,-0.02357098617291001,-0.3979388537809513,-0.5594693875774216,-0.055272793337357295,-0.16461525682633787,-0.1642369340277996,-0.40317498707007804,-0.48419671959787597,-0.25639223781996534,-0.2888742443741271,-0.19461127074896956,-0.2630399839182273,2.371070421743732,-0.20658731664856272,-0.47991621321409744,-0.17756842229211822,-0.13505078254937106,0.16328205385720385,-0.24449366081177223,-0.30697945583373204,-0.455140134154003,-0.2773843912682792,-0.41414706388604045,-0.2858823258629327,
0.6676525253899588,0.9567163379813121,0.9395452992244688,0.7473997183314145,0.7605807993065241,0.4301620633580991,0.7956374426619048,0.8297920845011582,0.5989606260951333,0.670705664651255,0.17165051043923843,0.7998149906680787,-1.7244513990161072,0.987647512212062,0.2941627030103858,0.7737893881563204,1.1250582067974024,1.0848729099980847,1.1004012424697867,0.9919437942670081,0.4948198114221567,-0.9277414910042887,0.5076323812046322,0.7602060927432692,0.4817211343596352,0.9075894476004513,1.0259554134843027,0.4434752341253857,
0.727408590749461,0.7412467384612588,0.6397325128692646,0.5601118339798342,0.7377168804063753,0.6228950612243584,1.0157752189024933,0.9006513437420938,0.6115445834127734,0.7140553386497701,0.2529112788319424,0.66814758476451,-1.7516996158532954,1.023564127441753,0.5710178054233469,0.8610009644760384,1.25621350359734,0.930787887608856,1.2313011354075307,0.8825997426871829,0.7106948432360093,-1.2848432311473306,0.7553582163190117,0.8718895302885447,0.6752239709381191,0.5075938206575854,0.6169572381757603,0.6281105517001717,
0.3044083799481055,0.5287447794008693,0.1740951016583692,0.22685194800905992,0.24736936697207806,0.19676957146401458,0.6028534081211739,0.22442445052511523,0.1987970105603522,0.47996537575717707,0.22477437080419307,0.0915450218928095,-0.7986983021944225,0.6075366183621999,0.3170761825202899,0.373553709248889,1.951602212456595,0.6866767494380038,0.5446308828933908,0.28567718837168765,0.24298924528462554,-0.7306508478850298,0.27111852829926014,0.5189592652856858,0.5165534368674017,0.23469783736978075,0.24283042906158925,0.3701820044582145,
0.006875935082345443,-0.048369314619691434,0.08302988480297811,-0.11460621015894844,-0.04309859205521745,-0.08210948323800958,0.06655517703029606,0.05816000617499185,0.18334574553895444,0.26792966925245565,0.14679168909860782,0.35295033094280986,-0.850840491784845,0.03961171942348534,0.1833036283980195,0.14303176400060108,2.2577698279058662,0.35924325513405936,0.20476128957992465,0.09345001380538082,0.006541454192690052,-0.30797211134150704,-0.06332839042214623,0.1475359571319561,0.059446438179574276,0.3888373482434881,0.2572900362852829,0.22377325430775163,
-0.31849104212691026,-0.23956019700169087,-0.37622374069643116,-0.516634841990808,-0.5024556853628988,-0.31344874787396493,-0.2525405205648828,-0.48323829893218095,-0.6160517564131625,-0.22558505510235322,-0.4137787010329129,-0.29285265658329235,-0.05336477324054666,-0.47128423010503234,-0.37456388112077643,-0.27643864060138773,2.5857866117154513,-0.3647556244687807,-0.41098082932215796,-0.4594865570254054,-0.42075645969621617,-0.002510977985013701,-0.5919301311879823,-0.4840433878122793,-0.3096998977117754,-0.6001609076982436,-0.4481330472867194,-0.42638221366058515,
-0.7838021115848729,-0.5779987897706337,-0.9309057529987214,-0.6323158593135009,-0.7751919993137696,-0.7977605475738874,-0.8477102430373894,-0.5189826659795048,-0.4453866902823046,-0.6802289138758537,-0.5854739957716963,-0.6716724914469927,0.0628553998357386,-0.9165848178267627,-0.516623766950768,-0.6767861540042159,2.96382789828254,-0.8008120083506771,-0.6927586513399498,-0.8919534915192296,-0.4748684537588032,9.334961994496306E-4,-0.4325334791714413,-0.9011624633882432,-0.6580760516308066,-0.8785032478350752,-0.4724620999282615,-0.5246405794750264,
-0.1955092165427698,-0.2078726440150137,-0.3502086596580258,-0.2702074359607374,-0.10288108287434712,0.07709720435760589,-0.14335170016097,-0.3886651843721449,-0.25278075394149574,-0.4242855370985946,-0.034806278103894334,-0.3026199524529891,-0.7457228939722894,-0.005044350726004524,-0.221706319956008,-0.334620160428806,2.1337095123311234,-0.3626493527727135,-0.2801323247710642,-0.2201641675851008,-0.10011798331223104,-1.0902058105834995,-0.12591907266447433,-0.23199322468028766,-0.139887216879473,-0.20434311105938888,0.08824020462101703,-0.03015013508272121,
-0.5452926176648143,-0.6603397863546655,-0.5959472301314123,-0.6668950661028982,-0.8372137679524829,-0.7928103060030974,-0.5758596911925805,-0.7158101668304934,-0.7660481099027066,-0.9836356310519219,-0.793797578379674,-0.6950155048039207,-0.16759995192267907,-0.8149708494080118,-0.9141266055495703,-0.9397557563330002,2.3898159940241697,-0.6731254744636225,-0.9691319892162182,-0.9600416727531367,-0.7565239386102172,-0.5164061524215499,-0.6545691137925443,-0.7650258745101514,-0.5481285997546573,-0.7390587325946935,-0.9627738797089119,-0.8423267128758642,
-0.8399879570480107,-0.7645666164025132,-0.4938953541702861,-0.7465139807108068,-0.597130373568333,-0.576717810404551,-1.0198799437483406,-0.7681101503360377,-0.7831641043677475,-0.721937810467447,-0.5558752238134403,-0.5617386998495578,-0.12264301778025952,-1.0505338258349755,-0.6179090179510865,-0.6642147080365982,2.497034855596088,-0.8238629750932722,-0.9385917334056773,-0.6138206485934414,-0.7156825357819573,-0.46692157722660027,-0.488092945901664,-0.6838337563400411,-0.9231671328264823,-0.5993430380035314,-0.8504098287192243,-0.7534929865744149,
-0.7723239101784998,-0.8553644879456331,-0.8105507239342908,-0.5949064878477193,-0.8555607651968014,-0.6891291094146784,-0.9294469230232368,-0.9852152370909971,-0.6204671329213645,-0.8784938210262735,-0.5093872373133254,-0.7468238561569442,-0.24641697583352576,-0.6167636579475556,-0.7898285760752626,-1.0339773494722293,2.7352239238042793,-0.985564771679795,-0.5747639471301619,-0.818052439971172,-0.8057338052960312,-0.1480432533232454,-0.8193831944623708,-0.9244680241850379,-0.6391829656156196,-0.758153787447668,-0.6975911004968097,-0.67431986718531,
-0.5567578175305987,-0.47631765468749937,-0.5697429804970213,-0.3483122679921454,-0.5570728856562921,-0.32650359028766784,-0.37775926399969895,-0.5394254438785554,-0.6471434004777259,-0.4547319647116994,-0.34744607541461797,-0.6599837120220544,-0.24103053636066166,-0.527410751672692,-0.413701963849464,-0.46437462330619966,2.490527125396118,-0.8196880651238141,-0.7568072896185788,-0.4283056785309157,-0.7179823981437393,-0.18157150421041887,-0.6662920385318192,-0.39453958775945186,-0.5069549733041933,-0.5415674747950857,-0.7480416720995717,-0.6636821793358971,
28,12
-0.3100124504441617,-0.15363208835294634,0.015187570597114362,-0.1956647477053583,0.13412044652902805,-0.17105637729447876,-0.03733738221981,-0.025019794642853466,-0.07382154016840387,0.023353166361153106,-0.29227570346756027,-0.25977052697294056,
-0.23449982628208335,3.8612492272996124E-4,-0.16092833042403204,-0.09843074271843529,-0.2863682237131786,-0.2654597316986405,-0.14433019659145407,-0.07585145108160268,-0.15060749224853864,-0.22105340924872502,0.04387015543720749,0.08478514707635719,
-0.12847777759271592,0.15719523210970968,0.12440411974142117,-0.03730294590503492,-0.17806203356161746,-0.25867438170392315,-0.37715059114661514,-0.02400801433515632,-0.26913977641900777,0.14341451550306636,-0.2598935425949377,-0.09467323437803107,
-0.0207791508961254,-0.26725449032967025,0.020091956032650356,-0.09404402097969596,0.11672294407753928,-0.035947488671369404,-0.01617502275106062,-0.022901866856882856,-0.23202197693495932,-0.310889129132772,-0.25805668267997167,0.02422909572989968,
-0.07458459215383008,0.1876597096886238,-0.0378444045003534,-0.021345447163209783,-0.12210579939978262,0.04336851594502418,-0.14160985500128753,-0.20191823820491547,-0.20687406358940136,-0.21576480986938457,0.0029786649505469565,-0.31655876049955417,
-0.12560983385679877,-0.00948909718465864,-0.26142996994711526,-0.10560943104469898,-0.23491386989077934,-0.283419447805986,-0.21789911194778688,-0.040796178499163546,-0.03498953870978785,0.059153687745474796,0.07398638826201591,-0.2074038911286834,
-0.27592587798289475,-0.2652363740941886,0.0302214720329536,0.002127683033381401,-0.32289229705990513,-0.0024435450045321738,-0.30177628386177746,0.018835533427255274,-0.10385071191634813,-0.13697218637454742,-0.21164805566800995,-0.02924471529575922,
0.06361055828274231,-0.2968312711642824,-0.035652029946169755,0.07603380807191115,-0.28666278453418936,-0.28325185676500775,-0.15688252457734309,-0.09574707722953338,-0.19812922874840505,-0.24164123841399965,0.10851261273776507,-0.08139904534103852,
0.07948101172672858,-0.06407278795891426,-0.22650761048787274,-0.14894343778562233,0.04217814216192622,-0.04621938423666871,0.12502050712638305,-0.3236925345299217,-0.1008740378898875,-0.2423229707539692,0.05725554751378888,-0.34930843938070505,
-0.29484472004860873,-0.08252116833598745,-0.19401989693847801,-0.07225360761599664,0.07664095228938783,-0.07748191182826936,0.0559451077993494,-0.04614474480929388,0.03862567243974675,-0.1644852549172116,-0.3495635547673349,-0.2700773218629558,
-0.18044573279802423,-0.31846060528273773,-0.06328026784134007,-0.2996450865599508,0.04941790021637282,-0.07842603952342377,-0.09253551659497541,-0.01778277731535005,-0.08959284611368819,-0.14090575867885172,-0.03279076709480126,0.049816156210381136,
0.025064381469518424,0.04949744700787304,-0.24292608376778693,-0.28414651060665874,0.09685685785427142,-0.14931800897072622,-0.02994481946133763,-0.31578309408369615,-0.2611264384038681,-0.1659839207069593,-0.006741843714841648,0.04945042230656685,
0.13715999024985787,0.19127506356918914,0.1966262824619822,-0.038616917671081996,0.07297398395356516,0.10408642658059769,0.32719299051758416,0.3115947258548402,0.4725403051734586,0.370689126280759,0.39285428902803793,0.30496908028504205,
-0.30704367975510993,0.0818625308176718,0.1155291283737994,-0.14209970543178643,-0.08399592671609876,0.045889973979096825,-0.06161243858879823,-0.07959310030698821,-0.18702461348683924,-0.23123102181047755,-0.2784484574274986,-0.2492617755574998,
-0.22498190619405334,-0.4661556091134675,-0.17729220621460523,-0.14619771287835373,-0.2551154372547432,-0.08178304398959346,0.026245442055376902,0.06508984709907518,0.1485791455350798,-0.08432851950302177,-0.266710659785703,-0.11397417314531465,
0.04589495428886504,0.15276222950670812,-0.030454921361597796,-0.007612366825852892,-0.11186198536235835,-0.13162494196082675,-0.270879496681648,-0.22350504142542343,-0.2562636407971064,0.019897226990081323,-0.23345603712351432,-0.15974116257037507,
1.0873641900878481,0.8855930781500883,0.9718466816886331,0.9577836430267327,1.0536143884917346,1.0702947126043463,1.1108744416128393,1.1230336122768698,1.1418111246472384,1.1891127900223406,1.1703849936672586,1.1453434475479853,
-0.10854808714323443,-0.05669807870267144,0.002657335269709805,-0.17077130496192452,-0.19382675309666814,-0.322394335287704,-0.020892039097100974,-0.17450123329301245,-0.2835741496408309,-0.01768444331657843,-0.0751894586923768,-0.21148332307476805,
0.03637248361734073,-0.12848029093896748,-0.07787270650101781,0.015854068594345558,-0.037042651974736315,-0.09041312988489504,-0.23777350339891754,-0.009937910262959013,-0.18381553135275608,-0.23331821004531098,-0.2666101453994326,-0.265197663987918,
-0.03833849462761206,-0.0829421326072728,-0.07229402802468274,-0.21730646703104237,0.14364158675395725,-0.0959937111911452,-0.3515009995146893,-0.19647232947916227,4.892627169269802E-4,-0.27125877909054974,-0.24016447054713722,0.04605673643069886,
-0.04561570844007686,-0.04658838668649782,-0.059882925046023806,-0.25208254756799525,-0.24642024895497067,0.0887162867157046,-0.07564236660049886,-0.03972034809747584,0.06208237877637856,-0.09878651978649902,-0.29932475537165415,-0.3275322806604101,
0.6041211738924263,0.2787228345029987,0.2761922771907539,0.47183636646746907,0.41323934271092455,0.7338958759631695,0.6025132509462066,0.6226194781600706,0.5839400537061079,0.7472240624570923,0.684156847757582,0.6435659950604725,
-0.20273157314117984,-0.09914534711743199,-0.33618086637629224,0.01642388438229529,-0.3551032888505809,-0.14467878496055883,-0.00344012390577377,-0.23179139883157937,-0.14332029245626585,0.03521160185667463,-0.04236010987364303,0.0718976537332666,
-0.15490826464578505,-0.04875885878484377,-0.17268676520006787,0.09486042426663435,-0.2099722881097576,-0.02479593844472946,-0.02953576972208025,-0.27993554788727515,-0.08919299108794093,-0.013342373636126545,-0.20813190606879725,-0.27775000394356164,
-0.3132842873976693,0.058669645130365676,-0.3567296932022129,-0.13168397962374417,-0.1463406427022199,-0.23162893007415217,-0.29736252408082475,-0.25987589458614213,0.09515308330647174,0.02173579387651687,0.08444697788432028,-0.031111506798829923,
0.0902859923440805,-0.19633658978633786,-0.08408511380092284,0.021337406811787814,0.04233217237227185,-0.22174765667107293,-0.33201411557316285,-0.13095794978662115,-0.13806959899340326,-0.30079907659279015,-0.05811567080041373,0.05642242467447186,
-0.2318037527525165,-0.07245936197003372,0.12914900542348146,0.13870718951599098,-0.07270739316348997,0.04414367502979265,0.07951276154644622,-0.13346549837082972,-0.21493903557456093,-0.2632786148966113,-0.30637298426098053,-0.24915156236886615,
0.06722261480990484,-0.24009746899037737,-0.22384159050680544,-0.31074592079369495,-0.1380109361449753,-0.08007023547178883,-0.07541435137364656,-0.1420655363254557,-0.23558915235386757,-0.23222400834242102,0.10882419341649577,0.06594378513778368,
