# Pesos da Rede Treinada TxH=  0.5 TxOut=0.03
12,18,12
12,18
-0.7015089194085142,-0.5981480286367208,-0.6933152917305756,-0.6832509747065916,-0.7636230525191671,-0.8060391171432797,-0.8239813559635162,-0.5832544976611054,1.3393746821097976,0.9633767180967842,1.0673491773350725,0.810189670741924,-0.7643652180391546,-0.8566174123381672,-0.6939923441084995,0.9736306288993796,0.8753791198674655,-0.09680016130257078,
1.4626768585843617,1.7967378272240728,1.0860671268394861,1.8623919216644373,1.8522492221887747,1.4809612378636086,1.7527145398388329,1.7893350775231776,-1.8488084260848352,-1.5443851473476635,-1.8015016640901163,-1.2729838907920294,0.7166374153800943,1.528083782701213,2.031646639601623,-2.0076056723987534,-1.665262581351346,-0.8498331666528863,
1.6722011655498552,1.9115141702186558,1.3823058590509032,2.0745799919964636,1.7723896033097952,2.1250486780390454,1.9934834194775761,2.1126664429067823,-2.18834363989929,-1.8369736908136185,-1.7578584774832877,-1.3880977620355124,0.9968567327513014,1.7886437993279862,2.307688280098039,-2.223486313954979,-1.6220995455992782,-1.1236166460311219,
0.3553017410970483,0.42602663287112724,0.57115391056054,0.18205363056718546,0.4609146297936998,0.42868964225613676,0.37728296682957213,0.5338441125909895,-0.23502702295741257,-0.559305693572921,-0.5860453689994987,-0.6820447781817042,0.16641187948475186,0.28494426597643835,0.48841744471875725,-0.34473414699401034,-0.42635165668496083,-0.4269098244473021,
-0.1693440099063063,-0.4970319539801871,-0.2896041835413324,-0.6284844611747,-0.45516321875088794,-0.5512207762637584,-0.5014001522908119,-0.5082814878324708,0.6439673307745479,0.22297301463706468,0.33047803004261256,-0.17042497488714398,-0.32698464942357897,-0.4496304866299745,-0.45300843920209033,0.2952129481227296,-0.005031470530511183,-0.6190316042203698,
-0.8300166500636053,-0.7667688330178,-0.7709349096449133,-0.7311602374984744,-0.6916904505684071,-0.5424314432158155,-0.45302412906017764,-0.7504883558461394,0.5838050964660815,0.5099093903038179,0.8555655503662225,0.5369400941286686,-0.6697672511034385,-0.8104601516193696,-0.4719010949482746,0.7035720500679769,0.7316550940332686,-0.13294296640944342,
-1.6074938918230939,-1.39780618193758,-1.2651736086891452,-1.434323592989825,-1.6462037469176993,-1.752365155589209,-1.771096308175973,-1.6208112179812117,1.5758868384620706,1.5558088447419887,1.3376037878993345,0.7064712082125446,-1.11210334010144,-1.2331683161786122,-1.8235207816028014,1.507351071582782,1.3566520773378141,0.11769214458330077,
0.4644229889917259,0.6532482136733051,0.2162099034540053,0.6724358237528221,0.2847271405699246,0.5981259846480662,0.5759038288797458,0.35928647380835377,-0.8271346650677218,-0.657543004205884,-0.5970545442443119,-0.6099154488223008,0.1375609588104344,0.3857297272628738,0.4180864707492772,-0.7098329907214243,-0.6607028853312863,-0.5339623898791153,
-0.9812687590371887,-1.158545739770914,-0.7485399308871369,-0.7563198427219135,-0.9105762431960451,-0.635824534431314,-1.0212445380374284,-1.0381518793637294,0.6222509784656887,0.6259575671090695,0.7310824482298582,0.256580829529574,-0.540404953105299,-0.8051710020637852,-1.1186652846614182,0.7322893844936296,0.36973622166925135,-0.04183784946106595,
-0.574742236959058,-0.7883427174057392,-0.5045544638379215,-0.787040233840411,-0.6073489581689366,-1.0152194612462144,-0.6825954192864939,-0.8271898319053052,0.7847341567772923,0.6060155355085264,0.5782619699279351,0.10048838660278367,-0.3327529636071392,-0.6889169057581284,-0.9846324280510862,0.8238902942608678,0.48113942746057903,0.036775923503439806,
-0.7305005536474061,-0.9044680217120695,-0.8545330468506013,-1.1681929577236367,-1.068505675483885,-1.1278559784702702,-1.0305111851152644,-1.1187261826569186,1.1671212092499237,0.9730132914396575,0.9270250588253419,0.21406973243103053,-0.5494378364637157,-0.9148423227123798,-0.8775127111584232,0.922296156394824,0.9477796102922871,0.10072043926923213,
-0.8006264254352924,-0.9076814648285608,-0.7237860008455028,-1.0095581008670627,-0.952596636394587,-0.7531769770537888,-0.751963119654855,-0.8288751347085803,0.5012436979620445,0.7351640891697143,0.6164432155611019,0.14026819714366007,-0.5105376650988,-0.6184664729108527,-1.0525001479814464,0.7216618777935313,0.5656616122033895,-0.36011044278027116,
18,12
-0.06751658616033938,0.02008353236078269,-0.18759264463926048,0.04248343526130113,-0.04830918871467312,-4.4199699040700267E-4,-0.1191157698163647,-0.137950054072714,-0.11847326752621062,-0.16425600257546286,-0.12576798896613747,-0.3451505420515535,
-0.29338530144067676,0.16278841692153756,-0.034630480925486644,-0.2305097521035823,-0.13224885302235637,-0.241338863140936,-0.014287219652447329,-0.19595487820111993,-0.22846060455932637,-0.21824194933279134,-0.06455126012344106,0.006221931121234165,
-0.06957848583166469,-0.20568056280038668,0.05408594478454535,-0.10777831901172903,0.002749919420853719,0.023489802573026547,-0.028566221108631325,-0.235443343251054,0.06897205211232164,-0.19222587174729458,-0.3572117350355132,-0.10074102666268478,
-0.23116551516362485,-0.09870441733578127,-0.1744248571425467,-0.0032778419004273218,-0.20368297507906474,-0.23237713107775324,-0.19396062020665875,0.13873258742005995,-0.11370803486794678,-0.12834304067802468,-0.05052116613037492,-0.3690966995979937,
0.07367686176149697,-0.16939177710180037,-0.31028859407321474,-0.3010248419418197,-0.07892002483225798,-0.101049924715795,-0.18097656183339172,-0.16651402774323565,-0.19955826648023958,-0.29164363133543747,-0.05062167898668918,0.004166119321285508,
-0.08867712091393118,-0.17555927453571382,-0.0891375743558958,-0.14592076072494808,0.03447523817725445,-0.032350218259102455,0.07305588065376886,0.039964999635459394,-0.3564307098430265,-0.31714920552773374,-0.13239500652111172,-0.2850737067129197,
0.14176566281998582,0.021860337652331377,-0.07728654840430442,-0.19823554212918443,-0.21411269015364726,-0.3158699146474767,-0.2577313535289847,-0.18617919550293924,-0.16648436941194314,0.08679650550031524,-0.2335995073819673,-0.21357694893800597,
-0.044092923035412686,-0.15029845206127518,-0.0991455695003985,0.02676908198300249,-0.12088448455924306,-0.11913440160542679,0.01677566761898582,-0.25786306247887275,-0.32962565466299465,-0.18123341459049025,-0.21522478402301312,-0.035993274947358184,
0.29684940570865975,0.39582114275185815,0.3645290789499341,0.3019917165112609,0.0991263770099213,0.17326592898272403,0.2606544103040546,0.03458370950611443,0.23564141695065885,0.3574062586071017,0.28009353405156157,0.3797256071429412,
0.3001919607030207,0.3757447808424268,0.1370692374673673,-0.03444109743966994,0.27776442402566465,0.399412893285209,0.19650760196384742,0.3729730893102827,0.4105458911959022,0.05106270638410432,0.04552190370765531,0.16342924846144793,
0.11102235563697074,0.205408172032765,0.2264567126470104,0.21111733426478418,0.25713249255011555,0.08981059210782306,0.16512736666750108,0.36376590293786654,0.23505152447140915,0.3632302453360732,0.330949532777525,-0.005347532865118043,
0.2480653200981786,-0.09556900256883799,-0.027332166013440497,0.05313083599561453,0.0453725275226678,0.044459992206659665,0.13644099295616888,-0.10810704706113346,0.3225080752368886,0.21326561344889874,0.01688610195803358,-0.06176188609413611,
-0.22441116759532345,-0.07785445629654952,0.11551598175751847,-0.27764414617602673,-0.3794248285801306,0.04944244971180745,-0.15825336639663348,-0.10922334613010311,-0.1641090597755921,-0.08302632626303684,0.059971789051537806,0.025789116870173864,
-0.2443409991450818,-0.15764794300218574,-0.007140676195587203,0.1358569123478207,-0.07007223922568331,-0.3604601025048294,-0.27276824878275924,0.04363618418951375,-0.06496273951180531,-0.12569856546333358,-0.24165257979210134,0.027069954969806624,
-0.2103061940447103,-0.20488566450111614,-0.17473312666134933,0.13742033771656226,0.06877822126569566,0.05337007942558585,-0.2876200485996403,-0.23390559450012371,-0.08242863769428585,-0.208872014648484,-0.2477602730565754,-0.1108351222986185,
0.1843122053477538,0.0955078783640263,0.018157872936989672,0.3203818593840429,0.3379793720359098,0.2549164614883836,0.27563745494621855,0.13564550032948117,0.06095015514151529,0.4347395003523017,0.1786383504960818,0.37337805832003984,
0.10448984382550432,-0.09978846670308206,0.30563840462389424,0.15174312473124704,0.08049992090852892,0.15027665852429836,0.17630252547433864,0.33435282692520335,0.15283368061761135,-0.03153706003894514,0.40480939616376227,0.2783507135489418,
-0.21758226445915216,-0.01435235961116024,-0.29444241011194566,-0.3375712446138976,-0.15287943909884633,0.03043725636148657,-0.020407790420264655,-0.044895154098237244,0.1602820622428438,0.1897723031716318,0.1511502314240827,0.07952432372813681,
