# Pesos da Rede Treinada TxH=  0.7999999999999999 TxOut=0.09
12,29,12
12,29
-0.6673672181829726,-0.8440184782928233,-0.47579970420135015,-0.5900464531618949,-0.567377020336422,-0.6106746243275999,-0.6834460491088877,-0.32439058079104627,-0.6683289283556618,-0.3602813355960762,-0.5987556963849457,-0.6708448985834017,-0.4570036825575513,-0.7126808103317077,-0.3739765187713581,-0.540783604638293,-0.3892084336223389,-0.7309759525302023,-0.5213103066676027,-0.41403277366424107,-0.5160802552210262,-0.5510053202322435,-0.8519287504224485,-0.4126386456911625,-0.4307695931064923,-0.6881564493623028,0.7920325981358911,-0.6889969642520375,-0.6180052930121539,
-0.47397815573035884,-0.21269669439883337,-0.35567092027986547,-0.21380903002365087,-0.17782919819107704,-0.2963040434949422,-0.20815672009926817,-0.537748482665813,-0.5768585441964464,-0.5255424176884003,-0.2832347079590404,-0.3228708611316481,-0.15018947538053765,-0.45962584418543817,-0.17071208523042347,-0.21482761332555037,-0.5467090089683277,-0.615296940821616,-0.6652412578462,-0.30917789072119295,-0.4656304436553961,-0.39171440452721484,-0.2977461295600111,-0.3626790406916618,-0.14967721654060992,-0.34403264941562073,0.4308239618633284,-0.11177097758564951,-0.39689715689545096,
-0.4723817609233361,-0.41603909617148926,-0.4395646218419562,-0.4395367923943759,-0.22203342731561307,-0.3838819417661542,-0.40335423411849985,-0.9623519451545226,-0.25371379333951566,-0.5880376590942479,-0.3578602248155586,-0.40527789584995344,-0.565834871249774,-0.5685745171763329,-0.5387697191819322,-0.4656551076259742,-0.11904843370533673,-0.5041822880811662,-0.39532623803603834,-0.6918234829034929,-0.5819706555111851,-0.3221759772802569,-0.5735163483822135,-0.5889597881059687,-0.3396264332234799,-0.5319272214732115,0.29113502523510254,-0.4652838623590856,-0.49272396030476656,
-0.5115396903198143,-0.5490757902267012,-0.23532058733107986,-0.760258084093343,-0.6194327308356321,-0.44426763583171675,-0.43094785477315123,-0.2796950370504321,-0.5092120718717927,-0.4313939467126416,-0.3984435165821107,-0.5575046450585692,-0.5724275005842862,-0.31790272712974355,-0.5546940191991814,-0.3541079472013994,-0.5588689304300781,-0.468349072284471,-0.5458402142512868,-0.5365463192289212,-0.7691070890100754,-0.77842377415389,-0.6923085349784455,-0.5737015730031952,-0.5697432687618633,-0.364074457045158,0.9007397994057953,-0.49686064158877125,-0.44290471331446296,
-0.6805819625518292,-0.7167337467588074,-0.5874534573613698,-0.4919058759954233,-0.742939539779491,-0.7569326308413364,-0.8450106600815445,-0.3190322419474596,-0.582738945101579,-0.7616983282650699,-0.7382321021474043,-0.56636286687654,-0.35387009975521744,-0.4991376153127193,-0.723166497039881,-0.42446777198124247,-0.446452229698074,-0.4978420875148507,-0.4294379148164998,-0.44300617215669696,-0.5371322901540683,-0.6580441957296942,-0.45126611929548777,-0.6741834972802175,-0.4376786727272773,-0.644085630669845,0.9758936800921099,-0.6482182600854416,-0.38503623170650136,
-0.3693675284577094,-0.3879710314541382,-0.5336828209967199,-0.3579540547889097,-0.46366461594797553,-0.5762514924067671,-0.38931656988463514,-0.6532296356057309,-0.33875315310627885,-0.4823111534858996,-0.36102230451128514,-0.5603840834580428,-0.788171875397973,-0.5745859208116979,-0.546019787710794,-0.4426944723558708,-0.8213864702276714,-0.689227996512177,-0.8574199223865969,-0.5385817823201711,-0.5048541348180224,-0.6795828753373442,-0.4375453737244385,-0.5957687837913406,-0.595181974041381,-0.7552774196180886,0.9293560506503422,-0.7013221350766717,-0.5403478805085447,
-0.45451846425798476,-0.7486254645098417,-0.7179484002441,-0.5539680361847834,-0.7781230148006347,-0.4044307841266117,-0.4800084722151095,-0.5546100759295425,-0.6311401073233867,-0.43540734446747453,-0.7533898604178985,-0.5817680749484471,-0.5386572484973636,-0.485540874971541,-0.7337119621539407,-0.6700634766992203,-0.4304887268571293,-0.4012796952347274,-0.6236728370922088,-0.6084021106494881,-0.43397022830756776,-0.7587055463678984,-0.5119322384474069,-0.869397140695985,-0.7391038064214775,-0.565421240855845,1.1465112686941077,-0.4757984636001999,-0.6923790824321095,
-0.38052538599893027,-0.4789916221415102,-0.444386072440286,-0.6256998589353187,-0.6088894771416931,-0.4175841235663749,-0.595538711864918,-0.9704793737680903,-0.4578842403667571,-0.5553381685906185,-0.38758062369688046,-0.6501020188357081,-0.42454298024827336,-0.4392750289063984,-0.2618503790171954,-0.5937291864448858,-0.6231317578138905,-0.4374439730261288,-0.5276060050332159,-0.4761187203992296,-0.4556898768747255,-0.32702344676825257,-0.4245617066881882,-0.4339863979796068,-0.43367105781874604,-0.5077777612893056,0.31497603583874806,-0.41381260340801274,-0.3941711262138334,
-0.40382853921200873,-0.6985250005097317,-0.6387490157426025,-0.5807210596698368,-0.4324561582303295,-0.6206054227133958,-0.6208289991579109,-0.9523726486525788,-0.39540019947170185,-0.6812026290735493,-0.7851836669381593,-0.4687286386549789,-0.6349799361269632,-0.758235830418062,-0.6424949861505657,-0.44458794413459496,-0.36198219780950563,-0.6395674372624625,-0.3615928599440032,-0.5320299039805555,-0.5104743438194114,-0.34673203890714455,-0.4813356225534119,-0.6529666418028284,-0.6746755234160516,-0.32893266278584715,0.3727157033261698,-0.6842699555006261,-0.5937154113030977,
-0.6965173292549299,-0.3157351124506951,-0.6688825448655821,-0.7367957687174203,-0.677948229624059,-0.5324084062051224,-0.4832042855057133,-0.8154247934047568,-0.43477512414889175,-0.5915463056734392,-0.633818593052344,-0.4561289321709205,-0.7527213531439396,-0.42845039755842274,-0.6062252897539927,-0.584569464864141,-0.46788841384541696,-0.5843138038902143,-0.5243376434938313,-0.3991285028749492,-0.6039744719386795,-0.5113980020405727,-0.6900592804665716,-0.5662946627259979,-0.7533058558307085,-0.7196975121655002,0.320392061782068,-0.5310881105519633,-0.5724588348222942,
-0.6503058387071408,-0.6056412174959771,-0.4450331708776388,-0.553740693733683,-0.528857625106866,-0.6204335088972903,-0.75519262228508,-0.651209528019917,-0.7977307924630898,-0.39270247289396937,-0.7134865137459678,-0.3993349327673479,-0.5611053904452272,-0.8010325326133358,-0.5653410222258186,-0.6843856633143298,-0.6842528622570231,-0.33638350929938904,-0.38981667386163577,-0.6701751163032551,-0.6183360450733053,-0.6042308722991782,-0.5160740864866846,-0.2792986579142995,-0.67869159717995,-0.4554415085966497,0.6684024565783367,-0.6977470953288311,-0.3596573433429931,
-0.508067525424739,-0.5324001160587045,-0.6294555857576919,-0.3752252699897882,-0.39533520405740125,-0.6670724261277192,-0.2866097667403827,-0.932836991085406,-0.6316190440950779,-0.45062536138574955,-0.4054675024476396,-0.7887404407533606,-0.40283952144020607,-0.3660288572685679,-0.4591976245041229,-0.6803717086371722,-0.7313782797257942,-0.6206934275233327,-0.5135863609464406,-0.67535587671344,-0.4177887684918038,-0.7478423159275838,-0.4180328130916875,-0.39673028099845653,-0.34282571337368256,-0.4040389277357669,0.3410279087603359,-0.3606874922267406,-0.6773253619402541,
29,12
-0.1097184981183856,-0.16529846984143431,-0.017710640561323217,-0.09014666178710866,-0.05446562580545032,-0.30488453776419366,-0.20142890020047985,-0.0737413458469145,0.034587979691323135,-0.006442914004409014,-0.29721483537192817,0.08779941921392212,
-0.12877862970045867,-0.23273502105001764,-0.1410791157599338,-0.15799376439626522,-0.08129865178548598,0.022919689227360998,-0.04026452092801396,-0.16324872605091917,-0.14801887472012384,-0.3371733860600293,-0.10544851875169879,-0.11733717374016511,
0.06883085670006024,-0.14604529873989353,-0.19929949127100102,0.002831008861435193,0.12250964946942308,-0.3108015587689312,-0.0745354771198991,-0.13649791107165724,0.04318482165058609,-0.2166341033203543,-0.15734484972658874,-0.23764562373713904,
-0.060120926481418716,0.06161847704245349,-0.04117314997624979,-0.21261800365387057,-0.2914183090802104,-0.039915987817405206,0.04924534707292965,-0.23989028982609467,-0.16780846107746109,-0.21089063719931175,-0.10774736185955634,-0.03899822319749403,
0.12527800888125046,-0.04495433519994048,-0.22662205845334937,-0.014031572527187357,-0.17549521790447292,0.02756326096285971,0.06301324415342612,-0.07045773536438635,-0.21010276743913078,-0.19441183260198258,-0.051779036975847445,-0.3111725760156593,
-0.1320818800806775,-0.24521989721221923,-0.31185267199658945,0.06509873405006299,0.043516637754280725,-0.03960340045211627,-0.1872595615326447,-0.0736091750779504,0.014159949630325134,-0.07954007444884331,-0.46382288509278485,0.02079710815646985,
-0.15802263187269164,-0.25289915546510366,-0.014079852354049112,0.04107805111647046,-0.06431047683102228,-0.10433166624342968,0.022639065745602063,-0.07670020631258964,-0.26712209358717903,0.02072803141015773,-0.14782036426062226,-0.1748156561482062,
-0.06906576870794112,0.046336788359407265,0.026039996360692014,-0.02447080146605556,-0.029735114929463728,0.09354567420034356,0.08787130208613517,-0.01996880631321114,0.03132295165980825,0.08441906767797153,0.05068460308550595,0.01821502670372234,
0.08417584966523438,-0.16771158830379534,-0.1056303104808047,-0.1562074036646885,0.05799098788766632,-0.1389129261985334,-0.014969637809784445,0.04741150354155938,-0.2395240563150143,-0.11060107302289435,-0.040115523826474236,-0.13749831273529853,
-0.2892400987854058,-0.04971225832885422,0.08088973527393914,-0.2994642975019217,0.026919921505088804,-0.07360585364594328,-0.15415072752121103,0.08181624263524605,-0.09181369862128677,0.051716658361115116,-0.3525358202583412,-0.049006888478917314,
-0.058032641535195065,-0.208321863266785,-0.0919160995967793,-0.19067762091721915,-0.05839578013962362,-0.011982428752708578,0.08952124781687609,-0.16967600497406626,-0.07522145688985028,-0.2521598542322181,0.06991278832762135,0.13349671147903555,
-0.06516102672498116,-0.1413889990316212,-0.22638960164318264,-0.183019756558038,-0.21268097095248628,-0.18061406558910378,-0.19628002611037215,-0.038534682306252364,-0.012903821198889148,-0.027171416118837124,0.02529423544285546,-0.14812154699334104,
-0.054171905798521075,-0.16628921655085643,0.13287346660951332,-0.1450059293924849,-0.08516856722203592,-0.03697999718862158,-0.08276631832447064,-0.030306068862813743,-0.04850392568959141,-0.08176906634226147,-0.3558415177204155,-0.29573611869243394,
0.11201634728189355,0.055445542558686285,-0.06154518322154879,-0.21341885353311804,0.008213613318495842,-0.14047201044902302,-0.25714552786020717,-0.16000785737466167,-0.0809279478278389,0.029400281575573145,0.11985701241164126,-0.22995675035412355,
-0.1755381713923125,-0.04794197608144262,-0.1826498078770193,0.034422847351583824,0.1356641225412353,0.003010283794488048,-0.27652944238498434,-0.11378652448720097,-0.24532417371541992,0.02848710010960692,-0.07775514327333903,-0.02520032828191644,
-0.17129342945889653,-0.2317329474785369,0.05314695359413395,-0.020020481204432873,-0.134435353937825,0.046378995467941005,-0.27462903338556766,0.10369460921738594,-0.14485629268074235,-0.1958518103020333,0.06368058485563101,-0.15089410425314037,
-0.060105823535280045,0.03960391642830649,-0.24185952714492953,0.16158980939192902,0.009443369346515051,-0.07081538189078491,-0.2038001876601003,-0.2509895735659359,0.009142012767463636,-0.17388657457156104,-0.26074415654745287,0.12606017976977885,
-0.14698120672756657,-0.16725024047020523,-0.17659511070187994,-0.06511908154481769,-0.18488709309482343,0.037302581082253636,0.010732857501455329,-0.39317359034056387,-0.11922052894039957,0.010716391783412025,-0.09974662917678376,-0.2117547433026502,
-0.06884987257672719,-0.04236497112445414,-0.3541038641719395,-0.07697400366227944,-0.16484344755833802,-0.15025872308919896,-0.12357907144501193,0.03813804297066363,-0.08502977078218706,-0.223819406904818,0.005771686364867166,0.11798968757884734,
-0.06694047718525323,-0.06041459846655733,0.03144758950971067,-0.06444143159710723,-0.3162795900821287,-0.11383933271717686,-0.20069929098138445,-0.23865641520187528,-0.004905185924230249,-0.002279703418665854,0.006901451392293925,-0.1392130695268953,
-0.10744539054862026,-0.23962543240345385,0.17467625415170962,-0.33483160407421836,-0.057392891269547545,-0.18535796494806292,-0.17593674625789754,-0.25510514859422095,-0.2012476880492752,0.08095668391804793,0.06215186915415068,-0.1880419727691398,
-0.3011300742899093,-0.24906193288066128,-0.30794375748185443,-0.13226382521250274,-0.11716546018146577,-0.058462654098071984,-0.1994353948054744,0.03215171271977056,-0.05950647760163097,-0.2522405295769783,-0.02880016172405709,-0.04488053097654286,
-0.0014675350406952745,-0.06399992196497871,0.1365551709707535,-0.1901724080128418,-0.2629831485430061,-0.22110115441181216,-0.12314764194757784,-0.24829687623928856,0.002781437754697779,-0.25357871231110524,0.03428731968741301,-0.1666815902774495,
-0.08102522464802206,0.0409071342179642,-0.2383719684396789,-0.15624241641045938,-0.10279334813276665,-0.3040092796538592,-0.03694638015421872,0.1094230637159225,-0.05725353623569161,-0.323424716346712,-0.3272403357120532,0.09841313668982138,
-0.18676832123761233,0.12802739634326343,-0.14395388004447052,-0.037395409124696515,-0.22021639063934287,-0.020052094318216133,-0.20304286910487832,-0.07997025840908097,-0.2430576074953212,-0.005821364740238208,0.03782063362515899,-0.2565236347334694,
-0.03368765493961485,0.05019916657231286,-0.03212294048695112,-0.178134517573809,-0.3330388242654326,0.07491570091533006,-0.06090981174638005,-0.06249630646740816,-0.06644696432082509,-0.17595973324135925,-0.2007976429819892,-0.2052889745673466,
0.7503224515812466,0.6641009898244801,0.7357322685970767,0.7100058575013896,0.7636577618284052,0.757460292495534,0.7692253910526214,0.8032207023450925,0.7949995471911169,0.8128601913254536,0.8281469055825854,0.8244189393961301,
-0.08457378726132504,0.11253515805635242,-0.09101775602502239,0.1585761434889016,-0.027551566068039417,-0.2710306696330851,-0.04573584591685548,-0.13773192617010332,-0.008194162266755902,-0.21481998414936848,-0.06861983628694195,-0.08694481995643157,
-0.2940510152638824,-0.09995105073584279,-0.004618719584776771,-0.041003754021415977,-0.02007212186456228,-0.23476979897081812,0.01798354151641429,0.06754626418048834,-0.23423629509871258,-0.009033098772773817,-0.24255820334515207,-0.04243425748453993,
