# Pesos da Rede Treinada TxH=  0.1 TxOut=0.09
12,13,12
12,13
-0.2718526311013398,-0.3228624537251283,-0.26262432025778765,0.5059309475012698,-0.09522529335805163,-0.4667408814038118,-0.4346537122377672,-0.16859349030421006,0.600360435329042,-0.31854993750816035,-0.13669406602991527,-0.16767323532387401,-0.2076164035227597,
0.8707609667902522,0.5829975542390871,0.4637354225596486,-1.6326755115354672,0.31120278673605856,0.4758790281204341,0.42332602013815684,0.4310714074343754,-1.8566049449626785,0.5606811167835345,0.043254719691440374,0.70447250640957,0.7194047553026379,
0.737472528899543,0.5163348784657039,0.4936842286375829,-1.671262051756589,0.4810133523701094,0.5827788990811628,0.3927513675654372,0.1555513662029451,-1.6775515631317677,0.5240824880343742,0.4333996173107824,0.4473739280886633,0.5033310878575413,
0.5182149629941217,0.14774063902958967,0.3135219274177211,-1.370413917085288,0.2543925815079917,0.5902452925052184,-0.006532541275032973,0.23780491723195052,-1.2530905667613494,0.22044526977808687,0.31570095479356997,0.24178773662479172,0.2323855793073928,
0.2302094810463181,-0.047683371635363944,0.0663669541315671,-0.5049094382554704,-0.1067235163317438,0.3832439068584367,0.26863591794308866,0.0650542946051099,-0.43509753748654245,0.21621487102109646,-0.08208692027846694,0.392405295424292,-0.10626761429334744,
-0.23240213704631177,-0.4173606727679255,-0.3306823817852445,0.48089767284204454,-0.3919500720175354,-0.5909270265159363,-0.42026140517982424,-0.3314097493225031,0.38238168346815826,-0.21890148640453386,-0.3585892605797051,-0.45747866674784354,-0.45113635495433063,
-0.8161477384715066,-0.6029988202357546,-0.6477110270307779,1.0652429912796295,-0.7517646997505757,-0.6928653622054705,-0.7376401665327391,-0.36075340130608474,1.1747926962366344,-0.4682893116267672,-0.5539493012325377,-0.7215781759753216,-0.654694595615923,
-0.41435343623526716,-0.1506387350595453,-0.18280476234842882,0.02708476209894188,-0.11705450532154595,-0.12251154112837138,-0.06327388833454685,-0.12072329450261902,0.029964519434896565,-0.5130868289655638,-0.4697175689256095,-0.30444756311926385,-0.06930627192548816,
-0.5449662577881436,-0.5120422807600282,-0.8114610023921824,1.048389246010597,-0.6353027097369998,-0.7121575731744595,-0.6856873344971506,-0.7357372226752977,0.9525709088530423,-0.8422318044327259,-0.5016316916084715,-0.7956960789929447,-0.8692577157368138,
-0.9175410870065751,-0.6490189230189483,-0.7449695183257983,1.2397729038171315,-0.7346325300522627,-0.5959383481550174,-0.8552282382947518,-0.797254299903881,1.1046919226980931,-0.7446316745033735,-0.7936004145303012,-0.5420804228404792,-0.5884740287249325,
-0.7354768893037534,-0.8515483216417175,-0.8600145610030604,1.0837746062843732,-0.5604765086806796,-0.7154645659861022,-0.4825886684566079,-0.833456103261356,0.8705818914440209,-0.816060843479346,-0.6808778864777812,-0.6649384403904813,-0.5744658869148644,
-0.56698093539737,-0.4550073021781121,-0.2648414219583793,0.6834578774725691,-0.6007227871455226,-0.5716826461306567,-0.27794491279911265,-0.5551369306693951,0.7399467241826262,-0.4239717214699534,-0.35173742715173983,-0.5785129715334196,-0.47582093253654756,
13,12
-0.08035850476963999,-0.04728202777389328,-0.025575114737536604,-0.1253119072796585,0.1743113843480133,-0.06502899074043833,-0.1896293819291696,-0.39659100485018817,-0.4065554093803501,-0.16422253145130458,-0.3054144634730586,-0.1384382863978677,
0.05068052750045789,-0.24125390501873378,-0.2850211560928122,-0.14511124342055298,0.11215430074677049,-0.25338766510011534,0.07614385340602087,-0.02912569329240331,-0.1309667026973403,-0.23045605954529197,-0.17168081405393165,-0.2585744972801614,
-0.4168173291104546,-0.06155663029056085,0.036129824762962955,-0.20088893252871923,-0.2504752330116958,-0.10143902571725728,-0.10856777707443269,0.02103393990235353,-0.08316127522595848,-0.04966713834053027,-0.23429173118397814,-0.17927469513087227,
0.7226660299533101,0.4740795184345468,0.7649925682798904,0.49126085355081567,0.8296226997983667,0.5008797784606768,0.6199504660495212,0.8263247044773824,0.5399147113011363,0.6811904123882893,0.6330781175272441,0.6886814266915069,
-0.004552392583609812,0.05398394509313443,-0.22502489282761387,-0.37857821151960097,-0.17797428525648495,-0.2166139032075166,-0.09364021794548269,-0.32651130624967684,0.09936901925191288,-0.14595855970621174,0.05500029158905934,-0.15120657833168538,
-0.13587344873078827,-0.15186357330880498,0.05121370726954556,0.08404566053945775,-0.3629240127493424,0.06161791659974858,-0.1902246951246457,-0.10574531268715114,-0.13202213291188392,-0.2767909907778877,-0.31483913360751004,-0.2367084581914839,
-0.044551977038994967,0.0688522728185817,-0.1501884008053803,-0.3335968301141183,-0.059353068435437466,-0.03263609975449277,-0.15260141770385893,-0.005977803148497603,-0.3183138806441465,-0.042807632254581576,-0.27587464640642434,0.045979925640823115,
-0.0015752534234642662,-0.25000455787765424,-0.09744069885248757,-0.16333396468618533,-0.3498600123001337,-0.08558482357306504,-0.14250695991684492,-0.15916844326251978,0.1139330729088174,-0.24161340621886357,0.10975132576851461,-0.1369366334358294,
0.5106057643716967,0.6125495572032379,0.37951688328466066,0.6672543607946018,0.3617724081053203,0.7001874329253577,0.6414920418474159,0.4475007766508413,0.7880485134175395,0.6420212979996509,0.7124162487368191,0.6160270376485052,
-0.34769471708207306,-0.21981551193165333,-0.12546653206864977,-0.053918182728659086,-0.26019268237759896,-0.24142876486285933,0.10111242513644596,-0.03072508550191149,-0.1038920730677076,-0.06990277133843889,-0.11271170877423879,-0.2007808854384826,
0.056991439713210135,-0.1600004416011558,-0.38398200091681567,0.02945021123450376,-0.22267938313689412,-0.11839015119569975,-0.21499146393397667,-0.31502448100458763,0.025468392611703927,-0.09393898019457043,0.14796946537639336,0.11921092359176484,
-0.12763876223241008,-0.2054593462232456,-0.003877284748052477,0.10852322293068178,-0.05147344483317561,-0.1344488581981335,-0.18033251848894913,-0.09552847868529746,-0.36716680635264926,-0.07090621031267084,-0.2665330795959203,-0.12432487458203194,
-0.36014396600005755,1.51276448398311E-4,-0.07534029344645476,-0.11672636782865636,0.09507806713033477,-0.15789732963989742,-0.3311526844858615,0.007433201434005524,-0.16723116661846296,-0.11843274206984374,-0.12686448513853202,-0.1718653747338652,
