# Pesos da Rede Treinada TxH=  0.7 TxOut=0.04
12,18,12
12,18
-1.08421874950588,1.988527869994499,-0.9730012816747288,-1.2270298457657134,-1.063243072678373,1.5932640315627777,-0.9396673194510317,-0.9302300570932738,-1.098675987586271,-0.8626587754196151,-1.0065036881265228,-0.6236930224183734,1.7193953902665329,-1.1911762888484843,-0.9939946235516337,-0.9954453754264697,-1.110838862221109,-1.475655882216317,
1.6146320575245505,-4.0742191783725366,2.1807363131682442,2.0783222816992604,2.089896020436148,-3.7299888994175894,1.8135019640705168,2.0540863447253828,1.9033374066981352,2.1496864470518036,1.9932765961112744,0.3275140544147857,-3.464359702872709,2.2085993632387635,1.989532903370125,1.9809581389474473,2.2470078564094096,2.124470138190593,
2.157641227190743,-4.267602466343136,2.093880326434138,2.523112188781877,2.705771437620215,-4.131683710406777,2.4414757415775616,2.2554962575309108,2.373274625084714,2.666197265945698,2.297820607549576,0.3625089932109229,-3.907654930133775,2.57616581632848,2.4298829143408445,2.2701352147286786,2.2989060264572942,2.468904553649977,
0.2188812987618236,-0.4786310422719662,0.2651173963630051,-0.09271088846340751,0.3144848250119854,-0.6418886875785913,5.9939665229957555E-5,0.06642005138598789,0.18304976707893905,0.024382625146903317,0.4346974255282007,-0.41846570717756565,-0.07869689293786536,-0.0474724646679026,-0.06674127757806737,-0.148851747743013,0.23638987932062183,0.11967563947541175,
-0.8694371009763724,1.4517016876737014,-0.6787619647215043,-1.211065321935361,-1.019240252357445,1.2499168409235308,-0.612853253649369,-0.605116082532261,-0.7918435486495536,-0.7558975217743789,-0.6935756350587811,-0.8690896455268935,1.35060807464092,-0.9417822606789548,-0.9211415413993072,-0.6933211765390541,-1.0920224889201897,-0.9788422149382963,
-0.5728238109687387,0.9839139515861052,-0.6232754077282547,-0.5328184120068139,-0.7188984776289001,0.7699221412134687,-0.7004420923769498,-0.7202907870247619,-1.0245757354941134,-0.8151185720714308,-0.8642939387341146,-0.3820798179936066,1.2963927305362628,-0.8043698862012134,-0.4986532450108599,-0.6614734582377267,-0.8570223142032914,-0.7773498971811713,
-1.9297565466992814,3.313910694137001,-1.7663617069691642,-2.0680707712906274,-2.0867591671095984,3.0360128611630977,-2.0552080269604223,-1.8594037216503596,-1.9527181624482595,-1.9289225108672505,-2.0488761966595166,-0.5603195486665122,3.155197339116848,-2.174757169378684,-2.1453339539158125,-2.0516993690110374,-2.124618842690837,-2.1155473218268397,
0.8394893924607185,-1.7054175064949513,0.5571900369312279,0.8624903256876558,0.6748866835242571,-1.2883459266290385,0.9477833602342002,0.8732537421100659,0.5363136691786529,0.7074872501949229,0.7669081204741962,0.05403358574533738,-1.463970755516305,0.6189821062153843,0.9442616845464485,0.7829751144168414,0.9951351582810071,0.8942674051921595,
-0.8578943770872536,1.1877864133033003,-0.9207411937323047,-0.6428214875786169,-0.8365743315252526,0.9807878650072178,-1.0606089142724666,-0.659670565664526,-0.7045320871086629,-0.9831389572354874,-0.7471521132254214,-0.4192770072422334,1.3535484399503792,-0.5540409812087379,-0.7650950885678622,-0.7189961365310166,-0.7105943941376192,-0.7146214425319284,
-0.8171243555594034,1.6208508223219955,-1.230626335679548,-0.7455490315517355,-0.8800499061874442,1.5231304653860733,-1.0412129800783254,-0.8981095331706412,-0.7901371920491614,-1.0164922586478247,-1.1577623401611556,-0.3602752856022547,1.1660598316451802,-0.6300347516471206,-1.0845096603825761,-0.9961283258855006,-1.1241423399498867,-0.840007606925426,
-0.7463134060287788,1.3602166708988257,-0.8279695953600111,-0.834980020125425,-0.8841027285399846,1.4595780816298811,-0.8803392556795984,-0.9646296268551604,-0.7680467076562889,-0.9917322326842418,-0.7209307435787554,-0.3652491534037309,0.9917253489692891,-1.0289256890959695,-0.6972036957100477,-0.8216763409917403,-0.8570792536706214,-0.7917715477898108,
-0.9751509524248775,1.3381090137875178,-0.7512687531866565,-1.0181765830609188,-1.0209427545654763,1.2095801397732981,-0.6986660529547654,-1.0360321397919008,-0.8332348762572952,-0.7705112392668414,-0.8327088663290918,-0.4563188387562693,1.436386548367326,-0.8341528212079349,-0.9568519222545316,-0.6640726734841749,-0.6764723833046364,-0.7834863734599585,
18,12
0.06930545118407683,-0.19508279186821842,-0.1550037991438467,-0.09348653601233972,-0.18741184272310882,-0.2539845350412815,-0.03430386749334632,0.016563847388994475,-0.14403440535674433,-0.09202766504572248,-0.09185342303353082,-0.0669730912275687,
0.3542388852731712,0.3846619260682895,0.1940476633550319,0.1951481690211536,0.31285269227673845,0.25278036380176194,0.3938737828707986,0.2895774421298618,0.3296401129401267,0.4481291717989428,0.3380118033918779,0.3510305070655874,
-0.1766268149821656,-0.10782277179275994,-0.17924160909251938,0.031002442606222588,0.019334298574174742,-0.08850000532082453,-0.18895890298869908,-0.0938258410118833,-0.16009672729679378,0.04912840143089497,-0.19504281502401957,0.06258489291893408,
-0.16350674688795694,-0.17681044613369845,-0.07226006397736363,-0.28514846265307986,-0.004859787216560637,-0.2002509227161472,-0.290892722816534,-0.19287970507867302,-0.0017183023257107376,-0.011084187010589629,0.008773688919569271,-0.015181249322055645,
-0.014687249645629287,0.016798169695065368,-0.19497565403629463,-0.023501239120958042,-0.10020462735556562,-0.09270649303107117,-0.13770668317480772,-0.13323985912184927,-0.1036520419628908,-0.23638944050755573,0.033784471835696606,-0.13882962604336843,
0.08093343096551085,0.08223904702522535,0.13571780830345864,0.16508655168876102,0.08430021927472871,0.36262627893160776,0.3036218594428414,0.3194226323549674,0.29941824416765983,0.3138195685097716,0.3363631919339352,0.32205077262735554,
-0.13807214887770367,0.05049049543538728,-0.1363201977845851,0.04367284697243919,-0.03877346191393392,-0.06650248805167257,0.17414993734905726,-0.26410017289294535,-0.051352858991195585,-0.2224122875024012,-0.07232320089273742,-0.23944828914516297,
-0.10360321316883307,-0.1663378189873784,0.06790346898568671,0.1571353930740635,0.01166832405909412,-0.0943373513721326,0.021016147182662533,-0.28957287303413143,-0.2305269669465254,-0.033594324618807875,-0.14667294729895536,-0.03772896393841509,
-0.11671471678631916,0.0031776099967074567,-0.10107671574672077,-0.22312270906823525,-0.2179933623779668,0.031388138669069136,-0.1967763650950084,-0.27498978916406086,-0.06214225594381082,-0.16606525343632525,0.03517035377984027,0.05261383671464348,
-0.20596937297331952,0.06612642633450734,0.1199973971636295,-0.14529068058771188,-0.05144217610605428,-0.08718972100117162,-0.005711591870704195,0.08477830990095588,-0.050470608859856145,-0.27569139306229384,-0.19396554001234184,-0.17650050938989367,
-0.21526993947128192,0.16759058140127728,-0.11651163474801551,-0.024975490303984643,-0.05363566020493571,0.003281201162696558,0.025845374454958797,0.05209715219237777,-0.21085763545636538,-0.2150545761670535,-0.21521251947529121,-0.06917757212169366,
-0.026374029342831642,-0.30492346450346763,-0.21462024815833652,-0.23824236305830443,-0.21967158861430736,-0.1381446621733032,-0.12690369198766083,-0.06496189670814438,0.1176768624663628,0.08067834600113111,0.06480140449137833,-0.043137843084116376,
0.5003573734549274,0.3285730484138057,0.5511830215346839,0.49714833796196195,0.5195146718466761,0.3222896417263418,0.2568366534013456,0.3892667253847112,0.3785414933909076,0.29474848948531285,0.3547694491216716,0.3441632414747112,
0.034159313284015294,-0.11969517865646968,-0.019545547849693028,-0.10281143797817406,-0.21062912047467794,-0.20861221199785968,-0.1102325003044728,-0.05295324817490002,0.046131449331986825,-0.1918371026752839,-0.2378985016289852,-0.0442424216141201,
-0.012338321267319673,-0.005056111008339748,-0.1015832018757726,-0.20284170609378654,-0.022691447007525362,-0.055359176412935175,-0.2211109166336139,0.0463848705950321,-0.18707448503810514,0.05285592464913367,-0.16640907637584038,-0.25441501282250484,
-0.21051108642718466,-0.12854084842293537,-0.026327015685182895,0.06752156145802611,-0.06569672200852752,-0.15496033889802655,-0.12480479023036366,-0.01047387360363576,-0.09031895606815979,-0.061824860346087245,-0.008564663164852743,-0.22038099779801007,
0.10808829420392348,-0.18520109554541256,-0.06593531182041751,-0.17337698620760555,-0.0427760752407591,0.04396867386131223,-0.12530795482720095,-0.3200358557744981,-0.05138186119403847,-0.11109526589287869,-0.22094368835449738,-0.07247444847136342,
-0.20886612680486044,-0.1353341109436435,-0.1239890175006124,-0.1026257462129396,-0.1976651727320902,0.015149358357381857,-0.08850855650384722,0.03963773854211502,-0.245042211768328,-0.05836389594332631,-0.04862425158361108,-0.15114517406102448,
