# Pesos da Rede Treinada TxH=  0.9999999999999999 TxOut=0.07
12,29,12
12,29
-0.48782175066535444,-0.48062629899896325,-0.49866964234529176,-0.3055378051841216,-0.6556990068631875,-0.20762544653967213,-0.33752190479694116,-0.4073538143580951,-0.5682303102942869,0.22286509714151007,-0.5179188931050164,-0.5807053093692466,-0.6538234352714775,-0.44247971367396216,-0.6494607878322851,-0.3774272761871321,3.0081935618577673,-0.6799297128668649,-0.5834372036247005,-0.7552443131815196,-0.5790816167629611,0.15481200070738121,-0.4636461296657222,-0.3812035526816084,-0.2682929055971067,-0.38220884882185235,-0.2720085525759292,-0.2447384696240941,-0.5213427369001029,
0.8335482659064687,0.633634148971224,0.2092286191633107,0.40023108070835206,0.41887544777634417,0.6600789490010496,0.5899749943910408,0.8003327414916326,0.5490464196837116,0.3961951792863828,0.6561912481988788,0.6893107716020371,0.6409053572860971,0.8383291026077211,0.5561319337710062,0.6705225706868043,2.0156196912309507,0.3876270723435212,0.7517409482332726,-0.028088485695309657,0.38177375912908956,-0.05113701757595286,0.3152637013946141,0.5100910465571376,0.643222171308109,0.3193757811358303,0.487169395066676,0.4335452677123402,0.3672092614068944,
0.7350942011136555,0.5530439464737996,0.43485082498618993,0.7924967838889027,0.13956287918440477,0.9059837151838824,0.6715050209062201,0.646079892956182,0.7450303701629784,0.5443600662435335,0.629824798129946,0.5595260702432442,0.6718570873532367,1.011935989496595,0.6492818884218695,0.46971551632438185,2.1382333744352913,0.7875965913728554,0.7816120874786456,0.4710026797068925,0.9308962261001411,-0.2599450027849464,0.27896827727931367,0.6227645372570081,0.6479036744725672,0.8018713375037183,0.6258971124923719,0.4485663092775951,0.610553477483751,
0.058833297208684014,0.05750462555744859,0.17660714324459445,0.2007003939683847,-0.052595656315853535,0.321638356178261,0.12667688370792418,-0.14629182510034439,0.5388630956858398,0.3297168440335766,0.5548506267546788,-0.021132813105383855,-0.04830613895387469,0.4722079939659094,0.0698077618923464,0.13364914040527806,2.5806583447465847,0.49951434817929435,-0.10113360268907642,0.018895373319862657,-0.07390629457268492,-0.045135926778011606,-0.0077605055714841005,-0.029209617417201912,0.09582876412567105,0.2615665667850172,0.12623674613668634,0.19999836656272646,0.05820555625734905,
-0.21422141834029423,0.1623328060486125,-0.15268963559915597,-0.20771236008031885,-0.059393714259479764,-0.045883155253594765,0.04901907313419818,-0.35864633205171004,0.20513105974025442,0.6696522681163387,0.01386113236969223,-0.39318850257004095,0.06572005938488984,-0.12787326844029348,-0.25599420098424525,0.11863508023479359,2.7587504346622684,-0.22368581225485976,0.056812289187235854,-0.1876926192931863,-0.2804522270054189,0.02208475800280194,-0.29611205470791085,-0.3033923814547512,-0.16836985851226746,0.09565085711465457,0.07428460548656103,0.17346867090827278,-0.5151606421718431,
-0.8238389400077974,-0.7962527268790374,-0.9061167822661177,-0.542467057953311,-0.6342262622703978,-0.6171768705313642,-0.6322725059561807,-0.610149716343601,-0.57560663441819,-0.4194899393580959,-0.873658183235293,-0.4399897575168456,-0.9053532382654496,-0.9114317355808059,-0.6749142282834257,-0.3987912057255413,2.6364212411271226,-0.40877880642444614,-0.6621763709021987,-0.7408995840912139,-0.4779145616410155,-0.4368780804480552,-0.5642920167914571,-0.5416140064795569,-0.8436495896564494,-0.47281179814395996,-0.8609295534768532,-0.624492422091288,-0.770578961879462,
-0.9738475103109328,-0.7730491001781084,-1.1161561176944133,-1.1967722289742526,-0.9113268450227955,-1.2231296359131063,-0.8354148270402029,-1.0661093626288969,-1.1529225871714146,-1.0299351966803234,-0.8328488630006712,-0.7839982927557904,-0.7892064255028417,-0.9955806761456762,-0.9649755594022441,-1.1242203888848925,2.6372131784681456,-1.163113424793743,-1.2220036624018173,-0.682952463670739,-0.952559171060211,-0.4016436799797075,-1.1579324034862564,-1.21094804370108,-0.7053937336102262,-1.1067441259858413,-0.9264663956902489,-0.9710699590208155,-0.7713965990457156,
-0.1738574251092862,-0.47439978547073064,-0.19733979140732266,-0.39215509663331477,-0.39504472290389264,-0.6966235624936141,-0.3938047153745498,-0.40667276005247266,-0.43391130270688594,-0.8500352326255242,-0.3939677939100226,-0.45886762928095465,-0.20410467705536045,-0.47743850172371854,-0.2005724796483356,-0.5353629335516784,2.094899866399399,-0.30995456217199857,-0.3522129652391519,-0.36407019196074364,-0.2027292936927459,-0.9033566869616769,-0.17818166526431495,-0.30127831451046394,-0.2385630091532189,-0.3912325077575135,-0.5539750577631749,-0.46683094282882953,-0.3790694082581578,
-1.10306104307735,-1.124491831992678,-0.9493587677562312,-1.164950324240749,-0.8340768047718692,-0.9349865320952834,-1.08996255180984,-0.9513260355976288,-1.1974521635572346,-1.2420183330211203,-1.2906568918950805,-1.0576687460837833,-1.1751189153013504,-1.315541979678904,-1.1358307721691971,-0.8323776661126201,2.162284002846647,-0.9940015190200129,-0.7581359103914866,-0.8681098954368585,-0.971722055793097,-0.7618927147989017,-0.7002284513954959,-0.9541391032560513,-1.1712752761774354,-0.8747014542085718,-1.2414833365887386,-1.0531937282865145,-0.8098724989902006,
-0.9061679613613713,-0.9342450046015776,-0.7874997439833993,-0.7947210403827473,-0.8383012054646876,-0.9903541349057265,-0.9855154157276227,-0.9460031222264089,-1.298114695323395,-1.300547189092844,-1.0776761277354017,-0.9621785390246045,-1.1210674827113847,-0.950752717376867,-1.071246376707576,-1.0607531358743658,2.5544186832611704,-0.8080372454031995,-0.7770102369223125,-0.5522601426542413,-1.1930119479443877,-1.1182106411546209,-0.8125231337029046,-1.0473778379906418,-1.1293357796338368,-1.0945850930179437,-1.2423964839250516,-0.8184472793110816,-0.8319897248219038,
-0.9849084762097409,-0.9650450561487199,-0.8929167607492475,-1.029231768365494,-0.760048317107702,-1.1164277180049633,-1.282918161384563,-0.7451996346060227,-1.1194685487733826,-1.2888962784983977,-0.928493585084321,-1.0034158740790773,-0.7613232007705266,-1.1244271499966392,-0.8550117216658694,-0.9495393285002944,2.323905889709106,-1.1304242465064547,-1.2323403408370819,-0.8915253288949454,-1.1879571484705336,-0.6985158479188887,-1.0206542610098335,-0.9057332408320573,-0.9003890687051097,-1.161046332549801,-1.057231531562951,-1.0571223782904515,-0.8426867463863442,
-0.9639233895491381,-0.7861664497244101,-0.9102222908417481,-0.822684911897096,-0.4400974369586378,-0.8287151963128275,-0.9125167733342366,-0.8718516547134021,-0.5992379102077585,-0.9387455229190117,-0.8204957858726714,-0.4798614571504976,-0.7099181547645821,-0.8292477887307748,-0.4564009216684267,-0.968284079193621,2.4896458828399766,-0.8521705934730742,-0.8757359429268277,-0.6484192279137762,-0.6026638118178533,-0.7983361943042239,-0.561121383702463,-0.5086462402908353,-0.8802629464509122,-0.9940789977512179,-0.8222841733509895,-0.9537160767268402,-0.7677185562474007,
29,12
-0.26573460171834945,-0.10421884951099608,0.020416570491715105,-0.17202205478994742,0.03619288821743991,-0.020730084630097425,-0.1312449638635991,0.03125265443896428,-0.07388692569525293,-0.10285067667621414,0.024953401970031173,-0.16067852379922992,
-0.03595808906459063,-0.13404875183135515,-0.10118656751969218,-0.055554558587976186,-0.006959176504253475,-0.061063805339393436,-0.0562072034198304,-0.14028194348793852,-0.06935604789480425,-0.16743045574804713,0.036798253400181224,-0.03292566489176724,
-0.0018457697659004417,-0.08942197405047046,-0.18299926958607307,0.11240188324742441,-0.04880186033203432,-0.07617957026257072,-0.04068614076357343,0.09410413835444685,-0.15873796571654603,-0.08661137809544214,-0.14153099269955718,-0.044673997481265014,
0.020918006876828755,-0.09223213305771244,-0.027849550222618803,-0.10309325326164666,-0.07920388946981594,-0.034831017270080894,-0.12096090075542952,-0.023596136699457565,-0.15868329572773726,0.07183337536598516,-0.11572873014516871,-0.15151081331978813,
-0.04062514845618035,-0.1131339692917243,-0.0034574990380909433,0.10454298905672417,-0.10706518936133531,-0.02396469900055009,-0.16488899859840744,-0.13066457042154264,0.1132483249495617,-0.08529115143478161,-0.18910847872451994,-0.04549137956757539,
-0.04001028991032653,-0.2140204225191171,-0.012913232798837803,0.015915592211696666,-0.0731921498946911,-0.12259636660185326,0.004548047823092856,-0.054933112939407426,-0.07035006347317159,-0.18810897201464657,-0.13776307022345177,0.0683959406718186,
-0.02287768157974872,0.005102880756289363,-0.14014640873078427,-0.03562706928332546,-0.22746683901006776,-0.057117189232280104,0.00772677471707916,-0.10804134780821578,-0.039823457640013715,0.062363065283506935,0.020535147893724418,-0.3124735377462531,
-0.08466314028304768,-0.14307821861985293,-0.07908985341020745,-0.160148764733246,-0.04985203625335202,-0.16586259868095937,0.059652686334792315,-0.16606300419897344,0.0795282390428441,-0.10007883191051009,-0.12110022814021527,0.006126644194271007,
-0.18609428528918132,0.06606346226491629,0.03647843169188875,-0.17395066862580316,-0.050272572159348196,0.045091167191873865,-0.06981359244263846,-0.07916352667442675,-0.1808305014960798,-0.15544464546982528,5.092906180206536E-4,-0.07818388218296168,
-0.06438963524561715,-0.07013758768351969,-0.17010406120320334,-0.08597252716176478,-0.15700963670074966,-0.030224184347220063,-0.1397942677573866,-0.019406032981478225,0.020125606648020582,-0.018442174060856586,-0.17165982887712447,-0.020315388647334558,
-0.072107610684584,0.06777317368690391,0.004886411635104255,-0.054490917047714166,-0.0869205576586492,-0.18549982388983613,-0.003913075381884007,-0.19855230213227393,-0.04813236248842581,-0.22657449192535292,-0.020085736437811735,0.005531498850151006,
-0.07135442779577954,-0.18813472335879688,-0.12041579989381711,-0.08927314911898036,0.04893900542022526,0.0032438250554405633,-0.1400269068347089,0.07364702536555176,-0.09255830517539777,-0.12572334691258313,0.028749758010598654,-0.1037239375298727,
0.04652340338073659,0.007833770575580181,-0.2165802145674694,-0.13886829083722685,-0.022876713989482926,0.18820779712317912,0.047233756403770845,-0.13899211844418807,-0.0895155233148806,-0.1957872255142398,-0.15009874398209339,-0.0735225108398423,
-0.13372724684879972,-0.11635593231113074,-0.06179425818538688,-0.17877368043970504,0.06402235344579738,-0.204646264179693,-0.09315722365549874,0.041738870961022696,-0.006157447358897284,-0.060213926233874365,-0.10605953259412834,-0.09749426618877674,
0.0201823935548191,-0.05789061472683471,0.15631579481986255,-0.10754843147512964,-0.15177511304600302,-0.05098245353364268,-0.046807062059809564,-0.1004180577140194,-0.049787954096458406,-0.06804056441622498,-0.13977816846178315,-0.1392148172706289,
-0.0342503797841836,0.013806232526234915,-0.13797123693147118,0.0266319867117231,0.06603582001106509,-0.179323036767118,-0.16229746806116588,-0.1276440100349783,0.03136809731907908,-0.013710802468415804,-0.037377100753077055,-0.20637270407705094,
0.7357996429803958,0.6564720582682336,0.7288565289601984,0.7319825872565685,0.7609118790696617,0.7269875700404034,0.754936666805528,0.7903596551165185,0.7575726208315191,0.7848795271051815,0.7532194410534463,0.7885595818712986,
-0.09985359136848243,-0.03257464027627796,-0.025806698436924087,-0.011555149951360503,0.07832984485865446,-0.09711911260621588,-0.0140529785664516,-0.14818448058033243,0.07899053253998274,-0.17468067002376356,-0.15488072122999247,-0.18635035262260838,
0.0037848241008053467,0.030492920890260643,0.0054560253910469255,-0.09072078854371185,-0.07338676219725791,-0.08050630442866027,-0.13736780398612283,-0.18716711226537852,-0.21311167920506552,0.062000355434398434,-0.1756922404682476,0.10685857242596308,
-0.01965453787561724,-0.15795781327634573,-0.09277201307463925,-0.083443774515578,-0.24712940096068733,-0.11287872104311968,-0.16834461467469325,0.01387201514724115,0.054930588337766866,0.030506535858902322,0.06768804034213939,-0.09576997696878421,
-0.059953857884389394,-0.019489880370631516,-0.00688954464558578,-0.21640060125026,-0.15362748119968453,-0.15057337429300424,-0.07569512619308892,0.010041251138538506,-0.055142082453081324,-0.14522472854760216,-0.027240078491312485,0.03370823671433487,
-0.06972924581458863,-0.0691397207769984,-0.23542974899582797,-0.04166076181227124,-0.30465410841353663,-0.037143554605917346,-0.03196546443341452,-0.10975008840806602,0.09029570636183425,0.049065786613082626,-0.054820893882119796,0.022804209077929665,
-0.1281968972777593,0.06152258016768681,-0.14400030451332235,-0.04050308365726262,-0.04202907057325049,-0.06273739394298086,-0.14261550445903867,-0.10714146247969483,-0.12535412527123843,-0.058896034907590475,0.08952895279702273,0.010127487348177632,
-0.11168520918785765,-0.10977678461668175,-0.12157941086865276,-0.02695258796551929,-0.03300047122038793,-0.05917579610450882,0.018342242661297935,0.033805365035494084,-0.06155120165810323,-0.09965122979076148,-0.04675706362170835,-0.150243495364263,
-0.03282179717993628,-0.08289031854795635,0.0931109000404194,-0.09283330656084114,-0.133186864007948,-0.08256635427122207,-0.0014968180019788646,-0.19473025558194829,-0.197702749953399,-0.04841183883359906,0.051335023375143146,-0.07381520375628765,
0.028619819162012283,0.043067353474138446,-0.1737389129033282,-0.034180890900324716,-0.04911419497588251,-0.17252297854353352,-0.1696519958296151,-0.043488252944321626,-0.06857899985498744,-0.047122380043268186,0.06745984828464906,-0.17695893876652338,
-0.12307538154512829,0.016101158906481762,0.02058401553515468,-0.04267488252895793,-0.11183111872453136,0.003660968702455585,-0.058084286104300664,0.04824093792558561,-0.17576677813942498,-0.039988407063304976,-0.2759930795073897,-0.024545479468681724,
-0.12376382613787706,-0.11933745806060976,-0.06223600456501036,-0.066054662026535,0.057712150596123966,0.008605982252953424,-0.08416785880730915,-0.03564783958676574,-0.20007348445048978,-0.011430552830237972,-0.20593957255427056,0.07339703974318519,
-0.17169322372745807,-0.02694150218969499,-0.08833065965372283,0.10809217311034651,-0.05294056424629188,-0.03491584091308647,0.04269808543991635,-0.09864091085735698,-0.1447246906463784,-0.037335233514291376,-0.061526190225200325,-0.11517920792051048,
