# Pesos da Rede Treinada TxH=  0.4 TxOut=0.03
12,16,12
12,16
-0.5363680628665572,-0.4017019602233102,-0.19399913392874546,-0.5497596890252039,-0.31741929995529794,-0.47846948018586793,0.057574426008669036,-0.5750738315121654,-0.305446495921047,-0.4866133696072828,0.29831993761404196,0.3378689357208212,0.536844793725801,0.08871245963950634,-0.48981909177212457,-0.25080277047514676,
-0.3683979114444392,-0.4090702249468783,-0.13926175200938398,-0.4003758428556549,-0.3363135715004877,-0.2875543241377279,0.007562614678429955,-0.28511749160331584,-0.42499090521702154,-0.12881019731512958,0.0705844671431834,0.3559547678871143,0.0896561265532652,-0.13004390131511986,-0.047206016156437526,-0.1336809281093458,
-0.38341096791615853,-0.12056980472087918,-0.5341059179359292,-0.43001485669620854,-0.4235371378559639,-0.16046959318647935,0.13897312526715497,-0.5370778182461424,-0.1684301330308699,-0.5179422655663914,0.06876331430605125,0.22566362896803427,0.10331008335183801,-0.09985857266314255,-0.3951681407802217,-0.48761883549337615,
-0.345818131004093,-0.3483673776666502,-0.2642256851738237,-0.3922035962516446,-0.4216552723235748,-0.09550552795891229,0.14616885234708055,-0.15597844365919497,-0.23824939262277378,-0.19714329125371907,0.23570213952383526,0.3967584304164009,-0.006203572952009524,0.18708681300529098,-0.113991701346925,-0.5160085068815274,
-0.19499127745887151,-0.12781126601058698,-0.05981371869597253,-0.501351590533045,-0.23541565329009553,-0.21154499926798298,-0.17097896305326685,-0.21990646205570483,-0.1497469605916778,-0.19185699763710204,5.751551061366211E-4,-0.02428168508801989,0.0010195691086593815,0.07196437476016068,-0.4765988110620077,-0.2644166629506415,
-0.21283475910043997,-0.33847855299140434,-0.5161294859160359,-0.19928259877706067,-0.17988615058705004,-0.4426682502157037,-0.0669163253759478,-0.3241511236456215,-0.15568764943436586,-0.5319468077093779,0.1935858170582196,0.34075346918610555,0.05997712368577229,0.4094805697967693,-0.4065810449951766,-0.24484340837270918,
-0.3515368608592696,-0.29538660011164947,-0.3139900665913377,-0.4034048455710118,-0.3623130503279987,-0.08877949112056793,0.30813300428262813,-0.2743782353147264,-0.23087184376706932,-0.23786051394597424,0.4087259678843284,0.4613259806470144,0.24339572405222282,0.3876449325916928,-0.10008952798742404,-0.5284161808966359,
-0.10868574842496219,-0.3651740299442146,-0.29059001273563534,-0.13359278305590586,-0.5239056315517373,-0.3618368261767338,0.013274206877729079,-0.14006164226483797,-0.37151456264318283,-0.5467729597382668,0.6130143355605654,0.18801887936070966,0.2883413424853829,0.307013258642293,-0.1379787797579439,-0.3419425001807328,
-0.09796127696756664,-0.15476103526028828,-0.35267535343457324,-0.26772040352520815,-0.13172189554157512,-0.5021168594531443,0.19184102341143533,-0.4674614844375096,-0.15227439546210136,-0.318747595668213,0.38906054310043564,0.2248119647028117,0.35174179877411976,0.45909607597296065,-0.5040457807567895,-0.36192522068347893,
-0.24238167508606503,-0.2779311326257063,-0.2998054719005963,-0.34588767051776304,-0.42093437250045684,-0.24641929164070853,0.3973955792513309,-0.23746232371765855,-0.6024668848958499,-0.21228249227244073,0.25073933962106076,0.3325739400375982,0.5145019046636984,0.6151175666683564,-0.5808078175961898,-0.20252787974592495,
-0.4782276811026026,-0.5471890083666336,-0.35162187542204865,-0.21041892454126684,-0.4255304280479902,-0.35612857982353735,0.048487896279976364,-0.3418144755376444,-0.567655359146119,-0.2114775712986301,0.5719822459292573,0.5043257382183358,0.20255299488446482,0.588065720855785,-0.294882813614279,-0.5303736179568468,
-0.5072839526959285,-0.1508413000272609,-0.4475345150168317,-0.16054450998174852,-0.4707844684742596,-0.41004454840141136,0.07885491042516278,-0.3382460447794733,-0.4828645887674152,-0.5083049412414938,0.13942537949063144,0.15396073117969314,0.2821119544913056,0.05120242406782205,-0.30194794615000925,-0.5673281882643268,
16,12
-0.15527683389397998,-0.26163277213377306,-0.24803473704562623,0.01383780193648998,0.026676205013464436,-0.16883151985212333,-0.04497648421361998,-0.21638243252607836,-0.1627227069191411,0.09211575118118606,-0.24870350968353824,-0.22727141083504385,
-0.3144680864817359,0.14206305878815395,0.0837528723038352,0.16831671581751817,-0.011509290217464893,-0.09104009465187493,-0.048456326944901484,-0.22192035527174875,0.05755642389853227,-0.22512071293769279,-0.15126100733023434,-0.0290475851742219,
0.11779072259359168,-0.18366445307824028,-0.20836974952470289,0.07895745287551786,-0.04407147294970659,0.07910939264125681,0.1235098897166259,-0.19462179112699826,0.02244178536435488,-0.17253922853299464,0.04302765245640034,-0.17449675964695285,
-0.12530080235261437,-0.07402156687286103,-0.2927141698796933,-0.2719972164532738,0.00992626320071899,-0.09671493756190605,0.05247836833143167,0.08942888754109542,0.153270157123774,0.08035024583865318,0.08400544054128978,-0.20770750130467455,
-0.04329463276412015,-0.10434537248922197,-0.2719652359380352,-0.11264980708070518,-0.038120320635337254,-0.29264432345690417,-0.16629936130988307,-0.2992009579926784,-0.4901716893712825,-0.06026339323535652,-0.1744649554902559,-0.14686783232993725,
-0.20824934221183955,0.10431314851470981,0.040912213594057764,-0.18104923656087665,-0.04308776080279747,0.0034948628300260362,-0.21610787087026187,-0.027863802512156224,-0.1611733228091452,-0.19744856518763002,0.0013749987969611458,-0.19216432246708703,
0.16639467571259683,0.09186218712532723,0.21700185283614593,-0.018214926019242444,0.05679055389095661,0.17283970652880656,-0.09538104988280731,0.006687719874922223,0.015932939724673183,0.14380027021105943,0.2153195922671875,-0.010999492166620002,
-0.28770747825165943,-0.24730219725630612,0.04885048412423157,-0.005782250773295084,-0.285156513763558,-0.2345968024461106,-0.10466257998839935,3.1943145800595023E-4,-0.1378250540936921,-0.21389349417889347,-0.24864137760476018,-0.08774102350691314,
0.055534138353846275,-0.17523003026475997,-0.04722363345171781,-0.1359918082773709,-0.30999824120707964,-0.16031063510560678,-0.11922115924421432,-0.10199064099141057,-0.09923545376213475,-0.39830655279982585,6.972413518812057E-4,-0.17645820253453057,
-0.2654843158922538,-0.11927440588750904,-0.04867861907125724,-0.38303114093003865,0.0020771930654862832,-0.0721347517405353,-0.33342940220594314,-0.1764612373203249,-0.32860538999580063,-0.06277534427937229,-0.22031059291177654,-0.061209673014313404,
0.18406264338671632,0.25049712734479873,0.23584070173364774,0.3067159262070159,0.43971532191365453,0.09809117156714327,0.23791629255705332,0.14371024155653653,0.05778363199498352,0.33863788809936934,0.36898433364432964,0.07368991940035186,
0.21003914828241943,0.10799964717197774,0.11191085813030062,0.35882613172685285,0.11837325371353746,0.31303605894338454,0.10892675186439685,0.3382437210337139,0.39135120694882225,0.29944362888495846,0.3324664239336439,0.2667933568169465,
0.11587101406493082,0.0411786274335862,0.02533170663944437,0.12357035972154787,-0.05377072670668315,0.05211782403682716,0.24322908849184893,0.2426770725372752,0.3109813694216941,0.2819693603018444,0.05177874774585647,0.3998824090512343,
0.25445512805180487,0.3151600934544356,0.3133290657543572,0.05195800862390845,0.3490255705684976,0.2699440107711524,0.3851373429781436,0.19491753433140993,0.13716894498093177,-0.07409375487810338,0.003582560921564725,0.2037024161471669,
-0.15414432847379442,-0.3049062892845016,-0.18435515424919585,-0.2586698304259511,-0.37240205646576097,-0.04769220183706253,-0.19698514845960205,-0.027986711956621824,-0.028607940529612477,-0.02862591809003679,-0.19772665775201803,0.0024559831322278334,
-2.4500621643117233E-4,0.022463079822477347,-0.2050741058298034,-0.1644575604827313,-0.3023489293158435,-0.2578863284775843,-0.29079540668461074,-0.2109529278757946,-0.22684611343028052,-0.2820919478625171,-0.3588446205560302,-0.03688340380496926,
