# Pesos da Rede Treinada TxH=  0.6 TxOut=0.09999999999999999
12,19,12
12,19
0.6708447544673106,0.17581353347635792,-0.5964838282596172,-0.7910151389806679,-0.6817756679368533,-0.28260369956203607,-0.5139598299973475,-0.520681008075377,-0.3644798064432844,-0.34301991725971437,-0.3857504526518907,-0.558311456222773,-0.29346320080153393,-0.7076013002364935,-0.3400583554692164,-0.5049494091730474,-0.7768142867851273,-0.5948878358120682,-0.39625234684334715,
0.0676149951515534,-0.07627830919443783,-0.6470251346585275,-0.5079822547436001,-0.4485377121419921,-0.4425852453659103,-0.3219349098514253,-0.12820678060530372,-0.1268056635750058,-0.5657138605887871,-0.5302955437619468,-0.2545450661174529,-0.14495886667825214,-0.3008855064443503,-0.23505525951737236,-0.6596272443680254,-0.3718023853220924,-0.10521421952884487,-0.32474211863089214,
0.2236634322429723,-0.01846709943419382,-0.36657132284690813,-0.46914787362109706,-0.3677233867910508,-0.48980591142414265,-0.5981736582457519,-0.45809016108495004,-0.1491136643727686,-0.37382257694200177,-0.3610800007292308,-0.31552534765955437,-0.12655551410499216,-0.3231585053409077,-0.5123324235898823,-0.47196975785830864,-0.22746385170120917,-0.19635479254187124,-0.5405310797141905,
0.4089700446634018,0.3239679439126001,-0.5883999850633032,-0.3928554180074656,-0.6252373252429159,-0.397033078629391,-0.29720945963804274,-0.304951670931879,-0.42947650942944626,-0.3108589113535507,-0.5795239053891131,-0.6643799096457945,-0.16916396168984957,-0.3201107513391504,-0.5615122366582282,-0.5163899574269518,-0.5944558033447576,-0.5383131919371741,-0.6016750352485386,
0.6324062478545622,0.3140618872735639,-0.44162561487955776,-0.5234879119613594,-0.6690467306919708,-0.3614887269969023,-0.6700454954758998,-0.5962044331003585,-0.31536961681742975,-0.48662990929290095,-0.49026722544904594,-0.7235944741235809,-0.650751288240474,-0.29647883051514623,-0.3801980135210733,-0.4605175594373802,-0.4518835481772353,-0.674806856311582,-0.5350148781291699,
0.46390409635316776,0.2818426006219465,-0.42119700777018126,-0.6328016894174773,-0.6508136717225926,-0.3487653367732966,-0.5481706782597157,-0.4634857185955287,-0.6594853592069408,-0.3200163024644747,-0.45951723632514996,-0.38935210255586716,-0.670855315020914,-0.632602473691508,-0.5665418423616788,-0.5132923512229718,-0.3138427454805406,-0.37705737055480104,-0.6794531357972908,
0.6628918841799266,0.16744930227479934,-0.5903269098078381,-0.4113256410366279,-0.553698420330872,-0.5808060016570781,-0.6150369502494848,-0.3143922889907532,-0.4635327588228754,-0.3587355427168834,-0.4971480019127399,-0.4646885697385929,-0.4905671763690172,-0.5448739397472637,-0.6980206154383488,-0.32767716260229257,-0.5653964318511214,-0.3117082556830609,-0.3746544745508364,
0.24687307184735832,-0.008537008271258587,-0.6038852337428138,-0.49894495878448286,-0.4465861753097405,-0.555540162825479,-0.2211505222876882,-0.39378284975972644,-0.5484996227688957,-0.6361033419957307,-0.43030330876761697,-0.20435875540880974,-0.4388201112511444,-0.42997978202217496,-0.3752510042306987,-0.5276707726641812,-0.4540867726214598,-0.586744318819589,-0.5219033698816262,
0.11413390221092225,0.16188521305698755,-0.4718632668088725,-0.4686656302824956,-0.41959525326844554,-0.6321091887787474,-0.5450707289938405,-0.6462653203375889,-0.7098323502147429,-0.5976767734343699,-0.39170493548575575,-0.4235520047315688,-0.5014904506643498,-0.479094970059578,-0.32466465435216413,-0.38520101584417255,-0.6067196639049399,-0.5148443418233816,-0.49490239246584233,
0.23638484222743955,0.1556911325555465,-0.2930883323458032,-0.5827443736573782,-0.4693549668071827,-0.45929329100684213,-0.6403521472717102,-0.581417669649145,-0.5811853527138973,-0.31656590490508096,-0.5336470247180204,-0.5320710966279,-0.5836417507954014,-0.3011178058918615,-0.3772654642748579,-0.34891478903335976,-0.43489376591649465,-0.6413360859207498,-0.4448484925840258,
0.44249004319852125,-0.14666892125282316,-0.30050538355437767,-0.27350482087636835,-0.27030335844323616,-0.4089253078244243,-0.5059285790512456,-0.5331991191636201,-0.41258848914393936,-0.39179903720880965,-0.4330232255232241,-0.5859161537968433,-0.6076795735685424,-0.4653837788717071,-0.34183952287658603,-0.6875685633247378,-0.4499578543760253,-0.26767387039603074,-0.43615940241763385,
0.3514889227558064,0.06176749746775521,-0.4074689666900199,-0.30565099194455375,-0.20982330633794344,-0.5296447833300759,-0.43972951114291986,-0.4839578539478743,-0.7263297051742295,-0.5386184108712692,-0.6005693554840442,-0.6221452125068282,-0.6228142865646624,-0.7020118019404603,-0.686195402394535,-0.2911113422413062,-0.4274401752266185,-0.5401268232368539,-0.6029800858214328,
19,12
0.6755418070565605,0.6758981685080686,0.7320143727738156,0.7221208553538785,0.8053183859259031,0.699015775385014,0.6836597147691207,0.73410860283981,0.6607775519002425,0.7052651348606672,0.6608980173305732,0.7292588453952036,
0.11639499336662325,-0.032032730168863086,0.006914204346130621,-0.008889134782197031,-0.0894053443552957,0.08290665912776395,0.17305413206393744,0.1481543921943474,0.23770127330372776,0.22779163394355947,0.2609195840420387,0.1600115780760936,
-0.4237675537688441,-0.20163364361747096,-0.351628832456266,-0.01558085507707285,-0.08731859459385356,-0.24696814782641693,0.017795653671534104,-0.1319072138760359,-0.2804453399925605,-0.07995306928618767,-0.31892920516484086,-0.2619959022543129,
-0.13791544686031962,0.06820680321136435,-0.38244933378403434,-0.363463087354837,-0.33011228412058974,-0.07295713763173325,-0.2797056351532724,-0.36390964629121486,-0.1999086500296527,-0.1428699518746539,-0.4537007882002118,-0.21382458405475305,
-0.3401150070362626,0.1591618862195491,-0.05188426529309126,-0.1850216990942076,-0.35251983973460727,-0.34636756731808255,-0.2796937456482029,0.08242331042728004,-0.3455322002203597,-0.3744629305108467,-0.1391811211362359,-0.3191581841529089,
-0.06501398096000886,-0.05022088147705299,-0.1680725077543249,-0.3864020405882275,0.05835369129469865,-0.2708660962410201,-0.18756515837737073,-0.19669450382467815,-0.044486580557664905,-0.07993776674682009,-0.23328503460407615,-0.10316120921222666,
-0.2845209635972474,-0.3142170911677961,-0.29693280937446004,-0.3575380263436933,-0.42265653171782647,-0.09719791606400388,-0.33320399642101217,-0.06197076175034121,-0.20962263296001968,-0.2826465511694597,-0.19269808376110342,-0.15579735451179053,
-0.32846342675966395,-0.2511274488059629,-0.007342807470667652,-0.11054460596287355,0.10467304154212653,-0.10108329754508011,-0.17982862055415155,-0.24774238567146029,-0.4235020116239867,-0.3796980065966288,-0.06621582880193946,0.09887332351558495,
-0.11325639537880805,0.1675922841075913,-0.1999915534685456,-0.09204644773345413,-0.2558904956635677,-0.019254123145616687,-0.2376446568308442,0.04181691652023293,-0.4408919614784977,-0.4617812894868746,-0.052983675306824636,-0.3588172683900222,
-0.1441677591283711,-0.07584267725474375,0.0541726791098942,0.023108050718028083,-0.02849266339981669,0.08531610062963729,-0.33756412942091785,-0.23091894117675352,-0.023466610817550908,-0.2404437536350244,-0.14241365025753117,0.017410954486806858,
-0.15001729450436505,-0.2921447352315846,-0.1944593564452451,-0.14497580556865328,0.02695655145916185,-0.41583614521979817,-0.2142070990455669,-0.2173754791149687,-0.06322858893851839,-0.114707108051317,-0.13458290213171561,-0.4386027448087999,
-0.2990890019279407,-0.296917790084682,-0.008884278873844825,-0.02078940258213654,-0.3000327528074983,-0.48638756052829846,-0.051768066000231545,-0.24728691938760458,-0.2818589999730479,-0.07135248707266335,-0.41949810893420775,-0.004091611829809792,
0.06322138557476147,-0.35026354846982394,-0.005295481443900012,0.05775253598684156,-0.016732722851838664,-0.2550704755975949,-0.1996414010241174,-0.31312176516110546,-1.685062769663057E-4,-0.10233674214998278,-0.34845865207771315,-0.12123047993076179,
-0.1104596223606242,-0.09011182834189116,-0.13947048092435982,-0.07810789611672032,-0.1457170699922752,0.014345829976065936,-0.06639092163198261,-0.3709145562791027,-0.12318920803241429,-0.1054429127421921,-0.43003832599771546,-0.3090360886031435,
-0.2735660670447346,-0.040274943910757914,0.021258049529740336,-0.08070496173102673,-0.06161410080655581,-0.17885847582920852,-0.11503988698038985,-0.28394495688571586,-0.00571697538680471,-0.2746312455995048,-0.2918718212094525,0.024904809923917543,
-0.17915320907342225,-0.0642991449266145,-0.4011800600227276,-0.33815628025758215,-0.19414288907486835,-0.06770559572142999,-0.04225480472216977,-0.05047300812885136,-0.13197114814244332,-0.1538236811057115,-0.07965089077868445,-0.3386277344707328,
0.008375174233742889,-0.1847597338180974,-0.39754347561984477,-0.2579064750631158,-0.02811044726761872,-0.05363206841196749,-0.23816907008587163,-0.39296098638422994,-0.29479919827000156,-0.08978689647207586,-0.28391847502152745,-0.26426406233274075,
-0.04457441405207165,-0.06588052641085843,-0.07161260364597763,-0.13921721363458642,-0.10847579654009272,-0.0794482174415304,-0.1402294788966209,0.010045911675507148,-0.2822413359764497,-0.08840831880559284,-0.03182924362588407,-0.2637798834949988,
-0.3404553218975502,-0.3244975115970997,-0.3466178951274532,-0.24390485611946075,-0.1380363476338108,-0.21826630081021822,-0.23696822029687403,-0.10167023771730295,-0.458366076579443,-0.4254879864077048,-0.13757520690040032,-0.3298931770292871,
