# Pesos da Rede Treinada TxH=  0.7 TxOut=0.060000000000000005
12,11,12
12,11
-1.3857894755871087,-1.5158794483768845,-1.5197563622863075,-1.8978913887959232,-1.7621787523870422,-1.815509545277938,2.6266242340831147,-1.6522829428512265,-1.5508828623361082,2.2519911395779895,-1.348800678119841,
2.063032963236216,2.040540647765382,2.0204099710425774,2.0441831954638867,2.1477580668824108,2.1679040655402253,-3.6564126289332823,2.429451109506688,2.3347264406245687,-3.283806212688768,2.1835906051398837,
2.827316838261507,2.8529039817366377,2.8599510323416095,3.0694330996169423,3.1150095861446108,2.8306703981474644,-4.572685813910202,2.715773685529308,2.790235301373062,-4.31444045834923,3.1176609237029806,
-0.3672886378708985,-0.4375074541764431,-0.10842747534989795,-0.6434888697224975,-0.3758335656611379,-0.47221276558543623,0.7750319919234977,-0.2725430309280389,-0.5013909350709089,0.7794907509984481,-0.5229579830910114,
-1.3070560047439281,-1.5215454328215239,-1.459271590339932,-1.8031527948974428,-1.50083843810117,-1.570678011584098,2.7517435369455696,-1.3704914603037728,-1.70857836902174,2.7098612408131113,-1.5571230597361336,
-0.6125340518907774,-0.5796706254408128,-0.7404169426147718,-0.5855339807631827,-0.6427908558227929,-0.8597015636568571,0.679552187175282,-0.5675381521938161,-0.6490751312980176,0.6698940390843241,-0.7518252773713732,
-2.7064715280117717,-2.7489879404532167,-2.700837305736149,-2.8644235907275277,-2.669156751468772,-2.607459842986059,4.088848993943533,-2.5399477957700825,-2.4816137026848635,3.637541145584352,-2.444502104620462,
0.9351107849678494,0.8255032511902852,0.7984802735010467,0.9465806157869098,0.8399819791310166,1.0093519707003724,-2.13796840453126,0.6827925362944203,0.9225904591704671,-2.017793923958689,0.8257521589397109,
-0.7437964243231118,-0.6554610129061001,-0.606247942127386,-0.5143218073121735,-0.8480406535459515,-0.6045245261039786,0.6465311096202236,-1.0263906419401954,-0.7961469590533918,0.6432095026768234,-0.6662334822119147,
-0.8967030846212667,-0.8599083005472807,-0.9386414572211389,-0.7282476872616938,-0.8953175957843099,-0.7107422864418491,1.214660574179635,-0.9023810720264318,-1.0174322629852566,1.0701371316622241,-0.8041378469092928,
-1.010776222451087,-0.9522633412056104,-0.8493158515916995,-0.8842942331692654,-1.0937833799034238,-0.7666412835051637,0.808619487322706,-0.7681984302861584,-0.8162860739831307,0.9618452497196522,-1.1903689597299043,
-0.9620008224519089,-0.6963693843980511,-0.9473895289258057,-0.6284807054960486,-0.5648861642391014,-0.9299127719265009,0.8857149036983442,-0.8346817632949508,-0.7360448595590959,0.8700690241832978,-1.024620283126989,
11,12
-0.310121038532881,-0.12597150794857942,-0.3653119574018592,0.009833916631522135,-0.14630205063529483,-0.30861373934140646,-0.4466740873522747,-0.174472385189771,-0.29658126088187153,-0.3447883404091847,-0.062181559825295184,-0.1009610692547946,
-0.03792003429234556,-0.3388288201761132,-0.252153778040129,-0.13128395439340718,-0.2771771105067342,-0.30308210047760287,-0.16546646518142524,-0.29043928446972894,-0.22319758650016883,-0.2884272146919058,-0.4123236885441644,-0.09423776494147003,
-0.32228863359915383,-0.014524463303077308,-0.1631356639969836,-0.2302745632154716,-0.23741901277995503,-0.32380164360961117,-0.1030531044499784,-0.19335182790619673,-0.20115487927456152,-0.3260262503321584,-0.16151597705121784,-0.42527541920039774,
-0.36665946123126697,-0.2893769464262403,-0.35061494480782146,-0.3586337203852529,-0.4538678751168279,-0.010192510174024868,-0.3317352443427653,-0.35064431364249027,-0.023247034822654777,-0.13948942122857624,-0.14149812117361124,-0.47748310070197214,
-0.41324969291639996,-0.2671464257857343,-0.11184902729994713,-0.2982974188612754,-0.14477090188566477,-0.3736529992694789,-0.19285894805574327,-0.12794771902399205,-0.3427552391899972,-0.09457154329172156,-0.22902009034481718,-0.3085200127924702,
-0.30303721944742046,-0.3507867167116153,-0.3946473990706286,-0.2652949940401541,-0.1397930383682944,-0.20020491360056022,-0.27095208603295073,-0.08773887278702903,-0.4212494008392607,-0.1637500439667441,-0.3175607015819789,-0.09575100126093126,
0.415926724454668,0.3663985126227822,0.4411114996183412,0.26422893268346276,0.6251868970966079,0.41520717384183176,0.6339348489885899,0.43962749658464856,0.5202982442563169,0.34734148953165533,0.3608663188479966,0.4867521843313087,
0.021505552984076186,-0.12060706680658188,-0.20090427927232565,-0.2869530442256811,-0.15866193667002673,-0.07728891747521462,-0.23874043740292047,-0.22979915032310788,-0.291795655871525,-0.3667951162355456,-0.31425332971812947,-0.37190817540554433,
-0.13276916899143665,-0.06931394443873207,-0.25393875794306814,-0.1631401181588029,-0.34735472826555025,-0.23108667601864324,-0.3206648776354752,-0.4131588456680129,-0.11689260237467514,-0.25445418977241097,-0.29782043183468326,-0.18160560841839374,
0.41751876626825024,0.3792975824665784,0.38455078520329894,0.5453927802868913,0.22997603646935144,0.4132582172376949,0.2138652669181476,0.4416767134081649,0.34310335911581524,0.5569415730748086,0.5185294440968546,0.3963384987175257,
-0.280847894632796,-0.29662670752266806,0.03755496442730244,-0.2982854080500582,-0.23986424185745667,-0.2250262978012384,-0.08814479501811098,-0.3609188057749071,-0.2728640258535075,-0.31594546708757254,-0.29538570450740315,-0.1420484742229239,
