# Pesos da Rede Treinada TxH=  0.7 TxOut=0.01
12,28,12
12,28
-0.15020866511674857,0.36466327694849227,-0.4589616800826399,-0.3667188878050144,0.20698294839209597,0.368677117121643,-0.11806819931365936,0.35525032242992877,0.40562471972246816,0.43642956505705116,0.427553186717231,-0.2891433494044219,0.09084451366053775,-0.20608899315578083,-0.5856373124804699,-0.4491686049892269,-0.08477358539175338,-0.41284718835473794,-0.19667691558439335,-0.2763460158015025,0.39052584624609465,0.34880616392600544,-0.5863127635140999,-0.46288168667384477,0.2639885967970749,-0.19583673526349457,0.3434869648639723,-0.028865347331974045,
1.164503786116316,-1.0050760141738144,1.150314502630751,1.5291524608084341,-0.9534559888542385,-1.0022256350205314,-0.057547466177579366,-1.0475544155005765,-1.1305988654870858,-1.6585071705382357,-1.6724506580934795,1.7521888108830344,-1.1289216378177878,0.9199938010847604,0.8484214590583521,1.3812554916028388,1.383571200863074,1.284177762646803,1.4494540802222178,1.5113588911137026,-1.005934517316536,-1.3075299908310998,1.8871113495238694,1.3142538022219636,-1.5568678095794557,1.6057288236213954,-1.5934478435262902,0.7536823895804498,
1.314831499589949,-0.8253096762471919,0.9540199299829231,1.2100662425114674,-0.9506591042427768,-1.1882136636281933,-0.07002580037598967,-0.6190968303139531,-1.0000580475453258,-1.3726696680294213,-1.4312691670059214,2.0416307400061533,-1.0307787685002252,0.8842470477049876,0.5997367260066676,1.5897599578617152,1.0694386651477574,1.397920813324311,1.666142300206868,1.5486118268579896,-1.1795996590705238,-1.0350738840054572,1.6285589228011346,1.2383105573103963,-1.1314123377248977,1.529601855020269,-1.343730557716324,1.0584649085050637,
1.0001588300149578,-0.5781216474163079,0.7386515083254768,1.0048928975855458,-1.0384363519557196,-0.6237699570975858,-0.40592477344866423,-0.48017271669276945,-0.5874419304506786,-1.1048766007116542,-1.2042760102053192,0.8542273291176992,-0.8241052171348825,0.7780218590029179,0.4107319053271744,1.0036452944987568,0.808572323263954,0.9908229954422212,1.1931487844365187,0.7872267072846686,-0.9018997497031808,-0.7975393489324365,0.8280311892839101,0.4631878992659793,-1.1004111594547792,1.340002732473003,-1.0234565911605829,0.6083292737992524,
0.46974736972311265,-0.30943975555078873,0.2329418249896608,0.5496696187676363,-0.25670064929614683,-0.34280237291162047,-0.08436415232742411,-0.6695668884934963,-0.5262328905234593,-0.3752253160042723,-0.6547705451486688,0.5227469654549918,-0.5583586438776365,0.057146338137783456,0.09533696598161108,0.6522582371048029,0.27628952346669794,0.3696501581040726,0.2958768165105971,0.4811270058018589,-0.28528177406067706,-0.22730775160363292,0.7731178367615115,0.3763846847487127,-0.6733910523878037,0.7272871802608583,-0.6763703604241226,0.40352236675530234,
-0.3877577841869219,0.4141182434952098,-0.5221189992423628,-0.7306560985143437,0.3111780584479623,0.5180827016371778,-0.16820489225961927,-0.03889430162364665,0.41491748103653864,0.49228166789485184,0.3106153597417403,-0.7173328919062235,0.31784395921221015,-0.494571807206755,-0.6976808102435241,-0.6691788415705083,-0.4042791661100064,-0.32858376555889324,-0.4673816327332818,-0.4709392502690074,0.11811659580894082,0.3845207668827292,-0.7302654604962018,-0.5652791155351065,0.39742547844598686,-0.47280366105548477,0.3821816461466522,-0.46777263361950155,
-0.7137690138951082,0.44838297897250956,-1.0602354625144392,-1.1141930813283993,0.6805767824135638,0.6746222896268779,-0.39816344218899175,0.6114961614508171,0.7882905870967825,0.9591600895806363,0.9639276249989351,-1.3041011865481118,0.4068986772088489,-0.9780175988054549,-0.9103569805387675,-1.1301171540856743,-0.8519681973375077,-0.8254960015791438,-1.3673750020141668,-1.2544598423840527,0.9994326527243825,0.4842867228266541,-1.154003935506713,-0.9203168691458884,0.9708406046792606,-1.3455036528473194,0.7786229922188748,-0.7860187768411085,
-0.2441740656884213,0.0654125045925635,-0.05380343182497684,-0.2525900281172565,-0.154072385247629,-0.08352389622283425,-0.07470003725108723,-0.1539032081381939,-3.289175083537139E-4,0.1599897771987741,0.007912483891083521,-0.2800044084765439,0.2506947782483342,-0.16189962471317326,-0.012016826318123074,-0.46894561043654825,-0.4823970072185796,-0.3523303641173497,-0.05542372693744092,-0.32044639166000966,-0.035637628938149125,-0.11358102368116879,-0.29146823992203763,-0.15034279040735285,0.2506446131160648,-0.13633684430375825,0.0022419050514933918,-0.16282096531903964,
-1.2581785099866314,0.7430357526840767,-1.1775246620403517,-1.0011014452779756,0.9037116796997076,0.7262586611129619,-0.2087103020495039,0.38580075701296634,0.9159010502625173,0.8218318500933436,1.0829622115160837,-1.6373312354728016,0.563314549728733,-1.1480149954557348,-0.5526582037999712,-1.410646836974103,-0.9088747118425269,-1.189569816602497,-1.1748353012598651,-1.425727466526645,0.7479307333111035,0.6815355859870291,-1.5190329001372571,-0.8621773180394305,1.3110320757817846,-1.5690313181774347,1.0183798176221381,-0.9267358896263008,
-1.151600847240076,0.7316848766785815,-1.1965937466687087,-1.263162158956985,0.7231430750715091,0.7482858597747677,-0.2212505550483321,0.6246622917389565,0.8329564446715395,1.0600790243808935,1.2120820495373934,-1.6429356019815204,0.9707232386618343,-0.9489665318608989,-0.5246403993172043,-1.3776225879830746,-1.282768334147618,-1.4437515476680138,-1.5520524461691156,-1.2822097104314187,0.9666229352205481,0.7521312014447704,-1.5398771967254845,-1.1452155576671728,1.1155315623749464,-1.5522797880442192,0.5896635388991149,-0.7166891044329817,
-1.1234968645717138,0.6224713891906422,-1.0556438335265064,-1.3237940959455077,0.5435356852013191,0.9547260887579692,-0.06309074769350233,0.5312135299145858,0.9102505980914682,1.1699298697114688,1.054085374635973,-1.5223053264965754,0.6649480759690249,-0.7684974321012747,-0.5272122577016243,-1.2929757279307665,-0.937671268637304,-0.9964009863839105,-1.2183949910538305,-1.3896609322283129,0.8295176754890942,0.6078978904825036,-1.5755500384457632,-1.0721382369601944,1.1788630990205553,-1.1122097725305953,0.7391997760481517,-0.97058584296105,
-0.8829258963618247,0.42212305679401535,-0.4473927758339083,-0.6499814252641597,0.5738682651828214,0.37909996115439853,-0.3246625236684655,0.2539247186126223,0.40960975346344997,0.45607449395713046,0.6659580050813098,-0.9330268684435024,0.5666834784678751,-0.611701963777958,-0.6860422146193682,-0.8423437703551253,-0.9421632887880017,-0.7994939526360482,-1.2204788920292995,-1.1129554949125837,0.4528816316008491,0.6762500583496694,-1.2317337405352697,-0.8238229349315799,0.48156758153726237,-1.091741351602958,0.5886191557907493,-0.816223155013082,
28,12
-0.27313593073532505,0.041839678164578856,0.12078046322578317,0.045503143667115574,-0.027319646288932523,-0.0631082308078187,-0.2869940911066092,-0.06732641842634596,-0.229626821061346,-0.11716531582269435,0.008449022359652539,0.023348608517115198,
-0.04519741918886756,0.007394763614816485,0.21394105698833563,0.3068257409873653,0.2671963434574476,0.06626859610746903,0.01712425197046591,0.08020178811593072,0.25184415899336854,-0.08965868027942017,0.14851898151000245,0.07633899320081192,
0.18988678820484628,0.08220392026161974,-0.3816150767651163,-0.2379663859028059,-0.27820787673853054,0.1451852906036042,-0.13106543602320345,-0.18845707640901482,-0.13068354661319956,-0.1311363796523955,0.10391984239202505,-0.08015996865371193,
-0.1514210107491368,-0.18197728909424277,0.02786811958169609,0.10226616815825892,-0.25869808039145337,-0.12901919975842524,0.0166697705329491,0.026261813660886462,0.09633310569447205,-0.18526780489747957,-0.28959345817817483,-0.1511740565760747,
0.013615670016143186,-0.04519839327742764,0.06509738022665777,-0.08256347995258494,0.29141845542515776,0.11190399662820395,0.19764684547712802,0.03428251217737078,-0.002412882265039865,0.331029545241386,0.01764436520368487,0.1446354341265775,
0.012653709124894974,0.3015788369595558,0.1982936768178109,-0.1344969570506393,0.33970237122591307,0.2883068491996047,0.03821837656217046,0.054956141049606604,-0.045929753985278536,8.607175984462792E-4,0.09770329286246829,0.25806205718092184,
-0.007564642610581916,-0.02969415531647154,0.05497018386267912,0.11790753025093598,0.10991177267140362,0.11412647405640745,-0.11446608333971749,-0.08689266581423216,-0.31552327239509415,0.24040527414325913,0.18923406487293598,-0.09031964133297864,
-0.014939094561113538,0.07369061857583953,0.20712043991092785,0.005775773098906213,-0.13706439486777122,0.12437818409898511,0.13325193919376474,0.1733586605463923,0.20438895462614967,-0.006696717737374633,0.06658948329416492,0.030465382370596112,
0.09051536118700326,0.1019140733793136,0.10191191473258211,0.30495671195114576,0.012744918037912823,0.2341851433705403,0.08836463543948275,0.16853903026426012,-0.15281330382228514,0.2370201821083116,0.07530124900171627,0.1131546759021243,
0.30066607488255315,0.2434072537288654,0.14278694378649326,-0.06391137752390966,0.15277333071771232,0.12075313613245932,-0.066113930951432,0.11471159859365511,0.22183630277546848,0.021382677800907173,0.1284610256469064,0.16766104415324884,
0.13593022955923403,0.05637008083361085,0.07272727139202972,0.05204283125811206,-0.09227105886656851,0.10219900239726076,0.3354433407166723,0.20406378511164863,0.1721783410579089,0.303366032371036,-0.05484788718338694,0.014369103302597962,
-0.03955599481825694,0.004644083763440934,-0.36959391088230287,-0.12303901653122554,-0.08422531459992137,-0.1599353361849431,-0.21897960985332943,0.07214300623558625,-0.26913366928305543,-0.21946566689483016,-0.049861728830092,-0.15516696145394962,
0.27979051123651355,0.22590067924845242,-0.18690815895953547,-0.019403787812041908,-0.08412129889171982,-0.05600252478137344,0.263751595379614,0.23288505159966502,0.0658356034363904,0.00519501956334866,0.1855733527428828,0.0165569200384877,
-0.09609840103873693,0.22825756335852876,-0.18288829333045886,-0.2080284057323884,-0.06115313904793753,0.06306296362131963,-0.06641051698954682,-0.25879820881306087,-0.007034547040455687,-0.2819674450836491,-0.09172857832414819,0.12328636087050758,
-0.1574069837119841,-0.3291317310142149,0.05874029666602942,-0.2037812173861649,-0.07128792936890102,-0.06642504739659677,0.04873249393097944,0.12192128907138328,-0.09674725527827982,-0.03429585861837938,-0.15358157990186386,0.07497045767020542,
-0.20919688812512013,-0.12359457163847294,-0.2179862598153519,0.19604992595928375,-0.13483658712594287,-0.19928569325016898,-0.12692726039982366,-0.3585293306204026,0.03948628274293233,-0.003614441534008402,0.04604416842131956,-0.2947209858661098,
-0.18234153642641018,0.05618609884287725,-0.09537295159513212,0.02972160935651038,-0.16062286066234016,-0.18887726391649662,0.08992504209079777,-0.001575507158142876,0.04992618340111194,-0.22863947695587214,-0.27402422127519266,-0.014800289368107643,
0.12158942493228342,-0.2105816149810386,-0.04640926669832201,0.15491191800060686,0.04373979198953462,-0.06665556958298134,-0.24857966961258673,-0.30405373693939103,-0.05806080230245843,-0.2447069136802141,-0.17414494943387968,0.04993275355184123,
-0.19374095663255844,-0.22313176077693284,0.03628445518976368,-0.288692081581028,0.03351518507985182,-0.2064552219720443,-0.1279749214844968,0.08338433507793003,-0.21271291623640673,0.010047820009166823,-0.31049554299516696,-0.03852748566461095,
-0.017955829490510722,-0.12266802620416124,-0.12281259575413767,-0.16996976009828663,-0.16120168132189724,0.04904186176461853,-0.13178405220801528,-0.30759035614616687,0.08290552185924273,-0.0821869252414664,-0.1970582330628209,-0.2682596031244253,
-0.015688844662109507,0.225174225861081,-0.12674046984479548,0.2097805839612189,0.17320547942089967,0.13721247915594276,0.13760666408165687,0.07491766822059426,0.12408990586373941,0.21938061535032535,0.15067698873755583,-0.009830776411346368,
0.050255447666531235,-0.24323101537632788,0.10259417094423512,0.21806940616238774,0.025348485009684136,0.18647183722343172,0.02616976110929796,0.17859050051595074,0.10489492809510821,0.04987160755628346,0.35317454845054264,0.006600719504332303,
-0.1913315740963744,-0.20804415230782305,-0.13678729472838125,-0.22136617375073275,-0.1888727095416027,-0.1183396284009302,-0.24579358172640153,-0.06888824278572979,-0.2619510915062028,0.1808799220528563,-0.17928000157204943,-0.11776041344815286,
-0.23195974063655841,-0.12949363080367626,0.00496745881068521,-0.23669602398010434,-0.04258017517213103,-0.17896664946462948,-0.11994623438650645,-0.013497326559111492,-0.006341241139176019,-0.18777257503593697,0.14106840396658288,-0.05315571899432695,
0.3137354327384965,0.12356917896504845,0.3004933248350917,0.23297494793842022,0.06109336210386847,-0.011927304450537435,0.041537384365099406,-0.06078691562462978,0.2153771474246083,0.0737672332260686,0.08053697831849886,0.2469827783041025,
-0.1312018390073376,-0.15015746440892605,-0.018128971142845906,0.03628651464701759,-0.0672280731499938,-0.11311587099528404,0.0936392599402316,-0.03843188651870179,-0.31401733408913024,-0.19422550385656903,-0.11008943699276999,-0.2831885162388878,
0.060204148286933205,-0.09482714001798478,-0.030920836941344967,0.014814122799591094,0.10963966831992578,-0.13859401282104156,0.10720521016432888,0.16112997117344424,0.23458875893058234,0.24243542065766616,0.09250339343582148,0.1842834632417966,
0.18193064324798944,0.15369588924617517,0.0034522703248509377,-0.21881850171860376,0.04361981161779072,-0.19471537175510925,0.04126200623705532,-0.21925552797107858,0.046572732521090884,-0.09824082020172603,-0.1999340121083642,-0.15654878470654654,
