# Pesos da Rede Treinada TxH=  0.1 TxOut=0.03
12,22,12
12,22
-0.2842510366142046,-0.19398606242494998,-0.08600028627018443,-0.346772591150056,0.14619752879339667,0.02053640008265211,-0.270327500580295,-0.25050416685136445,-0.3957050075403936,-0.31733368761152425,-0.11529308639793276,-0.32828231801631363,0.0013383891076851591,-0.28691429133975227,0.22520964645349523,0.2301274014958418,-0.16150327625674327,-0.3554918081199126,-0.009940591746222879,-0.3082983207779193,-0.40309092564197285,0.18306787306608235,
0.12890914815515622,-0.1563289828022715,0.013655269390778687,-0.22220091647464058,0.12140275673802868,-0.3062393204223412,-0.005450993190789459,-0.33594513087659805,0.042374740078147385,-0.13158697675627365,-0.2348068230354226,-0.0304695899225402,-0.29910686806694886,-0.18612736145156453,0.13954946131093504,0.01924511833264926,-0.14551781460615543,-0.020359608489475583,0.18102963914551978,0.09509722651732865,0.0014754940903179395,0.0810290780700691,
-0.18376034949968065,-0.0038164415980849547,-0.027003044414959647,-0.1700372627076532,-0.2107072031838372,-0.14886593591485778,-0.22002363334155395,-0.18469418755822375,-0.08279235063291696,-0.11611090349901197,-0.26768164659327387,-0.11893427385329201,-0.07369102794365301,-0.19251646687263033,-0.16154093096117894,0.14612782765043156,-0.33923690731603806,-0.24259641539762697,-0.2169063326897073,-0.347283346226014,-0.14801428154784477,-0.23652597562437086,
-0.18088783901985978,-0.12960335179552643,-0.4271347288595638,-0.1166471306948755,-0.06072748116509121,-0.2371818142424593,-0.21772546862960324,-0.3727267964604089,0.07255550913544465,-0.20854955658448251,-0.06523878720608219,-0.19796788512732358,0.12548396906147802,-0.12492660685332282,-0.11873126179369148,-0.0340916306408901,0.13198574202308982,-0.09386983887241687,0.062267892222402886,-0.18288705220504883,-0.07138029802979177,0.034966468582535846,
-0.3022436315140959,-0.2648957604705353,-0.1563969208515564,-0.03556848531278276,-0.28301119025894117,-0.12839695042332155,0.0023735250883009304,-0.33442564470553476,-0.20579237643826198,-0.3066419684507921,-0.09716929993738403,0.08893262120087493,0.18929740149677607,-0.2826862476350328,0.15669361436970794,-0.05943013526372305,-0.21050076009303884,-0.09265985034733336,0.24526125132782634,-0.30966711442065054,0.08002661391166228,-0.2193036312404254,
-0.32358040227149004,-0.18687619608257522,-0.43769450611481836,-0.002743808917810181,0.2643539232283927,-0.38106284823327014,0.1574818240636779,-0.24931184743706253,-0.09718530704749088,0.06217867238980096,0.04309183200484914,-0.1761524311592396,0.013781393603897272,-0.03001172497487436,0.28581604079036954,0.09747118184740476,-0.3939698561461736,-0.24217847024289674,0.10714183149792438,-0.03593690157297111,-0.267312301986932,0.01071601558978956,
-0.2029180651592751,-0.308949917706085,-0.35494477226400906,-0.21353756520456305,0.15506342310068397,-0.23692500401660607,-0.07966998967702393,-0.05290764220798237,-0.3502387247059495,-0.24584994784404882,-0.22612440193527342,-0.05944217277079437,0.2968469014263576,0.014081648121790295,-0.14777399451689752,0.011190594850431976,-0.138041481164315,-0.3412861895511516,0.0888769712794185,-0.38731006040190197,-0.34419621398189754,0.002798885176232592,
-0.32722381666618344,-0.056692305983998555,-0.08667926133177721,-0.1302693228039734,0.17429357444693752,-0.10287462059846414,0.18076517868272038,0.03329216884740387,-0.2711366354942807,-0.35721830995312365,-0.4386206685453771,-0.2926809460779356,0.2771390605081192,-0.43999041345629475,-0.056823622022982745,0.3777017090288456,-0.07964337689013509,-0.138018322346357,0.16336193719409353,-0.36746755880817855,-0.06985884467630603,0.45178502500610523,
-0.17068422474109532,-0.3290661769136306,-0.40621611520180767,-0.09007603583812751,0.4851315696804728,-0.26436478006550806,-0.10434842747728351,-0.33606875611256165,-0.005165711476025083,-0.431630131285904,-0.02043044630769056,-0.40390011388160724,0.1327751570182022,-0.16497421160568113,0.3460205076350309,0.12268537558017825,-0.001507451833986919,-0.12011845949446198,0.0845181260860687,0.02437642001518363,-0.1928397672779918,0.5105170770604581,
-0.16039602085033927,-0.2874349812085202,-0.21333126465792623,-0.2616044100659596,0.28831330377205483,-0.021104012376401582,0.18497031506281914,-0.1285259927487014,-0.004212307814868769,-0.09729659564853606,-0.22468141325857277,-0.14429977076364986,0.31048183524390766,-0.21027315601339946,0.1470474748811768,0.2636128142951269,-0.45314652498740465,-0.2998656370960067,-0.062190714391515654,-0.4001269028563114,-0.0664934760816528,0.4936305531871296,
-0.21689357000389,-0.3669696853048571,-0.1237417684924357,-0.4861914108180761,0.51927209052625,-0.10542456103422794,0.06392207902120688,-0.06050204592359795,-0.004767009665059447,-0.009229148708483657,-0.46447084649938636,-0.06213771414745468,0.5541237165146621,-0.19865629636133025,-0.07903054700818107,0.46876043011942925,-0.05510178855013609,-0.37904312522111955,0.18911255223875978,-0.18352324064302242,-0.3844143449020291,0.23636541961228408,
-0.08699585624975568,-0.051099514661367855,-0.08666653577371358,-0.12715710336893726,0.04180988394159146,-0.31635518868093776,-0.06567308976642575,-0.21049784468687313,-0.394913546777704,-0.27185137293449324,-0.22426520305445846,-0.37773568059648216,0.11130157229764033,-0.2795588766273718,0.03478330118854918,-0.018275782771925337,-0.4387163787217701,0.02141866939604411,0.05916084697949302,-0.11163113021897637,-0.4128933335491932,0.13505050753791642,
22,12
0.07355558322610842,-0.11467514462410813,-0.06453752044307634,-0.2566287167599541,-0.3541447433163867,-0.08679636779477114,0.011327568590930578,-0.02335390694668157,-0.015587564835389386,-0.30581160602148916,-0.15849639175920024,-0.3909979540056944,
-0.2958048151969756,-0.09059320100227085,-0.2520522447226112,-0.0911982402554557,-0.08204941340463892,-0.25886770678906185,0.10381329825425643,-0.002967893704762686,-0.04946782006620929,-0.026144841590103267,-0.2127685301066145,0.0571677382464645,
-0.2472618661022035,-0.15764799012698177,-0.22154488026697539,0.13482401195851879,-0.07469379159328056,-0.22503433485899743,-0.2868802812133654,-0.22768410415574705,-0.06462903902360856,-0.026413109049012857,0.05293399107464125,0.05097924078703166,
-0.2654829665008879,-0.19187805706729655,-0.1235302251517818,-0.1870355364427139,-0.03753683028501483,-0.016555559133128606,-0.34386929139289857,-0.1561723580895208,-0.3165688931975092,0.013935924333158259,-0.18775553490562794,-0.4077505545079801,
0.3572456260617735,0.11346057459226057,0.40338179146558334,0.17961983246960123,0.2857171645919654,-0.09371405969772473,0.26908682386885263,0.34083258490536156,0.1990438941914384,0.39329944682147955,0.2056097665641499,0.45217370090267406,
0.0845595387150823,-0.07362579298543959,-0.10103523895548483,0.010423000708578314,0.15469547407044304,-0.02863273075516047,0.13362327861810402,-0.18136857808079032,-0.08648276944948736,-0.24765494232997934,-0.10829369925796326,0.09330058809445231,
0.1731601333102493,0.0029718023747753288,0.11571660323393547,0.22127378633514194,0.025908401955107244,0.22971638957081125,-0.10393143429703883,-0.11549927911933201,0.22477283560007846,0.04157174529021135,0.06763840941815524,-0.10513109531163967,
-0.03203626032948155,-0.20862734637896982,-0.12287414530166191,-0.20763859191557119,-0.06341028063303471,-0.33758506814327716,0.11328949734538436,0.038384422238877794,0.11656286038190747,0.14515071719850078,0.15110389935003798,-0.0580464909503258,
0.07087993393616161,0.07773279877051152,-0.15079854743264937,0.10720249948089966,0.05102268846442828,0.03704859821848486,0.1437710529079339,-0.09286345225703678,-0.038586922595221396,-0.15330494123752667,-0.29098450151066635,0.07035788764065319,
0.01284155339124716,-0.03257764253030388,-0.293026447557092,-0.11189295807815072,-0.11155736654712006,0.009524019991675542,-0.2546115101609358,-0.24861131770551326,-0.0881986501364798,-0.2069702564208055,0.08427478260173839,-0.06225932582621284,
-1.2956950325020513E-4,-0.03938232465050529,-0.007273989397622146,-0.029858353028933204,-0.3788211009403867,-0.2698837503619981,-0.29677967150545975,-0.07556481352718539,-0.4191553408299688,0.047339126524624235,-7.521313620369573E-4,0.04436573469358711,
-0.16313768246257912,-0.04555468443238586,-0.26146127869329455,-0.2854768890431611,-0.22124589914702927,-0.19937979274426323,-0.1843560783273966,-0.2802576783410694,-0.377131751487707,-0.3695053288227577,-0.14939505635289257,-0.11196161538488719,
0.26887034293984907,0.3641399458086779,0.017833168788175625,0.2717699029350428,0.3545937232055474,0.2353300330702042,0.19207974118297264,0.5339279268088784,0.06716652148678647,0.1949843805333083,0.2872885857716692,0.36707316217580116,
-0.33080955552650687,-0.12228495191808274,-0.07348529861995362,-0.02955611672678848,0.03174497502492749,-0.0831381139161788,-0.24909461988961443,-0.14757795474697158,-0.05760533837467586,-0.0021348997588556016,-0.03535790755402483,-0.15159896113108015,
-0.15514811917963792,0.12225451682436067,0.28438140235950743,-9.370453738013203E-4,0.10598947273277447,-0.019665645064287675,0.14967064928624582,0.1138527579779515,0.2382962215850905,0.2310478128970599,0.25042782632448823,-0.05471042383701896,
0.18099778981801823,0.11367338024114544,0.34073461243848635,0.17119704395708868,0.34033943108983683,0.344301917227735,0.1421625759966388,0.0734460246917492,0.2923037219975387,0.16963019717995376,0.36957651523722235,0.2880030798130208,
-0.23453319940307604,0.100739780889291,0.0537754483603946,0.03252286188463736,-0.14411298293222122,-0.15648319236961297,0.10721600490337838,-0.13318634264845866,-0.20232365634277166,-0.3326126801959787,-0.1889206487808573,-0.20215671320552409,
0.006532866759904867,-0.14292777749551333,0.08493074579920204,-0.22868271562345235,0.029482329840441572,0.13958061443943487,-0.2537264573624478,0.09492568236689232,-0.09349841859494466,-0.09898550568606077,-0.3432537897320752,-0.11038346974182288,
0.23281891336720567,-0.11776916819207749,0.20745116931271984,0.24315478407312935,0.03711949909775084,0.2546614346794768,0.1199021325126377,0.0798389945220187,0.15598848561712267,0.12990797808384977,-0.19043977032599355,0.10097491819871224,
0.05421871751400743,-0.05217276848416029,0.11759690338408893,-0.3276507741362475,-0.3341774526089327,0.004886483490785693,-0.15846095468663218,0.021765960363627712,0.00851847355419618,-0.01952345090901779,-0.009867676973924967,-0.24701954242779584,
-0.28412415488540915,-0.14460706143417437,-0.11227915491741931,-0.020196558678589164,0.07315772604225301,-0.04677883951133475,-0.021828969776273483,-0.07227919676380289,-0.009395314966362185,-0.0801670839509148,-0.19148797671663204,0.008900027431638967,
0.2849830474234754,0.4868331198984158,0.03192939445580654,0.24617373536406936,0.13854969334655307,0.4213309071336753,0.47334039300176495,0.27722884121798186,0.33766290643370006,0.3148784120129979,0.4208586085984849,0.19998974317876747,
