# Pesos da Rede Treinada TxH=  0.7999999999999999 TxOut=0.04
12,23,12
12,23
-0.4559113337930614,-0.7220662563084479,-0.38949700687201255,-0.6033953514299928,-0.7085064729458459,-0.40292132968021593,-0.5838831570392228,1.749910412328592,0.14902215723542575,-0.6214810358520204,-0.4847962641153352,-0.5079492337117858,-0.5032260370316686,-0.6061285894737777,-0.1038206777222415,-0.561380449848464,-0.5291491143508052,-0.8241849826069322,-0.7514593043161585,1.6035818799156958,-0.6719139643571662,-0.5238698899102989,-0.7517292632347282,
0.8300494586439945,0.48122202649255974,0.4343336291244468,0.7836735935917134,0.8455501463491039,0.8206987056814524,0.6725835506954698,-0.8532605581779545,-1.8936154144727493,0.6475573646660805,0.5274156036770532,0.8508384425670855,0.8375452401031724,0.7202448163988578,-0.39101303373114327,0.8783374797978939,0.6005346003480346,0.4276566328938497,0.6528025683871519,-0.6590032747611891,0.6440506388456272,0.8225401795695093,0.7892151824129519,
0.8819276087278346,0.9717562722808348,0.6801023134593461,1.1135328646146334,1.0152199527189498,0.8586878349720767,1.0900399187652825,-1.1332540434837004,-2.531062963745522,1.1610540556585094,0.9032918315856556,0.823329931699949,1.1442762630763434,1.046113903220743,-0.4947748249780198,0.6398587165175944,0.478286641933048,0.7645542745689122,0.8698696824207753,-0.8761465566224657,0.6796236630040658,1.140947853078162,0.809480469212948,
0.16143448391044604,-0.01317565258847953,-0.019110678965427477,0.11260524397109398,-0.12147146292419536,-0.12350951478875416,0.27661649069211325,0.4494650004597092,-0.9064842597125995,0.02648578091398445,0.2752931806563938,0.24885503190105182,0.25650378369497956,-0.05113464380153317,-0.3455261329672067,0.21023786282597356,-0.13298244068796558,0.020931361359421308,-0.11921606730336319,0.8036657965398409,-0.260069043358716,-0.08543459532941716,0.08512807780959657,
-0.3891573274189762,-0.4515045500359131,-0.09127714423555633,-0.41732222628733906,-0.1865710396122234,-0.18917120500633025,-0.21585484120577528,1.1312708176996729,-0.3441077106560987,-0.22901954663881832,0.006401925602812428,-0.2389716005129603,-0.2374215859873877,-0.3857194448079005,-0.0090092021325969,-0.18511762103163823,0.017396546435041328,-0.37312494702502375,-0.4896973024355102,1.3627119963080914,-0.41476867479619295,-0.22478540197211566,-0.18500633271005004,
-0.6132260979040818,-0.493284733036137,-0.7635537706707904,-0.6437708509895884,-0.4928252258512178,-0.5254296877525781,-0.48908588604765524,1.4360957510771797,-0.2257258453780069,-0.48787346554847144,-0.389177458763764,-0.3695046858361575,-0.6896546468691481,-0.5844729597199675,-0.3045505020804946,-0.3550247077332332,-0.35925658673251243,-0.8870489511102364,-0.8474455076435345,1.8005322472542091,-0.3905880879498729,-0.7339919631444355,-0.7789318779413078,
-1.1398001741622366,-0.986596948675652,-0.8892114274456335,-1.1659601701819475,-1.1379814427691297,-0.9312781015588811,-1.1325037598567484,2.6027138634142295,0.15217104064561787,-1.3088912772750922,-1.157416343629788,-1.0267246491345168,-1.2517633844868932,-1.20775601262971,-0.29953592777721455,-0.9010827523689047,-0.932967363033416,-1.3558581528055398,-1.031063205420127,2.64245160180275,-1.1191603780122699,-1.022574615012816,-0.968345953567443,
0.10048927249316006,-0.200466625044411,-0.2693993192906013,-0.05382196086266972,0.11459666717890318,-0.10090142616537436,-0.3170667513926287,0.5789843649415977,-1.3964030794640214,-0.26444724768236755,-0.23686687930410213,-0.1713187215487741,0.08027836299722307,-0.2465158939019983,-0.5749019857297982,-0.12903007623213084,-0.13242016004842655,-0.10762152939906261,-0.13702375831517255,0.9369449097739632,-0.002284228919348084,-0.2676560581450196,-0.0632187773220751,
-0.7680187552232628,-0.7913266449043028,-0.6583415464769168,-0.8573967366160141,-0.9659340997380956,-1.0799181171843506,-0.7535175528420054,1.815439667440233,-0.3965782747278708,-1.0625539041771557,-0.9954503306021767,-0.933746421861231,-1.0559675510363355,-0.7626285282063151,-0.357331007821224,-0.9640607986583201,-0.7435298649822398,-0.9056553204865571,-0.9413823672566535,1.8871956721095313,-1.078406300050459,-0.9212732548798304,-0.7470197515130298,
-1.0231387430390118,-0.49684402634023395,-0.8171628636724368,-0.9007771508853636,-0.7543582693323051,-0.6217528575393094,-0.6897786607514201,2.20443959000562,-0.13579296585095535,-0.7218190366467551,-0.7585050596143655,-0.7547747811845825,-0.7024602500155908,-0.6245937946334162,-0.40097402324996567,-0.80849487699171,-0.7583800422695297,-0.6911977295873092,-0.933177004587704,2.091781282668869,-0.9628385791845198,-0.7449109275009124,-0.8078911451233194,
-0.8949006173538695,-0.8628297970161409,-0.55838717426407,-0.7428120591226182,-0.8697393832637129,-1.068408049158995,-1.0221276901669152,2.2024120737119026,-0.003718384589446606,-0.6714314182718772,-0.9896554599608448,-0.8951533247441419,-0.8851600112277729,-0.5916537283455049,-0.28013331102743805,-0.9457467720901157,-0.7348546032955741,-0.7164794870652395,-0.8080865342655188,2.223904416804332,-0.6586549901313999,-0.7552512757246798,-0.6137318562335917,
-0.7687422564299035,-0.6418075621210768,-0.6015481155497214,-0.56860805028556,-0.6925481264254812,-0.5386028539226033,-0.5950767488626736,1.9656848266269973,-0.7068457884744265,-0.4855825444562525,-0.4553772084082851,-0.6987916674864061,-0.7730933903292962,-0.6628323314395816,-0.47034768094115104,-0.606420702575517,-0.629046144730158,-0.8718804313623585,-0.846758744038565,2.087604607458395,-0.731538684971958,-0.5920964004380757,-0.6775719961769111,
23,12
-0.2144876496374924,-0.0353647827130754,0.06156640221780818,-0.21232205371639865,-0.24241406605644042,-0.021855251880269003,-0.0892484616738225,-0.036905254533193765,-0.23289706904845578,-0.020639700961161665,-0.19915398174965973,-0.1575438418611504,
-0.26508714752161,-0.18422272203094756,-0.23957267385905087,-0.08923537166966605,-0.15894218207065366,0.04581483893790101,-0.004632219087663653,0.040060106996593924,-0.035094275614609885,-0.0705745316043291,-0.2420587839617711,-0.1852299750458537,
-0.05459192080953358,-0.06639748548120075,-0.13422100520221136,0.011510506192853593,-0.34162105578871854,-0.12031754327886612,-0.09270805910620622,-0.24962697699652855,-0.09239704845169532,-0.19999335057480735,0.05724306457752032,0.01200000814867043,
-0.1533972747289347,-0.14755918443798002,0.06834656998266557,-0.19359626887050319,-0.09500788167435364,-0.11234268064749138,-0.14145729715006167,-0.1446294839255729,-0.17202850065261086,-0.06317951020257498,-0.08615797416016949,-0.1412172794504074,
-0.28012695094555845,0.017217599853263366,0.04341472808319428,-0.2689186025378585,-0.08291059290128303,-0.279734557377129,-0.3307002678511153,-0.026067971032177218,-0.027075332950458,-0.01357258575085635,-0.11927788102655208,-0.07767541672182018,
-0.29458255471422373,-0.06641565207082747,-0.2613120243582679,0.013853253773212646,-0.04000812315381402,0.0196421579857557,-0.1850484526434584,-0.008785104381684351,-0.28214583590756637,-0.31551185283405114,0.11054875367429172,-0.02652456621320947,
-0.023478354764434814,-0.027535817415301356,-0.1221198281054449,-0.03806462700690525,0.04995380379189548,-0.10835662726716347,-0.16778885695601287,-0.33876756080487,-0.17924971878878104,-0.1513615897539809,-0.11453227027831377,-0.03616227931954786,
0.35604776045993874,0.3397817822371235,0.3200698146285918,0.3907295535137741,0.3106686622172077,0.3232019317182675,0.4524784546591251,0.38859431015329254,0.3327778068286023,0.43822546149319985,0.4166132448383851,0.4896427525586603,
0.009232053901388466,-0.07220451500268187,-0.0317933638040492,0.01622785172656577,-0.009781832194774466,0.027322407015756674,0.09806402440023132,0.1473753777993719,0.20907237439442075,0.17495033803650525,0.05754033940577502,0.14961419794255756,
-0.19107888956543384,-0.22477710054552752,-0.06079036070137798,-0.18275991047603452,-0.0050209343258162484,-0.1727119880798882,-0.058648757670844126,-0.027614606051263806,-0.28451258180818056,-0.040311673050300874,-0.19156985717602917,0.004718599073841277,
-0.015125186301722547,-0.025944365632214913,-0.2939445425265359,0.020547964051762298,-0.05534004193035925,-0.19437060579728416,-0.010973406052825135,-0.1317837172088369,-0.0015891734199723407,-0.12505261020046265,-0.1978571132481582,-0.2919278082481747,
0.01315838942328517,0.041007144322699356,0.012680181415574863,0.062263314798585,-0.05910998277722309,-0.24369282010699903,-0.2194833754182207,-0.29111802519351804,-0.25666208963163084,-0.054820485153010926,-0.05089479665409207,-0.15135166835682726,
-0.09429291633122759,-0.11067706620131705,0.061210055517542265,0.10273539957440393,-0.14687201666863742,-0.14575496351667322,0.01251235910939677,-0.15828085940657413,-0.18223395529910774,-0.18849467675869294,-0.22394248897996516,-0.24276217709471395,
-0.1867829463138852,-0.09166533125970919,0.011871151119471233,-0.0015852958970076323,0.06629686644695719,0.017886986963436817,-0.1628466273848106,0.02524963686070608,-0.2647361390045204,-0.11219186101468366,-0.23530535645971906,-0.28387278355910595,
-0.03496830706291232,-0.2596092971762391,-0.07196581347962962,-0.34917001181661106,-0.07272988719237271,-0.16780793059022617,0.034991948486030294,-0.0963676767678174,-0.031079280468675214,-0.008854331545326714,0.0675006962666271,-0.00949105555789258,
0.04363636448662892,-0.14342171924509478,-0.3045161069286333,0.02202310209646285,-0.10007262096008349,-0.14203282827422162,-0.29261028447917276,-0.04961597534377981,0.03265599262152132,-0.02706519860629743,-0.21330197402203813,-0.20224851346168413,
-0.2720525579475714,-0.02523021800629931,-0.11715507444647821,-0.22930691897897612,-0.153867071811658,-0.0885302175996208,0.027393004590217228,-0.1679851897409742,-0.1189569408709056,0.0013103441519365332,-0.17432392322744586,-0.04403997865918319,
-0.0017964874950129788,-0.19889340041842155,-0.13806147893379492,-0.029273624955276138,-0.20675464333159652,-0.09532284724671133,0.018190864364883083,-0.2731386986124082,-0.17156338397009507,-0.001214896409885483,0.09450146639202625,-0.239746219028772,
-0.06067061146403595,-0.048448874475090796,-0.041420523482659295,-0.15295987756869825,-0.3226990619820454,0.03573146715674548,-0.09144634711488987,-0.10485259935390773,-0.13018021833108515,-0.2558030302367303,-0.08042795243320686,-0.0211657030324883,
0.4440127356433484,0.3685337884416738,0.45936545173039967,0.3565049540343411,0.4765281530039069,0.4943699214911908,0.3932612994447311,0.4570712706641968,0.5224403649059967,0.4291706355111138,0.4475514360259088,0.3806689523296796,
-0.16313722816448523,0.18473752139049104,-0.18199179319792583,-0.20178466525291033,0.02942693674799641,-0.10308745512504333,-0.13095524340454012,-0.14933830281481955,0.042885263455735234,-0.2707114060686621,-0.24615759796114922,-8.24638212231731E-4,
0.09382532428633779,-0.019409123926946627,-0.20580110930748968,-0.12286919932052731,-0.03200368083235581,-0.060124956451320884,-0.1837288871358949,-0.0865305214500978,3.6369950577460307E-4,-0.2391303581523743,-0.2137478738507971,-0.2073408398469355,
0.03473678386412216,-0.3591904601444595,-0.10091226339293827,-0.1145365761340666,-0.12352264608118359,-0.1798481093910769,-0.1970785513338124,-0.060614247702662244,0.008802647075492671,-0.2515901417515342,-0.030527688671915715,-0.03670306152851511,
