# Pesos da Rede Treinada TxH=  0.30000000000000004 TxOut=0.09999999999999999
12,26,12
12,26
-0.38006882753902643,-0.5646019109782491,-0.3011134148572094,0.7737779705090867,-0.5713811046373621,-0.22862760651529127,-0.3261243440314789,-0.6459913963443454,-0.262460995729681,-0.5552692556191867,-0.697385234741922,-0.449513033478383,-0.6194241258827513,-0.44368554821775,-0.6696808694135179,-0.3114868580183183,-0.5837959602330076,-0.33694590814420133,-0.6848100450466769,-0.610708422885528,-0.3759060185926338,-0.41327193261370027,-0.6360969535661662,-0.4927318753205995,-0.5743648294147599,-0.20671755237429237,
-0.08389677651518314,-0.06911020015444601,-0.27594118173438514,-0.394955637551983,-0.25078507087231455,-0.8453759904680764,-0.16142712039381382,-0.01367330766044463,-0.282194621217776,-0.3512745799145373,-0.027434884035174044,-0.3038360805021683,-0.23035875497155733,-0.18687782184300852,-0.3044314146383075,0.056947654357418595,-0.3776728531384137,-0.08377363191261784,-0.09276930113259961,-0.08232078633842402,-0.0036069117628814732,-0.36167720529481157,-0.12091436430776294,-0.21183736726417296,-0.5217027787494373,-0.11142262464953565,
-0.4105069577167749,-0.48749820161423635,-0.11050728143229896,-0.3942667378192955,-0.0410356214154994,-0.8412157311707071,-0.42983787402892026,-0.34347823131475413,-0.27449014074243644,0.08729729602421028,-0.4101155644952258,-0.43809010424653333,-0.06136808933953313,-0.11778223810044817,-0.19213120354770905,-0.3072153848968138,-0.21455304592570273,-0.02840633305529651,-0.19482381266419707,-0.30521829027038777,-0.16991389737250118,-0.20594644278003024,5.707301957535993E-4,-0.1532286764699539,-0.23978237522591386,-0.06127839053867615,
-0.23191314858928003,-0.36319599389950213,-0.575660953814117,0.2598575894871873,-0.3702640387829579,-0.8699843059782774,-0.5056631637771852,-0.3549845596560342,-0.17500130133586575,-0.24801608580856116,-0.17501085223391424,-0.4249297903760265,-0.4891754582097062,-0.5948273006108062,-0.32334005524293397,-0.4805368020903823,-0.04070029493800435,-0.49192635350829844,-0.4186963376728211,-0.3599425812387476,-0.16641458268896542,-0.2853493762165562,-0.5703078218008503,-0.16956087099069836,-0.41029505244651304,-0.29477826458012324,
-0.3335514801697662,-0.4195654549151263,-0.436033912459569,0.2660530246679721,-0.3648126795425171,-0.6156683987334866,-0.5445824841076055,-0.19085682030731801,-0.3791228754709777,-0.10943960211494955,-0.589203859460602,-0.25987620248994636,-0.5033366846626375,-0.5137635757216267,-0.15386315123884226,-0.5711941433536164,-0.16642293584686488,-0.42230225476139766,-0.35779586685267495,-0.308565619608645,-0.24620683252736195,-0.45812499250823596,-0.13976810973652037,-0.32562427922494935,-0.46129306558176053,-0.314308370100904,
-0.5049091287511557,-0.4411292874993308,-0.565934808977976,0.8140485416915999,-0.6886465792944473,-0.30643191587801527,-0.6197999830710528,-0.3615227287269709,-0.37849601455568066,-0.5914645037107842,-0.2980523019605674,-0.4101655912440015,-0.5529255546302636,-0.5269032431121115,-0.6897545860867406,-0.6396754753530579,-0.5751273518141331,-0.5464753630700364,-0.578184832984328,-0.2744094102777287,-0.6007202566087229,-0.26111370094842784,-0.4616308406728242,-0.46813001284782707,-0.40328354104886854,-0.33862238932507965,
-0.411441806007978,-0.5364694523533883,-0.5412584953889774,0.7317439093820985,-0.5014720446037559,-0.6402578845082646,-0.40453171492315143,-0.3650995266383867,-0.6111789322561135,-0.4251034257540315,-0.5415546326695416,-0.47589525637346836,-0.34671138505394156,-0.4888183411671828,-0.5316701150103724,-0.34860426195791155,-0.6998107373060514,-0.6851095070463675,-0.5914153859162663,-0.45501688659290246,-0.6995086040372311,-0.7198207250188617,-0.45094893664638347,-0.5366794512874627,-0.5218410415095077,-0.49303991639925054,
-0.24272555936772489,-0.6282172973672346,-0.5189999630386121,0.44242553297764825,-0.3552642071456253,-1.0619515329225369,-0.21123788760053064,-0.3152399881919627,-0.5723843088195106,-0.33525475685404754,-0.4415209607101946,-0.34427345554604283,-0.16057339001844018,-0.506631338091056,-0.13209978560057173,-0.48432225605791723,-0.26444767594332635,-0.3142041667473034,-0.6014085375226762,-0.14390106201212755,-0.4667498104070341,-0.5522984395317663,-0.40607936288800206,-0.7076641344981457,-0.3164061997053144,-0.18219950771491056,
-0.5432442856189214,-0.37221257628152626,-0.3446991981873877,0.8270214418757407,-0.572168498210683,-0.9897996332575901,-0.5861135617545701,-0.42510600152739797,-0.5641738407626777,-0.3836162846293766,-0.3642684461077712,-0.4443119061129108,-0.6734289752134226,-0.4396032174848328,-0.5831015243088041,-0.42199896575928597,-0.32328942815423395,-0.45993711817146254,-0.6785920139246457,-0.62676142583903,-0.6509451026111712,-0.2139661136116719,-0.4530357320158506,-0.47210211359565385,-0.6165154315942833,-0.46350665155563814,
-0.4696862931743132,-0.3176712975226003,-0.41224430523531613,0.7892065329783803,-0.6375607032285734,-0.8629195629162784,-0.30093922562321296,-0.6767317936153058,-0.4525132913846818,-0.2737481824570951,-0.3220126145100124,-0.543111574038977,-0.23643124408373434,-0.3716374743701259,-0.4756948366874492,-0.2515220762220697,-0.5280015815484911,-0.6011365851396885,-0.29775654980071137,-0.4996037738170614,-0.2168896332143277,-0.6627826008394416,-0.6063514955758652,-0.6804267469550442,-0.4603912056978717,-0.6332004442426832,
-0.4803796028383882,-0.4398219371568048,-0.2849718755291678,0.43292464588080665,-0.3436408240897205,-0.4012534626263671,-0.47606696896618445,-0.35186527036011184,-0.8247028097889744,-0.6037927618918706,-0.391488765005784,-0.38067481119837554,-0.5403831901108151,-0.34028509843492466,-0.6123278457612195,-0.3878672413963984,-0.5527604685964606,-0.5835327280881578,-0.3619752107418738,-0.40475135814836694,-0.28259196424730104,-0.6151435737390412,-0.6150054802922295,-0.32011021428344544,-0.4657428638796494,-0.6070952539235475,
-0.33333314048095947,-0.6391750388901807,-0.6084183630183144,0.44073531616494754,-0.7025532403536662,-0.8908739165804723,-0.7082253130608164,-0.433134081462715,-0.5157948477726684,-0.3645613694937511,-0.4182978895193086,-0.7103464819260014,-0.6071123356679526,-0.47650510613195635,-0.212626066890812,-0.2606984288225652,-0.22997302211064488,-0.31392508786588974,-0.6865652593222249,-0.38406419541537135,-0.490862813733403,-0.2720511850115335,-0.7179310061492405,-0.4990509339484074,-0.809882455805027,-0.4785978094485875,
26,12
-0.15175686582694903,-0.20323206839290867,-0.1946229656076362,-0.16205971289940582,-0.0762056468837663,0.027343393691119173,-0.1954591487420735,0.016176141812793594,-0.2501430232126091,-0.1454476650410819,-0.019777580072453366,0.046644612416939055,
-0.2803719676114787,0.18003826349770005,-0.08154747944716946,-0.11460980079512828,0.14068837404592296,-0.25644681155471255,0.12069129655306313,-0.07196839097532856,-0.018412587398220076,0.18369939294958035,-0.2579460827544785,-0.1740605455648507,
0.029594928105860112,0.09103799125259841,0.1485937906892944,-0.12657122950120883,-0.21927891926955428,-0.25758050752711165,0.012749426646132746,-0.2923987824933541,0.010496128034163155,-0.15552419831473582,-0.009487485461802097,-0.0929335431890961,
0.8013180876192196,0.6940601860783436,0.7619275514730928,0.7585608892164769,0.799607369059687,0.780848083883085,0.8148868882717311,0.8199223219419567,0.8304186029491021,0.8754212852951568,0.8672143465880411,0.8353993889764115,
0.019991795479366203,0.022369403154658813,-0.27369966179728944,0.16819155269283548,-0.05812346218571285,0.016661822982199013,-0.14109652351655308,-0.18757900171770095,-0.08085395077651455,0.09329940891088569,-0.18117558226253647,0.025158445296589803,
0.10807942814574861,0.022388134758814706,0.02612675976173791,-0.03699392674600845,0.03295686684668899,0.1675714745239612,0.19505393153775452,0.22459079126183706,0.26851723811937245,0.2589544987080447,0.2327094194500976,0.2230887635818085,
0.10169575583561502,-0.3341400503505104,0.11968149929028046,-0.09181398350450454,0.11939133895445972,-0.16476694225283714,0.017439240443533188,0.012910684275184454,-0.04745533234558449,-0.18633143292472762,-0.02937958147453558,-0.2116148931196598,
-0.1771386520423944,-0.17957831063552906,0.09700132595508813,-0.20293349268038355,-0.31434574417366135,-0.02292034074157583,-0.2702111239882784,-0.28762363258615925,0.048557123479136884,0.09075740385171593,-0.13030780722877294,0.11001032905522747,
0.12337931396356137,-0.031133839197972565,0.14081675837087199,0.023591862890893947,-0.13329993944131294,-0.08968002535898575,-0.3028482724108276,0.0841508844422811,-0.1282845466923723,-0.22397753901003684,0.18543576534377515,-0.26388100784755614,
-0.20615374032157305,-0.2777597768049201,-0.04080686035964877,-0.3012309077384447,-0.22644947385741815,-0.1897546743356455,-0.09474383137187815,0.06132846051238515,0.14370893546869573,-0.2691058997817647,-0.3111964246177929,0.0465564367391761,
-0.0934926523666008,0.048992664158171564,-0.29594845777662054,-0.11505826021635046,-0.2182285551903031,-0.11872886515100604,-0.19076061344077624,-0.05420896256251481,0.029669098187683627,-0.18065387454316764,0.1454920352309839,-0.04304746663870837,
0.07583022810243109,-0.2665067204961147,0.021780497155278935,-0.03649690380161037,-0.0056442886412344205,-0.017420660382332722,-0.02360791718967811,0.04435785123300697,-0.2163427806298238,-0.23193900408843393,0.168273995324754,-0.2631399123753456,
-0.03756752133230168,0.042285089872445634,-0.2758066628482143,-0.251819948293105,0.13365965112401343,-0.06036737729152848,0.0666426531283554,-0.30575073627309973,-0.21744299700613434,0.010653660837439427,0.06783876017112718,-0.046932943074366046,
-0.2902696604471335,9.998975940842113E-4,-4.3027521389662777E-4,-0.08592401813598899,0.014800297768808934,-0.265247197790574,0.11445390752126827,-0.14538159034028572,-0.1272974156090466,-0.11935906607069362,0.11642553579290665,-0.06512619963595793,
-0.33200552279592155,0.09118808044670293,-0.17222907657096165,2.2644548743091446E-4,0.02951943081056296,0.045178936456114954,-0.21448995528476678,0.003227105440275953,-0.12599249934730836,-0.11991929417666597,-0.04597237235024101,-0.07613387965713979,
-0.24454699118997508,-0.23763771562327682,-0.15029868375003905,-0.32227184457122793,-0.11788517022952487,0.10372754651113468,-0.023397216407641582,0.04874043924494231,0.0055057216466821,-0.21018005741277074,-0.2653248496176281,0.06320224096602241,
-0.2888274120571635,-0.00762918578757917,-0.09403334925999156,-0.0855501321965287,0.025383229232416992,-0.28872125438549356,0.02164867074202071,0.018376375513650886,-0.18313619813370577,-0.13068095318924408,-0.2228134351513196,0.05642538326875789,
-0.17818693469943364,-0.15363909512893836,0.04912790308719396,0.06738246806906248,-0.15892166824467205,-0.05765303890410259,-0.15721588016536522,0.051526837883803904,-0.06322104530128714,-0.26445340400203105,0.02762743597962824,-0.0695779711297293,
0.17756838661821917,0.1909983482809586,0.07314842511983174,-0.04727521320081565,0.03788638922129961,0.22367647720290945,-0.2821811837590795,-0.26151297027450515,-0.15712781682555368,-0.07497730642245247,-0.244502665254316,-0.04991305273377755,
-0.049923124456191445,-0.022082579553715505,-0.16424648827718474,-0.04286162472280772,-0.17305266428934424,-0.26183410632942655,-0.3060190792461231,3.6293526167799567E-4,0.05101583081367375,0.05757813693077794,-0.2483826506379102,-0.11155521563800672,
-0.20055655972879494,-0.24377943383711576,-0.11446704999733809,-0.0943278876225102,-0.1647190225777904,0.04240258989808967,-0.07437838837834194,0.07393050184025261,-0.1837090861581809,-0.2408896288059491,-0.1916417312516756,0.06563311452991176,
0.04978089709420319,-0.09925648612752172,-0.06507873827089902,0.13879445357937853,-0.2735800137365721,-0.16652877349327888,0.009028260366994478,-0.04999776295463724,0.019614126106889777,0.05399225546062714,-0.22192174513563004,-0.22612008139115602,
-0.0418995514061177,0.07718142352649787,-0.1401169177559423,0.06038455363708419,-0.03553409378601009,-0.062216180361259685,-0.03756531788086536,-0.03875531048807004,-0.1379166589886906,-0.041136558631325454,-0.11453721231896925,-0.17510167358397674,
0.10185409318387378,-0.20075745633046388,-0.1719052219621048,0.16681169814430774,-0.23348631393860614,-0.007337271272565069,-0.05804710247850625,-0.18210713393014266,-0.22831051812724673,0.0607627786189697,-0.17737172621628047,0.11369870638631528,
-0.0017153169271007466,0.01675865244242821,0.11177662366745564,0.002462534061682172,0.12986526441043272,-0.07300348899627652,0.03429151018440981,-0.14046840540146685,0.07153059331942699,-0.13937045461061787,-0.1581420353342449,-0.15845613193629168,
-0.21284191557161647,-0.2044162615814437,-0.17488471715467313,-0.27045823839082267,-0.04546137798463512,0.1332895293100749,0.06933776951482486,-0.264466871110219,-0.1096461758526444,-0.014826010631244037,-0.20857488935846677,-0.21582482629638428,
