# Pesos da Rede Treinada TxH=  0.8999999999999999 TxOut=0.04
12,25,12
12,25
-0.6496680350684916,-0.5101124893384079,-0.48817598990962646,-0.7357312025955375,-0.6117345025597553,-0.35704541535824535,0.5513359040528737,-0.5319263327411079,0.013790219853533733,0.6059480071513336,0.5078972573905548,-0.42720899316496347,-0.6256325700978587,-0.29602977650577567,-0.6830136911860011,-0.7778216919880476,-0.5379999879298543,-0.4274622357717782,-0.2540873232564933,-0.7363699214662841,-0.6615068578008231,-0.4400783785311036,0.6530162842319037,-0.5655974763383417,-0.5837149167915716,
-0.04586727336825728,0.06520493049700432,-0.16943431231759,-0.02244050569666324,-0.3061075275929602,-0.3085789083581086,0.20712523439424196,-0.28486105050544175,0.1572981897708882,0.008790536253810152,-0.08981728919350038,-0.01805982366840546,-0.28360243212666736,-0.10337054888302723,-0.07209600993121874,-0.3686467040170611,0.07393908368399275,-0.20211503723500412,-0.39132079171493517,-0.159269834525948,-0.39452500571820537,-0.4123907710356865,0.2958519409189606,-0.1792530100166004,-0.1241432979191242,
-0.0618399954419853,-0.23780002359401478,-0.5072639149024126,-0.46416792377162663,-0.03751230495146271,-0.22192623619723698,0.21783858208227352,-0.019024534682274028,0.14481993257305806,0.10943032997426967,0.0971394195731709,-0.13768452705601822,-0.2787506445052797,-0.3289441073819648,-0.2852567889232285,-0.47422618985178266,0.07703563300680213,-0.08487740028098645,0.025934482291614498,-0.20145418546143323,-0.14137442385855656,-0.1115772159285138,-0.07161922072809053,-0.3277123014098111,-0.3312424303062077,
-0.47875675024656333,-0.23254690360179006,-0.6046404131784376,-0.3219960821892569,-0.5208017091187084,-0.5592762632946188,0.02606633521092818,-0.13818920061180154,0.3606114475540025,0.08873153532337752,0.6394158227045666,-0.15690275250800342,-0.026857955692022574,-0.36346804796552074,-0.5636844767117186,-0.21052478403818067,-0.41244645609775027,-0.2695720095700868,-0.5266340775421271,-0.4421324690526398,-0.47018001676421134,-0.547824624533715,0.35624214221042,-0.4697545028977885,-0.5442782337344084,
-0.26425147704168234,-0.6789191619118407,-0.4711740900696951,-0.515136678314344,-0.4134188364658813,-0.46741480246214445,0.37336962849875543,-0.4710887697445691,0.25778885024469006,0.4961932935419693,0.8290808397414535,-0.2057994672373106,-0.09586682946737471,-0.6323135641454585,-0.5214286580234877,-0.48805289771791155,-0.31295948541035645,-0.5212356346088923,-0.5864424525123584,-0.5369473321498051,-0.33820297021818535,-0.5242944781136931,0.46439003415292857,-0.44024819419226296,-0.4753670888744382,
-0.393156772480378,-0.5651847240006116,-0.6755216985736863,-0.6018028499039797,-0.37160224051030416,-0.40914283529448303,0.1300523577381228,-0.4472543181660864,0.06302379517818435,0.4765600084636179,0.5610132902370523,-0.2898596075161895,-0.21017527351587223,-0.4231319993313401,-0.3577950322615862,-0.4829281976211199,-0.4994893090659719,-0.6896673157829939,-0.26837160396420606,-0.2657297918464131,-0.4103357039565112,-0.2593283853811501,0.6253587725224627,-0.3102527279915466,-0.40617407041636944,
-0.6546121352367367,-0.5524710052931927,-0.33604018459037094,-0.8625635921174633,-0.3672181289158087,-0.584030536466137,0.530294241997485,-0.6340167749269848,0.026228106769267397,0.5659316302850795,0.5584242641551812,-0.7578407950759559,-0.4455301736146906,-0.311833189881857,-0.5130171142261836,-0.7259574285108332,-0.7215063009713205,-0.595888307512578,-0.6831419302953136,-0.3861593833742374,-0.602979709645279,-0.6417588548232053,0.5597583652684646,-0.30966945884674557,-0.6452875096547837,
-0.22980412921276025,-0.3257096405467289,-0.29713193068800964,-0.2929099978631333,-0.1883238389597243,-0.16166176862982481,-0.07360753806550988,-0.39657134856834836,0.07712876815863544,0.21867256974659535,0.3094264529055968,-0.3386974996524973,-0.5868843549519371,-0.39683394958389995,-0.47318611998398763,-0.17852431396997823,-0.5360413633141966,-0.4052066154524208,-0.5356663571400827,-0.19581415336298968,-0.3578908285062347,-0.3909700621894918,0.40586678483826444,-0.1690546814036165,-0.12453412292569727,
-0.5233794627360182,-0.5027517031810615,-0.45232053373171155,-0.3295911966211473,-0.3546084271193878,-0.5186437161655783,-0.12594830430810078,-0.33365948222431174,0.0035665760127868568,0.1569248377244463,0.44360856912156565,-0.5355297862553161,-0.5274389606087398,-0.6503636669918025,-0.4794311733420077,-0.4794953010928754,-0.6747296796426798,-0.2572077940671039,-0.15166504316977514,-0.5847452847550078,-0.18455099383195817,-0.41807238970767124,0.245618962474614,-0.707951896324018,-0.4429498941095635,
-0.402291857681393,-0.6312560737909965,-0.28670682752532417,-0.418523336625127,-0.4116569120427637,-0.7317734696189536,-0.002583369854753128,-0.3557577884845498,-0.26837386167871385,0.14742912457128302,0.17549167384585748,-0.24752292385804847,-0.4023815184223244,-0.34705316156658267,-0.3715685514021892,-0.4129780586138722,-0.24624850400498935,-0.3884328584443128,-0.3769900967381218,-0.26901409499588513,-0.34308504426177766,-0.4433968683381278,0.1351650214141346,-0.3968613007923873,-0.4657965536058766,
-0.6241283574345826,-0.18951771485431623,-0.6445363615213817,-0.2536163080003776,-0.6620532593839783,-0.3576788796711703,0.31826213415364796,-0.6397709289112824,0.24355021260136955,0.2905762061617358,0.1673749901455943,-0.7048561095826508,-0.6303530633861065,-0.6035768638180249,-0.2856857589439907,-0.22687352388068738,-0.41118377881744467,-0.7164174621525253,-0.6329023790225531,-0.5716270688719748,-0.6094932900160834,-0.6163516304800928,0.36158767267687675,-0.3995236762447366,-0.24210002892554347,
-0.6012548257065563,-0.6237287438672016,-0.21863561808409673,-0.283406252637262,-0.634509449177939,-0.24256955072191694,0.022950520024608772,-0.6424247529033706,0.2040873014348234,-0.013203116487653408,0.11574742156426139,-0.5485112624018653,-0.4835484875925465,-0.28529594917950474,-0.21870878781156936,-0.20056773665183847,-0.24450282790976724,-0.5243461894670853,-0.48706509195102715,-0.7145640854477486,-0.43439505939209244,-0.4313216724196086,0.5695741948903393,-0.3436336234818768,-0.45292721033918326,
25,12
-0.05791430886675384,-0.30690202474253525,-0.07759793610774679,-0.06445890465767981,-0.30828652745760543,-0.15439569245433657,-0.08290750742439584,-0.07848826603088345,-0.3448146974793388,-0.14634045358140338,-0.054683461604504324,-0.29453535714904544,
0.043870137470437616,-0.22686775497287387,-0.13808495785208982,-0.2539213511960851,-0.120937576003115,-0.383968103872516,-0.11425295674096043,-0.14115188806534595,-0.32965325280851654,-0.19683043253332203,-0.030041291482636515,-0.22137479853541356,
-0.2363989247857162,-0.24289501098626917,-0.011492665402978403,-0.3905767736662237,-0.4206794829568318,0.03419984600616593,-0.1845240161557035,-0.256147914541837,0.028369002035240686,-0.08621558475480737,-0.3844130116518876,-0.03208971439417576,
-0.2014037448255501,-0.1680092536748155,-0.08329006580199648,-0.09855098932274277,-0.18081101539593233,-0.25247227494918983,-0.3850020672162256,-0.2585374636441214,0.02917115803955803,-0.27864161095155027,-0.24992766018543475,-0.06247071761703002,
-0.321758060461462,0.019212007778388024,-0.1865280394890101,-0.03921769372364233,0.04134167170169634,-0.20575499116975152,0.034454178998241256,-0.2193571886516988,-0.24063623807232334,-0.44305719783952136,0.07102822391680863,-0.25474114986946333,
-0.09121531514069174,-0.051752053057029485,-0.2990454309663597,-0.1585980317355151,0.04541478890747304,-0.14172814040091777,-0.2834634696715086,0.0061304167328428095,-0.14614163026130716,-0.10078623162140944,-0.39148584431844724,-0.144630890571836,
0.21055176127700354,0.05242615769254639,0.14166151961602647,0.004572683982820529,0.036922465700122656,0.13946887375115566,0.03870539032392384,0.21730302429859327,0.1653189922140242,0.13524939170138076,-0.08567018607834388,0.05974974703367557,
-0.1806374419633157,-0.13321865218074275,-0.09643600548957727,-0.30115224188745654,-0.0054053575448517995,-0.11666757029873556,-0.25488421981572,-0.2180488570523769,-0.06423599226639364,-0.23706905486744106,0.03689893352127446,-0.2074321443857173,
-0.16317222232039244,0.13924542954420915,-0.09156849343326488,0.10083175197145514,0.03491605971710332,-0.10281664527324523,0.15779636583343018,0.01688724675389449,0.0047742430995705845,0.22665407618785804,0.2532011919928399,0.08014375078572412,
0.22999731875352267,-0.0853205212661857,0.19618790383271223,0.09552842155501398,-0.036862234849764405,0.22772480239983264,0.2854986176390435,0.2505444711021621,0.169633226453356,-0.00383164265677758,0.22893155443184535,0.18892166493426607,
0.3434317783734774,0.2445795466144889,0.2996709546308568,0.08746933467968634,0.4040402396000188,0.3992330878560074,0.3118376247196552,0.04463997759249633,0.2571031741696972,0.3438310087385341,0.2757756433156395,0.2840014854422255,
-0.07760203552528194,0.13425684735733093,0.052057424782375475,0.06063196955945636,-0.14136564603622306,-0.24258661250180596,-0.037986998116450246,-0.2631979041167895,-0.2053658663464512,-0.28402026326935237,0.01585515747622919,-0.08472716679029818,
-0.11129562848533357,-0.19647684734045062,-0.20233772254242183,0.07465465475584722,-0.07781752821370953,0.1223006137666494,-0.18074769388666745,-0.09777341226496747,-0.14691574753044923,-0.055403767021874634,-0.16074277183389532,-0.1648861448412572,
-0.16372222735817804,0.15084151131961826,-0.07104949698335666,0.10072153179150452,-0.14069415841131533,-0.20267143641185692,-0.25230051315154917,-0.2689893209036967,-0.29424430370657845,-0.03191240730106573,-0.22774240380456626,-0.10965884313826892,
-0.109547646000327,0.11692048475153859,-0.15543478527322396,-0.18908802604384908,-0.2873167603115308,-0.3428427054725375,-0.09674791436696878,-0.054640978221895786,-0.16468171784493868,0.06058405122143282,-0.1997990296114077,-0.14887872597097634,
-0.11794809713741893,-0.32191435206381486,-0.1945488005413735,-0.22033069816869275,-0.18374682207089257,-0.21991878481380692,-0.009444335379094808,-0.15253639317604195,-0.2688952752558186,-0.04270761448490127,-0.11669191490651039,-0.08394002617940179,
-0.09859113682351568,-0.01911366319342455,-0.06697821725789367,0.03146213919058402,0.04465651355239618,0.029383426452828453,-0.20845729997422607,-0.036548613817752255,-0.1538915537492557,-0.25339955641712225,-0.103453720720308,-0.25021898869751213,
-0.3577245028573494,-0.24457207105947,-0.31708212198717056,-0.19022026094866293,-0.23387719738985516,-0.18844852813769264,-0.07267880828639389,0.021773348534467486,-0.3259333728496777,-0.073925798112087,0.004294525439475841,-0.2241817101063657,
-0.346706774215586,0.021327025878073794,-0.14201433069608121,-0.19116457593912914,-0.2505562831326396,-0.13837736483228824,-0.17009262001498332,-0.25046818072964006,0.02183735208471828,0.08882857949681143,-0.09655857705937605,-0.13825897752366234,
-0.3654315413727102,-0.27174867289757815,-0.3538626263340969,-0.1038521342462234,-0.18294257438697759,0.024702986588091773,-0.09146826218990355,-0.22785474482846102,-0.12082072672454369,-0.08900347134684723,-0.3869381298492932,0.029051708874744717,
-0.2252847018300768,-0.15280617717429884,-0.12755117051228987,-0.3287985396363027,-0.25072147520880683,-0.08849132544201267,-0.3058137426552837,0.033400257280380916,0.035743313863508215,-0.09504564254699607,-0.08063133240194088,-0.11403808773930116,
-0.06929457559858794,-0.2542832360704881,-0.20213764618517424,-0.17290716605524364,-0.060530991226811305,-0.18451106604584044,-0.3653847787269749,-0.08973651159825402,-0.25285238692931783,-0.36184127509630787,-0.2213405761951554,-0.27541041375697,
0.21656969170477453,0.41678704418439866,0.28289993387085155,0.5414933586414034,0.39157987547294015,0.1636316385001722,0.16541882430607235,0.4404462530511106,0.30339548498161983,0.3015709874811224,0.2944297853969213,0.3163110102803732,
0.10773974012835888,-0.35176126078804665,-0.10361015882685246,-8.97900723135838E-4,0.04126868835556816,-0.13692504428387026,-0.001640293032605661,-0.21137708668526,-0.09097274990392713,-0.2950819639649678,-0.2107836450061727,0.030599726516158488,
0.06621225210110741,-0.05888375414169821,0.04684326383135905,-0.32091722557455316,-0.17408820249100296,-0.026505522611267585,0.0088065724658579,-0.27786644074318956,0.003625455045675219,-0.2981305925716883,-0.3229982652392215,-0.24745438238695394,
