# Pesos da Rede Treinada TxH=  0.6 TxOut=0.05
12,18,12
12,18
-0.2988293954793546,1.3953135382180677,-0.8037467495962037,-0.8424795566069482,-0.5924392578313447,-1.0524615231553878,-0.842867487304759,1.7646686513414722,-0.6000357258702043,-0.8242496429612308,-0.7526896425596356,-0.5526358880181009,-0.5112086415249812,-0.847560066560167,-0.7474444812478546,-0.8352458984709519,-0.7360484932323164,-0.6801884225598736,
0.42885746954363335,-3.8446369171008734,1.9213515787999749,2.045994310294774,2.1055916531314094,1.9058999006554602,1.7903326457394764,-3.7505793324176486,2.3111736897619846,1.9788654389890825,2.0904479906409534,1.731595212102321,1.428184937112363,2.2073277495143704,1.7312432859421083,2.2441273606336867,1.9817471943309533,2.004350118614865,
0.2965254107835183,-4.438471790165579,2.4223895820443717,2.4254279881354557,2.4481539764096625,2.3059926220795655,2.1699944177515675,-4.305083585669126,2.4743138438635093,1.8810894953120532,2.2234150296752064,2.0401122823037183,1.0790809166936448,2.1338524498537517,2.257107340746266,2.2761328677818007,2.2338095399418125,2.281215978817225,
0.01661571572354234,-0.43243267348882963,0.5579112277505184,0.3509552688986241,0.631391999873057,0.46861193647773264,0.3270794024286583,-0.45355397782754164,0.708761538963835,0.5572230873356966,0.5089766911712624,0.6438274862876916,0.07817551310770196,0.4292545907846481,0.7090290178197907,0.43806733497693306,0.28084558212111993,0.7149410756141313,
-0.28385619823811836,1.1399146868469139,-0.4336786758899204,-0.08672231758171405,-0.12543210402582666,-0.24056175500642957,-0.6222840553784599,1.0406417519301028,-0.09959057560286548,0.11258421299456357,-0.4994628385009487,-0.18084980902494605,-0.2802186246217417,-0.24684852744599456,-0.16614096471400194,-0.1541296750988162,-0.37637355715221665,-0.1720276153036916,
-0.4767156646898317,1.4882638916374398,-0.6859330880414881,-0.9677514823680955,-0.7659838367252212,-0.7238886499545923,-0.5941989842384688,1.5037836162428078,-0.7194543756360069,-0.680383491796905,-0.6910524023018592,-0.8996356190214125,-0.6496330847266801,-0.9399104789955127,-0.6449189866265466,-0.8856995301663746,-0.7856173917221865,-0.6230886764015567,
-0.5611856868986128,3.500496690942851,-2.03191394760358,-1.8044769867733244,-1.9017583741446578,-1.684650363548947,-1.987436878160268,3.511166400083868,-2.178872330788112,-1.697215775407886,-1.5969632288976567,-1.8138055249954044,-1.3505632248880952,-1.9401996981225427,-1.927676983318344,-1.6970448197364942,-1.5674605928598218,-1.6169337812481959,
-0.2778157824148217,-1.1911807189083718,0.38405136180079974,0.3856659864160655,0.27803704263575474,0.20874346889052042,0.5255496357079329,-1.3542977125906117,0.1701489702825818,0.0677344507141052,0.5174176088195598,0.036351231638965475,-0.06807831916796385,0.5585098597936167,0.549770327157093,0.40506330997921874,0.37660757844264897,0.28217936001656163,
-0.6092482637082387,1.5394045333259416,-1.1915600951477026,-1.2277489977600913,-1.106710877195114,-0.8958787229522082,-1.0463795731803165,1.210074979620598,-1.0900246220143333,-1.0761952918860964,-1.313637777101138,-0.9565893834528694,-1.0407568080233272,-1.279203127104528,-0.9873091614706452,-1.2285019431914386,-1.2887281449988595,-1.0428298598280576,
-0.6318644011871615,1.394747318803792,-0.9580380919684481,-1.0664346398462077,-1.467255531651925,-1.3795559699694915,-1.133593922652277,1.283634436679507,-1.5268297080129891,-1.0211496811728278,-1.376664561366276,-1.0197235697287004,-0.7788172489451531,-1.2911566727239498,-1.3961673909728287,-0.9370433338768845,-1.2967001565851122,-1.3250432279029742,
-0.7116971944397226,1.576549791076103,-1.1855559051760198,-1.2457137112520236,-1.0030918559805766,-1.0634763839391963,-0.8939687014147819,1.6961385944308138,-1.013232475894701,-1.2633944057091426,-1.1389693399726584,-1.2495014349480928,-0.6213369397940757,-1.0574239226229325,-1.0707714008089515,-1.2998013077112875,-0.9059323271125125,-1.4367235059159547,
-0.7577186993176342,1.412578222096001,-0.9937843600486183,-0.9168241787020048,-1.150204999394471,-0.8891031510616546,-0.9437639181989127,1.4340047093643387,-1.113889027069671,-0.8269460200650606,-0.9775122411989603,-0.6829492813158383,-0.8128706487980322,-0.7099114121058356,-1.0738904471010717,-1.091056319601302,-0.8845133481871575,-1.252166736803951,
18,12
-0.1189081897927666,-0.21846704590887805,-0.31436612465632235,-0.3862480892246149,-0.3308257196569653,-0.18124484937362714,-0.030214905349825388,0.14062056752301075,-0.0021225648441308424,0.08898267569434368,0.0036256768068143362,0.04737840400812193,
0.4472219157477649,0.3396457485906899,0.3585931016396532,0.4348973533132636,0.4737138614882393,0.3863590252277922,0.4463643400240536,0.5448035572301382,0.44527247159177946,0.5540760683073408,0.4674150174432071,0.561914658104064,
0.06794402025822187,-0.14787964173842222,-0.1660591196309817,0.09246133446857203,-0.12123576007965169,-0.016186140041060667,-0.2912293338278824,-0.225642018800358,-0.12851063829672288,-0.1717992042916055,0.12196832756649348,-0.205830414802434,
-0.061452390756135566,-0.181140259779222,-0.14067384306812114,-0.1876124924705947,0.1324023202321367,-0.15600137401818637,-0.1076384564796995,0.11165695001789339,-0.03396601695033464,-0.3536979568438578,-0.17965571293926633,-0.025753417070472982,
0.1064722411533863,-0.08827660895201395,0.16947792726442854,0.012954897080216046,-0.21210859273970928,-0.13084613239356618,-0.21020964487501645,0.02404450113408496,-0.1172078462484316,-0.2657028945710802,-0.19296386962900638,0.013758744167898136,
-0.1695181932584563,-0.11128319699040362,-0.13107306662457585,-0.22556628238694879,-0.02268512243345847,-0.21130636005627057,0.005206289684915936,0.023956523140333304,-0.22896576698782428,-0.04590732921215821,-0.12987844765120826,-0.03457209601173247,
-0.12166550434012884,-0.21001938818723595,-0.05292917180182753,-0.27619439000670015,-0.20335350674119618,6.754370218714329E-4,-0.30809722155863006,-0.2799886986869745,-0.002300701910035825,0.037816737613231996,-0.061671029762916066,-0.03745730404459734,
0.45043111489444554,0.4400903951099425,0.5069819209949361,0.4095269801380454,0.43588284508835856,0.5156376595569002,0.4869495347257014,0.4273954726255291,0.5136955297782733,0.45282164225529303,0.4992850755474593,0.40318246826218074,
-0.11831597050090689,-0.06462218623147839,0.22635116434266878,-0.21631894082444925,-0.02911738953627905,-0.10953867265002791,0.0383850921212106,0.003810295553949537,-0.1536277700276966,-0.10887315074675444,-0.16167502146863857,-0.29132319227999126,
-0.2774998759729183,0.07456991167013616,-0.012166667561210376,0.13696756862017478,-0.07799423405774676,-0.26969121085824005,0.025658558158841136,-0.2205247800744702,-0.07022033509896729,-0.09121137260351744,-0.08458131516351208,-0.0044731339880211204,
-0.11021358819396537,0.09124629936110042,-0.14786806253085621,-0.3046487863769816,-0.0037954151855334245,0.10277728882067759,-0.13101161767678057,-0.09729912685015228,-0.007292686692761957,-0.22136433940386013,-0.14009551800830275,-0.21241415672215147,
0.002008990582668654,0.11011504086629971,0.0018963242741527574,-0.1745012691751146,0.02586561100298838,-0.18363182666025055,-0.03980973582533607,-0.13363549311444753,-0.14787692833586172,-0.047648181652070506,-0.16130495116931712,-0.16325813968938802,
-0.20742990353620955,-0.41997545560431665,-0.24672328278700079,-0.05890000621970483,-0.2642231139437803,0.026664286887857994,-0.005634049713724513,-0.07849493302332146,0.11126228436129576,0.041338226639895365,-0.07237409770460058,-0.22201888818714044,
0.04451762545902872,-0.1900470563694977,-0.20941993521192453,0.0227989499605132,-0.05240249311506701,0.0032612213191008698,0.04958574946517351,-0.31478771305407816,-0.04104675956935528,-0.12626843080403616,-0.3128733750283596,-0.09420025619774075,
-0.1443048218761619,0.19852195854839416,-0.09614754941555617,-0.04710181247448239,-0.058486600879506676,-0.21991161463967138,-0.0775878652454757,-0.10285523782400682,-0.3151969920978335,-0.017790135134308518,-0.14302238716005664,0.0827993821212631,
-0.05744066849788764,0.0755437127647106,-0.16792341707648242,0.07063290945048842,-0.12186066618354079,-0.1387777552056486,-0.28248144966679173,0.09496500369229322,-0.08655701502315426,-0.10587873848437182,-0.15864090133468847,-0.1426460172806249,
-0.3161364990537712,-0.12941348250056278,0.00931842190722559,0.0527253511399983,-0.15240683886395406,-0.07317517042438548,-0.10403582492815448,-0.27387811287007074,-0.08028609288076433,0.025994827536940462,-0.05357932405241405,-0.06176950489004709,
-0.026097299263869098,-0.08019771314625514,-0.14170777686874064,0.07171521920140454,9.465951685223762E-5,0.09486340687505952,-0.06224715406191817,-0.23431399905196312,-0.25738155305182364,-0.2774103192132457,0.1336702792849828,-0.18875694215858402,
