# Pesos da Rede Treinada TxH=  0.1 TxOut=0.060000000000000005
12,24,12
12,24
-0.3774591492653399,-0.352836620313956,-0.4150317727286496,0.0628593520293662,-0.48810238528708905,-0.28937588475882114,-0.4371619064588558,-0.27035405660386647,-0.32782398237865434,-0.3729622316230544,-0.2735691395059767,-0.0920616287073013,-0.17186523135389592,-0.12257639653179281,-0.30605427839452637,0.36815172066609375,-0.43736425343331387,-0.32913748592592584,-0.44622755929915964,-0.17464229739493936,-0.47069950526577004,-0.07348601920114066,-0.4266471966846256,0.24982506566728468,
0.16543142395783306,0.26894095775627813,0.1278180367628238,-0.9037727836064153,0.3015272341312702,-0.9896736592698401,0.08512041489523471,-0.13282272410356505,0.23907842164195714,0.3987721828293158,-0.5929665079446712,0.1934646847412883,-0.2549764577058408,0.05834737175135006,0.373108105941625,-0.9058010004790957,0.04919052526666472,-0.5192373037922817,0.3159322057340034,-0.027344724134827268,-0.18650985446066345,-0.1793413586639213,0.2080329553002744,-0.928826880375636,
0.05297284907701848,-0.08386916711742053,0.02868938723304193,-0.9019417808708479,0.1916953913966887,-0.9134132710612822,-0.05240994913012432,0.32670789070865625,0.3348675859248193,0.25865315934232735,-0.7353234210389943,0.29526579882703985,-0.5415528239240168,0.1717145656599581,-0.009729949212644275,-0.7812984272270448,0.19577999200511456,-0.8365529040835289,0.3161302547007298,0.13266456448726982,-0.05475512087103354,-0.2544930403105404,0.13976970462834268,-0.6655728900641863,
-0.3406536161835312,0.22172048628444482,0.16600559417701496,-0.8009667195978792,0.06252914039525702,-0.7989348869195553,0.253468588320695,-0.25077335622007413,0.05542494563056995,0.30884443003367285,-0.4080329320967512,0.18544133353600775,-0.2240791471316242,-0.003029929386609795,0.05781115958621897,-0.8783581840607237,-0.04156019843999649,-0.4925349681481774,-0.18087965841369102,0.26143425573060236,-0.006540269609523812,-0.09046865567899298,-0.20192818462920561,-0.39219879033198995,
-0.03326731299678214,-0.014437273713418066,0.23679806328843356,-0.2266534338174685,0.11045585925761475,-0.6483870918473486,-0.0800388136141911,-0.1587053174381425,-0.05045823628756989,0.1732458617679979,-0.5012646531155304,0.041587141446517394,-0.3347829607107917,0.17825002008770804,0.11549026242706462,-0.46186538882190914,-0.2325376636842336,-0.686438373778528,-0.24234216346055065,-0.11542146024121736,-0.20886799095905395,-0.052379850871540845,-0.08690391115491383,-0.5049053171602551,
-0.22324610356092336,-0.31734715259302054,-0.4759455670210132,0.5199392110950436,-0.1795755707435387,-0.13202696696343008,-0.4972523932892828,-0.11652223640064911,-0.4053145617042783,-0.09701615967528363,-0.6754532449478318,-0.42750676966908635,-0.45669247268307694,-0.21495006123099544,-0.5678846652209968,0.49587357179381464,-0.4785778392779569,-0.6703650751884291,-0.3321081344464337,-0.23072338176073437,-0.3005561260970542,-0.18455342231237332,-0.1323749751003609,0.2439429321683872,
-0.3490245586053249,-0.41492411650430816,-0.39159892105914446,0.6280809473522845,-0.4524344741114019,-0.35505383237322025,-0.30495426367956774,-0.2058244162809306,-0.39639162531316424,-0.27509772460485554,-0.587384614526689,-0.490815497906185,-0.3228632571404424,-0.4368729267497092,-0.44032538156726464,0.5922009970072999,-0.5455524598881998,-0.49960175069484636,-0.577823402297447,-0.6709242600508862,-0.25665094413314116,-0.643513057939889,-0.473591129862374,0.2522048642283149,
-0.38547614196534347,-0.06560499695133709,-0.172107566526698,0.14028823672642252,-0.3641932007473189,-0.5931291992196495,-0.3764638095162978,-0.2850621254148972,-0.2060449163259103,-0.28212661014788964,-0.3336984453483601,-0.3293754351144872,-0.4524777811476556,0.040422567243121946,-0.06556024013432751,0.1641957211525603,-0.36798447094117737,-0.5323070268515674,-0.12092435547093165,-0.15766854137839828,-0.07424455600642357,-0.08988666209048073,-0.15062456934995513,0.004163574286605922,
-0.40686773129411435,-0.6439822343949363,-0.35359006838043205,0.5412717219212103,-0.721611894427855,-0.07380935273962971,-0.19785471045638198,-0.47490430219184443,-0.38540014747646995,-0.5891795937644748,-0.4376999277830141,-0.505286241019768,-0.613436613880212,-0.516930692390314,-0.6204237232573513,0.9311170172115846,-0.3257830450901093,-0.4177368895661984,-0.19258128395865917,-0.6624696249118821,-0.5104850005128341,-0.5442647488011184,-0.500705747758667,0.13486994250944576,
-0.5762658020633294,-0.610039112775243,-0.3958959804176478,0.7796498803413583,-0.6192402828518403,-0.3048288390817909,-0.646620278438084,-0.5002785110077546,-0.40273149941940695,-0.6422888394960714,-0.6278069045647592,-0.6511322763496882,-0.3229822258701082,-0.641433317102501,-0.3143083103300011,0.527195017368758,-0.38224026345591017,-0.486359377720025,-0.5884134633309659,-0.22330692077199943,-0.5448528578812638,-0.334227587291007,-0.287286389109526,0.19626418912574178,
-0.5191308903842259,-0.2741853904968845,-0.5622357683688267,0.8389448469406788,-0.3422183270359169,-0.3494320868658442,-0.20361439778692586,-0.37880582965008236,-0.582360525918959,-0.6560593590350547,-0.30442831297849077,-0.3324082203444787,-0.6455533887374184,-0.6128983981661357,-0.510191930325527,0.7989809107188061,-0.2697960937107137,-0.5954785969496087,-0.6044491490593132,-0.5615852272707036,-0.5244270665878958,-0.46435061286429913,-0.4437105959021338,0.2414224487447576,
-0.3726949441388962,-0.3502523609030696,-0.43455036590496016,0.3222343932034777,-0.2540191478777395,-0.318366164984775,-0.41348140302169933,-0.5175178545046613,-0.5438078182149647,-0.5878574627393782,-0.7563403191864301,-0.4804697651922782,-0.5154281227193617,-0.5565765245947849,-0.5162327158407697,0.2861421378084263,-0.3168050443779988,-0.4122212474837077,-0.1324434118809341,-0.16459184276166203,-0.2809174686872974,-0.5465619082561669,-0.556146637052998,0.16127519232590673,
24,12
0.03134551583900963,-0.15090857792695347,-0.10025754253900415,0.11830509787599879,-0.23492251102000739,-0.03377295563463217,-0.01769469374827957,-0.30347805618029483,-0.18913039639671303,0.03396395997773715,0.020079073893802972,-0.028294554645703785,
0.1120223674747835,0.16616310244550953,-0.023097954594986345,-0.32806798746385113,0.0978984404994968,-0.0010753095297392308,-0.19000833202202333,-0.31486205237830694,-0.32117596929886644,-0.21965534330231432,-0.24669383549777882,0.08802351646267345,
-0.007902784311834258,-0.2123834340689178,-0.11463493644252429,-0.2868522340764635,-0.009895088055236837,-0.14755532812424615,-0.042827496389794543,-0.058210222972652104,-0.034349570438669486,-0.41185310698856653,-0.047390356081557214,-0.2735346283415164,
0.40480168666005517,0.5373202396536743,0.6166139177971176,0.48766359072426674,0.5661529292268505,0.598475222282984,0.5088893986026082,0.7382304858833372,0.5942085337385066,0.7407536620017885,0.48700397080256036,0.5832034421393958,
0.07890416844554408,-0.14668696685127922,0.03151217634440315,0.01786117090158495,-0.11559914701216233,0.05613105428956679,-0.28776704225434674,-0.36328529563981193,-0.31300645470022526,-0.08297072792026847,-0.32938484171021476,-0.1579776805993668,
0.2498887291584443,0.009482907048387746,0.21359446162867168,0.03026951251218575,0.224870941309455,0.3091593652889931,0.16825106407017648,0.18910246008148793,0.46578800717243035,0.32432349181473935,0.4025994066746458,0.24671141195652604,
0.10887412449061057,0.09294896893625695,-0.16154085450036154,-0.1922246530225469,-0.35886452166876426,-0.3042729817146284,-0.09857652685086919,0.0312890929570357,-0.19639277601165955,0.08168634471551899,-0.21630406278638975,-0.16142911805345672,
-0.2338899306467979,-0.08904607978662885,-0.019920384611499056,-0.017364706932186925,-0.34857380253965903,-0.29645281067175605,0.06978745563111624,0.14830434585983343,-0.22406042257005612,-0.2636981056741547,-2.638365031849376E-4,0.021930065556377904,
-0.3129733291954541,-0.13515026977920763,-0.17304430670786813,0.10015627202089328,0.09376121759405825,0.07923184106248854,-0.259555401277972,-0.36196366844389016,-0.23680115703188734,-0.31485978733208103,-0.01575195248822158,-0.2024533265080877,
-0.21506470514891404,-0.2597456985533434,-0.10204530772706172,-0.4218243101792601,-0.1850101621923351,-0.06361298584739561,-0.2607949844260623,-0.27116187773321154,-0.05995172860010181,-0.08601304432905281,-0.3904168531123888,-0.13846469303846215,
0.2185557847951272,0.267797673673457,0.02046509591324877,0.04771048629886111,0.1741953637113949,0.06376950564005543,0.41788481901684676,0.07941124723673769,0.2646449119017734,0.39830350262366815,0.27699623875753865,0.12282821154720484,
-0.23243418333406188,-0.060354427198864795,-0.04881227469620119,-0.03712212931228495,-0.19793547899736488,-0.19319041561081368,-0.08750993587905095,-0.09789837810265176,-0.2180527118441294,-0.10890626127174978,-0.3356212050400761,-0.31088670275657065,
-0.010950660158367483,0.08902861166658363,0.2443885996521206,-0.018700997010193916,-0.1963431105880491,0.18013310583684472,0.3343095932752603,0.12394756002367126,0.16398184886181288,0.00518962729119211,-0.005750126161948285,0.10513725686701096,
-0.17447391556364325,-0.22710828481309062,-0.18413124135161515,0.09651763576978924,-0.012788985829786468,-0.22663423888647133,-0.0036314450376907065,-0.26337043926384884,-0.08891761925302749,-0.21963827735117009,-0.3203217861156569,-0.16963138120596274,
-0.14363850953158094,-0.23178310322313814,-0.16856753914176642,-0.2662492355894298,0.04455581714075397,-0.2751275505182575,-0.2031419244223117,-0.26648997990796536,-0.33585055628620486,0.11146716048286395,0.02894965258356025,-0.2658448934622732,
0.7205096735771312,0.5863219832631446,0.4898702885498151,0.6196804351117826,0.5723108486028343,0.6213843835293832,0.7956602757974305,0.543513300153794,0.6596825221089136,0.5648915931338084,0.8295910244142966,0.6878244023130424,
-0.3406712866319184,-0.16679851558309475,-0.09941432703497738,0.09774135247696408,-0.12573711746030403,-0.32105061180222144,-0.13913462811419303,0.059979639808845825,0.011593092845019979,-0.011325352380099981,0.029435111114390483,-0.08335897503878559,
0.3400587701491149,0.12064010197268839,0.009375532115633725,0.039061358421925936,0.28553669062154485,0.2724029178241361,0.1429163577209773,0.31120325046585234,0.39325813316391844,0.20631796380157238,0.2223019096721103,0.3687389185815037,
-0.28196391600507714,0.13733898776467487,-0.07173478147377346,0.07187065192970343,0.019622193269428552,-0.24087726198567355,-0.12213038887764716,0.03048296315103331,0.07214905691446713,-0.3620704329733103,0.05685541029145975,-0.40140326026883977,
-0.19987749364383114,0.03984454097546414,0.033387243755225705,-0.22815256936073997,-0.11646966318913053,-0.16001327644455143,-0.041208953108222666,-0.2180263376591726,0.09192493178151188,-0.14593809598558857,-0.30491226764768314,-0.2644339222708161,
0.014648613111951508,-0.19423106135521231,-0.2051686106000169,0.03396888927369159,0.06944171306530435,0.08725965303776827,-0.27082000435883935,0.17610618210755616,-0.23000743071686783,-0.11333604612098085,-0.13708591828465727,-0.02366027580448466,
-0.13998924349878195,0.0853118382363336,-0.1529305940549351,-0.09230760419459087,-0.13826033103119884,0.09100747637289565,-0.18670132448871316,0.16096656355787997,-0.22590726400059216,-0.1347554813610007,0.11283664935132652,0.09834367112897664,
-0.21466395027324442,-0.12142095344605855,-0.10411064878287905,0.0378183670323644,-0.21138047630023707,-0.12726996370380222,-0.08067134577664332,-0.10776999146619337,-0.15716617912813807,-0.07535086917710905,-0.19843796613181897,0.0255477092404286,
0.341621845807645,-0.07680228343119244,0.11807193484994738,0.09791021147443539,0.19739427245368033,0.15479308219324808,0.05093367742004999,0.2190501807109036,0.28715647629690555,0.28395651333041777,0.23411843519662304,0.29112989615537954,
