# Pesos da Rede Treinada TxH=  0.2 TxOut=0.03
12,19,12
12,19
0.1947032869388463,0.01803933702133901,-0.0927798886462592,-0.19642529020707958,-0.043386423401822166,0.008834934897761796,-0.07031240977582158,-0.2674729981768736,0.3304582711546724,-0.16194032830518315,-0.0028603874652004227,-0.015407381512514395,0.043770254197463235,0.39244364299202755,-0.06310086708278893,-0.10298922564021754,-0.3607265778694119,0.10213071942490048,-0.17195358931363447,
-1.0110518659679133,-0.65112630006638,-0.6610494067971662,0.3444877049919733,0.6919994823615713,0.15919689231662115,0.5700880098428527,0.7438083073940455,-0.6639719117397422,0.36137224851250677,0.5011098313905549,-0.3325714503552566,0.6025267052242328,-0.9365250551596759,0.7687510216137202,0.5322611665104487,0.9727198106298948,-1.1062009586868526,0.5404122105297339,
-0.9858970238585703,-0.5556059133971293,-1.0497804503813195,0.4859329680486663,0.5682953226453474,0.4428601581837973,0.45450197547556054,0.6582712690722236,-0.49066310240473954,0.4894272708817852,0.5402345655396328,-0.5032613032062844,0.49981804795453305,-0.8852094817503676,0.6862156463319548,0.31138596257914053,0.6897081444056549,-1.079898873611024,0.949580870999696,
-1.157900816872357,-0.31791633660828744,-0.9500586105669352,0.09256958696239911,0.37466142978309563,0.48058484066834645,0.7172290938529208,0.3922716546779523,-0.4954820446795698,0.11345970328124953,0.405405070868782,-0.37798328453742563,0.40875349731942634,-0.7947246281018677,0.46495636131138385,0.5308737191032155,0.5333286118933066,-1.1132412687527138,0.7614586972232489,
-0.7864303061784604,-0.23720894933182363,-0.326256150001881,0.15684388025273407,0.4193190546795741,0.24131210650711504,0.13028038202559805,0.32360991684621954,-0.4007752130135128,0.2770424067284628,0.3861080949912314,-0.2421833187550491,0.23725082387232777,-0.42027262542745214,0.08668724168635891,0.13492976152914926,0.21986308831571186,-0.47277638655068177,0.46456595561173664,
0.5324826079176562,0.3041637761678914,0.10902455202744679,-0.27795721835289244,-0.4213873420522107,-0.37753488819339664,-0.13811217735565487,-0.41430169914573456,0.4203739062261035,-0.29503392864041694,-0.26520523585545946,0.06007617223506459,-0.39001034620230063,0.22690702903533225,-0.22543220791705826,-0.3558120279773384,-0.30240035837126317,0.4305419029475918,-0.32176840760942105,
0.49719186862967074,0.3146183293384651,0.482044580168262,-0.601353064583225,-0.6522155411075785,-0.24987040277947817,-0.6535531905029297,-0.6307470615952823,0.2876407154125448,-0.4581536484831179,-0.6220066665028199,0.45708632948837236,-0.7068139745947832,0.4604617029786466,-0.53263108291856,-0.3275255403832938,-0.4907335393519112,0.740748930347085,-0.7747954028307,
0.1427501030327898,0.13594306225585498,-0.23791537061588033,0.024800269165573388,0.03366370261857637,-0.40137640730526786,-0.2108966665630406,-0.20104226793222005,0.04294470264251547,-0.12677065637812968,-0.19332861000913104,0.14423634844841587,-0.2546359782557126,-0.02211567093977549,-0.33100438482715117,-0.0655811704951605,-0.23237944907433852,-0.1131291841782702,-0.10884133205210765,
0.8842555654333782,0.386267169272105,0.47271539538568014,-0.5284333848776568,-0.9735184533459108,-0.6220173044802286,-0.7116287313266557,-0.9168782526813556,0.34680884316689825,-0.6770758789664847,-0.7056655275436027,0.2225830708157843,-0.8963487989582255,0.6819610228201611,-0.7814852576831379,-0.6909454085333536,-1.0190203799787423,0.8562390803478758,-1.0174465448276637,
0.9148073840525682,0.4427177131856071,0.5713063219044833,-0.7082681301295051,-0.7155526479137604,-0.8285010643391556,-0.758459569062971,-0.6222034641514388,0.7677131723464691,-0.5776281994848952,-0.6815109300901357,0.3890811939110177,-0.6451508473537398,0.8131199061885165,-0.816194133028274,-0.886414379572045,-0.5259385932502513,0.9737350229201498,-0.8374883790532798,
0.8608898199767319,0.3418126717508186,0.6853220553340257,-0.6152347895114408,-0.8894877498236075,-0.5303424628950256,-0.7425371396057013,-0.8973463356794668,0.25109323252482396,-0.5879042396136879,-0.8803285848517665,0.22529090550141806,-0.47644507360891086,0.583632766748769,-0.7300957042680649,-0.870730296856358,-0.7813333230308755,0.9004867764770207,-0.8410680653258774,
0.6346748565230571,0.4992922549602051,0.322354374118957,-0.59330748957829,-0.466055996281038,-0.35672259490226854,-0.4237349056594483,-0.3260376886647668,0.2832518923133874,-0.5691699817078962,-0.5987578893598418,0.24226738000691178,-0.23286294763174809,0.3639955983601019,-0.514052291205217,-0.26440891893457535,-0.6553737441350319,0.5449500377243719,-0.4620485464738434,
19,12
0.3696909343379592,0.22994864421928612,0.3963021393054101,0.1437283907944942,0.3169645280860092,0.2554638612005021,0.3848584969955814,0.4771619875757821,0.3931522546156356,0.2375154396467205,0.1562985588827614,0.37545521908031204,
0.32880436612508157,0.2083108273803003,0.11872705283718983,0.2766511267391672,0.3580567154716765,0.04708792640136079,0.05930460924028481,0.0695164574810137,0.1050238650864286,0.4023428104581823,0.13383319907540858,0.40028942946010054,
-0.04014000788039032,0.040721112252101545,-3.2542829177950843E-4,-0.014075431358112395,0.09225531745811982,0.11346713541010786,0.13421956179855157,0.2740633575402632,0.31206517043307985,0.2752862844399183,0.41517248044581473,0.2091767434295285,
0.08742856443510687,-0.23173398044380716,-0.15783375648478604,-0.29639602162622,-0.013757760871673574,-0.04352251195404417,-0.20112130574107087,-0.09454056799594113,-0.09206925315859804,-0.006024244563840716,-0.26274966763461205,0.02486533364927856,
-0.268626800348505,-0.2692134398935039,-0.24118819972376634,-0.3187677686768025,0.076595507009548,-0.21527784968717648,-0.21390637430305656,0.021036711832640987,-0.27587589757197645,-0.1258900386299524,-0.08419422141979091,-0.15514526722798017,
-0.25251572572754394,0.020474459954995288,0.059305124748390003,0.055045890135690924,-0.20813060016783466,-0.3082450490627332,-0.19729733115583165,0.012012805529062549,0.003552198074294959,-0.2745916533071741,-0.10471909524185319,0.067160289715236,
-0.18470005934235778,0.07536458119610828,-0.03581397994555105,-0.08372139951166024,-0.15940702720654035,-0.2994982059116445,-0.2738897398458442,-0.02998264252410139,-0.05662323442911465,-0.24880284959288002,-0.20245708137916546,-0.05000326878114696,
-0.28324160578276436,-0.24408203790875918,-0.22497642830750794,-0.21017758021541955,-0.14415891022037622,0.02611731216193275,0.008714590349092869,-0.15421987996450817,-0.27525274919468246,-0.007960248294405347,-0.06489225597177886,-0.34211099814662044,
0.01437884418193296,0.1554804028183522,0.3464649706788698,0.20165968926269814,0.31497268009826473,0.35946188187285016,0.1370905160374443,0.1939802586385419,0.32632310968351497,0.05379931124930619,0.2579668103749526,0.09011997157526885,
-0.2876075469807751,0.07207133103745363,-0.12808560886812048,-0.007888636505266042,-0.2902058921534464,-0.3021183738552862,0.04562603247972299,-0.2778951640473787,0.032951890091194015,-0.2937505074450094,0.06468974878520832,0.018231999593797052,
-0.009835019608999872,0.0821029945743368,-0.25547397752838097,-0.09650307708455513,-0.3677505586629656,-0.20134217696222775,-0.15198612049830523,-0.2753344941949822,-0.056184554053727354,-0.2178298869972775,-0.002534960915408717,-0.1434205768183756,
0.20280532958171252,0.17841764648331623,0.11762861974127939,0.17803838896408586,0.30282338942022563,-0.005383968891070004,0.4399178767708657,0.2670875196280381,-0.08992643962756797,0.11428970254880191,0.041544933250155236,0.15472925175894264,
0.11070340125351419,-0.24136504012482748,0.12435677807465341,0.13125837893279746,-0.10587591640225426,-0.20302710203117277,-0.1521413520197519,-0.2599226258206023,-0.1008987346132013,-0.22386984550002703,-0.2993212221400217,-0.24014449582081118,
0.08654707965016514,0.30115436854795313,0.030589015436542466,0.2683045992135055,0.2385158904807895,0.3151196712696678,0.08500744447241969,0.2695579639013979,0.4400559126829932,0.4576518236762871,0.325595235028959,-0.018516553344184578,
0.08865869384588242,-0.16143981252151587,-0.14479940569300137,-0.3500231282892714,0.05318279731535528,0.02204370347779898,-0.051964998732296486,-0.18062633984165885,-0.08967329861240296,-0.2556362209595756,-0.39839509580990845,-0.2954301072416509,
-0.07770768751038563,-0.18761136389844515,-0.18437061842465638,0.07808918672676372,-0.1911879878914741,0.06792981309548908,-0.22086016301106018,-0.300654818045662,-0.3324025672584165,0.14933751511559,-0.14314948070451555,-0.14670083999999217,
-0.2841038680946033,-0.08158550311489995,-0.1784487025593067,-0.19268078283971998,-0.3665167317112651,0.07900763350463204,-0.2488149005336177,-0.054816374290878954,-0.3089884024499552,-0.07750679750862259,-0.24076731086749695,-0.11433068470753899,
0.468006435303989,0.23853211872581523,0.3818154151365235,0.34508696182105947,-0.040581280313049535,0.43266573009868275,0.35939296211368704,0.1616096970757834,0.17905325558197283,0.23901064970152636,0.44606604547811407,0.4383192441301211,
-0.1700700325104975,-0.2361245394015558,-0.08222905770735221,-0.1689334841281363,0.06451999336136782,-0.1992961147553601,-0.019124896116518676,-0.19234943754188896,-0.1955851570573548,-0.28923866186331204,-0.1169446175907889,-0.31416518083671835,
