# Pesos da Rede Treinada TxH=  0.7999999999999999 TxOut=0.08
12,13,12
12,13
-0.4446537531693172,-0.34007381670101305,0.5992263121618148,0.6770106841980822,-0.7175217748031413,-0.7235873965025952,-0.826860834774771,-0.5921447818392326,-0.35754843346790394,-0.5208099193342217,-0.5911355747816993,-0.3395877617136873,-0.7483219049803734,
-0.4822696763871051,-0.46536512196432134,0.08645190198332084,0.24458089238471592,-0.5102499095794336,-0.1308902113481857,-0.21842269343214413,-0.6038763608145792,-0.24469733995240395,-0.11342518068493623,-0.4290497496427515,-0.47798505118657364,-0.15349743713537942,
-0.27592693421821884,-0.4618011158242751,-0.16890342085479015,-0.27035158097213324,-0.4582591576324435,-0.11796597758115149,-0.19069848230492878,-0.16307886100263977,-0.22832008316137462,-0.37359299567413995,-0.22219970671407582,-0.30122874513143544,-0.18518356531370492,
-0.6584298255839479,-0.29693852548852534,-0.035266882762600135,0.34580310331919667,-0.6687345783032375,-0.4078265097162751,-0.5100293743372661,-0.5868373388956746,-0.31821647151656224,-0.7091651593976861,-0.6179764141777351,-0.609515282448766,-0.46917211286990773,
-0.6651752402412252,-0.47764868427756974,0.16506028890023633,0.7845149719830246,-0.5445230824433505,-0.5725160667306396,-0.550656801401314,-0.7721434159041756,-0.8078862508083015,-0.7076829878857978,-0.43857742724257426,-0.7498879878036637,-0.6504903278721805,
-0.5817167753378427,-0.36262770311570663,-0.1147683612170852,0.5169839178492168,-0.6078961611268994,-0.51446336942768,-0.5104442270039089,-0.5948092796783765,-0.5664105722338064,-0.5211651985726043,-0.6136055295279301,-0.3181072510970125,-0.6171360148036821,
-0.4719949669514269,-0.7574415788084654,0.5087984865176308,0.6134867019971972,-0.33837733358343014,-0.31657054535390333,-0.6325213521362728,-0.44859693222441094,-0.3988976937161928,-0.6009836278976521,-0.5186626395947276,-0.6514084897410648,-0.5968467871237162,
-0.5061083942798884,-0.569205255495568,-0.22590279266519997,0.4045461427797594,-0.2651572105840095,-0.374043110648587,-0.20599519170928732,-0.1605653839553325,-0.39323928057407803,-0.34215220242536704,-0.5579456660882625,-0.3120660389578438,-0.6232658662702045,
-0.6245576407478916,-0.48249038866454347,0.13714241777078562,0.3010668950456379,-0.19506945540391937,-0.18198501299923475,-0.5597768018954652,-0.49494378647669035,-0.4869026426791766,-0.4805803852536193,-0.23256389799319066,-0.3833453781085977,-0.6184819430534998,
-0.22286102826007165,-0.5422551879214793,0.18431699588815387,0.583488614643671,-0.27704849223855776,-0.6748346774598749,-0.24528964102120204,-0.5856064857351483,-0.5063192663636945,-0.25355413658208,-0.3961966652309764,-0.3094708610766812,-0.38222542175873087,
-0.34116979868570796,-0.3012595385242129,0.31481614642264394,0.6856670337438077,-0.3899167967000126,-0.6712957610859616,-0.5009313670658445,-0.36196791138366335,-0.5691641132693318,-0.5608404170764775,-0.3277390871366603,-0.6839470231116119,-0.2597712112131299,
-0.5210681014146837,-0.3950738362779531,-0.13275985692392112,0.30643790286725664,-0.6373127492034351,-0.6678733374620827,-0.6661026846193872,-0.4547590695034051,-0.5323646471085588,-0.3735625638654038,-0.5375726598409164,-0.2664247129688841,-0.2537225710620625,
13,12
-0.27510105796195217,-0.4400578830431266,-0.18672635288138342,-0.31648325555219914,-0.34801389649526376,-0.09415805038372686,-0.1923568869251334,-0.37339229188303213,-0.3103525152258013,-0.1074879080971258,-0.1711750768496741,-0.2070148003433828,
-0.3020061162921533,-0.2752617620219961,-0.2458905347618567,-0.08230605456192322,-0.18905164645861045,-0.1965321748326016,-0.06881747913467152,-0.011404412345813611,-0.32282478830899686,-0.30396104709615707,-0.43637763505263366,-0.29702861549219095,
0.01961257133705941,0.028783526001705306,0.07497833957525496,0.060549595042058174,0.07361339034866418,0.09260626946321976,0.22683933060877307,0.16752332703383713,0.09852876912967581,0.09304251527356673,0.21151701374501913,0.17280858928252074,
0.7707416654893713,0.6654535546058462,0.6676539745919797,0.6801937228825654,0.7323213240848452,0.6443962685570608,0.639832776907375,0.7029006041523411,0.7389970670618405,0.8381609826401429,0.6252121484320267,0.6061160628919317,
-0.11387415877594625,-0.07651892801257465,-0.41630931042662117,-0.34401534859560884,-0.1414158390790759,-0.20815400814511614,-0.21861135155335598,-0.4174226510517814,-0.20164868266106586,-0.3020345119717971,-0.24625445905888127,-0.20372481309798526,
-0.17454423908542688,-0.03103334313945645,-0.36034658398538355,-0.10648299639108551,-0.24014302326127882,-0.3581019352644326,-0.05234214280375484,-0.33428295421690707,-0.1642870472215845,-0.2952437760942053,-0.4528139747479733,-0.30490681773297923,
-0.45306210736155933,-0.19881718739080892,-0.21356890841129733,-0.28205148166834276,-0.24549445061288458,-0.37424362099999753,-0.39333010867854307,-0.2409616282544696,-0.15585397046795835,-0.33783129058226147,-0.33946663165580276,-0.09498012965589844,
-0.2925036995189,-0.3382836788115557,-0.3991148276574178,-0.3865812251781332,-0.1562015040919554,-0.061576572398548524,-0.25606477006487455,-0.2829921092276675,-0.3939823993854645,-0.259132806638968,-0.18744587113533023,-0.1731982216591407,
-0.2904834889521971,-0.3027599794090852,-0.011950585259845844,-0.1650631471112389,-0.4344539523757629,-0.08436871382211285,-0.19444796795894712,-0.19774570617357834,-0.07410693701359908,-0.19164814925079388,-0.48266820046661063,-0.3533950231557682,
-0.3015300939958143,-0.10401633146005002,-0.010601304204284167,-0.1801872593911673,-0.43922757357687553,-0.2865482581775588,-0.3083075790469529,-0.3738371000595416,-0.12477580914540114,-0.27900343728154864,-0.13229278528679367,-0.472287862969778,
-0.2859424212965681,-0.02147170494663697,-0.2138807724939409,-0.17478925029721049,-0.09438749859945048,-0.35947637993299364,-0.3502070274232422,-0.26806428578659697,-0.13891824071349093,-0.4126142497152748,-0.2580964581526926,-0.3787046284885867,
0.08119037359564799,0.049341317166044056,-0.3631912429521441,-0.10255274677653214,-0.2604163956483695,-0.39740342074947116,-0.38796672920106795,-0.10912112321068186,-0.309995329128753,-0.31810702642181804,-0.5271334582143622,-0.07430621486775504,
-0.12707217961586756,-0.3479511759207252,-0.08071784660307751,-0.2962410260620779,-0.032604987044332824,-0.38653039326197963,-0.40583410057867536,-0.2234552992120585,-0.3308260165601383,-0.18260590446183195,-0.031217423397473333,-0.4445290626510919,
