# Pesos da Rede Treinada TxH=  0.6 TxOut=0.07
12,21,12
12,21
-0.5294622597931876,-0.19440121690536835,-0.6341848775978983,-0.5285882025622064,-0.5964012843813904,-0.6051029108502146,-0.4331137873007178,-0.5784124763507003,0.42275079863591497,-0.4058547439352169,-0.5924523063742243,-0.7674855262693506,-0.48607479167132317,-0.6899102624426213,-0.04731131806174349,-0.18302356094565886,2.5609884056121652,-0.7117934726879451,-0.11613912019926345,-0.29922604004603487,-0.3968639771865765,
0.6991424306920258,0.3767754601879519,0.8511731959869719,0.32139666321389465,0.5026389654656236,0.9635496680408356,0.4598712787889219,0.5334149022166311,-0.5916545942821311,0.4944688006199046,0.881422715360508,-0.3784365540481132,0.43565248890916103,0.41371005262134997,0.48104461293425765,0.613882381353685,1.4045316425394696,0.8773683949311274,0.5063210729763952,0.20976871621719226,0.72316922384366,
1.042500106240792,0.742891174905876,0.6617248864222066,0.7041222705366166,0.7222638212670508,1.2156420674969264,0.48280178108896676,0.9482832089340607,-0.965948958379725,0.746279885816941,0.6980878252333549,-0.06229193104861124,0.6782408232601396,0.7283867336066302,0.09855838517905352,0.7051031370916968,1.1584156506992151,1.0209305314652828,0.860003013126632,0.6722161075873778,0.8979095952974931,
-0.08484627968600947,0.21977021853724768,-0.08617738058569545,0.002192529547754467,-0.09426259379573722,0.4680840387226268,-0.029319541916121922,0.3105985631512515,-0.09122641582077672,0.160706523808895,0.06012176914506497,-0.4936382281195369,0.5398286916240521,0.021674197708681793,0.4566856261113136,0.1702285930225049,2.1224087707287707,0.20193171136061755,0.531435279939439,0.19747662504516422,0.07250163221839516,
-0.35730957479304465,0.2041917249275544,-0.31551332274676097,-0.22343183130470964,-0.32696983702533733,-0.2842541499859918,-0.2684527347221839,-0.3329700482369011,0.3301302316332645,-0.415655199847967,0.05064961105688011,-0.7531948007230824,0.30310142443918164,-0.5494944673047738,0.2976434851125956,-0.16340535933602185,2.4609618824862083,0.1314569570018319,0.02363941931115834,-0.15935689936367695,0.07937309231742604,
-0.5640026897931267,-0.3854393456123857,-0.36857877127120675,-0.4083106148434736,-0.4175744049996916,-0.6479805823240308,-0.5717920411535142,-0.7837654591124463,-0.4650269958537522,-0.47842423250721305,-0.4495158173942554,-0.7630546982754551,-0.4359349196957679,-0.3739653253443033,-0.2620460362043595,-0.3127678810542055,2.6421032928455843,-0.5949946120504284,-0.34858046995477776,-0.46116481319435815,-0.8115112023878319,
-0.8391956076841168,-0.8182692275807555,-1.045650497213063,-0.9920696278372175,-0.7941164161531742,-1.0610175679305425,-0.7393984507447874,-1.0865380074417,-0.03751594113917419,-0.7215451578649329,-1.142824825670718,-1.2590938863816088,-0.7142029328484399,-0.9549981178059586,-0.27341941299385614,-0.924594776802788,2.7183537002453972,-0.9573989991894878,-0.685960831859085,-0.6477730307581963,-0.8554013076762493,
-0.007813823661862198,-0.6497489115946333,0.032753948842933756,-0.0805306036095071,-0.2682423864585334,-0.08312305924674776,-0.21576364702792483,-0.15177192717369856,-0.8041032506447378,-0.21736642101271075,-0.1376443295701942,-0.29967086848145713,-0.1550945165182473,0.14564705565149905,-0.8593697348938426,-0.2969207745279769,1.8042359949471316,-0.42071427174661835,-0.6178761110370294,-0.18158741886924948,-0.38990545192913845,
-0.8787500037920624,-0.9146468274843235,-0.8457028660498669,-0.7721773236421537,-0.530900229155101,-1.1120878821884597,-0.82787046789274,-0.7966991970640095,-0.5798195505451942,-0.8163913832392725,-0.8107314773102293,-0.6516628286693984,-0.9855558883329437,-0.7800411914098572,-1.1244897715953956,-0.8315625585678911,1.992056196390061,-0.8214866681684951,-1.2125310777952083,-0.6264660751240426,-0.6227654046958686,
-0.7496104954997375,-0.7948051620518789,-0.6337529697933205,-0.6028334603905071,-0.7676206561915434,-0.9998592582679338,-0.5734197957101861,-0.5454418222341801,-0.39967390462650065,-1.0050166642051126,-0.6323173373873837,-1.0432968434162002,-1.0703164304262327,-0.6030838032155231,-0.8658103222087046,-1.061510377138343,2.3064243426728,-0.8284303363148181,-0.808490361795216,-0.9243126612673823,-0.8582994376049362,
-0.8441985925642054,-1.0501826139316295,-0.6656978388387131,-0.8348043629070346,-0.5371749885750765,-0.6772362661176748,-0.8540946818621674,-0.5545708116387388,-0.5908968420915773,-0.6586275937087338,-1.1260232767696596,-1.0510519684423847,-1.0105269079449093,-0.9138439603074564,-0.9062841868449982,-0.7369423345199128,2.2248530158260515,-1.02684539052489,-1.102985892711667,-0.9822490442149288,-1.0461380965701628,
-0.6553093043552881,-0.4878977820319834,-0.710550671984533,-0.469433549852108,-0.7502337660075367,-0.7373308168133197,-0.33649767358601085,-0.7653244720795253,-0.5771507991347264,-0.48097194813290944,-0.46643862550395493,-1.0702831205266456,-0.7146359738655197,-0.3017244615464268,-0.6926667043581585,-0.6470921764787504,2.2323454940814758,-0.48154438123336846,-0.6603496145817811,-0.6507031535902074,-0.48366444233053774,
21,12
-0.24086258660031457,-0.2557610520827435,-0.2668975201530755,-0.03380428994207757,0.0353327967391356,0.020476057608992085,0.09571509050340878,-0.013833351639557403,-0.0035799664120984313,-0.22634811028796306,-0.3082349572742771,-0.23102122703275374,
-0.14265177795943018,-0.07102013576510917,-0.09636966597900101,-0.3195916212299152,-0.08689490358482191,-0.0048515892766498,-0.018244909270968116,-0.2202699742958769,0.008118861483137042,-0.21948573446500302,-0.004687341923735939,-0.36896175407691056,
0.06683672643686098,-0.048706509981606555,0.04157860167040868,-0.16603651583516957,-0.09064065439690279,-0.056098107874211815,-0.09192504221855452,-0.319212175586505,-0.22728284314234767,-0.18715079171475346,-0.12332702760710716,-0.045487231728253086,
-0.17628750250596703,-0.1473183217075353,-0.07560703544177852,-0.027391839190111407,-0.17579854928361857,0.08789428187106486,-0.050217166730026956,-0.263330417523463,0.019779964190390218,5.046316175442084E-4,-0.32203204201291447,-0.1878261073336544,
-0.024828406771064578,-0.13709163230952248,0.09734816887597003,-0.08403019049404765,-0.2760206216837045,-0.10379402544347471,-0.132874825582635,-0.21755253631608124,-0.1547285617093197,-0.05370004608901084,-0.005167105171825389,-0.23051244116855096,
-0.07628381453578394,-0.07488487037481274,0.08393849790263572,0.04111138120897112,-0.2719139088274016,-0.26471665726889726,-0.2682206696810402,0.12422622010911273,-0.04113391275148837,-0.3273254925421763,-0.1536498799505159,-0.29974030333158375,
-0.27600233297141097,0.0703698349017124,-0.10887123777629,-0.1322005067819804,0.05697549305042245,-0.0712794350485876,0.01379021013835997,-0.24191148491836578,-0.016444241413773986,-0.17226677462487536,0.009879848314642725,-0.3159604533518121,
0.06567779488993572,-0.2378774741000579,-0.3171261184814538,-0.06127936660752606,-0.06458249138597393,-0.10007723369938006,-0.23933379224525056,-0.11218484702596389,-0.08999419918217212,-0.19750496517074567,-0.06009762912421653,-0.05808735438065116,
-0.06898469830990693,-0.31861933463749553,-0.30765715447282366,-0.3095499703664522,-0.25264328690429527,-0.08011174731946917,-0.10348139569322935,0.026963564599746675,0.10295119589095779,0.04269224232771566,0.07947613961780843,-0.02800930846422632,
-0.20122371702629635,0.07775285425085199,-0.08045373812537496,-0.24873690261411388,-0.17125660453805527,-0.21404331456512224,0.12747969131683748,-0.23579666074789818,0.05042915199159031,-0.3113391503480621,-0.22223307333042885,0.03973381747821822,
-0.24599946356396346,-0.2955908055682975,0.13410138596310256,0.08379452128350438,-0.07592736959405338,0.02068432760045251,-0.36381236572975445,0.03228973233673542,-0.24046181233780947,-0.23615547447720084,-0.18148598425741636,-0.0013526397446776972,
0.23293813168623048,0.18273817727402766,-0.018015590167287737,-0.12352027702173073,0.023569669287226484,0.1731372988175333,0.18211496493688448,0.14608378177236853,-0.04326512581087034,0.0635120326150846,-0.03141281854984858,0.005837687057289121,
0.0760112428597023,0.1368026343402994,-0.11386984802139731,-0.26958378229105023,-0.22744143239978248,-0.21228247255957458,-0.21253534755878478,-0.13414085737010495,-0.3468881619019558,-0.13599032317080917,-0.057713550508499877,-0.015014044860221332,
-0.2623194979559228,0.036959144323054485,-0.3472865879098811,-0.042882384842733066,-0.25676238113482514,-0.1577555042789823,-0.06159345605413452,0.17396964236635087,-0.39493903963539767,-0.07050178376869312,0.06832989601451243,-0.047141362125109734,
-0.30129962798570237,-0.028735974758905464,-0.2211991186466467,-0.07413517108879628,-0.24662607310852216,-0.18542894254819772,0.037814484870304865,-0.057879645058400674,-0.1734687658845388,-0.10430413841521714,-0.12500078610574564,-0.05071743407134331,
0.06734318461051783,-0.21859363846254612,0.11095421770449002,-0.1140580852801095,-0.08906338034486086,-0.1489348879459621,-0.2585248972563907,-0.2343982075405525,-0.30435149253526445,0.055299839305926454,-0.26173776730995807,6.292189970534177E-4,
0.847431327830311,0.7339494476668192,0.7961074757799623,0.7718600318142417,0.840933363725091,0.8398376845789477,0.8605312460313235,0.8855445107196724,0.8512348658703183,0.9098069033752456,0.8753469442968658,0.874533118632387,
-0.18480203725313907,2.6134908937040075E-4,-0.1709219718651775,0.20073528652618952,-0.07411140168703514,-0.2174472505764159,-0.36832078670495216,-0.23140853834904962,-0.21158926738830036,-0.07572944921758151,-0.04547249497682876,-0.056095007787255236,
-0.21159507820432383,-0.06791771591725212,-0.21117830602388554,-0.09739874307573004,-0.1944233336561432,-0.058323607440302364,-0.2416646809690596,-0.23767305391953386,-0.11814780924135437,0.08899287662455814,-0.2772252104361604,-0.022390602795957757,
-0.1343008853138049,-0.23840533046414344,-0.01825496304447498,-0.3374680567064109,7.764452464783164E-4,-0.22549854246625967,-0.037959857128370134,-0.14871689543730202,-0.024660153457488027,-0.23906847836272846,0.0078791967213977,-0.12433115183311476,
-0.06089339514692495,-0.25798203288391397,-0.21876241917534064,0.05301403398161588,0.24491750973446882,-0.2913886942222495,-0.24180421310552222,-0.08815561888822655,-0.08494225292536431,-0.010194621748331542,-0.29641824196258065,-0.1876244132711301,
