# Pesos da Rede Treinada TxH=  0.30000000000000004 TxOut=0.07
12,27,12
12,27
-0.4768048345000738,-0.3544989029095602,-0.3928515517517592,-0.4889539805094113,0.44109280386473954,-0.23708090095084658,-0.5312744146023024,-0.30022710953834925,-0.3051094590223173,-0.13525628086743627,-0.36155520295821614,-0.3597905396375765,-0.40893246304110215,-0.24568723843741933,-0.4747061242810817,-0.34288398488586075,-0.2658555303701166,-0.7465206500288164,-0.3883174498329596,-0.37005546411904927,-0.2717250332244947,-0.11710299426633933,-0.551108806079839,-0.450527084762725,-0.7187182268799784,-0.26779339259411095,-0.591918705051713,
0.4046333357733871,0.4203662809447045,0.5054210951123097,0.4116039078092463,-2.5086741176515064,0.31030806532823785,0.5577660004618739,0.4441822889170001,-0.11737307862428267,0.26057761087069686,0.5099609257311816,-0.6334356098866828,-0.378944894702371,-0.8849762523419622,0.7317655098172996,0.48696943739285276,0.3762714010345261,-0.6092770282089504,-1.2024153964613191,0.5666757785940281,-0.008644870820919467,0.14755917070493943,0.68105415635482,0.5385988810892631,-0.3129784555190707,-0.3600821602145367,0.5616033901080721,
0.0705214286681797,0.40525245308646174,0.6079528212824565,0.3654960385764581,-2.4528438437453444,0.14301718294760457,0.34718886077897226,0.41185818054583434,0.3335336638756229,0.09213057639699293,0.44459377224605906,-0.4258029957123337,-0.1774506650864597,-1.1005316457568137,0.3333846962557233,0.4371758795434796,0.5480712555156729,-0.6008288954714399,-1.605162963792883,0.3860234105957975,0.47035776580923117,0.57889589971608,0.32315878432046685,0.5979236181060057,-0.3199521630125573,-0.17870683110047486,0.49855378764628533,
0.30013825960333224,0.3639130218830168,0.2899418206953501,0.2583916962332707,-1.4450647806714316,-0.07420853744746335,-0.07729447452135707,0.27645651802645993,-0.17982729590851357,-0.2543765337993239,0.254633599547303,-0.7079567822639942,-0.26724368565045054,-0.6753452697500381,0.057522183906182606,0.10047800415588276,-0.00532240020649981,-0.674606124264558,-1.0274206992109072,-0.08761998552172057,0.3303982655150945,-0.015285045404528498,-0.0052279019035076256,0.17001502206539562,-0.4352859349877091,-0.20747501082857628,0.36795663149109953,
-0.1078157537559991,0.2011896090039222,0.09826127430124862,-0.1041368463292164,-1.319713116970292,-0.021975648104317392,-3.6263415694641574E-4,-0.20615409443432736,-0.16798859426397594,-0.2152460378291153,0.24864565972701855,-0.5607208548863686,-0.5394744995864478,-0.531241845732812,-5.016106409757115E-4,-0.09875691466013295,0.0806168809243056,-0.7714170777588317,-0.8080896844285306,-0.0889464479324884,-0.25867663217466663,0.08310647296674213,-0.171985124053261,-0.21073941119324754,-0.563781837379047,-0.5513895937615014,-0.22133736447958324,
-0.16986640811668852,-0.25393536045249376,-0.5014658336264053,-0.5778152449468275,1.1038477632711405,-0.4865734011124887,-0.27140507701792504,-0.3818015790509503,-0.18327720206239065,-0.19566868018615013,-0.5958172280641435,-0.5474771514241736,-0.7487684253084602,-0.5659879259120495,-0.4951859826687688,-0.2623326713348196,-0.459155081906673,-0.5811988902088552,-0.3187477951108862,-0.5477021614582963,-0.3353103538924927,-0.2062916715298785,-0.5686575366874729,-0.43225361788592126,-0.2894913714988371,-0.40362134954187595,-0.5321076662092346,
-0.6791148904055749,-0.7996948589808377,-0.7888195369463717,-0.4531436801378603,1.9186149080424824,-0.30160999553217943,-0.6664125896873735,-0.7572914749116186,-0.5645137995346705,-0.4051059451054637,-0.43367115896816694,-0.8501166662518865,-0.7900175022008487,-0.5752049658565686,-0.575189061407239,-0.6636339223571864,-0.6748324307971965,-0.5912160699266581,-0.09911809203550616,-0.43326871282060514,-0.37030531206740375,-0.8639661482915544,-0.3734293021276204,-0.5867563966536647,-0.5423475301179315,-0.759312726735343,-0.4974562711036292,
-0.4527003098155769,-0.0573178990763286,0.11125946812148028,-0.34039960710326933,0.4587302897285126,-0.4082102263655326,-0.17533092740080097,-0.3622634988316143,-0.25820762458152036,-0.30831008264312737,-0.47151198222640583,-0.8405764775795079,-0.4487538958784099,-1.0312603583190205,-0.12181138617025422,-0.09168992199390498,-0.11312837386313898,-0.5903693592444073,-1.002464950047295,-0.30274775923493086,-0.4830539971650641,-0.014044081132381205,-0.28985520478663784,-0.3467874498876921,-0.2990437743769855,-0.5606869186230572,-0.02690987230073979,
-0.5764422569211666,-0.9243589821433879,-0.5959308837194398,-0.65039797643287,1.9533213759273966,-0.5027678998982085,-0.3403970936972741,-0.6083570472285506,-0.43100255155985184,-0.4400964202197747,-0.5210033207395612,-0.5237135331992195,-0.5661066317547762,-0.827029236677407,-0.24422101353056622,-0.5033091471285713,-0.44291267368893805,-0.8364720774154096,-0.40771820675735576,-0.7526501740395063,-0.389828879775258,-0.5790429133300306,-0.7308218231622928,-0.48648150356578485,-0.3287315566241171,-0.6206078076154422,-0.6133562692578853,
-0.6013388335333819,-0.5168589660206151,-0.7589846915607058,-0.3395838308363302,2.0805753460567025,-0.49673704407323244,-0.654048315530642,-0.40689059104536995,-0.2895000635581911,-0.7846032318319386,-0.7490080598408557,-0.5881219035156183,-0.5421466128105815,-0.9296087030287424,-0.6525038601587156,-0.8629386387086436,-0.7762368476737727,-1.1082832621424374,-0.3536517568923862,-0.3665128269954872,-0.6626300106002245,-0.8589296213000048,-0.4312626611681061,-0.5908078842854635,-0.5924190322967782,-0.554602327242398,-0.7381977523105708,
-0.5018383932462472,-0.7265384776911525,-0.6604921704653106,-0.6509273376950215,1.755246742921774,-0.6490060919412413,-0.7533717457124308,-0.5232378036702038,-0.5135694914211715,-0.49582216076501295,-0.8346629674237396,-0.8097094739015056,-0.7974557715551427,-0.28924863328418465,-0.7644461250945994,-0.5106217650822036,-0.5046269750570694,-0.736728295501741,-0.34579303769555453,-0.3897875949583628,-0.631399682922833,-0.6904871996335159,-0.45536601723196884,-0.593391039296508,-0.6305747350126409,-0.9274961718800013,-0.41599986679389367,
-0.13949730353642342,-0.4874217612990162,-0.6003505444604802,-0.3438465967108285,1.598021507492123,-0.3714962286035692,-0.35326484694251536,-0.43213229497927935,-0.5591225244291167,-0.6491458629383838,-0.26143510710130563,-0.695590950743681,-0.8533277092428371,-0.5793988436973365,-0.5608993877897719,-0.5449598553077487,-0.5970251117861779,-0.6463974713208375,-0.7001338048769281,-0.5668074898994133,-0.4191554260607099,-0.3649795479961473,-0.31449615897215333,-0.3513923528871919,-0.541610963577089,-0.8216671720628846,-0.580069462085783,
27,12
-0.028520639099960766,-0.08456065580238577,-0.34883686042832,0.007310850766023561,-0.35890688672397336,-0.29812466864698883,-0.016946241949600312,0.07522907084917493,0.06426915268511621,-0.34696755714100597,0.002316671491319173,0.01710607645423257,
-0.12475656585711718,-0.14432396404959968,-0.041198965281813556,0.05166967825724218,-0.21965391777488816,-0.0897350591584572,-0.10975607641222615,-0.30551297110969344,0.030850083365322592,-0.2541439031436941,-0.1842625057555455,-0.15612226037235905,
-0.22337953023120172,-0.2843178171395356,-0.2926421973684488,-0.20155405792642248,0.09795592951446434,0.004471051261904523,0.10769316627628915,-0.36545159102892844,-0.09687092888518974,-0.05048433517527983,-0.15635774535609787,-0.27825626604007847,
0.04347805713008323,-0.1509254467912164,-0.03527514345442744,0.0451304658564456,-0.07903774203227393,0.025257893034828137,-0.12828659979954488,-3.83239568035466E-4,-0.08797286645168594,-0.2681788206497465,-0.41177347231337175,-0.18137735007105316,
0.9780657774214215,0.83140956421703,0.9037773593228483,0.8707936665071573,0.9490569553699627,0.9449087206449213,1.0175876734625848,1.0139996328944552,1.0555228933480814,1.0838265495911685,1.03645626737988,1.035183104020205,
-0.33977316224548426,0.08221538737736724,0.043461871054841596,-0.2062687004131007,0.020821270727536485,-0.08361600033224062,-0.29026873003787507,-0.06415742283145823,-0.048151256521417454,0.050519448371567584,-0.0268439460138539,-0.2952077709265966,
-0.03986824146581078,-0.14080540241693829,-0.18628199537243276,-0.025623931917496744,0.14516833439925186,0.03798391088589186,-0.24909215433102566,-0.3582703771839198,-0.3074220218224574,-0.25212819325234515,0.008741017274831613,0.09591213823450204,
-0.22893035319519864,-0.030190527359304893,0.13949154897073957,-0.15261988530220089,0.009264902876409414,-0.16122175048676946,-0.04934392434183587,-0.015030094091428015,-0.12993582734031525,-0.12013612484791084,-0.28483243398390257,-0.2780465289523313,
-0.25169662081901684,-0.02603741855022128,0.02904026116410535,-0.3629569934396981,-0.26601528012090414,-0.1566311742569416,-0.29710119837439236,0.051448465888657764,0.2087375366282023,-0.002223150430480615,0.10148109096893337,-0.15840746046202073,
0.04416724770849913,0.012628461550517753,-0.10109839585226958,0.047170049484489066,0.04421305004512645,0.11087882724640753,-0.31457996875388744,-0.06762364587985234,-0.045164990771623136,0.10612528681746716,-0.2799946147235632,-0.1343942377337738,
-0.1711582689167768,-8.90414879987477E-4,-0.16937386378241798,-0.16744940208749653,-0.09867932112406556,-0.13306589080497477,-0.08445477656347697,-0.03246087843641844,-0.18533488501030929,-0.1819156167177399,-0.11066259226412452,-0.18845159397304367,
0.15550000930061858,0.11703316972928492,-0.04660811194614316,-0.05262785455068202,0.02128360779561314,0.10341337948556997,0.38051648331169585,0.45182318587654113,0.14833057080586734,0.4567063024940758,0.13929946150541783,0.155808830579137,
0.03202779073605251,0.10373351268552745,0.1080624817716052,0.3037725119524031,0.21214721736634656,0.07180745067714826,0.23479893188324005,0.11359275640750253,0.2445842271535054,-0.1067814461511532,0.059944506135136716,-0.1781460540472531,
0.6555898266908026,0.2733927230496429,0.2846453182311418,0.22399917888838375,0.5226468587147378,0.6482982701599942,0.4714027370274803,0.5819719995694553,0.787026903734874,0.7186376829366957,0.6833706897802119,0.5822134516983695,
-0.25022801800999184,-0.03740866319366628,-0.2999300116379603,-0.030428726601911746,-0.11661224970379062,-0.04644220385504382,0.009330103280308998,-0.272597376772887,-0.12786563632893358,-0.14964671973570626,-0.18601943656634007,0.019101635525013448,
-0.24186319512432575,-0.13219554349827575,-5.606432643227581E-4,-0.1506359717243284,0.14175315151301382,0.005043774126894508,-0.2250124384095645,-0.08036180222893823,-0.22897438602784376,-0.23543568516428892,-0.08177760254191076,-0.13759528629636866,
0.00819295201133557,-0.17550229644581092,-0.1818969437315303,-0.03986035324246566,-0.21183738695852825,-0.2203587791154726,-0.14503976313801195,-0.04476768552995096,-0.26081061791183024,-0.18366442641739827,-0.11519519204790689,0.09663583689599319,
0.5373936769182509,0.45712749088196464,0.49856235218957845,0.27307840224339214,0.36828853269206646,0.1505614392411455,0.3856521171987437,0.2754440420551205,0.37190162233315643,0.21586113481695224,0.35276505840570394,0.5782561113203928,
0.10707646301600504,0.2061094917158001,0.16522630259584967,0.1942365085005826,0.19359719354363988,0.3045992865879716,0.3428581369261756,0.34421500162153384,0.38570941715699825,0.3886912544110824,0.42515346735342846,0.4090909374275766,
-0.10548107253847083,-0.03665321074427506,0.12926508279858442,-0.06516507676676436,-0.18967740033104344,-0.14885074641558302,-0.10852134011735508,-0.07587668125117565,-0.36125567168477163,0.04543362914057035,-0.03634653504948318,-0.325726552578103,
-0.07931276268527435,-0.044109540098372715,0.0857169720824381,-0.09285602805288938,-0.0669625092843886,-0.19581466672241843,-0.02695976207439654,-0.3159626420281047,-0.12814167161854653,0.05778237771632566,-0.027982602942344028,-0.28197658252926994,
0.15170963741367627,0.037410093677913134,-0.22764569749000232,0.08284911947636318,-0.08869515701838898,-0.14921731805847166,-0.2606218495641377,-0.26980894461303745,-0.1938295896811502,-0.11327187765352992,-0.017561181862112307,-0.22962082658518027,
-0.2825680628013857,-0.050854284181494104,-0.20641323126230027,-0.007534996110591905,-0.09376044850797126,-0.06842747428097865,-0.022538763113552834,0.02544817706844071,-0.09269810057370802,-0.30973599812253216,-0.1449253462628912,-0.11062988381346095,
0.13175070594141455,-0.22718529686537078,0.07141635335566328,-0.2068794907007259,-0.27814309804632603,-0.3321959374015036,0.0076131150551952504,-0.0031577805437680816,-0.1490650113483087,-0.26234914771647266,-0.2736464254121333,0.09078964380645886,
0.085348556971104,-0.19380274869900932,-0.12418438269810024,0.006108150735115402,-0.050918415047186104,0.0982793796776586,0.11761252499782252,-0.05221327598497484,0.22754585340113262,0.010127636460177216,0.18135288098773436,0.2297228931248389,
0.13649082382826636,0.107933210407334,0.21510256398611924,0.031443953306667924,-0.032019857025342074,0.0303302253103813,0.2005171701574667,-0.08478314503548175,-0.05513689786279915,0.24750018096269485,0.019131158536529583,0.18714881451801815,
-0.2119414114307035,-0.1655224596293404,-0.1440235112228302,-0.22221596059295254,-0.2616911068674543,-0.06826649180230822,-0.3094218916957071,-0.01062094921086231,-0.3434931719996441,0.06276737142519644,-0.11358062388267022,0.07943310321006883,
