# Pesos da Rede Treinada TxH=  0.7999999999999999 TxOut=0.05
12,17,12
12,17
-0.6664472196736808,-0.7474702434882742,-0.3291113111666113,-0.7886502552648061,-0.7442914012477093,0.8478837783360051,0.6404263087455752,0.586307623218313,-0.6839364069520081,-0.6491514554202716,0.37554061303896347,-0.732120426936831,-0.773302207065456,-0.6322565005118091,-0.6825996298852336,-0.46775700226588457,-0.6237221683733345,
-0.21428676420965143,-0.058306474892813355,-0.1471129408792913,-0.125570049423161,-0.4686445796420586,0.26327116007392665,0.2030587015759712,-0.08999046573466772,-0.023272517737877293,-0.37779520803489014,0.13105421135778134,-0.33071944400867814,0.006128770592326516,-0.012795580287462622,0.0501300805070221,-0.005925250633870434,-0.3920387343316428,
-0.0661406046027522,-0.1739677020485248,-0.014122947390749145,-0.3118111762574487,-0.4869170446503844,0.05193413736038781,0.1512916837339652,-0.2684609810576307,-0.2725413666935412,-0.25342706167594214,-0.2558341639093469,-0.13794457522016493,0.01827447197162684,-0.051865873171370494,-0.2129187149337709,-0.004650068476292182,-0.17582403430893304,
-0.19420463913563502,-0.18256961672146454,-0.3700965897781487,-0.3638622276363208,-0.331101877062487,0.6424807805716737,0.361089772385263,0.12058595417195492,-0.2961307821979802,-0.2814427938693635,0.33940953215394504,-0.6822271987239612,-0.22990456839952295,-0.39753004288017085,-0.4671203250007762,-0.5288045648109672,-0.6647078613392444,
-0.3791752032122451,-0.27295022611229147,-0.39494768362394844,-0.8311346848851929,-0.5076698408341005,0.8710996018814977,0.7935982103165112,0.2891530144055597,-0.6207269244378125,-0.44027412278637035,0.47857672101185755,-0.5790594631526019,-0.26336549045895136,-0.5963646973680483,-0.34227745441696705,-0.6142089458412322,-0.4030351687903775,
-0.5730505698002746,-0.3938344294128658,-0.6158767976854096,-0.7025031635567334,-0.28141209280701784,0.16690515134040468,0.411619393276631,0.294897504326147,-0.29583120695990683,-0.47208236533494663,0.1367632567760668,-0.2547096472044628,-0.501962574301921,-0.7146208449592886,-0.5000951862580413,-0.7100123452904052,-0.5372763527520173,
-0.4725613188023125,-0.354316340566069,-0.5398631375663164,-0.5212109790646641,-0.5755213649727742,0.5256824400095514,0.5233665677084394,0.2563064650587627,-0.7375462637231278,-0.7455196370914918,0.2596353459141722,-0.7110495938702571,-0.6044009433805427,-0.5895943350238804,-0.7039168952788499,-0.548557939294092,-0.38908082063065663,
-0.583341945899551,-0.5142803640376665,-0.3061506457988005,-0.25945883366360006,-0.3562284417549748,-0.10307426915807463,0.22036049455015175,-0.1084725139671274,-0.44936872802825006,-0.09810986561540432,0.19067969492188142,-0.21287481516647827,-0.34721432130578783,-0.20989549505912986,-0.3121722035711807,-0.363040837652631,-0.3402696773135348,
-0.42096911915612945,-0.41265913651518327,-0.3468049067021057,-0.2683777293395111,-0.5879699796331623,0.06934339554344163,0.16080974223176459,0.28689346499810947,-0.29220883021623767,-0.24030522074246374,0.2309809649269157,-0.5715172493966324,-0.654998570236864,-0.45037257469789316,-0.5051184448584461,-0.4517978606101918,-0.4074737727442536,
-0.33366342552064887,-0.5706732418629974,-0.63715541606836,-0.6450284625109288,-0.2706820263475705,0.34347675435866915,0.23797804657493982,0.30827640891652847,-0.34431046378295843,-0.6753789539079627,0.012568317261847886,-0.5925272139676487,-0.4589255895186279,-0.5389780055020776,-0.3505973409709408,-0.5361401172007646,-0.57185981335704,
-0.6378438814958285,-0.7295805064833127,-0.7742696902006814,-0.23962118743069807,-0.5943695021571489,0.5187140756473003,0.5670713273109385,0.13516413211897654,-0.5478737582072043,-0.5645179077358546,0.30032417673090933,-0.28478818000675665,-0.7474894875047872,-0.6166309296055716,-0.40702026547996384,-0.46539393230112086,-0.41442935454070545,
-0.5618375424299233,-0.5856589304428289,-0.5199544681772432,-0.2950256263166259,-0.30328111264863983,0.12767323692945878,0.30332575908378334,-0.02983311532283206,-0.4905194641930455,-0.48532920575319377,0.038552696727635304,-0.40128315687784216,-0.370968318650369,-0.38622073983397814,-0.6655788851147154,-0.32851049488013,-0.508457052118033,
17,12
-0.33134275545079533,-0.07282917792912999,-0.42161535805493505,-0.019482218110801707,-0.0593473370228372,-0.2561187974147956,-0.1697770910058155,-0.26067834477595153,-0.03189519113755272,-0.24414206206697278,-0.10353333887137144,-0.11858916824481898,
-0.063480039509061,-0.38370500032768773,-0.05482275722279535,-0.21285143649143692,-0.1977440640718334,-0.09587681677155904,-0.3028788185332904,0.008277377741224834,-0.12690197140293544,-0.35770262385513146,-0.032365832481774,-0.01557681925866532,
-0.3434337616404916,0.059702311807685614,0.02999608507729059,-0.13029320234720926,0.04588436503383504,-0.21037019495245912,-0.051356897052425673,-0.3377996782720018,-0.3959828570873623,-0.07397422342086098,-0.4129495065186633,-0.31005719517777347,
-0.3195398774837463,-0.2217212849236507,-0.37706347792747774,-0.33900985119376537,-0.07249101642500044,-0.024416394080916507,-0.35683181762867827,-0.3396020721231945,-0.056433357563014645,-0.30022638049630673,-0.2803117050230769,0.0039059508179887935,
-0.25550780884781216,-0.3389529241612667,-0.031677801616344224,-0.33391214784408885,-0.4291365749947115,-0.02978073951826272,-0.2455859543058881,-0.2370789598271389,-0.03345904608788805,-0.14309895058206248,-0.31118292941130254,-0.28852958637386616,
0.3367611511041482,0.27559691369834804,0.24432697502489575,0.40394542733333977,0.45148326215139367,0.4002122755871363,0.25119170231504967,0.1902429479726226,0.3520749033283832,0.026439084176378348,0.19791553894261021,0.4007662582439927,
0.28976822396005913,0.4091206718093092,0.43747164222023205,0.3327414231071102,0.26790468370939263,0.29525793675694934,0.35769001117400945,0.41493676171709165,0.2733653622584474,0.49795618824374854,0.4304325749345996,0.3642723996773267,
0.07354074636435903,0.1032995501809636,0.07930932555268912,0.004502519463906491,-0.061171596322093645,-0.07996799411531691,0.21281166865438267,0.005438974799934804,0.14224384182598415,0.26775018631450537,0.17738919334727613,0.08402247895593999,
-0.24180760329919132,0.036888784711017704,-0.2902700576439966,-0.18692846798190013,-0.005520654958463902,-0.22664838871906764,-0.24320429320986525,-0.38631826548586895,-0.18055680738779867,-0.05695444296320054,-0.20774665531939615,-0.07060144925577987,
-0.4092146620568736,-0.22478018742833958,-0.09080073247059148,-0.36187713395386745,-0.2589195819546331,-0.071886467825934,-0.1495370238400005,-0.005146518257206815,-0.4562888361227571,-0.38677326073701446,-0.2913625583104209,0.03384963230911623,
0.14401192065458263,-0.07065578884017994,0.04340787669873262,0.0402650428243283,0.15421819040506915,0.2023083547769832,0.039826051522826755,0.27962433491773914,0.12261786676216602,0.15228578744670035,0.11229073788434378,0.025784923146513896,
-0.13145470130256276,-0.260646094814492,-0.32704255008410604,-0.02469679599270733,-0.34172437132003186,-0.3991235812996093,-0.2685136797898063,-0.3145103099185514,-0.04071747614919064,-0.31551476379665105,-0.1764180274080798,-0.29398150197947076,
-0.11356458407095375,0.11222166446277883,0.06138476976276838,-0.24842005871462197,0.004195579347043287,-0.21646490817011743,-0.23316010197640974,-0.24117578697498573,-0.0838852724653253,-0.1674929444005495,-0.3725095863069794,-0.3835497516498526,
-0.09654287200810432,-0.02913639928338821,-0.24610024112351597,-0.1502417853895067,-0.3384482049598914,-0.17834936267523033,-0.018886747543413518,-0.3718366601277905,-0.22048378753545522,-0.20613989547085765,-0.013297339064650625,-0.394105961654922,
-0.1665857912544515,-0.3635543872241305,-0.040236822743506775,-0.11040270225397536,-0.19402431492005062,-0.23579316954417878,-0.13789094299076157,0.07858763969827066,-0.3952139695386892,-0.3848590592235505,-0.3028598001022337,0.0366588731985489,
-0.09987915657511905,0.023145735791694422,-0.09789135786829584,-0.16555152025962347,-0.10151266956096311,-0.3904493779752505,-0.08542584171091261,-0.1394917987481868,-0.4182839531396097,-0.007191642300337927,-0.1906517799567442,-0.2781033774240082,
-0.032627471020148804,-0.2818034252947712,-0.39558134494373504,0.08075281717431225,-0.4755152688660723,-0.03456040088295291,-0.36704209645796815,-0.15682127847479305,-0.31316861373802235,-0.3087662242367558,-0.024770615771220316,-0.3670875983570692,
