# Pesos da Rede Treinada TxH=  0.7 TxOut=0.05
12,28,12
12,28
-0.17364183216349774,-0.4812983085508796,-0.4689331408509271,-0.2897806543740674,-0.444491138520262,-0.4367516023326262,-0.5320137287129064,-0.22334713768858094,-0.3988077149312214,-0.3110900955771157,-0.1917464218633702,-0.28703104185204253,-0.6116514213006661,-0.534707253511784,-0.21807848580439676,-0.35837296950976977,-0.1537114310926203,-0.3595215719180076,-0.3814052263376125,-0.13979764114141546,-0.16010246106665996,-0.030676807114759605,-0.48356587364579506,-0.3339510131738492,-0.3973137205743052,-0.40508775149389625,-0.2562903888648366,2.5841035156257166,
0.9740365425695083,-1.3969650039857218,0.9873018404290688,1.2180078655784932,1.2212638045106436,1.351735726928553,0.9114160326351572,1.301376722035511,0.8317284209340323,1.1750829958568523,0.8335109151176987,0.8813372308674267,0.8876361018546701,1.1630495518582429,0.6972557998053542,0.9578403642561777,1.2291671233489003,0.5477623659973859,0.7875148969384735,0.9698783817108614,0.9727427796150586,0.42076420414542215,1.0532822546527212,0.9426652242082068,1.1864158260869229,0.7752445572021408,-2.1073283563910756,1.4415479296912797,
1.1564992209584295,-1.3141062966398616,1.607957909621925,1.1254491404751488,1.080575635857131,1.165948964879977,1.4399052635563256,1.2206183010710039,1.1405494386660766,1.008824294977597,0.9938815443757641,1.1060792889020497,1.4700883424899962,0.975437508750349,0.7496869808113397,1.1370057108388416,0.9249316974750303,0.9105095079977767,1.1481643322609918,1.0463244290659568,1.199169760901058,0.5245777130345941,0.9306276275455738,1.0370198013855623,0.9245666960114908,1.1776621499704156,-2.3204358092211654,1.5253674151250776,
0.4417023872479383,-0.7947162406597693,0.6183889479927429,0.7632140136674742,0.33547754144155345,0.48469214322824006,0.2917011121488908,0.7974736910769631,0.6063191088636187,0.43046655433429853,0.7836111590772817,0.41340282821131563,0.7279185297733848,0.3574815980931967,0.3775854566099504,0.6119845903126474,0.7958813958687458,0.4016255949674317,0.39359462005976026,0.3401626063604849,0.2971916577209192,0.36951892900093014,0.24678369350256607,0.5044008064299756,0.3316534169322057,0.5145480004649915,-1.6464111428887593,2.2125238198197783,
-0.07813888154446293,-0.4661130950725694,0.2566363725357181,-0.014773499098959234,0.29498357450390106,0.2878401541815332,0.07606733827420221,0.20492613778980218,-0.008216453124979147,-0.11594716743589674,0.4531557767003369,-0.15016921668060884,0.1912573408109474,-0.09929049273730135,0.18166453431523477,0.043434383110397316,0.028817957875544028,0.16120760486344093,0.2735343383340131,-0.0417373407971308,0.3428184124131186,-0.01693220495744619,0.10220209240514226,0.5842245466160285,0.059200159820092704,0.30249413493328825,-0.9387448747910891,2.8341338183040277,
-0.5036067952992055,-0.36233514194109917,-0.34958280643551737,-0.4267826098331731,-0.6894518837896821,-0.5964671245353187,-0.6883840970437956,-0.6562512838770931,-0.33986951374348656,-0.5890559560904338,-0.443451515684156,-0.7883032080737395,-0.6350914557855076,-0.4384400521775721,-0.31464727188140224,-0.3642553736853016,-0.5543397397790206,-0.34974876614724587,-0.4865136367823446,-0.4540908172387191,-0.41189130789173833,-0.49092663286634924,-0.4148385157475569,-0.6477885808917159,-0.4059660254139334,-0.5447176884022755,-0.24210226068614657,2.664091103242012,
-1.102770204501221,-0.4558282946563154,-1.1583537537880493,-0.9076384064571292,-1.1709254588429512,-1.085861286933261,-0.8696204293128289,-0.9752248658625549,-0.7650403865995206,-1.037988057193372,-0.755722306418464,-0.8624239957147708,-0.7784330496904054,-1.0889772839044576,-0.9684598187514946,-0.9669709749392869,-0.9390570540040541,-0.7750438911023447,-1.0485970656383359,-0.955044593666739,-0.8414420778045599,-0.5723558001474033,-0.7670297502633444,-0.81985310641448,-1.0274231163973604,-0.8384762376284107,0.14426961184847883,3.2068093455598863,
0.0732764363638822,-0.8993980578234299,-0.006021661047289236,0.03069905150288951,-0.14219407156020553,-0.2023517910815757,-0.22579430271200523,-0.3551538969496592,-0.08262865982551436,0.08267830778629116,-0.0575326195809402,0.15487070635380432,0.14971668026214224,0.12011228916196724,-0.023521426002913504,-0.19904450319670658,-0.2903124013898083,-0.38584530977885884,0.04632388333906127,-0.17066056800917592,-0.29020873939987324,-0.16907171135218868,-0.09732739276083112,0.014301769558041971,-0.052140113747868665,0.05049504290523984,-0.7853810788718604,2.0398670796187184,
-0.7847472851855746,-0.47315527001009705,-1.0196443956548813,-1.067848654872807,-0.7390932332637639,-0.8414422661647979,-1.0304619543377276,-1.1000562715369713,-0.9333334788956454,-0.7711830217112584,-1.255091573556957,-0.9998900343393653,-0.8288992028553795,-0.8762528564559467,-0.7881296948478252,-1.0741369337038411,-0.8337784611198688,-0.6274164652157008,-0.8635808103483372,-0.8794522139827946,-1.073762531349645,-0.9190841710446573,-0.9241691835700595,-0.9287218411572213,-0.9174885355845794,-1.058525936095063,-0.1447444554334668,2.4426417082334546,
-0.8384267178283749,-0.5416454857995087,-0.887535270993117,-1.173216587713003,-0.5995275937545159,-0.7120167077340267,-0.5951662791181865,-0.9750073773541524,-0.7924873222198419,-0.845917464660801,-1.211374921820767,-0.7145279882520607,-1.0283602211046747,-0.8669294168857947,-0.8408019948615367,-0.6309388496000057,-1.2335983603941858,-0.8114411289836059,-0.8578901075923661,-0.6972151928709102,-0.7356436547620281,-0.6291255568599599,-0.6937328711473396,-0.8534885562820552,-0.7752043311779248,-0.8733795394814063,0.01035033502790728,2.7108887445228427,
-0.7808472338846549,-0.41676306434772703,-1.0008956483236033,-0.7133922994457724,-0.9126546112496167,-0.9707883970114347,-0.6800098170460591,-1.156601179669509,-0.9824240134241209,-0.9265002255216169,-0.937990565014229,-0.7103871595679869,-0.9758840761113761,-0.7624026521874888,-0.665543037838719,-1.0720644813068316,-0.7712899969111744,-0.5463799779888575,-0.9119592743345664,-0.804252330530554,-1.0857859129911467,-0.6255298524993366,-0.6663082044140272,-1.0396730228586062,-0.6596480352482764,-1.105765500209016,0.1244187506020808,2.6751834691151153,
-0.7434185483698376,-0.651206011916727,-0.8462240877350211,-0.7845917818822385,-0.6515812570591213,-0.81075859722227,-0.5034536890062936,-0.4191331892845848,-0.7379527153444208,-0.47917183859065615,-0.6116810612446232,-0.5034268456404923,-0.8485119913644612,-0.4079931803143182,-0.7150025478354841,-0.539238121089929,-0.5717772572222278,-0.772717165905469,-0.5675021930181494,-0.6766479880953031,-0.6876799096284977,-0.5433993431124857,-0.7418247854834589,-0.8453386157821839,-0.6491263411252253,-0.480237774862764,-0.23371968343881167,2.6182714014692925,
28,12
0.001585219520199549,-0.1410524654829094,0.0313945152823033,-0.24037073185225089,-0.17761353430786933,-0.15222159559491902,-0.015175743694755888,-0.12479065510267477,-0.17336437019780634,-0.007981848875276813,-0.2153847433022755,-0.03940933582136426,
0.31005082467214645,0.1172922252627983,0.13742220922568843,0.1012529638163946,0.17178273858268472,0.41149196995337295,0.3277226320590791,0.367435051691561,0.47288384918522525,0.4743292626625491,0.5357095023175105,0.349129083419066,
-0.08762537991363752,0.060226757161065035,-0.1458098006312796,-0.20937646142043867,-0.1908926558831803,-0.0068125458319078964,-0.10272431929176093,-0.2971948985143134,-0.17381420914517448,0.014013139693768056,-0.17860832210787014,-0.031751318044366504,
-0.016352073984265563,0.07757130448722316,-0.15649999940429507,0.08611806648328943,-0.0698983253423602,-0.19665607756510994,-0.05600364944685414,-0.38412959178674194,-0.04833900869623737,-0.23725714767852762,-0.21273503736742586,0.06982220990917394,
-0.26092491391165473,-0.1912029148645197,-0.040761289404547846,-0.08421760656136904,-0.06841167434102786,0.025694547452304945,-0.1808182244895315,-0.042787276089792575,-0.05433178512291788,-0.03784274417875381,-0.16068453126315874,-0.2145722706618679,
-0.20373011186494158,-0.1431982024881747,-0.10922726135107086,3.638564571565244E-4,-0.11072443296990671,-0.17599733100683307,-0.07757880567914789,0.03712450471183557,0.047921845491128844,-0.2483267226288736,-0.12494761465125125,-0.24406867922915376,
0.12547372750738814,-0.04916687668610365,-0.2253014258139038,-0.1942761794617777,0.032881034603258454,-0.16796490852295468,-0.012308438209999897,-0.12191964702726894,-0.2885836281240973,-0.1352173223025181,-0.09847207801656024,-0.028262440106883682,
-0.23845463295260064,0.008060902750583299,-0.27332352596245113,0.06581762742915416,-0.09365988519199256,-0.17690000723275462,-0.2005268959267372,-0.057348369955219414,-0.0807899408165026,-0.018935243003375003,0.03073741544422401,-0.33655947497613015,
-0.11564284110623546,0.012450017674758826,-0.026763111011158327,-0.03929288632652515,0.012277690167489651,-0.00916994733529532,-0.23996843798545162,-0.09020664417293779,-0.24238466911402273,-0.2469716032469014,-0.08574225082382451,0.02308671937864393,
0.0029100941601427847,-0.047606682696625185,-0.253030209527426,0.012805715528691175,0.05674733722215155,-0.28178125194234316,-0.12364765462914566,0.063508020375571,-0.1862483406214201,0.11107041327939936,-0.2233622644361446,-0.3009105234200848,
-0.04593035307509281,-0.3266290103608771,-0.0935420491150978,0.03320728697934045,0.08858718860682009,0.020254969371861792,-0.12073223684405866,-0.15012871861672425,-0.18072928658240697,-0.23871230567303964,-0.14500651640064965,-0.04445063682682666,
-0.13607124529786063,-0.13032406342507724,-0.19134000244093055,-0.0045109511048509205,-0.17037609751272506,-0.2097800467699321,-0.14256727308857886,-0.1268709041182337,0.10780931125105993,-0.03362864362976825,-0.13878889350785642,-0.11376963104262723,
0.0939955765565791,-0.28590958469824346,-8.899771238014663E-4,-0.2415967864489229,-0.23153123632314543,-0.13761565885946453,-0.1281999600550137,-0.27206726501435136,-0.12362616325265718,-0.24235569182507433,0.166301222847612,-0.01978046682466935,
-0.07931680280885181,0.06417507550610699,0.10290789310936403,-0.21250893560453613,-0.10893035221087473,0.06537225975879468,-0.24481105993248614,0.02740191705027928,-0.16267994573107736,-0.24084889116118768,-0.17138877348311854,-0.04734704278503169,
-0.16667933001870633,-0.148259857555395,-0.23061812672428744,-0.14273648024804442,0.021912835473964516,-0.07717302558731762,-0.1829818449078341,-0.09804525460095147,-0.1819271550654311,-0.024108800549217817,0.08041439942773575,-0.05894245332923183,
-0.1412229580126316,0.02635366681492577,0.04570702281795884,-0.01401980368252958,-0.29748173141373413,-0.1574971264763098,-0.023208484176724064,-0.028050700005382245,0.0255413330935189,-0.1547209265204448,-0.29899675923295554,-0.17925478933612304,
-0.19247203495070397,-0.11272991419056089,0.009533997798091543,-0.11962552726446911,-0.0586108580853237,-0.2452220166399755,-0.028843302355991328,0.00774795730848282,0.007448827959392576,-0.12347560720176792,-0.17815712065378897,-0.25185942544940365,
-0.21342968177360883,-0.3286667361137232,-0.049682835600064125,-0.15525592721065987,-0.16899086561991167,-0.029049791481383997,-0.045905236535936894,0.021908059584829966,0.09557500515958907,-0.23971966982224677,-0.1494090570051799,-0.003313420540220341,
0.0032928733539895117,-0.11294885451536359,-0.15619975643745274,-0.10832565622580975,-0.09729878049996266,2.4609372426156805E-4,-0.22725736500939223,0.05555498192338706,-0.20547596475092547,-0.054591061579529164,-0.10984622896425204,-0.20815314078504896,
-0.1263746474995513,0.07988708706349915,0.012004195729965195,-0.03737808792100091,-0.10831308463163349,-0.270725775908703,-0.05249263967361387,-0.10742015288281229,-0.11425455643311527,-0.015661387295892646,-0.0661592633429274,-0.2901162322212512,
-0.18688575906709853,0.09705019804944325,-0.2855117055809175,-0.06414162028824387,-0.1766300880484842,-0.15700363564504927,-0.18389415480903348,0.01668660969421251,-0.07768421816397088,-0.3761647973767221,0.06835072386358607,0.041961765188011625,
-0.1549366408344229,-0.10065621401843723,-0.2962598671414706,-0.2984361739627944,-0.15789246246872274,0.08999181938543262,0.06308273868710106,-0.1269263839933021,-0.12282464160648729,-0.03647020905108932,-0.03320291042758187,-0.01305366953503913,
0.12345769664960876,-0.1876923934640049,0.06475893199967823,-0.22944665840351725,0.14011736675391379,-0.016135801789599964,-0.2118004892114929,-0.28086522786980395,0.1265235434700767,-0.288377822763885,-0.1756325535061143,-0.14892878233487222,
0.006991446522450972,-0.056956540538362535,-0.11817870839765589,-0.017524976511371467,-0.108347907066962,0.014296096375610554,-0.030429147713104912,-0.27627443076471037,-0.1913106731900225,0.025765410277322515,-0.2447673623186528,-0.16492092289944882,
-0.293240035126747,-0.16315737537115044,0.15382862829057853,0.03294030205529741,-0.17600701304106556,-0.29014037888448113,0.043090830803503115,-0.08995877330555978,-0.32980723032255954,-0.026184781483554583,-0.09694615514562151,0.05583867315750089,
-0.27244716366682786,0.07740408653143785,0.036364985184840874,0.047995878088320905,-0.11153387627444113,0.0765052516072085,-0.1339182970372908,-0.21415903433018466,-0.25255650884257896,-0.07076893975291898,-0.07830257527549155,-0.16515912636072275,
0.38729015598579614,0.189106361472991,0.16549239505146696,0.17109432480443584,0.1661650178295524,0.21053518402386429,0.4846564291762889,0.35028940762765115,0.47385457180581814,0.5717861511621262,0.43421930707535394,0.4815468922787574,
1.027723856431293,0.8709690870565022,0.9571318261760497,0.9316260925584846,1.0064242142695352,1.021081984775989,1.0625127063258704,1.090736837733523,1.0984962415017605,1.1498707849021816,1.1185030688512727,1.099625138445318,
