# Pesos da Rede Treinada TxH=  0.7999999999999999 TxOut=0.03
12,20,12
12,20
-0.23922781180076097,0.4141174220061399,-0.1649331705208822,0.38514591382713903,0.05124135645875088,0.2829509860402331,-0.2071625717576266,0.49656151520854047,0.520906522798671,0.2143893181209094,0.22984682410954724,-0.37815350498993056,-0.5408013255724273,0.19016722712479195,0.008292792028186658,-0.28304503131141767,-0.07889263038495664,-0.2446056528836251,-0.4855748672277454,-0.43072546808150497,
-0.21688122512401317,0.2502864908509995,-0.556711513334477,0.330167434676825,0.4190643220237972,0.2282005303142123,-0.4883296021162391,0.3523951733449863,0.11382938349771408,0.5941959266375487,-0.1658180606640625,-0.516427676585381,-0.21136146439851958,0.18831153398723435,-0.25086502862041593,-0.15106409456964065,-0.33046140973453125,-0.42376768430920264,-0.462099520021525,-0.31512325695626364,
-0.6203638550385489,0.3511118373687414,-0.3481776355797605,0.5142201980537966,0.1325378850686669,0.47733628028052677,-0.5802932873448913,0.13023362229943766,0.29413051397536816,0.6004224660812626,0.2560976676918671,-0.5416758742781903,-0.4237218225545888,0.0458129651564657,-0.02230998140627753,-0.31927148254588134,-0.4170838423139794,-0.26953022341066524,-0.3192257641573796,-0.5058862259963028,
-0.21410768645598077,0.43707242357174897,-0.23940391867617358,0.21110275054397565,0.28440801253817316,0.35163251193050815,-0.47817243811351956,0.19492052452992256,0.47944721513095107,0.2173376723281768,-0.0829724594094878,-0.20096682933722682,-0.3175084738867892,0.28437530077974554,-0.004513954343370953,-0.43545369538599615,-0.48862569898010827,-0.5182801830382266,-0.3990675431118525,-0.4788317747220841,
-0.2556182383946273,0.5110201540668172,-0.13174758142413895,0.3664802725743973,0.38862898389799605,0.422926340304453,-0.3357988732070956,0.6108053014328837,0.548151965231977,0.39554076552612444,-0.054433257331134285,-0.2786580717410998,-0.6057051696365148,0.07051299591449511,-0.0071514104007422575,-0.35508772117533827,-0.2003611167613069,-0.48302973954345146,-0.4160794034949775,-0.6188511408508861,
-0.49941099680550516,0.24388377135523417,-0.43591764563768126,0.11223696202785806,0.055146330260887715,0.48308242961564013,-0.32550971026971065,0.4585891972600664,0.369263823273979,0.11849772428575518,-0.03680414941257355,-0.600651784698143,-0.4276627642827313,-0.03715211522914827,-0.16222274295432038,-0.1487745523742068,-0.39358505195096766,-0.4971177775847697,-0.4926670260307994,-0.1279983645242106,
-0.36765327138135767,0.07654076750575174,-0.32437560449965647,0.27275498123958997,-0.026795353509139485,0.2586233891603071,-0.20144115790891293,0.2544587062352242,0.40342748463416306,0.41608840753226795,0.1976325026981023,-0.38468020032799094,-0.42993731056812956,0.43434209150404135,-0.41275129995709237,-0.5249925091067456,-0.16812008401644776,-0.387692679368026,-0.3197037837655461,-0.5057856134995072,
-0.5387862842208594,0.551671060073394,-0.5128868608186853,0.39778171956107616,0.2362451367464496,0.40809816060360876,-0.2757052412930914,0.5342472736473827,0.5169204073215118,0.4089076827798535,-0.2673998945842175,-0.22187160596524347,-0.2408912343808894,0.2209980427810503,-0.2898493254346837,-0.34277067607897405,-0.10253156695468647,-0.19535550623200823,-0.4515447440099849,-0.6065984529546334,
-0.21943701209841826,0.11379991478874962,-0.34979059373024723,0.27851624136157316,-0.1295474249077494,0.4916872792886761,-0.41285963195095526,0.15069556639534126,0.07089508711525003,0.5241226251952845,-0.250314125015264,-0.25608038881414374,-0.5390003600597432,0.3529572192495019,-0.11340150454168375,-0.08373453021740915,-0.3305844176943731,-0.23533636176775846,-0.4255429859919191,-0.18342974232680623,
-0.378825003625431,0.38078703278244885,-0.5907283576671621,0.3835346660310096,-0.09565940903025849,0.366610082730099,-0.29385046228076117,0.3318309749033195,0.4975524432816203,0.1260502304927316,-0.10868053678027433,-0.42661129615715054,-0.31951271235285933,0.1142860195176726,-0.0829557181020991,-0.1352656210917532,-0.30122788217148233,-0.3930184234696814,-0.3157381856311317,-0.1752124924094629,
-0.3603741930132759,0.12139574743400938,-0.3252693283717294,0.5796795789072938,-0.0916950132144387,0.1268871547513392,-0.2958489394007309,0.11217403771102026,0.3892590728859095,0.3529341638322832,0.07388147071047174,-0.3920713552398873,-0.2039304204325366,0.1733335437022557,-0.392756231679599,-0.10260912211714326,-0.4517843240738575,-0.16324239292424533,-0.3066193399070104,-0.20824238411126836,
-0.618672885999527,0.44589283856650114,-0.5629811239941149,0.1562105467382758,0.18002705441745304,0.09793355490067422,-0.6755632217292418,0.26827566061770414,0.13892517587490197,0.37972972853676823,0.07305872763256097,-0.3137940299082473,-0.23536228784403812,0.41518130659263475,-0.06331977749062111,-0.36638802481418714,-0.18585630039808362,-0.18370699857356085,-0.08666235480243266,-0.3394309734520281,
20,12
-0.30978295896859287,0.003981929704642647,-0.29624646920719194,0.09912095419416637,0.0050438632840428925,-0.1355420093127194,0.041148667319826894,-0.21174255610513154,-0.13084175366182613,-0.21415964176481195,-0.23136978597781557,-0.0041630875232865575,
0.10835221795958731,0.07506102795607819,0.1324856152701979,0.22984890533380137,-0.07338955338959839,0.15771735202480366,0.1784410114360066,0.20241251052981962,0.06359256047677932,0.029665399243204802,0.2813553105710234,0.05456402563187383,
-0.08051827760507185,0.05582150519854034,-0.12427043698189738,0.08232754691102034,-0.2998822762161144,-0.25157400859595463,-0.07121191395550505,-0.2824913661004841,-0.08691061051910981,0.0711484401782219,-0.23379007930308207,0.08842807910612203,
0.12506705119449832,-0.0021317398132872202,0.08019275514653797,0.2025293468780289,0.06048999290839226,0.2119698841593497,0.07966400978910003,0.1784369535916545,0.19527969585795263,0.07497731137128717,-0.051135645748055056,0.23537506315199347,
0.20173148336269542,-0.1474648240489958,-0.2285399175254587,0.15543555482292612,0.26194284267096635,-0.16149181199414764,-0.12542174734438719,-0.005134189472105138,0.20196083616538588,0.13912965081475553,0.07020444630851742,-0.13163552387554728,
-0.059845996250271205,0.33907205448186717,0.1310979431410628,0.22608629658738713,0.09660244923865796,0.21054744337856893,0.16632222943693264,0.17872175076604557,-0.0635345716516533,0.1615535893387375,0.20925790289160556,0.005162921856880421,
-0.10386259510601546,-0.18647092624256176,0.013591517932988887,-0.011991402862630845,-0.1359102260660037,-0.23401486341651223,-0.054635497689132465,-0.2335201531138342,-0.23418855347678205,-0.20236803053169536,0.04033895520206071,-0.19190422236333263,
0.15233945049855405,0.07991883666986405,0.024832404819100717,-0.08589001895057091,0.31521897061871346,-0.12516317018664352,0.15252552037603556,-0.06361983540071023,0.16003692973117972,0.18198652435962295,0.1543654593670161,0.15164312015542303,
0.1347043202351428,0.20992982666933807,0.30676984850177375,0.18260894914101944,0.22952668044932623,-0.0690173649905551,0.05804961780969181,0.04283424479804185,0.05978043268336415,0.23302563243485636,-0.0065780206515639915,0.30388540791419083,
0.18829424869376585,-0.025727635779238048,0.30429941454912557,0.19356746020097748,0.06975520135149557,0.25020745875442635,0.1703228005127775,0.2611611208234358,0.16326654405411,0.15102659434342477,0.08371896995151445,-9.200389110036148E-5,
-0.2531009907022644,-0.085054205430289,0.17655293993821075,-0.21084307801430677,-0.1269916052965534,0.041304089508552716,-0.12296871278877766,0.14468231815668,0.1476765181724547,-0.15623570033950931,0.20247833760059558,0.16194709955316258,
-0.06873057974167844,-0.18575052737139786,-0.25653978948737527,-0.2144377761092682,0.0856874224426576,-0.1851750745202629,-0.1539775353870442,-0.14689766154560743,-0.2453921371292578,-0.25724445551995584,-0.006822034459996753,-0.07377420739657038,
-0.23301416304386413,-0.1123235740282742,0.037246643448960455,0.07707746862005563,-0.21036562514038068,-0.16014497687947238,-0.20335395110153723,0.11245163314678656,-0.10864418027060585,-0.2809918072348742,-0.21091579371193842,-0.30151110230360023,
0.19286132316406682,0.21131880712394283,-0.15185911058503548,-0.18567535155930134,-0.034277888862929845,0.3110969551612991,0.22626815465768582,-0.03082783332560189,0.041152612178915034,-0.006010078251927149,0.04705755611470447,0.13136799094958854,
-0.2138543011471961,-0.08610096730835905,-0.20781527523296275,-0.2868354855984203,0.10891461727580976,-0.09078936522535784,-0.09594162713476333,0.07025798873072459,0.08296736903521366,0.08488997588329181,0.022137837948370823,0.0647374222812701,
-0.056123383405798824,-0.1906918062842525,0.03651911109819915,0.01350688945787532,-0.16646863495015793,0.042195796949413035,-0.16629352866165603,-0.30543553522853767,-0.009307543352586071,0.0060428088288569754,-0.021950290229921357,0.09551819964747921,
0.07921564044611325,0.09206243054592636,0.13537071711239268,-0.22560950723567633,-0.20686764880601455,-0.1916781691073698,-0.2239557375279275,0.059408196413681204,-0.11356336177994379,0.048725448342324215,0.009951703423327315,-0.29819999699005195,
-0.13529541299297249,-0.0682594952148491,0.04753033658669152,-0.2050378484952193,0.0879158438381929,0.10704663536679482,0.007160481754674846,-0.2205085342966922,-0.1642523559675209,-0.008357596474534915,-0.2057268470086723,-0.19992999925538113,
-0.0713768335863917,0.0047417901776272125,-0.18514747693952613,0.004404422916153377,-0.03030491209457622,-0.05896786035335218,-0.16786466662372487,-0.08167920070761572,0.07542521027975903,-0.2780767438818215,-0.29253441205096076,-0.2572810264715359,
0.04040932411333602,-0.17908811564285315,-0.20537976072707625,-0.1293114332273706,-0.2728303048709167,0.052776386457599266,0.014109321966819468,0.11049757133402446,-0.28357512180565053,-0.18205152357847956,-0.12177971595431003,-0.02213539175167718,
