# Pesos da Rede Treinada TxH=  0.7999999999999999 TxOut=0.02
12,11,12
12,11
-0.5762427644878411,-1.5999903723111943,-1.0644432243612838,-1.4840182903467414,-0.7618612134509173,-1.7451346458341561,-1.5091401671128808,-1.329047739239189,0.4779025702516575,-0.8344887447188194,-0.9874710385284727,
-0.35713291058424906,-1.2732791844598998,-0.7317425896792751,-1.4729105056791478,-0.6421416558282363,-1.8246550216569357,-1.6668965687189363,-1.4933278746185092,0.08102321511252024,-0.5034702801528977,-0.7083215671443054,
-0.5186101145663021,-1.9631958848259348,-0.7230501292855394,-1.7409925299512021,-0.497275683688244,-1.759240011778446,-1.8126259151923891,-1.5543637110275195,0.5076687834117214,-0.7464895228213462,-0.6360349376202812,
-0.20548360715999883,-1.8342543558243694,-0.7848953277839668,-1.5527175742175834,-0.806977463450653,-1.7072965141910184,-1.8692004429010807,-1.5578193144747472,0.5367147964848246,-0.6960034788103869,-0.44336751695398263,
-0.2312431181312316,-2.0204150236937455,-0.8091149147165215,-1.760729665023079,-0.6926545146904757,-2.0505515807003056,-1.9713834686430824,-1.5823029448991637,0.593089644431621,-0.49662790469237944,-0.7214598201374594,
-0.405877625759603,-2.391181938910814,0.004841328265063897,-2.3518579623436007,-0.04016072599187037,-1.970450109055223,-2.2202830816266377,-2.102627148934254,0.07254489459713467,-0.3345039566207463,-0.1278000949733648,
-0.42183862825296686,-1.7262322823205392,-0.07248328677254859,-1.9714644634037997,-0.25383375129260427,-1.9815801727045759,-1.734440746428319,-1.8105947394982076,0.49391030415164655,-0.5298588205305103,-0.027839425177262903,
-0.12553152458944952,-2.1038148452596577,-0.3418211369148655,-1.9226367427212967,-0.2933467754777318,-1.8515589416380092,-2.304998376492048,-1.819985831885468,0.6371895777820022,-0.18979969028804966,-0.04300629855781337,
-0.5992868846747846,-1.937536150187567,-0.20265260723620104,-1.918595391278765,-0.10585218083020305,-1.8575976740592128,-1.9094881284008751,-1.9717348062030278,0.6507461228200185,0.08183952383198198,-0.15866784565904762,
-0.15751308846821688,-2.045988705821948,-0.285193753920288,-1.966022099300569,-0.15150355780043728,-1.9024740547768497,-2.0714920712768565,-1.8295115329310032,0.5640413984296664,-0.11198294680943405,-0.39197921681048786,
-0.6749837951056862,-1.8882285555843394,0.027416460803098,-2.0246986213145735,-0.32047018682398615,-2.2075794478468294,-2.2140024863584333,-1.6985658913396948,0.3569859758072856,-0.3992056081460666,-0.34885101254056056,
-0.2260224134717173,-2.4187286257742886,0.3212272968875748,-2.3865788665806087,-0.00713686461985798,-2.30386549404652,-2.57904809859996,-1.9928926741775863,0.16064165955388887,0.12543458936424468,0.04973762379884885,
11,12
-0.3604161224635704,-0.25911868716022124,-0.22579164185822453,-0.2636116574582983,-0.3040878623541523,-0.26111251678379166,-0.2003394710158252,-0.34662401177296887,-0.2766946530862809,-0.22360258186121743,-0.5007498531397989,-0.2791653078302408,
0.34847284283537616,0.17747111524474016,0.3232882502972076,0.44142060981619063,0.353191522400715,0.270556861048841,0.21117354347915845,0.4273342332118422,0.43928048440687967,0.3327328863272034,0.3056924219073853,0.5587604092065621,
-0.19125968702336352,-0.4390238450360351,-0.17098553980670392,-0.3771944065147291,-0.3412774005118262,-0.3320851533067853,-0.3001667823130289,-0.2688316368485055,-0.19031944983747778,-0.22294164509407982,-0.10146368892486583,-0.3265507922798094,
0.32654223392517434,0.23883230893583277,0.23107000932978386,0.2864204290335648,0.3360359129469234,0.18793118680422408,0.4671620458312839,0.3205630236420051,0.4135968172583561,0.21805307930307052,0.23858076164308978,0.14752294532193516,
-0.17703200591540963,0.09395171305021958,-0.1897290146200217,-0.31349245934649067,-0.20667310782509726,-0.19474299475375678,-0.3647336388626231,-0.16114762501698468,-0.2873827148349531,-0.5788432456383846,-0.41889348554806116,-0.35618747518404603,
0.16213494619571214,0.026885745184064586,0.19613536607806367,0.26510181124300164,0.20108385706690263,0.27358622881656325,0.3709989567220726,0.24484651568986654,0.23882441081947062,0.20360777961229687,0.2713824235280085,0.14224122950904616,
0.40566813060479984,0.21231637863904226,0.24635872801122632,0.44609749082516964,0.33088944498181083,0.2680403903442476,0.3516060959212052,0.27574905757493184,0.4604288900802164,0.2314399120206905,0.3565547631133025,0.48238696993192187,
-0.07319027571929752,0.05238399822710557,0.38767776976784246,0.17689641137675402,0.110579268463331,0.2013230683621736,-0.02486215154261553,0.21242280047213277,-0.2010951491907481,0.08032670018827795,0.1346477671248302,0.1493908539097225,
0.7746039011648622,0.6935723046104493,0.7733749114357849,0.7543176828194549,0.798098987468125,0.7757465535568093,0.7958821785090793,0.8302400009234084,0.8126966297770172,0.8463941260995161,0.8311115887053261,0.8328712086264203,
-0.13776434885873873,-0.40707306230622087,-0.51366776315651,-0.3162235116050245,-0.30148297500543986,-0.29778425862029023,-0.08670029891834838,-0.29401569512139264,-0.3296875500204106,-0.2315994445627764,-0.07086642399012599,-0.32897200756473427,
-0.4726622921524011,-0.17205130016008047,-0.22327921508596535,-0.027414294818673232,-0.20632278646559857,-0.21820047662340264,-0.4081967885673228,-0.3552999574615262,-0.3038298282477318,-0.18741604735564188,-0.3378313309567286,-0.10771776282332743,
