# Pesos da Rede Treinada TxH=  0.9999999999999999 TxOut=0.01
12,20,12
12,20
-1.3460613153763765,-0.8635610582091617,-0.8343582127915441,-0.427954437554408,-1.094057763087871,-0.6531576082899211,-0.3459953949907591,-0.5722354338788121,-0.7455356947338685,1.2020823856240404,-0.8560444302238994,-0.5243458033177514,-0.9638107893116955,1.0421833446101456,1.2385137377527675,0.8916625589587877,-1.066427533825654,1.0386374217574252,-0.7459535046991671,-1.0156812559698933,
1.8206883245161845,1.9560312902461134,1.7006116327683802,-0.7646814061549229,2.4097151117638913,2.1669375305817513,-0.4115301753830978,-0.4141098550513799,2.1869592205760053,-2.5941768659621594,1.963023362779141,-0.3790541665641614,1.9612593325503025,-1.972166699179712,-2.4211816510198667,-1.4954379881197815,2.082066945330715,-2.2266277668976238,2.39955810150452,2.3334897008667284,
1.9435981075948088,1.8810547770353503,2.1433273983373455,-0.8329911240530579,2.407756219837854,2.2133652595492634,-0.6883867762727375,-0.40738800054914515,2.0619389890654762,-2.836616762312501,2.0056308538017773,-0.8294767045799132,1.5918621151696137,-1.6823743609739377,-2.738000787384987,-1.8197358099230487,1.7495985522376278,-1.8655024196494643,2.337710267506639,1.9514717549218237,
0.42068613560347357,0.3356716084696829,0.4075598747254662,-0.5778376872665015,0.618202857610497,0.4311360685941842,-0.4789516317419057,-0.38100893435460553,0.522622939268202,-0.7205589659135719,0.7404543726586224,-0.32537199560492763,0.2735587556366892,-0.17654058871034886,-0.8384745095748729,-0.4918625723283158,0.27341793869901115,-0.6839154931406866,0.7286910353451242,0.7042216623744763,
-0.4713863646276208,-0.5322803285428063,-0.28866531199004175,-0.8285990782528622,-0.5116888674619536,-0.3437343532517056,-0.6571727947585395,-0.4577638260122818,-0.48002264018028934,0.29584565205733787,-0.13114000135140302,-0.35526380035524513,-0.23730841336495634,0.4129983589138129,0.29476339908375504,0.06782114537463461,-0.7639579059107011,0.4467820438079224,-0.22922305430373896,-0.4478177913511941,
-0.6833139273023368,-0.4025408008646802,-0.33171407886996374,-0.79837152284719,-0.4864441910787442,-0.4318718652825444,-0.5397099166331817,-0.8437256568807496,-0.7026279998895416,0.522506923147616,-0.7228721741140975,-0.7006803723532239,-0.6260331578344156,0.4993610261828336,0.3785539876458694,0.35515579123893837,-0.6944499405253169,0.3499344771551646,-0.5245080777891407,-0.4185533938521348,
-2.0128925403636737,-1.5290610749517255,-1.9659174915295705,-0.6097689608639976,-2.013890326599607,-1.6495194063890881,-0.6907705058884078,-0.7162534275799664,-1.7879013404983124,1.9492517202517374,-1.880170775603644,-0.5287815419893328,-1.368304347779761,1.7439801454374297,2.4336453689902426,1.4208210480365904,-1.584159199570298,2.0486204607934377,-1.9566781672299016,-1.7717903102054435,
0.632463058621989,0.23222492651735502,0.4660710409406757,-1.0042822511455314,0.29800659861527135,0.2072461635643776,-0.719329946424678,-0.7183969630166988,0.2831572924813404,-0.2091167985956029,0.24034235411874882,-0.7941040175633254,0.5482605798595763,-0.39371533956324767,-0.2608935482410511,-0.27364435966578626,0.2358380010410861,-0.5695447878732484,0.13340644847941305,0.19258953062167888,
-0.9460615798944388,-1.2105138968552365,-1.1023765868342943,-0.5662673540269696,-1.2338763279186529,-1.1820359220031378,-0.513127484450716,-0.8435778402842783,-1.4933333688286623,1.7307827731097007,-1.1239309417001584,-0.6921331622055632,-1.005548483327173,1.1285089722553514,1.478291594669255,1.0063842679584676,-0.9813308452241374,1.013172533007113,-1.4160748964921528,-1.0233210466651208,
-0.9642237962615113,-0.8534959378780277,-1.4646841004359565,-0.7574807459492675,-1.1615673791290102,-0.9866138127452972,-0.6004920115847919,-0.9887612107660216,-1.1682933158490891,1.5076624802083245,-1.1607848237484306,-0.6397560569865172,-1.0945250236310036,1.1526341533053215,1.5597616207030507,1.1360584524636166,-1.0900041076218956,1.135069706204849,-1.196751781057729,-1.4067084687631928,
-1.1552813204431505,-1.1848097000562345,-1.281979643312263,-0.8447355988823914,-1.1405988062020118,-1.0627778627670772,-0.8702955989337319,-0.7647454254284112,-1.2317061435504317,1.510172362780808,-1.0926742584735931,-0.8707876802188121,-0.663655849970033,1.060974890227515,1.6805342721935195,1.0797851997425791,-0.7652601709449842,1.2132588229696977,-0.869550664707592,-0.8644963799935785,
-0.8564889464489691,-0.7907973319146875,-0.7399427915563543,-0.8953742369477933,-1.2106119655684822,-1.0983999564153661,-0.8112608109915213,-0.6927237679355187,-0.9187205983162222,1.012107653741338,-0.9262886791027718,-0.8218419178878154,-0.7895515351042772,0.4474973293529525,0.777906722977578,0.5785561029450128,-0.7230645132503517,0.7917523993155333,-1.2244148576101024,-0.9853750205729648,
20,12
0.034674808962559006,-0.1071191709982323,-0.36428554312943995,-0.3144741818827457,-0.288057623450974,-0.26702316579295904,-0.02426335139567401,-0.18245596615164045,-0.11164031415517561,-0.13579221581108541,-0.2000108303290666,0.004040519103661779,
-0.2050060400472838,-0.26853525312055515,0.03541895210000716,-0.08778846057060191,-0.26551363099570413,-0.11857402774936025,-0.2701581109945003,0.06121192789840588,-0.21516803490597214,-0.18070842383414293,0.005261111948326315,-0.16381461931794764,
-0.1610389339364574,-0.2841572223495484,-0.027650087936989774,-0.24544095302912372,-0.09575218685364088,-0.13963625733862028,-0.13142193272324867,0.07064347604781838,-0.26467999606558285,-0.2104154896270704,-0.14810492750893772,-0.13322361446838968,
0.15036985116366344,0.1026213214664526,0.21507101422945385,0.00938554442341742,0.1560236018268975,0.08063579799129299,0.21704268780809172,0.15132854214410957,0.0350169602924814,0.022534257742370882,0.09452100766868951,-0.08305268800082609,
-0.2551395653263667,0.03814057167847886,-0.06293930323165203,-0.2616663593706173,-0.3445020575536749,-0.21301469383643573,0.013244723312447046,-0.35934645666111686,-0.04394120955909368,0.001063626144894951,-0.20299197209276026,-0.24278130930458813,
-0.08303273752896222,0.010987938204926535,-0.09215868118123652,0.10644281154662857,-0.2069536259968352,-0.19023119837667857,-0.17366595012243918,-0.12161222414033629,-0.34264170974496166,-0.07299986070878316,-0.25534148432263354,-0.07857846553699584,
-0.04148981409987906,0.17648677670590276,0.038581582287203375,0.14857408780091874,0.28623723342221596,0.26194163310402374,0.17436681733847628,0.02172425380772148,0.12427550509537177,0.31440804187622917,0.20572795780811198,0.3772792668969471,
0.1262755275462426,0.26377786999060465,0.2253348657225439,0.1695676999767364,0.13171423937671137,0.20126319567037945,0.1572921145742478,0.394719857403893,0.2020094822381351,-0.0666701397263879,0.3706896254595877,-0.03286306058429207,
0.02641307976265105,-0.3580359021885915,0.08217424976639513,-0.36477368149364797,-0.0478412477913491,-0.2385280974924392,-0.38150600863634376,-0.2641828722404459,-0.008225848607683639,-0.12470882847709523,-0.21019012238488516,0.015323704096829227,
0.36034100361710614,0.1839576749503303,0.06028926388046117,0.34489785851546756,0.06169694388446902,0.21271459729463293,0.25848429777427534,0.1925453747881895,0.30839711670128345,0.23704050581846003,0.03613624439750755,0.3120193845965257,
-0.25740510316649173,-0.315106020644025,-0.1955601981390733,0.01901731872979175,0.1316181796323562,-0.0953047605944452,-0.06819952234901978,-0.08512687442604595,-0.2823411135444613,-0.2549074930734516,0.02776924397344844,-0.3027985340948223,
0.41489539506147854,0.2795986760819664,-0.03055226303323092,0.3206571653373624,0.004697807258941039,0.12775434762391868,0.06680641255076814,0.09960290374779777,0.3643874013169774,0.32985476226716426,0.14453157197215552,0.20306941161811776,
-0.1945725546594099,0.0032246350246953955,-0.34543475859128353,0.1962322262352612,-0.1141230581902547,-0.03299300413380491,-0.2560251900178074,-0.09727091914972283,-0.0021241134697554645,-0.12738144146891422,-0.11245501990277033,-0.27981171427408347,
-0.06383216107216796,0.14426164246555806,0.24864206291190094,0.3541279562327851,0.3741323093562058,0.021207371517752868,0.1073694779812926,0.18068670772029655,0.2753875134859141,0.1992287686756946,0.19735673052990196,-0.003603650932394299,
0.2549450237958873,0.13193935398036663,0.1859911602346716,0.21763809742987295,0.13818194924922825,0.27846777730346456,0.28068818267300705,0.37248393274952063,0.12158817083714958,0.12724238760855958,0.22627115666397485,0.27195070768011387,
0.21220790781404786,0.21876870760803618,0.1274683213758394,-0.06486143897315969,-0.004710922833080226,0.10841995934117378,0.03631250939803856,0.035889778322980036,0.20167932633409177,0.19899343144058976,0.319185656298724,0.1934358651949649,
-0.24992749083371812,-0.24743635466964953,-0.1693531788584924,-0.19630411440449,-0.19628187451488016,-0.08853132550526699,-0.1114944846066644,-0.07351630380013173,-0.050148381150127194,-0.13671106249278414,-0.19125216620142826,-0.16728359641419263,
0.13902593269735766,0.12133442270515576,0.2544228958058417,-0.0694012405311823,0.32632319046325386,0.2512089914432672,0.22220926501036703,0.1501055001971169,0.045663100887477784,0.20994566350651925,0.20277950634850442,0.16678579829146417,
-0.27354243271095585,0.12890183926726081,-0.12298262673328061,-0.3293434832427671,-0.03187934902199348,0.005291138235033193,-0.2150222438986761,-0.27816625433682357,-0.14680826596933358,-0.19991400696415826,-0.20088561345465816,-0.018246367157099326,
0.031041284204520327,-0.16562548934855983,-0.1205697019378577,-0.03361997278468865,-0.0667419811354628,-0.17737673896436204,0.0569933890504843,-0.31343486918376834,-0.22874224365510304,-0.2284395519180538,-0.28246115509834907,-0.15882720197134778,
