# Pesos da Rede Treinada TxH=  0.4 TxOut=0.060000000000000005
12,11,12
12,11
-0.43031081968587387,0.42346602699586544,-0.20279860672940275,0.30528790640416587,-0.44647006483347634,-0.05201318232456506,-0.5420822598896756,-0.225021338345707,-0.1876224701436449,0.19373166210322548,-0.5101366284379607,
-0.5671422675153837,0.41721614438224724,-0.5145218122012879,0.3071995284590174,-0.4501086156833085,0.24938812449603015,-0.5373541106630723,-0.5699885074312006,-0.25859758969811786,0.4239906759675513,-0.32932256412940375,
-0.19411950488598645,0.457655032395035,-0.18177082048290222,0.5837154781591002,-0.2663995041125368,-0.07986078976367107,-0.5812688504351096,-0.3086691618037584,-0.5272525161935255,0.6577823244847464,-0.24691962219573604,
-0.5003844587074451,0.2670554504581369,-0.6594071925088224,0.2756036854255898,-0.0786499447084181,0.2257029821226899,-0.352426114991949,-0.43048058468299616,-0.23939366573563006,0.355937883559622,-0.11216412492522759,
-0.2854863646231938,0.3615896058985627,-0.4401826446957048,0.17473001225742785,-0.41368525116019983,-0.13393427788549547,-0.40097018436882753,-0.2494728952410083,-0.4562448861913287,0.6074737928571247,-0.2778119085691285,
-0.5466100731258816,0.3343974234896897,-0.4960254833536925,0.33410998994929836,-0.4195926429174129,-0.1817381642391573,-0.24767432890529303,-0.41945914578862303,-0.2496096403385637,0.13711740962750485,-0.5835099989154161,
-0.5398843769132671,0.4544890786726906,-0.3773244396453936,0.4933979683289714,-0.4432138637619555,-0.09282571116746932,-0.27470469635688055,-0.23948668911007864,-0.15939200531982853,0.2715532399306543,-0.1404315661183077,
-0.29602569958191705,0.39738235833435204,-0.5027906887123408,0.2689913963156475,-0.346062441487149,0.09594456724936185,-0.606784172004639,-0.4345357726703433,-0.42279006747279957,0.3245258688373481,-0.5921619706541442,
-0.612887363823325,0.23648844247761922,-0.2682790731287236,0.43601895064502655,-0.47227876696226234,0.07048760801295792,-0.37025012318515244,-0.20855255917591203,-0.39403523017158715,0.5226570617619034,-0.3696973919695567,
-0.20162973558827957,0.27207899421610326,-0.2373090971423018,0.43078319425870515,-0.2630922387943249,0.11818070234422717,-0.1966285153393526,-0.2705031885837938,-0.23779113880265368,0.6039706204691129,-0.5591758692481615,
-0.26836760522126246,0.17347716725531034,-0.2060178461452211,0.25223977974917233,-0.2244568990005153,0.1948183598826877,-0.43912540037296915,-0.3503356405307527,-0.4465874540902744,0.1246439271882843,-0.23247079302365486,
-0.1381368480062069,0.010349432206402415,-0.6562484180544383,0.23131141366731273,-0.4442125452571805,0.2123313119088128,-0.22448480750332322,-0.3988038498866181,-0.33695682481413114,0.3615084181111558,-0.5145174805192142,
11,12
-0.006084410162770436,-0.2932589541461144,-0.05514544260752211,-0.38137047894358095,-0.32891725358239843,-0.03095173828712326,-0.3739731904105884,-0.11725241403107245,0.0033079331438992895,-0.041649940849321145,-0.30967753590197633,-0.24401544590258933,
0.03724191051409984,0.23578936802395825,0.09439954407478447,0.15805347188104205,0.16732639697606616,0.24400852253990654,-0.0057256143840980125,0.2931627996969279,0.17319518075137336,0.4240904473612078,0.238971428479517,0.4072023212164085,
-0.2986688924278467,-0.16122267921563166,-0.0010418916362942314,0.005096528705088651,-0.30866150271112913,-0.22922614810972664,-0.3487957604265256,-0.209267050550772,-0.26138119045840286,-0.19639017330955671,-0.2657299416438869,-0.274213215624414,
0.27482581341579165,0.24656458248679367,0.4213706252792203,0.08022454854255504,0.217215698703796,0.257885940692245,0.27836261450865535,0.0660953723679618,0.4691274870098753,0.26111633639896326,0.3111548730570116,0.005425431222617371,
-0.2452031324035828,-0.29246952888167993,-0.2589826484494396,-0.10105580106253888,-0.16629525949909943,-0.14713839201370987,0.05401503271357395,-0.19743203785173005,0.011155552162766404,-0.21274474833951704,-0.14160990421251374,-0.07593254889872578,
0.17505400416250827,-0.05107557799564317,0.003275004711977739,0.16648288576282771,0.07871667258480296,0.1382844597344676,0.21998527615676752,0.03217179950445871,-0.059010041875684136,-0.04757705383866911,-0.06812194737533171,-0.06937144068512183,
-0.0945112471726583,-0.20541441479367553,-0.0643424175460359,-0.30454645921525825,-0.2907928031082596,-0.21793456829720625,-0.15803379105329932,-0.4590108408888711,-0.10669097617467421,-0.30663250726859953,-0.17352232459429534,0.00921330813435234,
-0.17636693172565374,0.0736440629665289,-0.21009310512187573,-0.10206864152210296,0.11479586599238646,-0.18599913152681383,-0.28154181220747776,0.037446762713920494,-0.2200783311072086,-0.08023113308103395,-0.30392166295083617,-0.12703205499455364,
-0.1499242539955954,-0.28495419699233737,-0.24054661449990192,0.003718999852289745,-0.06476562674333788,-0.2942818335323538,0.1391873643286665,-0.1093191201403938,-0.2517003633171891,-0.2045646013227988,0.0891330398743779,-0.11378422446502862,
0.3981378615640587,0.2529604656247607,0.2920443435207806,0.46443671755714244,0.3188538448919094,0.19866711101433562,0.4053581326613202,0.4439241221183551,0.235079009253051,0.24512220950512256,0.3511847474916929,0.50075663491418,
-0.2472456736585012,0.17322382701129796,-0.15252527106880617,-0.2245155884538272,-0.2518143848640822,-0.0558480024023058,-0.3515819651287941,-0.12175192410714007,-0.2125876738819512,-0.05540853144433337,-0.07523975533706861,-0.27938186514013646,
