# Pesos da Rede Treinada TxH=  0.8999999999999999 TxOut=0.02
12,27,12
12,27
-0.5964805178571843,-0.5791189488340163,-0.42350621473192945,-0.8088925975459389,-0.9369133696512267,-0.945653656078072,-0.7385006147833402,-0.739900753468092,1.448580006612471,0.08510103029605105,-0.3196366418661133,-0.8434203387943684,-0.8251885414551849,1.4588032704861533,-0.8138823208768886,1.1731971340108893,-1.0302780259613769,-0.8081441282626987,-0.9125767804275158,-0.8916435685146042,-0.9343323920692364,-0.870264668119659,1.4986434010253022,1.0848589475048642,1.091415469125344,-0.548421838174227,-0.4916126797245994,
0.7773519255467441,1.8004033134108788,2.2852663574266985,1.9039862011842592,1.801730243371405,1.8848207475830738,2.2482684963195747,1.4422775627726105,-2.4146721269886045,-0.8265681737097466,0.0077211512938996614,1.7041478935594854,2.2938094872951,-2.7964534066054076,1.776825709421716,-1.6255320928669037,1.589840579146666,2.261045443972522,2.19177023454683,2.289173582591299,1.7908024997817484,1.3958054568732123,-1.96358241198275,-3.2103585008491895,-3.4737429059475065,1.7100713285347842,1.3578233873458432,
0.9799116124250561,1.9194156154120037,2.5242377348623517,2.0837664327403305,2.193760909544435,2.2270867552649745,2.3742249283902574,1.939936206075411,-2.0440398141251266,-0.7769459107481921,0.16594733307551718,1.7750084547369884,2.3742735626984017,-2.9153456319750224,1.8048276892990103,-1.982295206481715,2.116493011238043,2.437559871044179,2.217658183085837,2.3574040526092666,1.6575077328406744,1.8218513385231527,-2.212577477639889,-3.302356198744255,-3.6147000964807465,2.086662805707015,1.7961107879771818,
0.04509435488989219,0.6013416385560424,0.9467327855778875,0.39753008751322294,0.3420262357588248,0.3260995778344488,0.8605267413581746,0.544337696836894,-0.8247969080298341,-0.6517017468403862,-0.20749991810000973,0.30527032886424843,0.6210254200688983,-0.6417615619055804,0.5948940253079684,-0.6163832250494888,0.33406576947778793,0.41832283243341273,0.6316642939222968,0.3852835624318578,0.5148793906016836,0.4825742311123074,-0.5769536346562142,-0.6676836322486185,-1.0225118630749686,0.6681054203590485,0.3607177055005734,
-0.3007012446350427,-0.12090070912318927,-0.017905993888688885,-0.5902295961551918,-0.4788132533551338,-0.14305679833630597,-0.18827633916378905,-0.28152561425182765,0.38118374044737574,-0.7153310863813549,-0.3858909606889279,-0.06736867738396306,-0.18367653330822498,0.5953045542820702,0.02243578377244066,0.22098527169955196,-0.4501399107097912,-0.17204943618003343,-0.3791416687516784,-0.24060819486468138,-0.5264798977620916,-0.3343038107320241,0.3670469666599044,0.30340262943824803,0.40161974889769503,-0.24534252710890742,0.10937234153890063,
-0.3767499341924947,-0.6310919850076208,-0.751608015275238,-0.5745975033505707,-0.4865608553975236,-0.8274046125302427,-0.7922939899639356,-0.6421549238468567,0.823438515834376,-0.3253725796045597,-0.32806724712162166,-0.49683262813819545,-0.4747597119905136,0.895738786342544,-0.7735503052943346,0.9230063126954478,-0.6414681569501248,-0.653514297548441,-0.6910172276966963,-0.8462429769761625,-0.4771758064554233,-0.647732164677498,0.8910881449043789,0.8551388548890548,0.6829621673871931,-0.5794718106685668,-0.5604050107146391,
-1.2010392040171032,-1.941691434980144,-1.8942315515429542,-1.739360209616163,-1.3991820378574855,-1.446625336982667,-1.9327614701925049,-1.5033684783244587,1.946708470484189,0.21129292371566802,-0.4624168997017886,-1.4320518625731309,-1.8755182321777255,2.581017542092655,-1.4318665404660198,1.3765306259962804,-1.7508037010162139,-1.9547666209771493,-1.7288606497077736,-2.0559660245404863,-1.395060078554646,-1.2724926863473123,1.8501731688723693,2.718163393157447,2.7567187719088357,-1.6286726294775153,-1.5136827047300643,
-0.19033551870304335,0.2326672300580902,0.44149891091038845,0.6695444384510616,0.27424168952180705,0.42525534734545406,0.2570685496001529,0.42680019288992654,-0.8905141442526061,-0.47453966684487947,-0.1349169134441821,0.203842992119748,0.5054479478109888,-1.1678070464742538,0.4152992861330162,-0.4808522056203582,0.2865939546705246,0.3430152829063214,0.5205611195066615,0.5873191963506798,0.4413930885508852,0.43978753572699764,-0.6950282683877362,-0.6717128037268013,-0.6539746031847842,0.5595685261271011,0.4684683755930636,
-0.7566081102609848,-1.0957568863015643,-1.3228273921047524,-1.130277833659184,-0.9323662628053659,-1.244177034432137,-1.0029051176937334,-1.0808662655124766,0.8572580920441757,0.14072720530868935,-0.3021676115678722,-0.9569455760948129,-1.2650371558739895,1.1453127349228818,-1.0279584462493006,0.8074503319268673,-0.821279447705607,-1.095062916737929,-1.2419021288877694,-0.8673096587148441,-1.0383585351885292,-1.000538716288596,0.9095785481537559,1.2827197133619852,1.6712197228559527,-0.9450348900983162,-1.124779252480132,
-0.6237845708834908,-0.9635864312454164,-1.2818641071399044,-0.9051464769651747,-1.1734994527058318,-1.2397538373527337,-0.986612329465228,-0.7913787384264273,0.9585167817872382,-0.014376614990195723,-0.41301639421988123,-0.9780810000813923,-1.000428176232356,1.1877263171016983,-1.1955219096566971,0.7822070946903384,-0.8357183283302295,-1.2871702843209798,-1.1150108334953654,-0.915730374488692,-1.1310668981670846,-1.0569587912195968,0.7925788577177609,1.4478668060481175,1.5733287048418663,-1.133029981896392,-1.1160207663262325,
-0.4417048498581141,-0.9861661578598044,-1.0925943003156555,-1.0389807958043338,-0.8932933580243776,-0.8319138497304299,-1.030380438268005,-1.1787300726929715,0.889560043190724,-0.021603423721283283,-0.3386751302954097,-0.8053402095540501,-1.2465401530993636,1.171181245375041,-0.7736236185744205,0.7465796659506748,-0.7139235849938131,-0.9937316278415312,-0.9639237765878174,-1.0900062360451632,-0.9257795862490196,-0.8040899464388317,0.9164271306645111,1.3047352283517306,1.5222785874144005,-1.2192011226524886,-0.6641050664014233,
-0.4777417977768985,-0.8595423331011378,-1.1315037299150605,-0.9768347033523239,-0.8477204807905976,-0.7630292539860009,-1.1034206968765732,-0.870490510837379,0.7551385299396628,-0.4274516287656015,-0.5003440121495646,-0.7674084406499592,-1.194241079778659,1.2965829046357358,-0.9370869553623626,0.5043093929725633,-0.9943847316050328,-0.7599351054222839,-0.8030035157058676,-1.1081442570169884,-0.701838035659571,-0.6222343933196803,0.552793871319205,1.3313630309251254,1.46208432298436,-1.036780319116881,-0.7934783628110329,
27,12
0.026354965017072966,0.051075449172266675,-0.0721758990643554,-0.2735461874855024,-0.008941860492614478,0.1300229035730289,0.04053239278607945,0.04671393676307158,-0.21198488092636372,-0.06907826056978032,-0.10370417928606111,-0.08716581569495609,
-0.06577683265785851,0.16384888221749888,-0.19005910485828217,-0.07571681425236326,-0.08762680261477915,-0.14359765450727366,-0.03118061781762843,0.05592264718941147,-0.008143409244052593,-0.16249196250398437,-0.054605861722892675,-0.15358117138813573,
-0.037442710826587934,-0.07245779526047125,-0.04208267459613061,0.20335744183161517,0.08088464327414371,-0.20609706532134683,-0.13148722138013735,0.08294709452429985,-0.2282406407568529,-0.11505345325464002,-0.06945120047477958,-0.0635697338653743,
-0.04031669348003644,0.04563638363816171,-0.21757184507676072,-0.20239495653507658,-0.018878036346611678,-0.07519890354275358,-0.141861468390643,-0.11571894691236663,-0.045719318690705356,0.05471081273428503,-0.1563642395121494,-0.021290947694859168,
0.07987810909838987,-0.061382271694200935,0.08852725381987135,-0.16908557864522308,-0.006282542680946653,-0.1715466530929235,0.0036127994280769817,-0.23972235923767996,-0.15295435608060762,-0.043117092655898685,0.13537127155888404,-0.21190862067367405,
-0.05773434555530322,-0.19888037340425846,-0.18660556217300536,0.15611806759497124,0.04531795683146402,-0.056012692446139094,0.13129292450636776,-0.12297129089958807,-0.23201043233127297,-0.2338150090108182,0.09871557446523467,-0.09899920669490561,
0.08667916918506793,-0.09475817654196467,0.1772004106927684,-0.1310136555833369,-0.10058507666775714,0.09567687706791303,-0.17756047760097293,-0.03595222772359769,-0.14551667474404414,-0.24901501120395025,-0.158394953790862,0.04721846772554936,
-0.01720241336114388,-0.058016733784989304,-0.11807909102649482,0.00860938025170459,-0.1989602625305432,-0.18823657598158933,-0.08964145624015173,-0.19066138328874124,-0.045797971800725736,0.012853428798841625,0.045753878115372286,0.004222690278039384,
0.09572079537694668,0.10595838291603633,0.13436477098636376,-0.007979565071619274,0.08355497630814498,0.01843840378553775,0.1952469676642515,0.135515535848686,0.08685672777432189,0.3118129599271257,0.1249173723964881,0.1298759285705233,
-0.1392862701599032,-0.21564166569163543,-0.026080406007528364,-0.0914507112466335,-0.15646175296201487,0.07287355711971558,-0.006160059885548912,-0.12379642494623642,0.12681611621231825,0.048244016895258125,0.0495000372200393,0.11468366714623222,
-0.05932692064881357,-0.1714653575618371,-0.18417618305447472,0.08436580162445112,-0.15651107414492502,-0.24708120730475364,-0.15465726434537963,0.04427941329965248,0.1606086127384418,0.07577894597861386,0.052589385524955956,-0.050050573337202635,
-0.11157909801446093,-0.12516696106788178,0.11794361720525227,-0.06290505424753565,-0.10252948974608839,-0.020190025483823898,-0.19088385605939315,-0.028621411370076046,0.03410760310239554,-0.08691161312578598,0.01670537933311878,-0.12903090661357838,
-0.17178634336156393,0.11562997773640682,-0.06851701638067173,-0.10808263172248533,-0.08805208544361408,-0.055980019018631165,-0.07687926917140847,-0.034500746966692426,-0.040669610060940664,-0.16921498810248148,-0.11762104701350591,0.0033304867946272482,
-4.7817996121617796E-4,0.2100775815587044,0.26044146950504177,0.3967051226157534,0.3255338038771509,0.14854188021013753,0.21540654699021206,0.2371223565994465,0.22358975191438765,0.21479257107969638,0.21438361747645301,0.20325949384509048,
0.03368296323926206,0.06507290933144205,-0.09933803562786214,0.13600449389094482,-0.20821055910170175,0.15104713466762248,-0.042358914528711884,-0.036804401557727434,-0.09868287164131649,-0.23284298566013656,-0.003424685850970417,-0.2569900442244126,
0.17002081030348629,-0.048184859902140165,0.1917809631849258,-0.06337684266725566,0.08848624133444105,0.09335040972654772,0.16820726413320433,0.17621090754707264,0.002278078246780521,0.18579255596947974,0.16994598562863547,0.02376172287143416,
-0.1862962910135637,-0.20240996843591355,-0.15522771553287398,-0.24078782784938688,-0.041375718443388484,-0.12655145888530933,-0.046574815994706115,0.09961970081551928,0.036789980842491785,-0.1748606934479517,-0.07047762061875418,0.08077460466813861,
0.0315822465437395,-0.1314990677127397,0.09040684111580002,-0.04702733715990313,-0.07312288095360535,-0.21528107688337753,-0.10701732013165176,-0.007737927390624666,-0.1360289578953477,0.13049566455764652,-0.17719819280877258,-0.16432926458219282,
-0.047620026987920804,-0.09731757546172992,-0.0038769237638248658,-0.05234819697278173,-0.048729775535388445,0.1382002054105622,-0.22385309457967023,-0.2092148701063955,0.0748728298474391,-0.08657120710317799,-0.060216308767048365,-0.20457826258972364,
-0.07646801761179717,-0.05041359180000708,0.010278556625827677,-0.05807414852343373,-0.14058147635881754,-0.1766179305907791,0.07799828772231712,-0.26141343039662784,-0.01128034521557776,-0.0744602419034118,-0.06552567444007429,-0.0687181336654344,
-0.05754432851395358,0.08817271295828803,-0.1927456837983113,-0.14237384852575688,-0.05980503010589906,-0.20186592249997068,-0.09360789937145177,0.1261373407467147,-0.10173001489465255,0.06599573523468516,-0.10215480878858522,-0.147687243293381,
-0.14592993989687947,-0.14436920801905,-0.08358732320176014,0.023354669346946105,0.0032930899014329256,0.05221091912550843,-0.024226983168245855,-0.10467635759511579,-0.12441768476211607,-0.018377721883747564,-0.2413455037194621,0.13629627101300767,
0.1264788048738919,0.1919823186882992,0.003054339178884691,0.09954597854035807,0.22283541244780536,0.22722434244443013,0.21970860379940524,0.16410777631932982,0.18008066385841678,0.010390322719876492,-0.017651102205289638,0.2762040057931495,
0.31410837653595314,0.231388535009228,0.09697964002526792,0.2517495738484913,0.1266002341555818,0.17864788042219576,0.16316328606209848,0.06042936546929084,0.2366923118915367,0.16373664218391182,0.2661848414570398,0.31976626813656284,
0.26232909599741633,0.13983758627234344,0.22904279786263848,0.18041624454466706,0.10909971691651241,0.2875088848355811,0.06166293558288102,0.26284469143039574,0.3032833691747794,0.21491410136645586,0.3027512719630668,0.08796440282494229,
-0.21502049034875134,-0.0683869242627144,-0.006196521841088018,-0.06683764970473996,0.03885527296776343,0.035439335636829036,-0.018689917519070624,-0.15668865422929196,-0.16299756146007405,-0.04337250590951023,-0.12145751683324624,0.0830835128925787,
-0.09504835278015514,0.08501525720869403,-0.017532876894213005,-0.03471796814643885,0.09666822941967929,-0.005447857535576291,0.007771688852461541,-0.10476932470744095,-0.012613405043923522,-0.028024786234034274,-0.2533610058246509,-0.1080902950622649,
