# Pesos da Rede Treinada TxH=  0.1 TxOut=0.08
12,28,12
12,28
-0.6008337622470722,-0.1492016044191054,-0.4703711274802308,-0.179886076344578,-0.5236198855019905,-0.6528848689140205,-0.4153003371723071,-0.529640966129202,-0.6141924076678333,-0.16678114091160867,-0.7497761477615105,-0.42056071972629894,-0.48345247273393044,-0.7022893691401875,-0.30210222938875936,0.5336807933053912,-0.19489556991227525,-0.32529989968536216,-0.47750672330686134,-0.37432058747113034,-0.4739915517457632,-0.23475259274285326,-0.5758585519139187,-0.4413948284456859,-0.40203892496360916,-0.379517873223106,-0.487416810256247,0.10618021590601372,
-0.5400849640257446,-0.06090645925671567,-0.5922307713456393,-0.24258290869500393,0.1824617550201011,-0.6082713749953526,-0.011249062397883682,0.07348785779361049,-0.6294826538407247,-0.05609192927081996,-0.4183019642762856,0.23186064915545285,-0.5514486335459208,-0.36212818305253797,0.09570162746507786,-0.6956903561404543,-0.5903825985693529,-0.1531683879406857,0.001495977229546426,-0.3528908520580636,0.22620905907558075,-0.10108102472533025,-0.15661783881504948,0.0768663387571966,-0.10409315784163221,-0.20565293225922932,-0.19043775928000953,-0.36106275279205924,
-0.17990173950176386,0.02908742054627562,-0.3090822914034011,-0.1867165682986568,0.24039525153317703,-0.3235865002432137,-0.0764130055825657,-0.20318393803080625,-0.6809579224377369,0.0036275816197550437,-0.6133027094208402,0.20935440250024434,-0.37142966500476965,-0.4681956959109844,0.1747884319598852,-0.8285004900221273,-0.9086539154634617,0.08034854679473892,0.24962241403903812,-0.5934943491798373,-0.04447714278846681,-0.027061388196437906,-0.5202886510752841,0.17211168804482155,-0.1662810823990465,-0.014878785629479065,-0.404488744431479,-0.25524079291177154,
-0.4248935945311638,-0.11277140504530161,-0.3786167886972038,-0.07291463967549666,-6.814152010972115E-4,-0.6040557329061536,-0.13859109720128734,-0.35920836348585006,-0.26153676768461764,-0.19197297412790565,-0.523587812793853,-0.33701463943529664,-0.6130273377681904,-0.30379517573293635,-0.14163281317642143,-0.8165987348932962,-0.9922204421047275,-0.30820600390566977,-0.20309434349434902,-0.5782424046161843,-0.1469051060523413,0.07800578584622077,-0.18405596903528446,-0.16339710378428787,-0.16225186841795075,-0.1868466992672827,-0.07656569801013988,-0.415911139754289,
-0.6291047685024007,-0.16544002548892578,-0.6645606388465908,-0.29722778517837856,-0.023835943081573795,-0.35686031421302616,-0.310113643326535,-0.05727011927673809,-0.4729991075412471,-0.33717890564014164,-0.6737386781443101,-0.27985420358046803,-0.3835429141344084,-0.7122440562881008,-0.058929590774261215,-0.44257171275269824,-0.46711783998266504,-0.4366350930447165,-0.0048464217252107596,-0.6185291066094974,-0.3358145826041658,-0.10087037004646421,-0.40480985043251594,-0.177746144812328,-0.16579942155371777,-0.3856280982580038,-0.14145008708664605,-0.19670961311825746,
-0.32279491425027396,-0.11390997346656082,-0.6719872801740331,-0.26687055872048443,-0.4110331510619467,-0.5604506430063635,-0.3336955919860974,-0.2830823294151202,-0.4900190762465727,-0.2138079303022734,-0.33189018402882053,-0.31163330206666706,-0.6608268784410636,-0.5069658917652125,-0.5432359308158378,0.27642603446401426,-0.6048423487919311,-0.4139030888413783,-0.16984311488425766,-0.712893729976922,-0.2234307539357676,-0.24414123484664896,-0.3876185965655129,-0.5255036578516353,-0.4137895945436093,-0.5708802140588093,-0.27568795201539836,0.11370214711820735,
-0.6253864667867532,-0.4886231518916511,-0.793669881014148,-0.2114785185765739,-0.6336146415252311,-0.5134100469986882,-0.44682302777407695,-0.41168532891586823,-0.46360766030428,-0.3646335046348159,-0.5107672568015055,-0.416595416971025,-0.8406228629653655,-0.3228756611212747,-0.27826973440842034,0.5051319270362643,-0.5656476876039098,-0.317390299506354,-0.14777458809177213,-0.8653688109837306,-0.4595442031596481,-0.3662625996610976,-0.353623317601777,-0.44242866771572825,-0.32984513623630835,-0.23039331804564753,-0.28577915057405046,0.3516522165468321,
-0.3050865295736509,-0.42972718075368027,-0.39599307747858725,-0.33348960258204313,-0.4363410322529478,-0.7280354469364878,-0.32779099228030373,-0.18979326292257762,-0.6919714045209558,-0.2747064508790195,-0.4631968525495874,-0.30083931169724437,-0.5302379152377514,-0.4711004530876003,-0.39651918770229205,0.34154699123005217,-1.025542734664798,-0.04357825104054369,-0.053210667550365784,-0.5152455858866485,-0.07180701210769547,-0.3174416801794751,-0.2618463027997291,-0.21668752085449808,-0.4493456675539822,-0.3546033304541394,-0.18859941512926984,0.04787839850417493,
-0.5805390517937005,-0.3805706991098335,-0.6058166755824973,-0.24144792147521396,-0.43803933710949156,-0.48290748042505016,-0.3476134114844218,-0.2041953417007016,-0.34014371249767733,-0.5886360602221392,-0.49843290990745887,-0.25618895128063496,-0.7828312935550161,-0.40708357396426176,-0.28661191781974527,0.6880453191576867,-0.8423171245741616,-0.4980920506867309,-0.2080864092190077,-0.6965375385905782,-0.44557676424795717,-0.41866611882297955,-0.5500257310356548,-0.3901514002837658,-0.10712855536847841,-0.14062211612987818,-0.4377858565276767,0.3119512647344674,
-0.5913625118289184,-0.3214942591595619,-0.48982339090401156,-0.4580001131489786,-0.25448391274891147,-0.6252802842919983,-0.04900441509664295,-0.4656618723864499,-0.7544019159001915,-0.1683390720271594,-0.6708209410836893,-0.39842455085690975,-0.45793017000414415,-0.767502598765923,-0.1772078647784606,0.8403369660346203,-0.4161825025890216,-0.36927726069790595,-0.5369568261865209,-0.7540504808937059,-0.532639489665544,-0.4212930095569515,-0.3329922621722599,-0.26187415563726907,-0.5194157344291946,-0.1668204346147078,-0.6376693340331988,0.32289288994995263,
-0.37223357453203276,-0.2718746828055498,-0.5571281733316378,-0.5516583641070818,-0.2609045247082803,-0.4983527831072516,-0.500608148386171,-0.4867438135130769,-0.5554117504759979,-0.5415024102326357,-0.46573412654474916,-0.4575140232172971,-0.6214907576324789,-0.427250726642029,-0.5912102911215369,0.6165499743109625,-0.4791858084163017,-0.28068861674376894,-0.629927458137089,-0.6209518274983793,-0.2142205658232225,-0.23374011907345996,-0.5395338391294054,-0.4590432619880163,-0.1614748526698911,-0.4814397431617817,-0.3555492573937809,0.5781473956545563,
-0.6304806529179176,-0.49754303171656117,-0.6460199512065071,-0.10703616984568023,-0.10475473959749945,-0.685757993589256,-0.23696108906616895,-0.5057017134832941,-0.4835678015836617,-0.28008672993775724,-0.7095822600963467,-0.19300489371513013,-0.860436500442347,-0.41578484064069443,-0.2910035978336636,0.44829852256145414,-0.68879986241563,-0.5606729784259099,-0.48613294260057716,-0.6957681515411286,-0.1540856523576725,-0.34469021207922773,-0.5897262226212755,-0.14477430867477795,-0.28975713832959277,-0.2693262994423732,-0.629340036768618,0.42137119212224694,
28,12
0.16680940506225814,0.19595180354386013,-0.09321456341373537,0.1907668344986321,-0.04015732335479371,0.1140960917961966,0.17391715598210727,0.2751208351499551,-0.11512587397443122,-0.03903816535233303,0.20173691308928537,0.20068551918385624,
0.08474530659705393,-0.2650680208855033,0.045162226447600734,-0.3295705066576201,0.027500071829832974,-0.0022592732508685052,-0.3288768340518653,-0.15771327950983074,-0.31102153732925913,-0.3587628759474211,-0.28703872195012003,0.038423558456293,
0.2988369060664423,0.24559721847168117,-0.0089315087940973,-0.013099204196625634,0.01799480016298546,0.34493250574315415,0.3284496147624581,0.06102600871766203,0.23220566361515896,0.01978003043241708,0.21134086836759536,0.2553907732127843,
-0.13883290662798153,-0.15261905028398057,-0.18058792489676873,-0.036246196442632855,0.006818564062659564,-0.17908772586795202,0.0030047685118747168,0.09562816053807024,-0.183127190892282,-0.29059658476620115,-0.20878713408664606,-0.35967004632346433,
-0.26447922370898086,-0.28946841131680295,-0.012839768184344381,-0.2620154581905193,-0.22209179562111767,-0.21307673414733186,-0.21034208888648817,-0.20335799570701693,-0.42197688422309304,-0.36915754610698337,-0.20538232445434124,-0.07304662623229265,
0.38692481868577233,-0.051660608497526656,0.2946394977820162,0.07863949847859979,0.26527807393164865,0.3668788617887629,-0.01883739727932601,0.19930106186949195,0.2502310900854994,0.22897849952170213,0.1851668191879406,-0.04554842272612758,
-0.36937953793863576,-0.2651750904232354,-0.13559698208323556,-0.2370241037025376,-0.007704866783772996,-0.19201017755535657,0.03446927442189816,-0.0670514105883655,-0.049160994386638644,-0.3331816166946862,-0.08093206517647042,-0.036857802163597075,
-0.02521113342568019,0.15930813289397616,-0.04748622643201678,0.058102798886635575,-0.3119860510097486,-0.046473177263758936,-0.13435608579912275,-0.048919767146943884,-0.2713456570501427,0.12044092840462928,-0.2347854015476197,-0.07734168366531374,
0.3232947936816154,0.2490801415384851,-0.1081819847048681,-0.15791876290498025,0.049013535466354556,-0.050059729379199516,0.32119325822144557,0.22143464144813368,0.3332064471353421,0.19538528721872608,0.16048762925533894,0.3270597207562106,
-0.3430589187163537,0.08460787116243804,-0.3363775687431529,-0.23936435422160623,-0.2975361589624419,-0.22000966812227374,-0.2316668967421313,-0.04444618209629816,0.11210265160299046,-0.05884683751888704,-0.15651284636214022,-0.00897643895929348,
0.26648074595009624,-0.10629198493425186,0.2142642198773649,0.22997869063116794,0.016335782074051192,0.26968017200571487,0.19272295179262924,0.1624180708714217,0.11588776308487127,0.183007289215586,0.2904936498019305,0.33781905283993013,
-0.2743497610148459,-0.10141430417374517,-0.24122998989510355,-0.03467839524904456,0.09255274300021896,-0.22788751755225678,-0.17649377371817007,-0.3188927336469676,-0.07426470877168317,-0.14071063909978454,-0.22346619747812152,-0.3634615703536605,
0.09146079361623985,0.11313172032186536,0.31652464660519525,-0.004077475527861174,0.20032871766246663,0.36959418292581214,0.26472731981862924,0.32328121069268323,0.2537970031539102,0.31590034295488806,0.2581513455357713,0.2794874624774776,
0.19010299234024083,0.12720878529883342,0.1741967497295598,0.30818713936195086,0.167717979535048,-0.11718979303647631,0.04305885114253032,0.1009331461053043,-0.09921603386356827,0.29608768055260426,0.2746495526587222,-0.1068373505268037,
-0.3730380377817815,-0.14521976246806134,-0.07609202277986125,-0.2491536403707799,-0.18123483815179514,-0.33768068637238485,-0.2980542647751843,-0.42503280549743827,0.007674290035939703,-0.24382691723458938,-0.18853530163016885,-0.06872699196245889,
0.8309651145471247,0.8973372425403351,0.9377433393600437,0.7631943640789954,0.8671990240317073,0.9765783354733941,0.8918667757944345,0.8989394133914002,0.9353148547525456,1.0992867991172162,0.8584821388967411,1.029693975386048,
0.10765502097029414,0.2662489307880577,0.37329101866991343,0.2840307451723666,0.14511730231521813,0.26035511533064226,0.4444801050020065,0.5158103904502135,0.547590893190271,0.5911137515014896,0.5136059235915109,0.39600170770696624,
-0.07421732802050612,-0.24743156458845952,-0.20163296834244615,-0.040679613103234195,-0.12534545226938046,0.06852553724225542,-0.04577327818365644,-0.2856413735218357,-0.21326880552670036,0.11775756196948346,-0.03651137957464748,-0.019982828826857632,
-0.236064415113577,-0.30233818555790504,-0.2839075006733822,-0.17447371627278205,-0.3340305217527966,-0.3740808538357471,-0.27192219094839504,-0.2515316676719984,-0.1984776311403369,-0.24924238316008201,-0.08169042625353916,-0.35554590954853404,
0.3537300576621432,0.19381073190061085,0.1760920374052579,0.3373367276938479,0.3801655683802445,0.21123703374608757,0.25609768249684645,0.22572012571957603,0.3322570664713267,0.3838961460091889,0.09874225655900018,0.2609638275921647,
-0.13869376162868652,0.008467734084676663,-0.2066637718895151,-0.2535634864597552,0.0067908603624260286,-0.11969170013327048,-0.175495745901873,-0.36532220253667985,-0.2200039690966041,-0.1290869922870329,-0.35844486843924706,-0.21703239223647314,
-0.03574522704794631,-0.2513201421855797,-0.008810914852991356,-0.2848924605523247,-0.3552517889718079,-0.16913888516829106,-0.3191762307789821,-0.12187514470209775,-0.3296726643474349,-0.3303429137243602,-0.09961468312362075,-0.2872076518513741,
-0.2656602290438957,0.16096065909328652,0.1869813807824716,-0.12359348818441394,0.0452461483128925,-0.03054179730004158,-0.1437889039765875,0.15298017221548782,0.18183634431095738,-0.02151008446157406,-0.06087023600243003,0.21503034784536884,
-0.010383967413792071,-0.0728947488363397,-0.24057705682672686,0.09533306114577775,-0.3280320031736498,-0.10926848115777435,0.006453603519074374,-0.31665966664374895,-0.10947700368863555,-0.18655357626064037,-0.2765114594246229,-0.36721792301392403,
-0.1271448715945438,-0.16846748979055162,-0.10242985835166615,-0.041549227148442225,0.11861768251906384,-0.005415021217879533,0.025686075895926,0.0823775440358481,-0.35333633538403214,-0.23592204226189073,-0.3243863514709451,-0.23123827584147125,
-0.09706926254517106,0.1214370584184874,-0.18303738398158645,-0.04541692612917727,-0.11532300195707829,-0.23541498135160296,-0.17576959506447515,-0.3258683522650208,0.13069399669247683,-0.18152948045726963,0.004472456146167843,-0.27506408831117407,
-0.14854959458311526,-0.1798904091901527,0.0321270285969154,0.16070250143040143,-0.05076402777656955,0.02786545713434768,-0.19307181818802607,-0.08355888958252707,-0.12735325765631242,0.1371963664710522,-0.0053089264547094535,-0.014750821676083945,
0.48061388530407173,0.20286646591009122,0.25248276100549205,0.4377043582532128,0.36223012686885026,0.3017175078936605,0.4274158032369758,0.5033566388132656,0.39868451197591526,0.34701197798011824,0.5355164665178759,0.34414130154022565,
