# Pesos da Rede Treinada TxH=  0.4 TxOut=0.08
12,23,12
12,23
2.576740497364203,-0.5901572652085287,-0.40688954879715866,-0.3500029814930601,-0.2025147105113448,-0.2167862075983122,-0.1654177079907961,-0.5140302751584744,-0.19544014500585888,-0.5282199831791596,-0.2331874021838453,-0.22092267676550364,-0.5222181419531293,-0.45899270879279336,-0.47019205870874664,-0.1842317613677875,-0.0013451748357099689,-0.30356694218960667,-0.2258658486867553,-0.2242369862043007,-0.22212569128500959,-0.156579795392603,-0.48822037962295417,
1.4480255154654063,1.0628045568082833,1.0114161639608876,1.0887232408524181,0.9996143865420876,0.85999539142609,0.7586898091358231,0.9222627177582124,0.669030488432012,1.0125363700175631,0.7599809535586565,1.1615670333908577,1.2585061426437718,0.6748733197128594,1.1187397133013535,0.7552628637825776,-1.4708109646714531,1.1365644209284818,1.0953968243542669,0.7903276784698207,0.7574225464048492,0.5698587385540357,0.8990939348474988,
0.9867907448983305,1.0475906997922177,1.0545954215670197,0.9447970402465069,0.9483572775924046,1.422010157681121,0.6925170993451515,1.2597407757411572,0.8269687541613228,1.29365227629667,0.9679926018964147,1.3884153407776,0.9637266134814441,0.6932278632968223,1.3524627042241155,1.0178235599423862,-1.699763123681844,1.38122703946814,0.9282522122400951,0.7480589961605011,0.8313059069942017,0.8512117061558802,1.0659210886237294,
2.1428960968219593,0.2712051065311967,0.5426535215842878,0.1927422560615728,0.31197541564412967,0.680237111761927,0.165491530856787,0.5215206923897495,0.17325232207644578,0.46204813380574294,0.24924990895481122,0.26314905465308314,0.49475379028529093,0.6074960565558494,0.41054537315935874,0.3911713692839294,-0.8039446077633413,0.47009791160381686,0.2316346176688679,0.16043253886999634,0.5287677244449648,0.2710083804575884,0.651649078169872,
2.6971015471932884,0.27934549340885284,0.041463350170933846,-0.07772005903922409,-0.17986043264837484,-0.019544451666064604,0.27752357513983406,0.09194276527949911,0.2435050716838873,-0.07272153276264197,0.25411841219359005,-0.06082022315780043,0.3917022904942914,0.26768616473811013,0.2462379919904323,-0.1400737128318311,-0.35226369971933014,0.08048534244748817,0.07330232028304935,0.19806169119235137,0.16223826872842412,0.21020472902475074,0.28880006593994906,
2.685674679427991,-0.43810366032847403,-0.523107336152373,-0.3291441115075076,-0.45225482199481765,-0.7497443761081374,-0.6849865835235771,-0.6691053746069902,-0.6006016426223186,-0.5101763069115103,-0.4756387743134949,-0.7084521904477395,-0.45607842994244074,-0.35612836974948014,-0.6724740521243786,-0.6176557550807653,-0.26573172514850135,-0.7284468450812943,-0.3851214666056022,-0.40446161005811876,-0.6490528836550961,-0.7521866903973752,-0.3940984853905692,
3.0400474975446596,-1.0366817843725462,-0.9238989013925878,-0.8629538174953376,-0.752064396008294,-1.1953894274721988,-0.9324611141755804,-0.9521315213097983,-0.6398790236028662,-0.7603833905342374,-0.7877551239571484,-1.0429042120594412,-1.0912827391319104,-1.033975160069515,-0.8574181909506625,-0.8401828666533933,0.23831443261583982,-0.8644518145680667,-0.811184553116835,-1.141465902512183,-0.8631813944705402,-0.7015242075755707,-0.9360823689550026,
2.048889468982529,-0.19061341656788916,-0.21507534360370018,-0.04197721080060248,0.004729487993307473,-0.2146429982552852,-0.21025432133188152,-0.2172171626344314,-0.17205721673062585,-0.026967726398589464,0.14065429590074777,0.06797508119385136,0.0465849579378762,-0.0368514965829777,0.025594243247528188,0.1188282660768385,-1.0458434904430955,-0.12024542941529659,-0.2918150653250471,-0.1522838751755037,-0.042517904524867874,-0.039887495377348293,-0.24576956374849288,
2.5207663986134863,-1.0744681387062152,-0.8607849840666273,-0.7384423308788364,-0.8561845704709736,-0.7894801164170786,-0.6135973078309367,-0.6404938831999039,-1.0588040674083878,-0.6157407149183366,-0.8542076429590714,-0.7235713875198108,-0.7937649759644826,-0.6935092785242889,-1.072846796940887,-0.8216052378565778,-0.6381297897353762,-1.0803101240858104,-0.5834800762715985,-0.6785917199042746,-0.7420369094110986,-0.9041605293177593,-0.8455321170058665,
2.5142724591394,-0.7201671033358271,-0.768568141013816,-0.9889226191142686,-0.9280390064390526,-0.7334136828750755,-0.6097257875053171,-0.7627427794603666,-0.8952843253967323,-0.9534961085973798,-0.8970328872686539,-0.7193576628282219,-0.7958605485159397,-0.8639843363275881,-0.8867324084035761,-0.8926867273156303,-0.810967651076065,-0.9082470037230953,-0.9558145884887619,-0.8561006929472643,-0.7114561860850921,-0.6961037554630983,-0.7741373614453276,
2.616970823997355,-0.8425250653845157,-0.9324748156161415,-0.6101098888805354,-1.0382741369426651,-0.9512840071277641,-0.8488551294815255,-0.6622140291505558,-0.9159195477702036,-1.0271840964179884,-0.9961562551392737,-1.0431369484452746,-0.9265678947482089,-1.1399805361164497,-0.9416362134157175,-0.6294098053411133,-0.2789256702585217,-0.7599099964246856,-0.9009830958976953,-0.6839953370798731,-0.8482701893205594,-0.6648474796583164,-0.8913252453668696,
2.6625298158283712,-0.4686268985503492,-0.5196395687459786,-0.6978551689295427,-0.44192735364167063,-0.4048763518464041,-0.5053380782223212,-0.7545067547086933,-0.4084566330697517,-0.6663012544214338,-0.6192238189449562,-0.7055363041542508,-0.8350520350783346,-0.4517428918425388,-0.6433374643125338,-0.8015419709943211,-0.5294784350729205,-0.6076574554047609,-0.6594017070442634,-0.4262697550337338,-0.6979097822740745,-0.7539897867019959,-0.7078162644205889,
23,12
1.0341195048100773,0.8496434597426114,0.9350268637021538,0.9106996173032791,0.9963791279593943,1.024169535739353,1.0704111273794443,1.0750016372183393,1.0982116703582425,1.1399385806036875,1.124067496835387,1.096827856965417,
-0.0842437208430768,-0.03263986363803475,-0.2861756764153615,-0.3238523966456039,-0.2538730621437489,-0.31085651744267423,-0.3335365213410375,-0.1496443925960467,0.044527246095702945,-0.14505842537668204,8.013795599636033E-4,0.0070182726479306266,
-0.34745105200474513,0.09296457110420496,0.11294816989044412,-0.2371270069454037,-0.30231729844399907,0.017845354401412508,-0.15401460310356058,-0.06027304083589167,-0.06539525165323135,-0.10657643949866207,-0.17320193367570494,-0.296304603228178,
-0.22613589951551152,-0.15336528920063516,0.056946109554937986,-0.19392912164401457,-0.021577993686778395,-0.20822290788284514,-0.0669028855331225,-0.19099635369775564,-0.2211559750898307,-0.24021011122578512,0.09328377161540244,-0.09540473715359624,
-0.38318162286480906,-0.35152465507514313,-0.044987858666599045,-0.05362278868760211,-0.025281467630267267,-0.010247736610148328,0.029529883358638164,-0.14938074168172058,0.0046362648215933135,-0.009019153257534007,-0.2657040917541754,-0.3395336113305363,
-0.07903985532007396,-0.133580124615341,-0.18973712120334044,0.12386660629871567,0.11831176396181037,0.03890782199364663,-0.18080170674952037,-0.1788277623812282,-0.05135814957154872,-0.23933445956417915,-0.3055818069943395,-0.24899469052692752,
0.14726658126749187,0.051437390774972926,-0.2948174159111711,0.04610037184456764,-0.048318730060911974,-0.19911630259196733,0.05500689680058184,-0.060482070882376435,-0.1899168989086776,-0.23675562855806281,-0.13991036374370758,-0.2714583115760924,
-0.15481701723095675,-0.019569103097076032,0.04457683871946288,-0.2791911323686637,-0.032790723127957305,-0.15400828643397038,-0.08866331026592006,-0.08145164778765351,-0.031572727942320626,-0.36576921255918077,-0.346871671729665,0.07743786362864616,
-0.13330569229889258,-0.20839063830165447,-0.3838309995532752,-0.3836559677908987,-0.27620067694464456,-0.134695128426791,0.03928056326696426,-0.03783916224414401,-0.07312132709117525,-0.02399547930971232,-0.15103961831711313,-0.08743970607050952,
-0.25242887002487246,-0.2637976877107985,0.04269559701274005,0.19054254029749648,-0.3180233830552091,-0.1801673054702706,-0.1290559640045265,-0.27152622787147956,-0.07633752940676863,-0.19534305443151737,-0.18654353888959532,0.0819539422796303,
-0.22418354105351318,-0.23434558404038414,0.04870313811478459,-0.10088985227322728,0.007916721113884318,0.04527959859050707,-0.030574742397991954,-0.14339928523179762,-0.3264533611861943,-0.1811552207107879,-0.10896263970529232,-0.09567737898609383,
-0.12484669727137103,0.021393171936405112,-0.20001147714569892,0.15476230707785354,-0.20949028554713459,-0.35167263609109467,-0.37622593556370687,-0.19355596268552885,-0.11419811120067662,-0.024439573627205,-0.1791606156533665,0.03773195277745546,
0.17710047667266612,0.0278831250417916,-0.13630512260455438,-0.001551375399389113,-0.2778784643273993,-0.23967680028939342,0.0470043140934173,0.02374740359483371,-0.3302612889455721,-0.19597022583843388,-0.2808035519502458,-0.22363478872286346,
-0.017898966159197754,-0.4245519706025303,-0.3032383434739468,-0.11179529380767181,-0.15183834335295363,-0.04481984984572548,-0.029840711458621605,-0.12460232302072541,-0.12602802056564416,-0.17332705020616773,-0.019190677712435038,-0.18813557839493622,
-0.28231395289652417,-0.2348895698029559,-0.0557777614442091,-0.1579518971858219,0.01618586232655773,-0.060541953917020934,-0.11287311037440993,-0.06642073919673736,-0.17185845113054113,-0.09704660747513785,-0.11907167820011949,-0.33972950358737725,
-0.15936181092997279,-0.059228195249869976,-0.26365721924815033,-0.1359750075647252,-0.3859141187836245,-0.1733140098175591,-0.013651645289990112,-0.02771599454213031,-0.3171933690689058,-0.12466731358008346,-0.0923995846759147,0.0876136408475946,
0.7221845217743202,0.45917392771719245,0.5002414450014977,0.4515696732475004,0.5527067979531258,0.8090411628001914,0.8811504768453984,0.9475368267795643,1.055897947076482,1.1179143792891548,1.042105329058252,0.9547796052207825,
-0.12729550032042655,0.022186052427423688,-0.21309339028664895,-0.04691996023472966,0.05796104629208487,-0.28025030342217916,-0.3234504988618268,0.005757344238492534,-0.33193824883793205,-0.06427594447049369,-0.0037417334602858204,-0.19600360479045117,
-0.24250214663585404,-0.11659824749609829,0.018778125712970543,-0.18124380041528826,-0.00624799640680706,0.1510136586501808,-0.2791834989336316,-0.1803663347214222,-0.15579154764387398,-0.26730544630444,0.07166939810671151,-0.20450848330267762,
-0.06267997956082931,0.06761205276966391,-0.02893031668508954,-0.06302206661239386,-0.268238964799022,-0.08633922458623218,-0.3490746077926255,-0.1597171180849,0.047832790651074195,-0.20165809021737477,-0.03111460076383731,-0.1877558471256131,
0.03323059769123269,0.11643111282435352,0.07625402762471735,-0.31319662365677164,-0.014434298558611718,-0.32163400117583935,-0.13101401288704057,-0.051586076158498535,-0.223625045316691,-0.06586147966209946,-0.23456253683707384,-0.12050599228752026,
-0.027948863924206153,-0.27475582450307473,-0.13351538568794766,-0.22792992940902873,-0.039008108560487774,-0.1603828292844713,-0.1154828232299919,-0.37238603394221503,-0.05814786672724456,-0.034271892243215855,-0.19509510097914626,0.10535678600310638,
-0.07464767185548812,0.04198338542443239,-0.12480638112245451,0.09123048391081943,-0.0065106600721917636,0.05512439263554997,-0.21251256444593822,-0.29542354235998447,-0.11638148039414024,-0.014057754879502738,-0.28152642367461733,-0.2994374056029674,
