# Pesos da Rede Treinada TxH=  0.9999999999999999 TxOut=0.04
12,13,12
12,13
-0.7828803989686616,-0.8115267087450552,-0.6797853212869397,-0.5862363388491791,0.8239009659330688,0.7136583925233478,-0.487706730750645,0.9348845449157107,0.31343613920797425,-0.9128686332610677,-0.7551985601343083,-0.7541889273603886,-0.6826616589728227,
0.2292564171856939,0.20681450291707773,0.21468826172218097,0.13180971251706747,-0.6273090382200103,-0.49331986632295804,0.05829342718620757,-0.9477278951663957,-0.8884538017598441,0.47127303914267704,0.2985123369014271,0.12441683901494371,0.6164899988845798,
0.2848424581985762,0.8795029286853245,0.08215232807985443,0.3528680113480365,-0.849400474142541,-0.5296579018032167,0.2086768306292463,-1.008493958999986,-0.6928898634156444,0.43328265184775716,0.0786648393539261,0.36977304889996204,0.5114895042284248,
-0.6344235021087601,-0.5983380476173666,-0.2206447241567562,-0.3662297159194847,0.1801145861950714,0.23311271882924348,-0.0567150210772816,0.0743908555227459,-0.31146641724947133,-0.6425091813675784,-0.4849044936400764,-0.45136328349471794,-0.44451621053284457,
-0.6588820618480641,-0.844817196304166,-0.38910860413217896,-0.6913207478787474,0.3304705142487495,0.224998360262486,-0.6770612632515333,0.6512515709776531,0.0845067862101331,-0.6382692101552242,-0.4713571375185193,-0.7191340443845254,-0.6052249801508474,
-0.6734066499189395,-0.5821688320260061,-0.2973318823323304,-0.42400803525793623,0.1915932920255169,0.2197444978813225,-0.461824753698333,0.4143993685591192,-0.311635762623751,-0.7505392973179151,-0.48497838883982924,-0.6476033835607236,-0.7213715431435063,
-1.1048857061142923,-1.2178773751533425,-0.7747904077465556,-1.071449104759627,1.039441974369597,0.5594779690363071,-0.8486638049478119,1.263079930435751,0.04818578636825846,-1.1117982963252695,-0.7741052520126429,-0.946672359577344,-1.225457260699702,
0.08890261545020525,-0.26043254863797066,-0.3499387341460911,0.05725730064102427,0.07822588251691158,-0.033959506766184595,-0.3422871176131945,-0.20252081459918955,-0.6893985461254342,-0.01194755531833177,-0.16158236862137582,-0.21760924333613768,0.010136054975445993,
-0.5224676469937741,-0.5369133190745956,-0.47164014652468284,-0.45121568695753045,0.8878178580790066,0.4175899997788809,-0.6040650129448151,1.0785884482032253,-0.08519970793629204,-0.40858902785204637,-0.7494239679212201,-0.5333780753584687,-0.8059781880205332,
-0.5304085913602437,-0.5961810860829109,-0.6549064725128683,-0.645612086700924,0.9205805454728561,0.5477732950002063,-0.7386358285777588,0.9568018521732973,-0.24128799438644682,-0.5964816470795995,-0.5368440789799666,-0.8005748510063146,-0.3445957273218703,
-0.5042805690264461,-0.5241300816483991,-0.6304793098414062,-0.7569095928169535,0.8707063757612239,0.5423105803945313,-0.6728300905771458,0.8785887060337475,-0.029661473440306594,-0.7140620369031834,-0.4439017040134301,-0.38597611019508116,-0.8161119343501582,
-0.4943130721680873,-0.40230660803598123,-0.7106375321350317,-0.7509695685730629,0.6468254989675688,0.21738719740604662,-0.4171813128277599,0.7851280354300961,-0.5803211748483632,-0.33454808359313815,-0.6052342716160299,-0.36278100010509,-0.6934280150335317,
13,12
-0.3334478871200743,-0.2732957784331376,-0.323357788009965,-0.2370776470427392,-0.4154345910602481,-0.028477618726128914,-0.2955422936215364,-0.3963948094317537,-0.09704470969962138,-0.3092114691979912,-0.4075008368090116,-0.26538234137857764,
-0.11041991424698004,-0.2894231954234592,-0.27385798501376735,-0.3759881411064822,-0.27646558029566853,-0.4136503318866926,-0.27218876115922724,-0.21816477131562076,-0.3833012584042949,-0.41644435892777265,-0.09293016145092137,-0.33951540193767904,
-0.2932958649967906,-0.14665473371136425,-0.18543124646807463,-0.166163477655265,-0.17716780906897484,-0.14882092658060825,-0.16144483710584367,-0.16704040203641188,-0.2976477521145438,-0.16395282062588118,-0.23840160882477707,-0.16939689142025793,
-0.06497878398600057,-0.2771589092002037,-0.4186216720223707,0.009708219034550415,-0.2325136841940151,-0.15143342117846922,-0.38010747084390156,-0.3387869761151002,-0.3147846982013178,-0.386154550963951,-0.3417562184584294,-0.3275176719982267,
0.17614542142687373,0.26761313528507763,0.29699474226426514,0.3890659435357025,0.2632793181922909,0.26534700011230716,0.21669714768915005,0.2484750754247128,0.31421685188197646,0.383816951623745,0.4254401874754322,0.3733358256429884,
0.17510215544828864,0.05952600300035932,0.11062686927804855,0.0035981822348632913,0.171129221499845,0.05664877483822566,0.16319607454955157,0.1881662232748331,0.06804147499721648,0.1097473441653724,-0.015253788974412295,0.26294878753226864,
-0.243384933272414,-0.08438162488826229,-0.29714039729237374,-0.22456450000293154,-0.11559829395101662,-0.35957079541897563,-0.12944586829531163,-0.21637789348844386,-0.35490358300834696,-0.24754962047653734,-0.28373479647101174,-0.08706317133612242,
0.4498921399651473,0.3793775760384857,0.3817826988312765,0.3655643501562303,0.4059658333420536,0.4625172150933731,0.4412508306588564,0.41834091387495187,0.4384619316954215,0.36814527202164576,0.41160540937102275,0.23691836968826224,
0.045458213098826986,0.001549964490162673,0.003992713715783539,-0.0022191061089979827,-0.3038867648402119,-0.05885960280225712,-0.04069598613189483,-0.01543037706978494,-0.039614785881234134,0.05218826846792734,0.02267831445625768,-0.06842133141717484,
-0.4084391633992678,-0.3326240587699714,-0.13804825158663236,-0.3467776470639552,-0.08095211250379497,-0.3202944150702975,-0.16822613751846105,-0.09124553323116634,-0.29156398733862454,-0.290779327758058,-0.37600525112955274,-0.36028179661054976,
-0.3370945411497064,-0.2970612101627338,-0.13616033326733232,-0.24086224202229378,-0.3087406778948095,-0.12202433224322487,-0.434475330347173,-0.34808258373876966,-0.08226314370036955,-0.2742836223259048,-0.11720548625778988,-0.10813860240914083,
-0.30133760014501604,-0.3199212959108672,-0.4238644404432925,-0.2747132480226482,-0.08319815433427055,-0.3799350725124569,-0.34938314415785304,-0.31864176618207307,-0.24699149356513514,-0.23796807041898038,-0.2274343143791013,-0.3182263633269718,
-0.3412811794818464,-0.05022676493743205,-0.09373379069730654,-0.36342929194788237,-0.27078208236044543,-0.26553875637229135,-0.15682289556166687,-0.38214165954815704,-0.2947829479477106,-0.3133826542998773,-0.3996315017089778,-0.43084611961077285,
