# Pesos da Rede Treinada TxH=  0.5 TxOut=0.07
12,16,12
12,16
0.022723546292588968,-0.5381881510791244,-0.27414309245474044,-0.36431615080908747,2.2911439224860266,-0.5150742313359209,-0.41053212799472755,-0.24105657023106647,-0.3056527222591026,-0.55381044755326,-0.4228799558743479,-0.5561319143522854,-0.7075777367837712,-0.4496755369873166,-0.49093706021848194,-0.21714851059725096,
0.8833616391925875,1.5954554656708995,1.3728403221756031,-1.1307261108269981,1.0770220270789423,1.4346471321705658,1.6823171109723825,1.458099628921207,1.4932722806748375,1.3676513113075948,1.5585421030247961,1.4204264466610705,1.3930783888000173,1.507841749172843,1.1433415909600948,1.098686437885008,
1.1807275081825315,1.5653035398343935,1.5507388655367664,-1.089353868226756,1.1915381039851158,1.817036406776317,1.4411433249346044,1.7070082365524961,1.3361407905460727,1.6200987496826342,1.5163390630780564,1.3234207046629174,1.5236854039218692,1.943747487336706,1.463395891219924,1.478255307020197,
0.701053223271139,0.5260488821668658,0.60756672255453,-0.6090866089254957,2.2429421084283923,0.4693336932078918,0.40324447561994325,0.5252715636392581,0.682569498177544,0.6967629134204055,0.6539567201876161,0.40695935948696244,0.422777968857259,0.393711980022325,0.629248125262152,0.2533565316866571,
0.0944657581615568,-0.1305763401080231,-0.04744826782947154,-0.7737489363707555,2.267775138291944,0.223224745280517,0.12087331029097276,-0.17136459848755187,-0.06528786145283597,-0.03310030756678411,-0.13962495270577596,-0.0031549764903464578,-0.18902000766256297,0.33142603855102676,0.15864737756380598,-0.24214280704500157,
-0.4626333721727211,-0.35989161829583843,-0.6449771401560325,-0.18057962335535568,2.6456995589009837,-0.39705700849125086,-0.6708401774185133,-0.8230161204098736,-0.41519742362108397,-0.4251135088155973,-0.5301074089860719,-0.7174067743343057,-0.6645227974250302,-0.5308839830633418,-0.428856262949274,-0.3688527883667282,
-0.9217259978324296,-1.5026301660367678,-1.5163432393244993,-0.5148168761774677,2.85448368427273,-1.4355608731661231,-1.3752461291243592,-1.3074788337969268,-1.2976331545292363,-1.3270083551121665,-1.1949268584976698,-1.1505745029640422,-1.3599210482304125,-1.4699231063249985,-1.4143609465692462,-1.3802852807971497,
-0.11857330636199864,0.028872130033578046,0.03906880749747834,-1.155595165446741,2.31560120535929,0.20250285225485734,-0.06044903085670838,0.20723050147348718,-0.05651290088203901,-0.1657328125862204,-0.1460779658645046,0.10023446390150792,0.3201843589175511,0.053241017892146206,0.13220697387167982,0.024290891071718525,
-1.227334419597366,-0.8992440221333361,-0.8724133582414784,-0.834530564856481,2.7598277909709066,-0.9877737927062257,-1.0605369279410466,-1.0574118250863254,-0.9719606949448752,-0.95320139944952,-0.9950914817058026,-0.7991093672636894,-0.8064417712460302,-1.1870055611176653,-0.961744082661255,-0.8646405086008928,
-1.161095166813286,-1.2191699163231848,-1.1206897905452335,-0.8923204405604308,2.5941349736663484,-1.1737774625526152,-0.8533964430413427,-1.1015798622494306,-0.916771799139867,-1.1037510025497936,-1.0123888978850222,-1.0137137223020445,-1.0794132532681744,-1.1658823663848226,-0.9987401133081043,-0.9921090498630009,
-1.010718053611358,-0.8649680184418198,-0.8471997047720703,-0.4240610022214374,2.8463994879247454,-1.2490471033350026,-1.105684511181844,-0.9349094944537918,-1.2156508418196106,-0.8051959547419286,-0.8750792520989489,-0.767460055620122,-1.128672842627003,-1.204526226115218,-1.1794719239415896,-0.7896473086576876,
-0.8571557519628157,-0.8705214301258104,-0.926857456018382,-0.678679048380193,2.8528942132029464,-0.825789144877012,-0.645631804552229,-0.8352415780942611,-0.8299259494675719,-0.8530969331041005,-1.019639701382322,-0.9188288531835428,-0.5270884325408214,-0.8461980163374847,-0.6920993771889007,-0.8052707173707518,
16,12
-0.23399328586065699,-0.2612841873792312,-0.11102485305003376,-0.21654793685524984,-0.19696331438108625,-0.20733697360587497,-0.16506400898843965,-0.18491757497283176,0.05087181627549956,-0.05688013846982729,-0.30015652005186033,-0.10809310200590477,
-0.10736561624757965,-0.22782856055715295,-0.31660598679555196,-0.05191266155181558,-0.21338626707175595,0.023295281526484156,-0.11813301114175824,-0.4293033539966541,-0.16876301669572302,-0.2299994090087622,-0.07881479052256628,-0.23777054877895598,
-0.08615199730244032,-0.037564536381700965,-0.16930327923159222,-0.15094275906864082,-0.2733118876553642,-0.3317848702071218,0.009074542053047287,-0.11623299266112293,-0.025194122610352497,-0.23327097772119,-0.3102049089393995,-0.33965368476892194,
0.4442181766932828,0.2385164763089541,0.31141043273296126,0.14177507007945367,0.2657603436568199,0.5522680330285696,0.628582279805046,0.5736430104004764,0.6862389125793122,0.7735462254865927,0.7582346865354552,0.5941718866155208,
0.9542677618782724,0.8146730736455412,0.9009429260234437,0.878529291252059,0.944243749602806,0.9493507095071555,0.9866985797112968,1.0097801833648856,1.0204433460869127,1.0639654907298026,1.0318203531261854,1.0153014201763388,
-0.1626327514416639,-0.14006968918104068,0.14271780712515436,-0.25471935055306716,-0.1357693980692375,-0.1111203215304795,-0.15597913788432335,-0.1749422247396793,-0.3776507671090548,-0.25925638918695904,-0.14418485181176993,-0.1407677633954999,
-0.35381077648110476,-0.018729579308596433,0.01237873698133993,-0.3051426034499311,-0.2351238740447287,-0.02424323507563679,-0.17819516605764232,-0.3438561061571241,-0.11353406164596742,-0.06641317949696152,-0.25792978038056413,-0.1417221924525303,
-0.30660160663016717,-0.16500075692196509,-0.23053687670755463,-0.004608168019867469,0.022823800787771725,-0.15261610666504788,-0.23515791060124988,0.03556798916213705,-0.17339099691921714,-0.2412483464172089,-0.2476010043727862,-0.313605426158375,
-0.16983953936930796,0.013082382634160923,-0.16329205457278895,0.01198373637861196,-0.06318541726319019,-0.3388605426490191,-0.3386791412143283,-0.04029326736418077,-0.38327967626092974,-0.274690941042844,-0.023435026234279677,-0.0611768554511155,
-0.10059405433901498,-0.24284814040021813,-0.010367735547270494,-0.077260487111976,-0.04764958035403639,-0.2279904449001982,0.013413810477122423,-0.23052667838800805,-0.37406976383341317,-0.2888691892378859,-0.13115512494184778,-0.16312634935134418,
-0.3081056101486218,0.07574479055362034,-0.10580903260590163,-0.20145801531651733,-0.3764882683769408,-0.3070555802078003,-0.1880050676570857,-0.13097908780427797,-0.15017552270581064,-0.2227176890669175,-0.12997024061241114,-0.022061320814446523,
-0.21483612597346888,-0.24811243701577854,-0.2027971668866729,-0.337095045121308,-0.08402938841788744,-0.06621362337093871,-0.3065081266516978,-0.28708751950667927,-0.24491211077005082,-0.05200116720644052,-0.003218349154817712,-0.11437606535097028,
-0.04796793148526514,-0.31909037873194634,-0.3590741408133371,-0.1482871785376057,-0.311509850742766,-0.2641817830601411,-0.16603841880477369,-0.1446553747112058,-0.09936453992675084,-0.16811597971900286,-0.16624252133180564,-0.15528779689393588,
-0.026183435217870064,-0.14703582521051456,-0.06855485373048144,0.03260093283320985,-0.35633736561215673,-0.0198561026416519,-0.3467841249365815,-0.021741992524496087,-0.25249980763619245,-0.1850757648094516,-0.3684601148336093,-0.2524167394705652,
-0.13789878317109827,0.030250182082789023,-0.18892971068302383,-0.1521535495274298,0.02566278446900161,-0.1485228245508612,-0.01986161485779564,-0.2842025965914122,-0.19004026373907368,-0.17269942804140145,-0.2704155335167873,-0.32970693339711676,
-0.10083944173814056,-0.23916434540593925,-0.36704308853930717,-0.1698663310236003,0.01553936805876942,-0.1650618312470808,-0.2859936357631968,-0.14159631480462165,-0.055607647652141046,-0.25424854753931336,-0.20174050455418713,-0.11071768115555874,
