# Pesos da Rede Treinada TxH=  0.7999999999999999 TxOut=0.05
12,29,12
12,29
-0.4166660110616223,0.06326664843050417,-0.10212835738255731,-0.4754338679647124,-0.28376231471912633,-0.23167181432383444,-0.3522448826595219,-0.3924634456987037,-0.03347880162480945,-0.2564772685805233,2.5069928743501984,-0.1381319050586951,-0.3173847241877707,-0.5479815825453455,-0.2585880664089494,-0.40515799967924726,-0.6148243110355455,-0.6354133884220916,-0.3006327668040778,-0.4879060579300967,-0.26086101277441487,-0.6460877980684943,-0.3308134099264572,-0.5003481973740046,-0.6259335486434829,-0.4742279344543106,-0.565954572649904,-0.5583416214950078,-0.45960597849109946,
0.7649992824592309,-1.2931978372842643,0.6069795114645845,0.7577169722495081,0.5935305906223279,0.36343560274004455,1.1254992647771738,1.0376466724592204,-2.4920860960804454,0.641005053922225,1.167555677969593,0.6957625872720224,0.9276348097108073,0.927054248721056,0.34731767298713934,1.181907078226851,0.665346597608726,0.9456457775589502,0.46188922101405505,0.3464030605634876,0.8395328189742919,1.0128611480535683,0.5064052246470363,0.6427132785351762,0.4775928362817002,0.8717948993285242,1.0628406082718282,0.5514975813417173,0.6678674428009489,
1.0414347493020624,-1.761029516111975,0.758312641379779,0.7990422725897545,0.8870279484191096,0.5778561780608233,1.200878760772886,0.7753946538455895,-2.9568295146001673,1.1741849347749738,1.2828037145215656,0.8311409147943984,0.9667765014553923,0.6580585953424379,0.8297738237668545,1.0816546503573055,0.9130097253414898,0.8747952993227013,0.5699517600637201,0.972477761103035,0.6307845489266858,1.0445311506851622,0.9434468670378453,0.718978368923526,0.6450887351179836,0.953356912673089,1.2551643393065914,1.020121993829281,0.9379609714469457,
0.3527137546499944,-0.7704732958154591,0.3935939539221686,0.33353437374114236,0.3054727881151535,-0.06895234955538383,0.5894395313272652,0.22101120333100396,-1.3861607865340622,0.26575575989694766,2.3143518494649986,0.003808807104540665,0.04431903154244883,0.14590002897655718,0.13249746923325775,0.5830185961002008,0.24463232896518894,0.3158523928692542,0.2652013173856285,-0.1574984557846883,-0.14967200254177968,0.256328889195162,0.004533565371904566,0.2033874657691513,0.30453492575560664,0.2864236072475327,0.48227900132867935,-0.02121997347796497,0.36602375982908797,
0.17925389599213642,-0.5940384012773077,0.021078111194920302,-0.13764685833968557,-0.06980855786535264,-0.17231148104369795,0.4303568628020963,0.014769951593691417,-0.7939794530006834,-0.11501316041907608,2.8987160008333914,0.1311678656360217,-0.22699409810799073,-0.4383128165247745,-0.37423339056333776,0.2656043309063608,-0.06782135256804492,-0.11829964909242707,0.018330700389669583,-0.3457359102011935,-0.25250885596981765,-0.18807400339023586,-0.11069977891562849,-0.3262417262815124,-0.1646734709468844,-0.09083266021245437,0.04049622982450478,-0.1575639982964435,-0.17144941082504161,
-0.580269135988541,-0.4374496916052279,-0.5071710605399301,-0.5510483647232075,-0.3874840174196099,-0.3683697144729629,-0.5921008397181794,-0.34421815294103736,-0.05533713085586239,-0.6327861929758778,2.3067224761393583,-0.41678999509568765,-0.6206408270338402,-0.46801663455269227,-0.6306089817038775,-0.593721704834345,-0.4406696110260385,-0.4657528033791819,-0.37401062534475843,-0.6445558491770762,-0.4567994147992693,-0.5715614904895291,-0.6535747918618636,-0.3411632283028727,-0.3310739021792677,-0.46119809489117874,-0.6083838046343678,-0.4216578337481149,-0.5169145526434903,
-0.6840633271175173,-0.3928305520154653,-0.9710994537153604,-0.927744445095858,-1.064293986712545,-0.5554462076939005,-1.0581848047453117,-1.1025775705791823,0.39600727634488486,-1.2457815252740616,2.7133309593210657,-0.6791347238807779,-1.146520318035423,-0.8657376142707215,-0.6705944136786061,-1.0986132659723118,-0.9798522749652229,-0.862235642440294,-1.181105714889236,-0.9401368818322171,-1.0733284356000552,-1.161264179204938,-0.6548374005421721,-1.0835135103596276,-1.0736154637779838,-1.1751908632919847,-1.1021855127040578,-1.1139667392181225,-0.9690730966497165,
-0.5597113964567875,-1.2893366085151037,-0.2621702667030034,-0.25548404975128797,-0.049994038430838966,-0.5851822119705206,-0.3623917977921453,-0.07774235842782212,-1.410751067318483,-0.285463948191444,1.6136318765633972,-0.5324682472864816,0.16462225692616625,-0.3445984820497226,-0.3943035075182786,-0.22107166823859734,-0.23677728920581015,0.014693845899940007,-0.22475869910639293,0.1569979722128463,-0.09273784910942927,0.003147639934848411,0.1147245537168587,0.0470601064639373,-0.05561417827669207,-0.2899593010270031,-0.06787891506188026,-0.10809422558042109,-0.16845272674794745,
-1.1399032333163626,-0.5806375939051661,-1.0229257600045085,-0.8850595818044282,-0.9767338946059151,-0.5975304790693152,-1.2626596484419836,-0.8436001612505306,-7.797796641262856E-4,-0.5899324997572981,2.2652262710002007,-1.1297500033588321,-0.9763547022096705,-0.866428542325209,-0.8063005362641283,-0.9721519479085411,-1.0669818829393716,-0.8493805535668804,-0.9408111447094608,-0.7221602276931431,-0.653695501649609,-0.8250584043888206,-0.950023732227289,-0.845417446999124,-0.606669685798511,-0.9750916821747582,-0.9290822721861124,-0.5706077046801776,-0.9988058910624686,
-0.797515284672878,-0.8879925567556297,-0.8374085547001207,-0.8124517959613686,-0.8115787211520602,-0.8039633819455974,-0.9363354268801966,-0.9593321238055221,0.32451733321892984,-0.6202155596353235,2.3444788666267433,-0.684770640591606,-1.0028638108515822,-0.5149178372179143,-0.5397429738930408,-1.1511005492069903,-0.6162216089077703,-0.8900082632824062,-0.745481192499611,-0.7279240981829391,-0.6342668833213693,-0.8734161668309406,-0.8838010858601547,-0.8100610139239062,-0.8588320994941011,-0.6776471702662749,-0.9747027683739027,-0.6408760418397471,-0.8818511082143148,
-0.9157718485850834,-0.5302845744773601,-0.8934362810549648,-0.5255540165989753,-1.006100312066094,-0.536110536193921,-1.1023979249433875,-0.9408056484872259,0.27101256341828156,-1.0117772530345723,2.4302789499265307,-0.6705288331440994,-0.8145129585531289,-0.744432035320604,-0.5362578770792354,-1.0234214226021336,-0.7183551557790875,-0.9547720543965811,-0.6046450104433653,-0.7119272994634989,-0.7719901812478209,-0.8766006703511092,-0.9015440784139411,-0.7018533483258751,-0.7690734067498545,-0.8559348289808402,-1.0985576731778244,-0.8945706783619205,-0.6950441307332208,
-0.5653115742523858,-0.6170510057010812,-0.58352144930967,-0.7660209730667504,-0.6220309342188148,-0.7269348653561486,-0.904035126869803,-0.7311269054207643,-0.4630441341900431,-0.729556639740018,2.62672871628887,-0.8712347537245299,-0.44636907334436116,-0.6959275620061292,-0.6929678493400209,-0.883113268808459,-0.594724631418434,-0.7118836664686496,-0.47171682489109257,-0.40911091682044043,-0.8216109222066259,-0.5772981952983768,-0.565845111366083,-0.4763658402393678,-0.4875547935052585,-0.5209809024558142,-0.7362878933424134,-0.5789305253595386,-0.5827538667774753,
29,12
-0.20568860847446496,-0.04544734672092706,-0.01868641624621694,0.026542793363254723,-0.14449780949409988,-0.16768606487510276,0.04672470806865385,-0.202582432577694,-0.15977082340954268,-0.10311861396565115,-0.1785360371303874,0.04726072469653598,
0.11842522175600136,-0.0173112240177533,0.06984954309390135,0.07348184595672817,0.0622338319408617,0.02413387221066103,0.11945551151157825,0.2069164246028089,0.42977372873080605,0.23906267437630943,0.26930790962449486,0.2772030119699201,
0.0478101766480773,-0.051417867377357714,-0.08363210141350554,1.397514411544652E-4,0.05401237238402043,-0.031674908630144216,-0.06735042863178448,-0.23934163836575184,-0.2301846215715567,4.706518838098689E-4,-0.18045427689952165,-0.11084478113760887,
-0.007203213439761177,-0.0857650573891278,-0.1524529115597569,0.04516319299135736,0.05176164102421146,-0.1147045065325119,0.0020467723918062607,-0.21407406072384652,-0.30965726625886614,-0.06788867063982557,0.0647625642305026,-0.1670752991916523,
-0.08332981736575075,-0.14602181840788842,-0.1146215307977111,-0.24662333776326284,0.07413276255161895,0.003472126412286275,0.015371412110892909,0.068523561507998,-0.11898384042454035,-0.11829690757545491,-0.15604143263036044,-0.2903485076972457,
-0.14021529511786063,-0.057859838930203515,-0.14467600038524112,-0.1915484282519263,-0.23666653273246196,0.15152227010212843,-0.2259497779299545,-0.013079103790675521,-2.0265664529019233E-4,0.011329114978243694,-0.012551403740826403,-0.21732206631020942,
0.03096712783875892,-0.25807634585706657,-0.11901009397156818,-0.1559126601471243,-0.14589793859711786,-0.08220952161208665,-0.10661818163294733,-0.15802962329346584,-0.1935828348092071,-0.114804531470936,-0.06706511708778598,-0.08064169996527498,
0.02831880947618201,-0.07298428439491031,-0.13519384904226134,0.019485353383581296,-0.20484687951854394,-0.026449735258251846,-0.08845380675685449,-0.1470722039790919,0.037993349457786395,-0.35392421351538605,-0.11509501290081427,-0.057914263902966154,
0.14764107879325905,0.13903119393725102,0.01863006743226561,0.019206974437123294,0.08077816981957797,0.21027692822059674,0.20587442088146096,0.11562402837252544,0.14562279009615228,0.26210951910757774,0.223605034576403,0.22326253412397712,
-0.2443047505707085,-0.1315558257320851,-0.14757812575754667,-0.21770938382599483,0.17711135700531794,-0.1631449959509488,-0.03551565541664155,-0.1610922436446507,-0.015596080665054309,0.042517707594730496,-0.3304904013967455,0.04539492692388917,
0.8607335059467591,0.754027788519853,0.8349245306430862,0.8156538075600234,0.8519494643721938,0.8590916514826956,0.8743375268303757,0.9155748211651754,0.9226529915866852,0.965288398362425,0.918871566717787,0.9295482629348215,
-0.06653033821050794,-0.09262386513263586,-0.17532640197702912,-0.16662905638306477,-0.20557264551651555,-0.21163016675246257,0.0061282875085934005,-0.01911438744164753,0.07643851658281169,-0.10569518188356548,-0.15942780862628625,-0.12015008747525663,
-0.20232642669359502,0.10596863847531872,-0.20703949384252712,-0.12860053030008878,-0.16908950270202705,-0.04815020839972947,-0.047941927329286954,0.05778808804937198,-0.09251609313757754,-0.09222054566277339,-0.20332417577491171,-0.12917355219320137,
-0.21607996305158764,0.06157280587194711,-0.07741563689088565,0.10500288416438375,-0.07554856669214735,0.07912893949628667,-0.16985157338498028,-0.2561995552351777,0.016198856586422807,0.00504045660681404,-0.20039986542773952,-0.18048556628276244,
-0.12865229387931504,-0.2377233806028814,-0.0016609519987009001,-0.1412144446549691,-0.23870120627685934,-0.06961334714570189,0.0022656121701700224,5.169620441241418E-4,-0.21443217891376656,0.08232103786632344,-0.19215495602561547,0.10222250625323497,
-0.11027072621067646,-0.1081677948705459,-0.10699720451588426,-0.13382630460090542,-0.08780596635107207,-0.14086958023669455,-0.17716940313274052,-0.07545295063103312,-0.0017924131589612592,-0.16528896690563458,-0.07967243489235708,-0.22536638723828217,
0.10800800645945852,0.08398972990281564,-0.16807315780229476,0.015479096451675488,-0.18745795385452466,-0.1051280629031016,-0.18390829907522296,-0.14904481013894905,-0.1627946456695025,-0.010961955812835582,-0.20870188021379232,-0.008385835587036587,
-0.16232892611753683,0.09937661920794522,-0.023614123041545594,-0.1283415947133208,0.02156128991095165,-0.1369873518368321,-0.25067702794650304,-0.21602842523077279,-0.004773622999290139,-0.29400383715709966,0.02873847687465808,-0.02622140226360628,
-0.06821424532620321,-0.19566784053262787,-0.1114455167330035,-0.041491264815062046,-0.12404065625359416,-0.251751842602718,-0.17710010003683546,-0.11309429922879252,0.052852274735191454,-0.2076480102181957,0.05588689560062763,0.010941998822386716,
-0.02425149547272893,-0.17239110624265389,-0.023655058016901088,-0.038366979057525966,-0.22652270900120092,0.05180400904614934,0.02773039644456316,0.034677221769966536,-0.011729131170848948,-0.12480613381114214,-0.08429002431524843,-0.22400012062540225,
0.025219533056622574,-0.1663037533538516,0.04020789241245312,-0.19499624478428362,0.02049976957420499,-0.11554648964252698,-0.17542753954055013,0.031174995591582048,-0.2001159061665793,-0.14570885889651522,-0.11887490972117598,0.041262090584319275,
-0.050124250809242606,-0.17978347749920495,-0.1015435412604134,-0.12128155753391558,-0.13066520326409123,0.03987477898509024,-0.19091669635339586,-0.22341516552806817,-0.1595730961281481,-0.04202237933337425,0.13495789677991876,-0.19473963485410004,
-4.1936014751393924E-4,-0.03592183857562507,0.13386905796876775,-0.21816467254510327,-0.16873959589027843,-0.055192103818749165,0.06944330204415813,-0.18670933926180472,-0.052556951822705374,-0.23667647055445884,-0.15439997615315781,-0.02770496266122763,
-0.1993112415755317,0.15048703754746884,0.07182179101336289,-0.05743445575790582,-0.10120703674474125,-0.20052522153751415,-0.14781388162052073,-0.09785917229049344,-0.17190937606548934,0.04693324451069687,-0.10605073727987013,-0.07470542050343985,
-0.11490457922179202,-0.08741658761331202,0.06422973468540086,-0.09260485400670075,-0.05365376802629443,-0.19959762270668946,-0.13222325817999128,0.053041196538765836,-0.0529838692692434,-0.14142304181993545,-0.001899749126634738,-0.21895063664176095,
-0.16220525249343787,-0.0029371460847045206,-0.16575016600852735,-0.06015932552947225,-0.03260218210379713,-0.2663629345242936,0.018931920062499302,0.010632438871970946,-0.29425109313834624,-0.07018263900367694,0.08258796867678796,-0.21623943295378997,
-0.24492635651209055,0.04135343555438817,-0.1399654994315122,-0.10654106650397711,0.2061287264631438,0.03923252251540944,-0.13901685573080103,-0.08273198960935221,-0.3032089895701806,-0.21290334669652497,-0.11606741135480088,-0.08674994478553126,
0.0689913394293602,-0.1442159829006907,-0.15546249200035045,0.1219895664152405,-0.06404242528446868,-0.09409495263393831,-0.2775036351989008,0.017748108748321757,-0.02210607439996191,-0.208434252878727,-0.23191855981294052,0.06763311950494806,
-0.20469365242778906,-0.23325914197829672,-0.06376733752066832,0.016678245351299078,-0.20714424026354922,-0.14064923656911912,0.03961807645929927,-0.16728745028046574,0.01394375366946148,-0.05056955993121462,-0.012150281466685895,-0.2016547227215768,
