# Pesos da Rede Treinada TxH=  0.6 TxOut=0.060000000000000005
12,16,12
12,16
-0.26943213254077575,-0.4983730392269613,-0.3795562471306855,-0.7318827079663022,-0.5500130108585692,0.41223090510299853,0.6946604220744295,-0.6880213882891,-0.21226979259602666,-0.589075524796139,-0.5077292122926479,-0.3664610481781039,-0.386487156893071,-0.5485282170199812,0.5964802142173118,-0.7389622012318593,
-0.37013701153348105,-0.2201517113239772,-0.3584779203048605,-0.33890441578714325,-0.237852196771853,-0.0969376055755664,0.2132940190652191,-0.2717774409671052,-0.37219103430964623,-0.21565164779223062,-0.22281485654739053,-0.3915431010970245,0.061210888777291445,-0.34263486266800736,-0.22647036335666484,-0.09228768135304326,
-0.2865815590547234,-0.27066951855825716,0.04421440119736525,0.07053359304682541,-0.14852150806363154,0.030189039583990426,-0.020999383443440114,-0.25142733442008036,-0.08602504121420619,-0.0761439738231923,-0.03165577881562281,-0.33553864019271584,-0.2765144290012399,-0.336665780608779,-0.01687924407877101,-0.09476087232813074,
-0.11880468555777327,-0.32611205893790984,-0.5891570313746687,-0.5760345684711373,-0.21991290688966342,0.41301122060425915,0.4453755379739851,-0.5938407115779618,-0.5083417721526322,-0.4680736168809264,-0.521971361848652,-0.5163060270533254,-0.3190049266647621,-0.3890690158666224,0.5207506721263142,-0.2926591296603689,
-0.6076523294538106,-0.5138017465411848,-0.2524634257162238,-0.26373089713214554,-0.4737539141886246,0.3481446500857079,0.3538029224302631,-0.31968136822092325,-0.636099418892433,-0.6171931797277299,-0.7243797030928888,-0.40463579065278765,-0.5488500491442184,-0.3929124937075192,0.6911399871108009,-0.5517543587958322,
-0.6400763598346763,-0.4379393146678372,-0.2920774305953591,-0.3643092136500581,-0.5283272634139543,-0.03304008219727165,0.3247521795863091,-0.43205438178138605,-0.6214122528376304,-0.38441393647500555,-0.569565553483863,-0.48257916778979054,-0.5531046744339878,-0.29049453207244663,0.12468538448936098,-0.5999038221358322,
-0.40293901649616076,-0.4030853956355558,-0.7431156269182381,-0.7820749588823798,-0.8180145588826906,0.19430120442722523,0.5599462607712717,-0.5869757986263299,-0.43310431941321986,-0.5286708055877186,-0.3521490283725646,-0.4406370227681643,-0.26228328451907384,-0.29332072344831583,0.7391031016641123,-0.6315587454391339,
-0.4000805042694025,-0.20099773606740787,-0.5543033344428511,-0.166642849258217,-0.2690925458506666,0.03806950826953652,-0.05178442301095905,-0.25407821840781136,-0.17427989022261342,-0.3594298251073113,-0.5195976759377005,-0.34253825714623276,-0.5572672041223641,-0.2536139313623403,-0.011120032710906932,-0.11756192599620098,
-0.6157899925533641,-0.6472097482449402,-0.45148482433528536,-0.5391658716720134,-0.7243720942011094,0.1925656035920482,0.42478301252276146,-0.6158763784547193,-0.623815071344283,-0.6509007433475287,-0.535106834519204,-0.345372936508798,-0.43605767767702935,-0.40461419176051044,0.4547918959874655,-0.35008767254375556,
-0.36674106429481507,-0.3893279587440371,-0.5629164630436708,-0.6253840134718018,-0.33457837275604546,0.2680221427645369,0.32847101499982295,-0.3165762110090797,-0.6736509512308057,-0.367756231361123,-0.5155290869098169,-0.44211220318767813,-0.6674593609300203,-0.5585946638934023,0.4116873530486898,-0.6820072830289292,
-0.6265807662276236,-0.6449084838963343,-0.5357014072551566,-0.6193336601688026,-0.6135372939895198,0.297076456963969,0.4075069980669316,-0.3670488846125208,-0.3223684513508936,-0.6434690891902671,-0.3268204407978122,-0.346817850642707,-0.6541447698502365,-0.5919432011425332,0.4487656332749531,-0.4050255595995244,
-0.5259885078011229,-0.3275345900273154,-0.43317007342771907,-0.20823378172910337,-0.2458769993845457,0.21291363272020747,0.30362926055085054,-0.3956309497882658,-0.32416206748724363,-0.35012951437508655,-0.38957022030102123,-0.642461103464868,-0.2741500065022074,-0.49010224384585493,0.4110506671808836,-0.6708392010684429,
16,12
-0.3009176470803593,-0.10163929521683682,-0.27598384997444597,-0.14383911637592348,-0.3013691657968163,-0.420131295912511,-0.2908135401200145,-0.11409756037804902,-0.15940118465045044,-0.30473039476074193,-0.4265993928057243,-0.11162162350158662,
-0.17643353144173377,-0.11801920364188276,-0.19012798645039317,-0.38482581822159245,0.03468316331222297,-0.19178197733868552,-0.26405625991279436,-0.16696454695713817,-0.102847707156895,-0.2044745116000551,-0.045571733600583905,-0.19786546646877826,
-0.13128863744211525,-0.38742448660349355,-0.01458534852373402,-0.3335338886910382,-0.2758830303290949,-0.10088397583876822,-0.27177775173406193,-0.09604813219807345,-0.12494941475260767,-0.4681878685656242,-0.17934026787438362,-0.3031632496337826,
-0.3534707752081786,-0.19829726975418407,-0.38672142201648857,-0.11087005550727376,-0.05479133298594569,-0.29270870446602676,-0.300888255392027,-0.17627605226789145,-0.25380398813032523,-0.2461924365102852,-0.2550436909320385,-0.13957569873677372,
-0.3551632439622208,-0.33895296854390344,-0.0675495995095844,-0.18864466229721558,-0.29853925596706166,-0.08707931522645287,-0.23294101109666235,-0.14725177061843914,-0.4015459786079983,-0.35027550563063636,-0.2715031730252019,-0.079971565791157,
0.02491525867091845,0.1393384367868234,0.1015138525643839,0.13141808419765222,-0.01892916559991571,0.03316242254963923,0.34660610742708026,0.13468593119932712,0.17923653595597144,0.2872959336875151,0.16434324103775902,0.18353486376841174,
0.3457370247013345,0.4259077882991112,0.5094974321203569,0.4833762678894017,0.18852775241351358,0.4305258385155334,0.21341430988407176,0.280345284586052,0.3292695907892554,0.2670009802748832,0.2638983522940964,0.33668989475700345,
-0.16534236729045212,-0.09155093687453847,0.006797462905915675,-0.2626004723252464,-0.1256045184987403,-0.34506668594887335,-0.3838246777248948,-0.32651297503358767,-0.06342610133388941,-0.24603512491017873,-0.3192670635527245,-0.20264434133876036,
-0.2308004703691047,-0.2667968454677696,-0.10707958893543139,-0.1546170902302469,-0.11860000252467498,-0.10270330485079042,-0.038664760771600394,-0.16089341678495114,-0.2699598685080003,-0.23601383674367582,-0.30762142718097757,-0.25093942609853265,
-0.22651051053192828,-0.32486988509865394,-0.3343119483127836,-0.18379591066932144,-0.324932355353031,-0.05352077682408277,-0.2229282298492402,-0.22272705235935264,-0.42513875885847674,-0.33885901118656114,-0.11400060813931545,-0.3527096639090994,
-0.21939280465128305,-0.14193920163297208,-0.3930184326107625,-0.5334356462316986,-0.17633166464673788,-0.41271017860739523,-0.18850525133256218,-0.17715043052470347,-0.2512933601771595,-0.19464832502450086,-0.20137574840195657,-0.07402795213630388,
-0.09230151322224245,-0.09955944631618882,-0.38689568294779664,-0.1714572015662195,-0.2918229169886823,-0.34278111930172905,-0.024168309377463098,-0.32053336103281294,-0.2030732179736407,-0.23896438222344066,-0.011447927131182725,-0.12512257545762823,
-0.18032802901991857,0.11369272004251037,-0.1586313742607298,-0.039475611101241176,-0.1919744572087576,-0.2563625638751493,-0.38114935051424975,-0.3504032256860845,-0.17719018426672112,0.04024324701286727,-0.20944481926504113,-0.3894855954918318,
-0.07726800875050321,-0.27528480924704707,-0.029611894693472515,-0.018762830706762327,-0.12041572740655798,-0.0792558279141295,-0.21480929038001073,-0.23238973866152213,-0.3331418464798126,-0.06802816570773682,-0.2974281741786399,-0.32137386405767376,
0.44079399577226913,0.21929744374490565,0.2384247428480844,0.23718932720106706,0.6338877960763075,0.357964069666543,0.3853357264911972,0.4815460075547612,0.390183410366152,0.4133829084265733,0.47255096375404115,0.40698263713814176,
-0.19878782710914045,-0.2939382016083526,-0.3863030720532675,-0.16243260932155185,-0.38903107643157375,0.06926495497780936,-0.23566855631788602,-0.39212274917056533,-0.1443343445963888,-0.3245458449222022,-0.3072035899325555,-0.36914874226003613,
