# Pesos da Rede Treinada TxH=  0.9999999999999999 TxOut=0.04
12,11,12
12,11
-0.8994921685575766,1.4919289326981693,-0.9970800992014048,1.6089749674226974,-1.3231490383317357,-1.0533931110827153,-1.1861490816850606,-1.0835813390428461,-0.35678555429262565,1.6465989223200503,-0.604030205400651,
1.4382740672795022,-1.9696893880009874,1.266664982036831,-1.8430726025876734,1.5567668223990696,1.8879571054392263,1.6763343802334219,1.6186329733195577,0.2734567528925009,-1.8167187511251452,0.8310309353391861,
2.373348012520274,-3.308016301044114,2.404564126701859,-2.382692287476794,2.359723405751873,2.3765737735109966,2.6558167570430498,2.625989210085836,0.26350859718268055,-2.620523950928817,1.3388159886124091,
-0.7123938293069543,0.547149650062491,-0.489033328214908,0.14778829605111746,-0.5789049244622665,-0.5503083535715458,-0.3638377871425412,-0.805831342025153,-0.10137290104773336,-0.04476458828346937,-0.3355219527251216,
-1.237664795786709,1.1758501866760038,-0.9115301038843425,0.8399387756633858,-1.5139372630854007,-1.1265137941154588,-1.1929464687572569,-1.2908861541765135,-0.25394632743521117,0.8149924083672521,-0.40363229659194033,
-0.6496665892908199,0.3665037471188986,-0.578719188617712,0.31453341784782407,-0.5254390978631829,-0.671998721023585,-0.8784974653248651,-0.7573062030517008,-0.6672726481257718,0.479652300086713,-0.9209939122691206,
-2.033874003420905,2.5112489292677447,-2.0789309952170347,2.333480319481318,-2.4044604646511734,-2.0896463229156867,-2.3378211338308863,-2.297708058663379,-0.5873051759634662,2.3110524072178076,-1.6012717620933603,
0.40619367075494994,-0.6689991013674363,0.2232916085513275,-0.6643372951761777,0.4999281178014949,0.3599938490988153,0.502149130750407,0.3757882538337161,-0.47635360549862626,-0.8021856381556971,0.1510546969878335,
-0.8045571999795709,1.4298811383715002,-0.8266672467055948,0.7796181637059364,-0.876936076887288,-1.1175484686955883,-0.8556951771586646,-0.7750224153095268,-0.6412184350116895,0.7631262750785788,-0.9423803006029491,
-0.9008502998749782,1.1789164883799181,-1.159111258364885,0.8752524468065486,-0.951400509266032,-1.1139030575892601,-0.8669224859736601,-0.9856914750822907,-0.8261992568940505,0.8493350221433996,-0.7163117332586215,
-1.2157119798445888,1.3228447058264141,-0.8936631841150815,0.8927463099740633,-0.73892496186862,-1.1395617798780417,-1.004915170707199,-0.8420905187443268,-0.7708299635691069,0.9133247931590561,-1.0490451025784746,
-0.6380926903253797,0.6907249790064682,-0.9137989560525452,0.5581488197972331,-0.4864392886792686,-0.5443489967859833,-0.9412539490429029,-0.7539773654148378,-0.8467658387531444,0.6337178423177497,-0.6946587508545139,
11,12
-0.26215147448764603,-0.23185971493170474,-0.07866086175220882,-0.31117198505149046,-0.17507141222659203,-0.20124873671480728,-0.35507344395827356,-0.3193696442778747,-0.18700948896420386,-0.5121633708449009,-0.37017860374424844,-0.3213183144063747,
0.3671486127751049,0.3975079751151148,0.44173714815292126,0.5273065689307493,0.5146730622349321,0.4203349832386183,0.4242010521915433,0.3744592344643322,0.36284662481695307,0.3661913746953189,0.34679276829409855,0.48608673966077326,
-0.25201807248651903,-0.24553110583420143,-0.27750432529501634,-0.2307745584651722,-0.30413432772383586,-0.4782573621821734,-0.41644086796662033,-0.3772269646444453,-0.18444052257762983,-0.24206528523740597,-0.2595637244551176,-0.22915084098889574,
0.20238604608252245,0.17191917587682368,0.12624391715056527,0.16441301833975586,0.18164775611981557,0.24584613451272766,0.13501402278229802,0.24081244472266872,0.3011500213338275,0.16306894408031436,0.23495518462964968,0.2079119164186168,
-0.3498360135368025,-0.3259737590982376,-0.3629389857334091,-0.28875434362896363,-0.2940607027544719,-0.4004658571391239,-0.13842446361441832,-0.2658428477996746,-0.28069435900367884,-0.1857709204939154,-0.3736795937758004,-0.35249483784064617,
-0.31202043867225004,-0.05566610001325974,-0.16268043066735832,-0.15440815209951975,-0.37546716242115546,-0.11982163207735722,-0.33754123802913816,-0.4284926642375678,-0.5488915637238296,-0.14237200333953368,-0.323411674901555,-0.3019576939102754,
-0.15776951545335316,-0.2660288916420877,-0.20967369043183856,-0.11210954282284778,-0.1871888615569598,-0.3222662129058164,-0.32001647853633775,-0.19092939421872454,-0.5479884280477746,-0.4578210828570598,-0.28699004480961093,-0.2724678629481243,
-0.5419884334208166,-0.10701993851261651,-0.2502414078577782,-0.46595905584931924,-0.20651162781611537,-0.24195837630852554,-0.2370007110152109,-0.30334358902143055,-0.2597862208031155,-0.4307039111424525,-0.21113359057681272,-0.35155387523226383,
-0.19863328169832786,-0.35857814634663093,-0.34634063985814284,-0.298448423327629,-0.3087056258281581,-0.18096362353641063,-0.22459421111175434,-0.27459878550730543,-0.12726881746371904,-0.14887300204122042,-0.21523903844693534,-0.14484915843705867,
0.20853688916885993,0.11940214521949721,0.19763890778531829,0.047112011727138525,0.09182382696040893,0.1023430647359681,0.233976358206309,0.21155540978377607,0.1474297164652687,0.32234307955258235,0.24499033938837025,0.12688989638864998,
-0.15023337202369388,-0.3207386023572668,-0.42285946934428387,-0.19879273028099786,-0.3372904307178862,-0.18656166058561938,-0.20746182708317673,-0.16388618767861457,-0.15909119633689017,-0.29334923106336624,-0.29021804288837777,-0.2967395848445081,
