# Pesos da Rede Treinada TxH=  0.5 TxOut=0.09999999999999999
12,20,12
12,20
-0.952371234789351,-0.9311896099180546,-1.0235845661323633,-0.846894398894507,-1.1303839272705123,-0.8709937679395089,-0.9201912832559267,-1.1904388748123396,-1.0525979260755751,1.1074380109014343,-0.9287316259652731,-1.0493320109621584,-0.9608595870004695,-0.826131421801545,-1.1090476999638417,-0.8807638687568445,-0.9493675632662353,-0.6684331087043608,-0.9982147132728749,-1.1220822323200472,
0.9527578832157922,1.1898717508389394,0.8672025522298612,1.2846965428699377,1.2685637523171562,0.8050539729184126,1.1878618220816368,0.8813159913098924,0.8373068180739108,0.043551180617313744,0.6966293610215893,1.0780156878361924,1.288557790446322,0.756972879665832,1.2866832042241194,1.0802558605117032,1.2635086490086918,-0.051154465901337084,1.0998608116576172,1.005836589734819,
1.3054445953729872,1.6861496554516793,1.6020183651823698,1.7433867568932035,1.3750852647192982,1.289117422766799,1.5475985062303392,1.697924977503235,1.1883976660415931,0.19210917315191742,1.0688718016286511,1.5614836124591203,1.3164434765135453,1.4110356981000054,1.5989284903454892,1.28379361254758,1.6427538253704956,0.5877036587391133,1.5152258792204087,1.5437977043930513,
-0.04834938575914317,0.1124606273768959,0.03555739258130373,-0.0704604225771822,0.04018997034212926,-0.2565468323932844,0.09168111151220008,-0.10171144057487773,-0.005746939572387769,0.7761728997218754,-0.1875177014051228,0.012554411695438332,0.35331329816034596,-0.33517961302996097,-0.0804294393284527,0.155273189664911,0.2174778857681432,-0.4282619694738978,0.16506387122879052,0.3840692109073185,
-0.5060669039007873,-0.09130571158192335,-0.34728981638754,-0.4682673827823811,-0.4078020386958827,-0.4035084825727657,-0.5594409744383201,-0.2377285081144464,-0.15928711320754776,0.7250726665287031,-0.3994850954730035,-0.32326470801975443,-0.47013841340432067,-0.703243858659458,-0.29634342160288585,-0.6511424196137255,-0.3328567888676418,-0.6707012551958559,-0.46330730220508376,-0.23248187188655117,
-1.2776838915236908,-1.310180696958195,-1.326283992334273,-1.4254314063854343,-1.2789801827554226,-1.273642871343322,-1.224493937380808,-1.2965852659771302,-1.0541074436714557,1.1594196849416827,-1.1642285442618285,-1.4302115995628684,-1.1214809191431614,-1.1837256789731678,-1.4156632915183411,-1.4680936081058433,-1.4375205240629862,-0.9813357490729303,-1.3692216775328099,-1.1573144496027867,
-1.6517747651577124,-1.843292693459405,-1.4893563407935957,-1.764573754592573,-1.8612092278807726,-1.6253559439097496,-1.9264907464235386,-1.623253360310563,-1.6011329427470786,1.4558474281218161,-1.5193839171112462,-1.4867801064336204,-1.7975705121565269,-1.5732241403949656,-1.517994541894899,-1.467153987841685,-1.4872630320702411,-1.5177858041880166,-1.7766748217467652,-1.5101982312333877,
-0.13507045101544848,0.22223019955325707,-0.10933165954135972,0.04558287782216652,0.23132047470757613,-0.0361790850972381,-0.10948525624451388,0.12575775804021597,-0.038284680736288,0.612569471624162,-0.3468870842854469,0.03693311197065172,-0.23759267890685862,0.11404318099459271,-0.19993640989239753,-0.14236891651870948,0.16189798526816815,-0.3402726134420203,-0.07513369959244462,-0.1379917663683871,
-0.7734539942481184,-1.2538907388221208,-1.158885163390312,-0.9445581557645067,-1.1144597416264066,-0.8391971210319789,-1.1500954706230522,-1.104339303635453,-1.0646837143344934,0.8605275197641304,-0.9220905475897128,-1.185184905292588,-0.7975377813120058,-1.0544538360912639,-1.1063115412597873,-1.032818181241322,-1.2136543834578835,-1.0142392541994898,-0.8977767097930713,-1.1839950095226737,
-1.0011036571647345,-1.1077447393984778,-1.218035863141902,-1.002031247428493,-1.0536942127664295,-1.3053805827308962,-1.093349037525382,-0.8880478632264102,-0.9753892204011804,1.1418625708629235,-1.0979590896952771,-1.0622223723175235,-1.0830710412284132,-0.9154973179911317,-0.9540305402087746,-1.076022595176906,-1.0356712179911352,-0.8616254556384978,-1.2609257358553807,-0.9908725562955306,
-1.0822775666957816,-1.205035429775003,-1.0729595756227988,-1.2469470131787834,-1.0808154108176684,-0.9523012651789012,-0.9644033765156841,-1.0573488587608229,-1.2914589533863894,0.968231465155325,-0.9282071009450188,-0.8966730184137488,-1.0907661685057481,-1.1782646101347545,-1.1115089003234102,-1.0330014404975423,-1.1389304652942567,-1.0152273231925608,-0.9736865576568529,-1.185755129912167,
-1.0403153355620252,-0.8146897654197613,-0.695022584249867,-0.7086390643188536,-0.6050283264632786,-0.7775239720863864,-0.6350804334575068,-1.0199985791745938,-0.6589979457926609,1.0788429763332328,-0.7191893060293371,-0.9038079632933623,-0.8879495880957404,-0.8945344644708191,-0.6941723406181146,-0.7073514863937974,-1.0022061946656213,-0.6856565315273802,-0.648300605142679,-0.9137656920686671,
20,12
-0.10537115573499233,-0.06976510477139634,0.08581331184629165,-0.0970024009172841,0.08813661016755543,-0.13362005255052978,0.06285676141206908,0.13610892132592792,-0.106993633073767,-0.04540099695558888,-0.22484921446652964,-5.105772338584329E-4,
-0.07945303035373381,0.16845081202121887,0.14907525955127499,-8.586882894686005E-4,-0.10080261730561717,-0.2304921517718577,-0.27503587752720476,-0.22155664736818342,-0.16937285935835458,-0.09439651675335964,-0.0330102451455009,0.09192899152424987,
0.09380034329271951,-0.07293796622749728,-0.10924931893485917,0.08961786407543881,0.015715682621722578,-0.028850579621083935,-0.06443947241264626,-0.2140739898717048,-0.20342198507193976,0.0054898357340452605,0.025657236730072804,-0.08900508944679564,
-0.07262382237244128,-0.22961919014072135,-0.0247899669216134,-0.18103627119944798,-0.07886440058102857,-0.07305992197011844,-0.18978785855243807,-0.07635526607764084,0.0013074478608933046,-0.12702280162087487,0.0021243309343317507,-0.015439691058643519,
-0.019865924587544232,-0.18590645637154127,-0.03081612583149494,-0.16233654107176804,0.017846482352120958,-0.09754902417687018,0.10633638661057966,0.10582279918632047,-0.19698052147845685,-0.19161206446734158,-0.07673423426322813,-0.09582460826782095,
0.05039415004449824,-0.1271092725205422,-0.01855751979011038,-0.16807686032336933,-0.12372472969767528,-0.09697434424183213,0.047779225214733864,0.17005305795987696,-0.06505222930366052,-0.17712823219544072,0.004756431595548929,0.002978595754615866,
-0.1856125777429563,0.10255822521832578,0.021354139117686074,0.09763272133705327,-0.022552595330650238,-0.007287927907657778,-0.12909812464608408,-0.29673826901035366,0.015034901330160121,0.0498797704266388,-0.27280511840371385,0.07630227547201333,
-0.07973502121854205,0.09663067328776744,-0.04321660202163828,-0.07296802216401405,-0.11559562222358792,0.007873187388489954,0.010932206070273344,-0.10558203962649584,-0.04407666851164125,-0.13498670661482648,-0.24487438366873604,0.10690170632406763,
0.027100248055292694,-0.1409152024553496,-0.2528279399427794,-0.007687471487994105,-0.16057846755201707,-0.02098625100504992,-0.1005201535626202,-0.019003868580086736,0.009458441334020178,0.015219944935735176,-0.007462735857807357,-0.0628056444491549,
0.6965493551621068,0.6279710038620699,0.6936958100476562,0.6733120669008212,0.7177376347744969,0.704465748698695,0.7243247335212957,0.7567110431600016,0.751777482078487,0.7783212669185791,0.756300048634485,0.7661280904805721,
-0.1380855934241743,0.06529126453051945,-0.2373237788813222,-0.009232329742336747,-0.22272374102092887,0.11416393870202372,-0.15212616563397804,0.10657561651878988,0.14516214640666067,0.016820931042708622,-0.0250124394707495,-0.03314035570596141,
0.0468511940166294,-0.11158739982270686,-0.01629853998048627,-0.09187278568127899,-0.12195525981597463,-0.12109859481465225,-0.016014014610640687,-0.11764703318658841,-0.06976449106061887,-0.1371226077388409,-0.006848370971587924,-0.03317539192354333,
-0.03928092441686209,-0.05853816355044407,-0.11997596102763117,-0.02696336174700714,-0.019376702816471292,-0.18177448338221874,-0.26972058348850725,0.054612661254036285,-0.16677751164044352,0.048545286203785884,0.06365967284940485,-0.12071840265168869,
-0.007797504109013337,-0.014996426797644203,-0.1669241472311004,0.017100599471275766,-0.0737443980454976,0.08406519798658177,-0.2861646138792286,-0.17124672082863898,0.08258514564505418,0.11543905070842152,0.08508423924569997,-0.08399449476044257,
-0.14262768201451137,0.1075890025577883,0.1231798559378878,-0.08214917494598696,-0.10249954006105275,-0.06561240004163638,-0.025640256199690282,-0.2422064606579653,0.032906042877899465,-0.14164508833461062,-0.01472350368229427,-0.14620374308963383,
-0.15754014547565606,0.05390795131329405,-0.09790176815083891,-0.04323891883662901,-0.1102631638144421,0.08048024022698134,0.14909620636588208,-0.02597599987071561,0.023967600070842098,-0.12900722076195414,-0.15179999248451612,-0.13368080184697875,
-0.02319996364123876,-0.260953705367676,-0.06675157553877392,-0.1476506109134859,0.0293214837995511,-0.21734446630481877,0.040566298202278216,-0.13180432755721458,0.005315525873542183,0.023461869185375836,-0.14968993616022988,-0.2246459250029557,
0.08526916351199867,-0.09660918057377549,-0.02587871187185016,-0.10471764813031013,-0.1586256922898047,0.07147648627192668,-0.02436255730055664,0.0981877653112121,0.317178735297078,0.062251915398431695,0.013701227096576203,0.06113487995423234,
-0.1702969639247205,0.020696203616865454,-0.20867477436786946,0.0845109795856423,-0.08404564762542117,6.667072777653617E-4,0.1231387999007427,0.15942745997199295,-0.2146494802773776,-0.11236153975183516,-0.10607118320680067,-0.16864110547480357,
-0.14176918709258732,-0.06762667690840085,-0.09426697678393658,-0.03404305287875474,0.09877216103337885,0.13013096738720886,-0.08991919231894567,-0.09876172659355556,-0.19321675365345162,-0.11008316815687352,-0.028986037239673284,-0.12336316889389791,
