# Pesos da Rede Treinada TxH=  0.8999999999999999 TxOut=0.04
12,11,12
12,11
-0.8123098000449595,1.1991068291561555,1.1449600612652417,-0.14497806778568595,-0.7641313885561936,-1.1733088159130856,-0.8598193242211434,-0.7282762137468524,-1.0997292229041018,1.194443169405928,-0.7955701559843272,
0.500456310172445,-1.0726068855609625,-1.019811183238843,-0.9213269327260429,-0.006498864592142641,0.8510089667180444,0.6769016053775063,0.6922947216763067,0.6434514384425709,-0.7810001041189165,0.558418732711143,
0.6812603739050587,-1.4255294019957176,-1.1908500014014245,-0.7278744605313323,0.10576079381526926,1.0006479961547177,0.9918939181446136,0.9609518554240756,1.1943994945473149,-1.4504229429457252,1.04165978281668,
-0.17024810105508165,0.28125683447896954,0.22625906245781569,-0.21133651545305449,-0.1545697043080369,-0.6662981747401598,-0.5176481926137634,-0.5938102101917687,-0.5107976015784339,0.2807039574230736,-0.5709315567403258,
-0.5815992992528899,0.46593578956768794,0.7334665215231293,-0.11978851455668192,-0.7215232546583906,-0.7194072751833245,-0.733152840347385,-1.023421543848151,-0.7785953826819308,0.49038427133401447,-0.9612572064619582,
-0.5449974396429055,0.5084533962486941,0.3119123299830574,-0.3096776813736545,-0.3840403786246933,-0.31241608831436973,-0.3479169904616618,-0.7055892938626069,-0.4543683053107293,0.15458719939860352,-0.3857909025059963,
-1.2354979484225304,1.1875665894882708,1.1015269563527876,-0.05987946502207016,-0.538782783072807,-1.6867595515674265,-1.4790405854861264,-1.3319703286177942,-1.4013380894945353,1.2616202990626142,-1.57510244111375,
0.13156990018604683,-0.13223923422990852,-0.22578597980333726,-0.815168913795482,-0.40200864415266463,0.36749091765242853,-0.05917720479548719,0.34897778548696984,0.05990556801206763,-0.10411045955039509,0.10376540249777481,
-0.8622549793642795,0.8514843637786145,0.9219748047774461,-0.36876347508699364,-0.7032927418848767,-0.8497565909593962,-0.8414512982593371,-0.6558425279134911,-0.7645952633553228,0.7836804918376516,-0.6386340122230895,
-0.6915083721088755,0.9715982370605509,0.6822451103418906,-0.3359087167882911,-0.44539235434528784,-0.558886265205422,-0.7799608209177603,-0.7140662589190602,-0.7591026779525104,0.8989253584070981,-0.6548675040000193,
-0.904884399482615,1.0150312846477172,0.7920086414656026,-0.3943107822090844,-0.4847327338817058,-0.9175033442081767,-0.6711452502073121,-0.9085490322895777,-0.6185801314483601,0.8363322770379459,-0.852193927339422,
-0.478306078709827,0.2240657899540538,0.6669272290559564,-0.316918074818416,-0.5248942570506271,-0.6273897799564478,-0.6571489348720674,-0.5916506584803435,-0.7535311464238322,0.5835785189377956,-0.44894081476399894,
11,12
-0.12798436682712297,-0.1045215103048837,-0.10394916339256702,-0.2145705140347635,-0.30012270050889894,-0.41210403457922895,-0.3122894015242628,-0.27109454301129504,-0.28854852308808676,-0.5358722998301668,-0.2216702139618635,-0.1763948211715252,
0.23311306492727085,0.2956787307125742,0.26520912007340147,0.15034138938163202,0.35600526717175845,0.18367590633192155,0.3100257170476983,0.25955817498512673,0.2646309839295044,0.35377250180491604,0.20069920478114495,0.3006740162344782,
0.20024332022082325,0.1090237526688688,0.27917691029815306,0.3784095401387506,0.2685409580864389,0.2903261257851638,0.30039285512291924,0.323169184486983,0.36296562069156,0.15877485091188065,0.24313152990477074,0.33599233961855524,
-0.1343516944140943,-0.20126385741326688,-0.14973071177693714,-0.0858774397422864,-0.22467685885538238,-0.18729086000108025,-0.0530262013248701,-0.2390564783215948,-0.06720769450511324,-0.046474133603247834,-0.07714570884966725,-0.15877991696651814,
-0.26137901716032347,-0.3948444345342165,-0.34868184990216894,-0.3515745180154294,-0.26944326048189615,-0.22656048984998203,-0.24303247549918622,-0.2770989284261448,-0.15417478665452297,-0.14672254422274808,-0.18446996215696543,-0.054875139481014676,
-0.2967671468127956,-0.2229491121657558,-0.3591339999825276,-0.35025773100523067,-0.27115185510767115,-0.2775783931029092,-0.39789044077028574,-0.4873939782638922,-0.3111512296679225,-0.4734986261281685,-0.351826314312464,-0.4727498333552747,
-0.35437211089599946,-0.15767595358625114,-0.4245565527580616,-0.29983043193864556,-0.369332183482637,-0.3385822513967335,-0.41821579135319525,-0.19716531669728063,-0.38619956340341366,-0.33322113474517373,-0.41167361157900384,-0.48190032110822284,
-0.4017791931328125,-0.24200258501445318,-0.4318908623622886,-0.2590466382213,-0.16795521142395037,-0.26037996479019915,-0.2806550305573396,-0.44997490568033865,-0.37472023691416234,-0.3122249973851166,-0.3369177931645755,-0.5269280361475918,
-0.3072269516315319,-0.41360628346896455,-0.13420542973213356,-0.4121384046789731,-0.2903441238867225,-0.2809010397921432,-0.38920006249693395,-0.44118379795840523,-0.37061302844164673,-0.3599873819819015,-0.5409659420710594,-0.17498597052442447,
0.3592353406256153,0.30522475351399836,0.2425993268952333,0.24067252936446273,0.1918634571504101,0.3143093710547788,0.20101762622124295,0.2579646231230565,0.19726687499949408,0.35070453899747506,0.39515021377964366,0.20740302046878947,
-0.446221858503344,-0.26700532857889103,-0.28418773189993407,-0.22895823227602807,-0.41120120519498954,-0.2361441927763107,-0.28442576788347623,-0.049879843484445616,-0.47224141233180106,-0.3352308404657888,-0.34379873815268724,-0.3701267762981412,
