# Pesos da Rede Treinada TxH=  0.7 TxOut=0.01
12,23,12
12,23
-0.6550974982312121,0.4399780973002163,0.25514514607429056,-0.3811287274244239,-0.7353901146599316,0.7108022081522641,-0.8669740364474104,-0.8421221862246883,-0.5396090647298819,-0.661065170093157,0.30646362526467863,0.5124445028933127,-0.653651429505862,0.41953553581018127,0.5477222200533303,-0.7394863815402019,-0.7900180163145016,0.37639188566517306,0.354956375580749,-0.38695490036558855,0.5760207813921333,0.4615122527873369,0.41452492869999635,
-0.5330532200696434,0.5762381034122236,0.309036074275171,-0.4599596316541003,-0.8637000983568447,0.4434764485821899,-0.6025041910930291,-0.37570263736981374,-0.2489670969071197,-0.44560615551693367,0.2565932189567112,0.21646633895223463,-0.5262948280801762,0.2118778687273991,0.16830134878306685,-0.7411136579075357,-0.3940510063982073,0.129711913295926,0.3435216564087427,-0.7895513983827982,0.524538378773828,0.0541974904004008,0.15300186460814583,
-0.47888617696619484,0.12517799202901284,0.3218770378302901,-0.41219701939618536,-0.7227819260964271,0.1535959875379161,-0.6802119135761872,-0.7998681021599495,-0.4516951560695909,-0.40850262089138734,0.34735874541756245,0.38300309081896355,-0.8043636471060308,-0.04660286761659439,0.25105847484237104,-0.4355724800260726,-0.5173261794415088,0.04846310248792309,0.128811640098795,-0.8292244966781784,0.3601800778366385,0.3912621924730186,0.4450855875710868,
-0.6042269590671374,0.5181165806215404,0.14715093396986503,-0.5709320813868703,-0.6088744155222291,0.6739173844105687,-0.6890547839250424,-0.8495827240848324,-0.2511227305084572,-0.4665604805037841,0.270498313702548,0.40677627919853276,-0.6230066152698048,0.2366783446486468,0.553347691823331,-0.4412743745423212,-0.6606118525209231,0.35172538693596417,0.6341604568278955,-0.5273165318232628,0.38858161447612527,0.09344310193640903,0.14727904109103196,
-0.7722057242613284,0.6233276627375225,0.1462575096959092,-0.7704250783856057,-0.8255260016519976,0.2917679770819113,-0.8212479721304703,-0.4625971181317212,-0.6197308278985919,-0.41656595978174543,0.13584508448910482,0.3793992716968246,-0.4236048685496734,0.0392913496849821,0.5146522798684555,-0.5803496890516362,-0.51561403757939,0.3818561823729968,0.32018993060736645,-0.6397813425284614,0.32365149261738285,0.25623780004680446,0.5257162762103628,
-0.18722084929924201,-0.1446584300552164,0.2406702504924322,-0.1512335730755357,-0.08203972372679118,0.031905581291676734,-0.34725620463916645,-0.2355838699930809,-0.5809508149649631,-0.3292431746456712,0.04906023697425722,-0.02584971313785699,-0.49303697197123564,0.22459541886492593,0.0571740673984549,-0.2797625512479511,-0.10417701106982104,0.10890659414287775,-0.0019808083229832137,-0.05509165112324213,0.06380113534118714,0.002052088192938537,-0.012961576089164359,
-0.23612996887630622,0.25314182133930424,0.18907066201593,-0.3811202553900545,-0.08071244362528052,0.18131475995215288,-0.27140715174690627,-0.3419659769112694,-0.2894839914750101,-0.4110727374213368,0.39710412858128,0.27832558581450745,-0.4458772602291582,0.42479568208222346,0.2929337987277787,-0.40820269272489007,-0.20358136436180369,0.2748849841822264,0.3848820138078895,-0.24782574347860753,0.11669265323547962,0.40490005893794545,0.16365073941102967,
-0.3973672484573535,0.09267505193959955,0.027729628391796584,-0.341357306316815,-0.1585294094589333,0.12763282778859658,-0.12506841893326162,-0.08833081985483815,-0.2183797203306881,-0.17456105915534165,0.27939417381427395,0.43326683290922674,-0.0843489024460583,0.1346286161091359,0.22797385160625197,-0.016301189388180037,-0.27905179281066556,0.2805265122641364,0.07740944154553837,-0.3687977289535557,0.17735365503622846,0.10946553516383285,0.3425560102449495,
-0.06174076057862907,0.19784850429486425,0.31170970007088306,-0.19313987395196489,-0.23048705403879785,0.086767958847167,-0.06558753272351606,0.09137318405589318,-0.15033771928602402,0.03161292298484276,0.2219086289191156,0.39534641103858137,-1.4168493032217302E-4,0.321967870618362,0.03700674590412629,-0.17164109388681456,-0.15484468908730106,0.19945824320801736,0.2804436100556557,0.0983869914961239,0.15939601351173727,0.5571622225905669,0.05574775795643809,
0.04898777708134321,0.1782958287503553,0.48395796107589756,-0.04762281713647688,-0.1403944552647946,0.1248512731243128,0.07056485639164357,-0.26988351016112383,-0.09612278549526063,-0.4343758869683999,0.15890981861045722,0.043504743650264785,0.09169486714418078,0.2954560934732233,0.2981250937793363,-0.18259564956548857,-0.22934675258381648,0.19453850754747246,0.0772250578953548,-0.10251799019984875,0.006151089150565163,0.37611388001661394,0.5365842094844896,
-0.36920164477192596,0.11661852481388074,0.3084819485356067,-0.2448125894273719,-0.1116188164747324,0.40066736305647815,0.15570729347432263,-0.24076891462479436,-0.4601799919542494,-0.5212810808233863,0.3000267467201832,0.2886893977414663,-0.3778028634260462,0.22507011929735452,0.0762814705835454,-0.18424493963399988,-0.18884889006225997,0.17316067587941733,0.14200470017978914,-0.2904478374875791,0.2879995737992023,0.2885907888287893,0.3732504841590418,
-0.08224820133484459,0.19743637680879236,-0.042476936603596804,-0.33330425462960217,0.16160547853139706,0.08964457217621971,-0.1605598340788777,0.12292263215454874,-0.27723905447327934,-7.676265548674163E-4,0.17761499121158286,-0.06917966282952726,-0.007634607302691384,0.1283471507731469,0.17359629731921,-0.19037920602304653,-0.24754325674212008,0.1398416597440565,0.3341818961987159,-0.19647825572170408,-0.113245480501792,0.028621429729225607,0.11967442380404594,
23,12
0.04800908452082796,-0.35124228282354164,0.036164754056321906,-0.2292289593863394,-0.02233660454515065,-0.05601393233809387,-0.2714820393666302,-0.3131556521563828,-0.14984165156819618,-0.20216714770123237,-0.3853665191307599,-0.06569146629353691,
-0.14405464583018543,-0.10316202558767933,0.10624452648171763,-0.005854559547415603,0.1989333577087338,0.18510056583024964,0.0276058950173819,0.10969754304057516,-0.1758541967340991,0.3484163124458198,0.2241377378934262,0.14513772274422904,
0.06852291061892128,-0.05113610732552556,0.1240180781635612,0.10707733068863408,0.30339102401576806,0.055964241136230795,0.133292257965516,-0.009946434197136863,-0.040791261358071484,0.08801629609013352,-0.21514345640214738,0.1901534824744152,
-0.053839645465297736,-0.11150435070326778,-0.14854847778800245,-0.083409064737188,-0.3108969349809746,-0.20405604896598967,-0.14537411516748078,-0.22433870848611398,-0.2907651811154816,-0.01547322799361355,-0.1878795106102153,0.026865341099451802,
-0.06176312357502108,-0.07560951927112555,-0.34054325777506084,-0.23891904609476597,-0.3048606228060284,0.010860300207969109,-0.2534370062380481,-0.2240222295399253,-0.008376416135925706,-0.09828013233906703,-0.010631414679235599,-0.2549027084742659,
0.07584688551944734,-0.060584257505938564,0.08893993720032066,0.18851111425997427,-0.10234985268821971,-0.03312644634344286,0.28249317264334156,0.06243995738504207,0.17998896559522481,0.1800909142498588,0.03413822431417995,0.10594926032873746,
-0.18040577371282618,-0.09908910456264687,-0.16136495527486666,-0.12973596308010554,-0.002382691606482138,-0.19348488600475022,-0.09154364275525666,0.017311669106999723,-0.29036026922241187,-0.4660777772958296,0.047333674914580674,-0.30373925287023235,
-0.27207538575418516,0.038976957202184775,0.0813741512333089,-0.3290932022088071,-0.054612333804380846,-0.18608044874250299,-0.036934586953245044,-0.254740264401649,-0.2176185524458138,-0.1999371776734022,-0.00743458971943254,-0.3153432760719803,
0.06537224569911511,-0.2793296971982751,-0.30536332424240265,0.12742552263241272,-0.005072948119076763,-0.17380793180971252,-0.20362358650481344,-0.1062946761908793,-0.13503805189344506,0.0850800903900989,-0.3204598227583836,-0.01421469345236226,
-0.2134445633264721,0.09695499815151705,-0.2511914017030698,-0.27565272328959145,0.002130835381331397,-0.24387224059318832,-0.0625825662869355,-0.10175415766470611,-0.29215562846776055,-0.016702509190275692,-0.1283487541126903,-0.3705472710822901,
0.13849161919057654,0.16953662298088548,0.2430688381698427,-0.051151207589113276,-0.05442162469539818,-0.20951097381382822,0.15775529387865445,0.04881569010874688,-0.08760735331292338,0.10224573988582275,0.2746030942603078,0.01335127169602471,
-0.07922833323018555,0.30642230664276265,0.024176254352712454,-0.012973244067803442,-0.1019846004085011,0.24197914932226003,0.051550119972367955,0.27103986951716724,0.25546560911692473,0.17070647081458196,-0.11847922962580267,0.04019373768025451,
-0.24234052517266869,-0.3678326835017173,-0.002917236095021634,-0.05418227083308483,-0.3090391027111627,-0.19282794318641072,-0.24596005315256916,-0.26294199071908425,0.0839636011090783,-0.04652804921573257,-0.06213600259536572,-0.12015060889098943,
0.018344156514217138,0.27122774971171865,-0.11361932464420975,0.0018949057251373544,0.22517265746864826,0.20684140108742047,0.2821919547828075,-0.1469438309842587,-0.025097254820003814,0.08810002737412535,0.2023319333026352,-0.16174824202046684,
0.31275611163366757,0.09569832331861856,0.040350431148772625,0.345148338081471,0.031858105359042065,-0.10424288429808543,-0.02506067180903951,0.0982884704853128,0.02135124192138252,-0.07937142602066274,0.1463018750650243,0.10252028764339574,
-0.27608302938356144,-0.22195830642553213,-0.2608768709420873,0.1401694951692579,-0.12951871551972488,0.038432450518834524,-0.049148825793235644,-0.08956107784878932,-0.15265367598187057,-0.46054696237417636,-0.22419210770174372,-0.25071197097763265,
-0.08587704540748646,-0.025564176231020586,-0.26416138416804485,-0.2527814177242215,-0.2366300108238917,-0.025383351015759805,-0.13233649103365722,-0.15216503383585894,-0.11561656568349957,-0.24494244412770474,-0.39783052698425564,0.005703538790892127,
0.02079403933927998,0.09428681226235115,0.014758887259846667,-0.03215703957226016,0.3418282742262859,-0.050336640248331996,0.12561884871490225,0.1916995040794683,0.06293404304124309,-0.18334930797513335,0.16919179183656455,0.16377254691569704,
0.14676070694361515,-0.11923603992926084,0.04692871004789625,0.14113274086220268,0.027692889563699412,0.15120300690427416,0.07723314216071567,0.23098795262095284,0.16732020387346133,0.05884958438361556,-0.02096340987156936,0.0012999303526435718,
-0.372561013920213,0.05219495561702372,0.024895599933720116,-0.17900647141317458,-0.2833166537309505,-0.3683655292558705,-0.1992461383457757,-0.008593939947167114,-0.16253211936338585,-0.09369390760594555,-0.026183344421759205,-0.08295735733440478,
0.1822458619369103,0.019815740250016638,0.010279970690494815,-0.022673315395074355,0.3011027036522406,0.13398749035225804,-0.004996892173312988,0.0026695315988744194,0.22864724466054118,-0.10269364624787349,0.07669178300241425,0.09648269750261201,
0.0031680254177117242,0.18760340530408598,0.11228874050082775,0.2558025252076489,-0.13399560444863268,0.2063059961238696,-0.19755870341042356,-0.02401688268958357,0.18440182632663302,0.09650636950187128,0.021827125963569644,0.04328960811657325,
0.14812832516769706,-0.017329376109630864,0.17625038087770653,-0.04792053115678307,-0.13895488546373844,0.08651924297178554,-0.008974776503140708,0.09640570740797709,0.1569043171981221,0.2328639114870527,0.14421540253110357,0.21806595784358593,
