# Pesos da Rede Treinada TxH=  0.4 TxOut=0.09
12,23,12
12,23
-0.6671212996837164,-0.8558696645253844,-0.4498153387835209,-0.7541019183862756,-0.7406213580105597,-0.5196773949712946,-0.7227940644042431,-0.7879167243413999,-0.711319607079301,-0.25629597103221935,-0.5118146841587778,-0.6390489238701988,1.557812255690062,-0.46773140403757907,-0.8251626843813151,-0.7365555568840789,-0.49073577005931046,-0.3789379134060605,-0.48455175598624417,-0.46262944670400735,-0.655831218567361,0.011412879701011212,-0.7962397418272186,
-0.5436581569801434,-0.46903249149969495,-0.07986866235136385,-0.5522220460985825,-0.5363845489935624,-0.46899385621064776,-0.3570960046895961,-0.13883040398462437,-0.21559959857865343,-0.48161024453400936,-0.2383847176036047,-0.4716597470606965,0.9142783969575502,-0.30262176946933045,-0.5952446259432332,-0.1962896150532353,-0.27265572309822966,-0.2077378558308728,-0.30989300524348257,-0.5129086947488462,-0.32225030226700996,-0.2590396616125864,-0.18482774208187014,
-0.1576215679983973,-0.2792887766031349,-0.15602928897681337,-0.5585248863737601,-0.2649838552182988,-0.4951149337642293,-0.3039102525083296,-0.3689058036490624,-0.20916481147155255,-0.22105489701062625,-0.5281734323640425,-0.502218176781454,0.9929427207909398,-0.0773368967327651,-0.40926749247655103,-0.4368649215850507,-0.5136596117344892,-0.16535756967121748,-0.4785364680995871,-0.482021215606554,-0.4785027489923528,-0.7337503213128669,-0.5220050776720818,
-0.24386862310986546,-0.6729323008532555,-0.4759335672946776,-0.349285423969197,-0.6920579407036779,-0.42941538034889787,-0.6291630382894201,-0.6823185625931243,-0.4190342129933307,-0.39738107111095416,-0.18208042490605614,-0.2928598264652499,1.2515006559891115,-0.33620327401984196,-0.2468804107859314,-0.8010253867428275,-0.4246713177218314,-0.4191983057137806,-0.4164148932291267,-0.7790382499218658,-0.5047307150360726,-0.3444670469140576,-0.5622935425806109,
-0.7021161001103803,-0.5864133748991486,-0.39886821481218543,-0.49533547614667406,-0.3042517409406325,-0.35482534026967405,-0.4503430189283427,-0.5189727548188846,-0.7423716444206153,-0.6662144319164051,-0.3663702383119266,-0.6789503711227328,1.33857149898601,-0.6947783691362398,-0.41897300423675954,-0.8121252977039523,-0.6184087012650625,-0.6305213655817555,-0.6869533309040686,-0.7646491907971604,-0.35728486133590404,-0.2200446238571192,-0.4813281269415263,
-0.3635729206932443,-0.5397634493046078,-0.31767972327783833,-0.6965418204020353,-0.4011701815793251,-0.5578854201461965,-0.7404340624456056,-0.32681905953385576,-0.7905631184304546,-0.34673029137019284,-0.2503974688048237,-0.47849102027273605,1.3291953817171602,-0.3417712751095457,-0.832295235034643,-0.7522440887597728,-0.7491616749277135,-0.29659790273155817,-0.6494062206666075,-0.44829124950085986,-0.3365043282296516,-0.4280237122490985,-0.4011853753783088,
-0.47803979966700916,-0.6301092455950862,-0.33807981936093523,-0.7142897102700351,-0.8474872065087878,-0.6238167928839323,-0.5739582448971203,-0.6520419151109629,-0.5984110606487353,-0.47293947335152897,-0.5923693891671803,-0.40654116882882346,1.4093488189270187,-0.4401471348428695,-0.7015526914213354,-0.7945881886685321,-0.36592906566658356,-0.5591072891076794,-0.6364703628976662,-0.5683741899495252,-0.5930601339798045,-0.13431311617288325,-0.5173117601988035,
-0.4845082829310517,-0.7745129390130849,-0.2753054453536835,-0.47540524655331257,-0.5976097733191116,-0.52044391919246,-0.79458477704295,-0.6552092248743651,-0.5129069815248497,-0.4248002473485256,-0.5916813472722399,-0.42002844650032906,0.9429155580932074,-0.6973892454141718,-0.627375425915371,-0.4537074716016542,-0.5030581101154817,-0.6289453167556252,-0.6068397965181337,-0.7123388012657118,-0.3960200451012772,-0.44898330124215036,-0.3828105238283994,
-0.6859783390368751,-0.843431741122371,-0.791887209270765,-0.5364903444323339,-0.6177467354727971,-0.4420203989706557,-0.42714514401204573,-0.5718256171084587,-0.6089411460906052,-0.7284223014232625,-0.6942588750428609,-0.5712327234670278,1.302676350658989,-0.7211194489779538,-0.8107096328513534,-0.49801563836257995,-0.4606292307410852,-0.34857027894115894,-0.4432551987059518,-0.7475437223799455,-0.4445298492947158,-0.6531995136735023,-0.39375328697338285,
-0.49722681353082465,-0.6119380919758971,-0.8153177373221164,-0.9276465121048983,-0.7824112251012596,-0.3780637049812922,-0.7815470464059154,-0.4171802917759653,-0.8344786680669033,-0.7015467021819732,-0.3230392689669644,-0.5000919187777664,1.3031534197711505,-0.8036723580463626,-0.6150315138751573,-0.9338105105252633,-0.7960461643120785,-0.7300566646246613,-0.49481884086831823,-0.7157965415049449,-0.5114132363404433,-0.2776997759147363,-0.8498477357400409,
-0.31993087201702,-0.5918061650571815,-0.6440258777994841,-0.7870717792007786,-0.759785961056553,-0.7474222606670021,-0.5723090672588673,-0.6491556363067716,-0.5042738362400867,-0.45852803920118124,-0.6603116690445949,-0.7155056028565452,1.3210268288493643,-0.6406081214351491,-0.6429213722754429,-0.48216566798789406,-0.3552746994086045,-0.6276285126586866,-0.7965864838995648,-0.5282561974959552,-0.4841665763945568,-0.48157599489709324,-0.4052906524611884,
-0.5603444130170697,-0.5678407957220043,-0.34566702909625857,-0.5130634812401308,-0.45653108379444285,-0.7910435663630249,-0.6411631818690917,-0.5496084976958429,-0.5096672015217442,-0.4205985062159997,-0.3484680456606561,-0.5664142218284745,1.0324684384427976,-0.3502561706623808,-0.39547823678520305,-0.7359691513782806,-0.7639943937341129,-0.3996598598492257,-0.6681887755338848,-0.40866225710291054,-0.41607780506255937,-0.5957706336803805,-0.7149997243969333,
23,12
-0.016702960540348203,0.08199805398435853,0.22364150445788533,0.046875213338192744,-0.130985521183385,0.09470663182555547,0.11873213984759035,0.221986161257406,0.12053912752098475,-0.22943197001574128,0.09917915821678255,-0.19128583083799108,
-0.06792365463353638,-0.19475941310097966,0.15646602700086887,-0.04350133601311147,-0.3367142427236643,0.1705446791978289,-0.08546524953442242,-0.043996376401517136,-0.06835666738764833,-0.16956521849024575,0.051880764723355295,-0.15478686700135313,
0.03169925609387089,0.022192927691991517,-0.01265755671496127,-0.07355667880549799,0.03520124809977443,0.008632602174872512,0.05369992522689529,-0.051844287728560375,0.19765208481224722,0.2409149132524037,0.10236724953887812,0.14445539289037185,
-0.202915499776597,-0.1874282613984002,0.20778376607084498,-0.3004179222678121,-0.08728555509403654,-0.13264038494437555,-0.16943594166985904,-0.13291804182074113,0.1760865230295716,0.006112210259004022,0.0782368179120905,-0.11689018497744452,
-0.0761613892006664,0.11299245166949391,0.11735441392571591,-0.3050110493540872,0.08505103201559999,0.21181396356634932,-0.12279311263346765,-0.11280400720097368,-0.17918981463807165,-0.02508290929309853,-0.22187692067309728,0.10978866111450661,
-0.15178821744657356,0.17248412080409253,0.10397740941692925,0.14134208958806743,0.16766117438583156,-0.15720927812989416,-0.214301089899882,0.07510075091034805,-0.11310450134974899,0.046713944540480334,-0.06292658355848232,0.08713000237939054,
-0.10341815716868814,-0.1584375350504324,0.018765445330918323,-0.2590691435380891,-0.27222155627480227,0.021004604270231046,0.22690531258948493,-0.01727840751743936,-0.17279862473487048,-0.13115784026193233,0.19235395258274487,-0.04516362037564811,
0.0890885647372479,0.11779596352472668,0.25545176871441844,0.008698411279672642,0.0704684934164341,0.1830234582498033,-0.04350081958859901,-0.1833274119843337,-0.16748212377954144,-0.22652740833749702,0.1281014387325215,-0.048317317868505356,
-0.02151923549352181,0.17136584320195425,0.029669057293792375,0.2462829727942956,-0.15896109956181811,0.04389230911933357,-0.1287046230309192,0.11763041711890802,-0.2399632481668556,-0.08289218514369745,-0.11202848200963306,-0.016030127491023654,
-0.051690235250837,-0.182256197757048,-0.06906630233592818,0.03195462531295386,0.1605256218641277,0.20165076073733215,-0.1255873367224987,0.1694665957293147,0.20979593345687705,0.17158998682912086,-0.03433672915045212,-0.13870298950167317,
0.13674047209165716,-0.06995877201384856,-0.07657996770193982,-0.12347697351317176,-0.12313089583582684,0.21960633411830482,-0.19366083941367235,0.2695182647200267,0.22754350599240974,0.0106806124402004,0.18203465528271437,-0.004102299135378428,
0.11129585095554785,-0.158361541708789,-0.17055118914802483,0.1290182344168571,-0.16877560190994695,-0.027377737378795466,0.02373266263359905,-0.16384422507350963,-0.05556379729859823,0.17988965812950172,-0.07498802875105169,0.24905199698995856,
0.6707050297781351,0.5822159561920677,0.6577082116284093,0.629040409382033,0.6552084381326728,0.6812091768951276,0.7209319866491404,0.7390059396697414,0.7139208054635833,0.7744139945754871,0.7387315570751846,0.7464808735634241,
-0.09920180871882281,0.25466755504349964,-0.004581356660394967,0.23700209393009175,0.12851095801662116,-0.11779892011170318,0.03151493831827172,0.06891058020140994,-0.20745758267644662,0.23601097620719846,-0.1608706243149272,-0.031918780786285794,
0.09053087138173598,0.06917790775607238,-0.23135432215491042,-0.18504598010998496,0.0622184187439693,-0.190321287572873,-0.1681419972887529,-0.02307992924018697,0.18507038893897831,-0.1789292963696489,0.0030609973100359515,-0.04705677946623607,
-0.03515416627672448,-0.05981607293917017,-0.18178352757250324,0.06334863702907946,0.09885181213125523,-0.03036948909707588,0.04957775988880068,-0.12811036259856315,-0.15297710039495738,-0.13650776546085902,-0.06359885741689222,-0.22665078624105237,
0.1118309534331933,-0.08279523255931445,-0.0556703728634113,0.10970543147154183,0.10187887274684702,-0.20186828962352169,0.07820620681446137,-0.17684152266821201,-0.001955984379829009,-0.02043783619451145,0.05549277722587502,0.04364716238624546,
0.1757750208772204,0.16465821938623001,-0.11492620458702914,0.0181981519027956,0.2944025517783795,0.024520547631354354,-0.10492239629852557,0.23036938151057326,-0.019001709564430536,-0.13200921831328333,0.010596342522971888,0.16906774538608363,
-0.12319872386162106,-0.21549710119022097,-0.09509244463069633,0.032644787804007716,-0.06397969852206697,-0.20348091736507976,0.22172381354238282,-0.1039890536245577,0.20907045944681626,0.24836351777372123,-0.17475945109199523,-0.20486746987045973,
-0.029935160754608774,-0.08933500378807008,-0.17114411819262845,0.08136819088987517,0.0207456344932268,-0.07205877160694334,0.2522587995324781,-0.12710220427558594,-0.14529968167092358,-0.006347199455869422,-0.16532183026222816,-0.05685073819431413,
-0.05202622865592289,-0.002330965834625584,-0.07556716734108497,0.014569486712852592,0.055447350843156364,-0.1502732626203838,0.2091189870179612,-0.13181147734693666,0.2843912042331837,0.03818249792800574,0.15809155955859483,0.09786526960198262,
0.05713985862442816,0.0023962644157512814,-0.0017429327946558374,-0.038394276282297676,-0.04876294844671419,0.16427213986265282,0.2449496895938298,0.25411282113799144,0.19794721711418753,0.30940649671454,0.2694004031061148,0.2059734162434379,
0.08010404774781452,-0.12596209405640305,-0.18611220581149218,-0.248436504156895,-0.24576048640759285,-0.05370193579045098,-0.018408524667748994,0.1446576962571018,0.01493227289813822,0.09283308748810477,-0.005665969662381354,0.21949677406069049,
