# Pesos da Rede Treinada TxH=  0.7999999999999999 TxOut=0.01
12,29,12
12,29
0.2905355886537393,-0.07085577705226193,-0.005002536860798514,-0.3179920664634614,0.19465223727869282,-0.07708232049072625,0.5611979198337137,-0.16362185454810438,0.13031014610362643,-0.32468480009715156,0.028974191515033977,-0.1428722313644866,-0.14081505989027254,-0.6798497001849074,-0.2434326703074526,0.42534363320843893,-0.5766221259121618,0.43077336843828745,-0.20183096685205537,0.1636049991501917,-0.45493287937304233,-0.2693586288245413,-0.10647606539558234,0.6205438837224109,0.30172952569858386,-0.18043901099147192,-0.1881190769829561,-0.3816603108263437,0.15614021781148532,
-1.6511145857189404,1.1141743406122515,1.4757409056456585,1.3134521757353,-1.4630694836394023,0.9058985844043372,-1.317555480267894,1.0405226290950857,-1.4852490130082063,0.8162647807329375,-1.3286589964490099,1.340414738004628,1.4135565859383106,1.4129586096390958,1.1983271737768137,-1.485938545369694,0.7838585512472565,-1.9809360652675196,1.2154897411138705,-1.3413130915340283,1.3458951285994938,0.19075983226296325,1.7318221008307988,-1.4530391581154867,-1.3453050186789344,1.4518796252362338,1.6199577004591441,1.128945941447429,-1.3872822275183045,
-1.4455020201635644,0.7850394376427174,1.5431838362459527,1.2559447937951698,-1.3561848273199073,1.0773294798611315,-1.2633449379367057,1.1545327418995712,-1.1575003845743919,0.8618832427685738,-1.4894096033047026,1.1910633046335046,1.2550278822500733,1.4254140156939088,1.369146625535257,-1.2104961879228238,1.2338912032798028,-1.5830894429883482,1.2050951504236527,-1.1221794871659063,0.9878211488427038,0.24943341769130856,1.4276039333605839,-1.068436522198875,-1.2622345981543415,1.4943948897954733,1.6660856953543641,1.3200084443077122,-1.3619776047633885,
-0.987435387236445,0.511291565011444,0.9316436655536559,0.8536430777529873,-0.6300336835366399,0.7318854480370927,-1.2060674627087398,0.5976194774428765,-1.0097144826560818,0.8891473269545433,-1.0855427852946526,0.7064034404801238,0.8275885266214195,0.8179217667363955,0.7965460322267779,-1.0543341262425387,0.454802481991056,-1.0665465820952877,0.9701365127639348,-1.049064341471416,0.6765025165920192,0.27449842783837686,1.0286665431264561,-0.7247157508230192,-0.7128782768290252,1.1352859592749938,0.9608429267686265,0.7716288798907515,-1.1896015867604164,
-0.41259716419664244,0.2778196074229454,0.7027126753204423,0.593382189978099,-0.46936598738031404,0.08726619384935747,-0.5634368141973485,0.2744190096751699,-0.4980264809059631,0.14873058716039692,-0.7877076333156094,0.37744626165978373,0.2986967076288719,0.3050635290822238,0.3843856749702157,-0.48272506408451804,0.45782146363145576,-0.4912449619904563,0.1697338311289134,-0.7886230315036004,0.25338006170193,-0.12630259973881808,0.6470420021006957,-0.7055157625441498,-0.6551863462683718,0.74798679982125,0.49702777169471457,0.5464298668271272,-0.745457817662908,
0.31795536936602803,-0.7483421741428654,-0.5178221709639897,-0.43663441086166577,0.5571744732889699,-0.6749171849945301,0.41657383414460786,-0.7668736291747159,0.48906513882410346,-0.50032307183813,0.4806567366420423,-0.6836045561208115,-0.6369973951335197,-0.7210921697658733,-0.6362859111242006,0.2529111953094817,-0.5148794255977982,0.27840506559565503,-0.24262581258245416,0.31824039858183717,-0.558876565349092,-0.4241203504689908,-0.6780016929965919,0.18446706819221997,0.24931564051466856,-0.7599216527124221,-0.5848451160661641,-0.3671292044228624,0.4445470741730426,
1.157477062692163,-0.8347681645338411,-0.9644637791952596,-0.856584852929927,1.0860579736105536,-0.6435026958856842,1.0589457241838687,-0.8018790857984793,0.7366023279020588,-0.8171636244063764,0.9576671665220067,-0.7630816374630445,-1.10299038737647,-1.3728574833592564,-1.233275418736607,0.8593261773954395,-0.7067867015874914,1.2774785720512372,-0.9871893286984346,0.6006896296130423,-0.9899017474540706,-0.3247895003213927,-0.9596349123235273,0.7148052307224794,0.8429045038201155,-1.1777594467821575,-1.3656405798328526,-0.9306662209312743,0.9236081977239068,
0.08637944005391088,-0.06136559639645754,-0.3756547016995159,-0.06858485000733995,0.04630448304807539,-0.4494863352485135,-0.14948308463907686,-0.3762407105165618,-0.13714805448873743,-0.1665355986742033,0.06276555595435995,-0.0986033344660444,-0.41440787655664457,-0.29786530957951796,-0.31513705666120834,0.10652275742482349,-0.2809713393255726,0.28527094028248784,-0.26051376220973077,0.05669228582663739,-0.04155423323171201,-0.32768756858013837,-0.47458856347533673,-0.07490891628161148,0.28209419173976485,-0.3733816146094366,-0.5999181833189416,-0.1655080047334323,-0.14399272047331424,
1.2185212377045285,-0.9155368334262465,-1.12978300161707,-1.2897972179187664,1.0438732235106016,-0.8928406358242345,0.8076103666039083,-1.151092916379358,0.8025563462521312,-0.9358514511159003,1.2180736577323281,-1.3409640315045817,-1.003490360967156,-1.1456482363151683,-1.0860862996967522,0.8518594616322173,-0.8827113756715335,1.1033408535723408,-1.2216299791830854,1.0489979696734208,-1.0274288812062669,-0.4531826020639813,-1.5739923633642277,0.775339591915848,0.9627613491286426,-1.0601333712309702,-1.3061918282533513,-1.006095270138336,1.1287074118902714,
1.5938889098013946,-1.0250949047706632,-1.0751023869494551,-1.3356935671308594,0.8457062109117373,-0.7561300921105165,1.000784530454091,-0.9416325693476697,0.8767412711616522,-0.9626074515246532,0.9530620707052105,-0.9269613926087605,-1.2143530641238576,-1.321159728227001,-1.311926295442996,1.0723296501246518,-0.7821887283688209,1.1963339431156765,-1.225738183005648,1.1764484935787207,-0.9679060843516398,-0.5465111991006337,-1.3275579831383755,1.0849593392990118,0.8364680826729206,-1.1430842975123519,-1.44277403386766,-0.88831300276596,1.2693975171170986,
1.1809402677989247,-0.9475270761893577,-1.3082814617328873,-1.3535037524925904,0.7455716723731609,-0.9362141004154296,1.1838343695681957,-1.0800811469242175,1.1029052069581413,-0.6717197898286723,0.8613096192087365,-1.2780947567584198,-1.2093862798498756,-0.9773966735179098,-1.2069792388949832,0.7040172753674832,-1.018453048726278,1.0850671957543894,-0.9892580371440155,1.1382604433903725,-1.2363635336945527,-0.2747011364084325,-1.5357633399181114,0.9518852871163506,1.1244865641271165,-1.1712551648405507,-1.3963159629941992,-1.307088781064612,1.2322977387350473,
0.7720536637201414,-0.5358994640896273,-1.1023900300971063,-0.6091640047277282,0.8067455178881011,-0.7688468047155538,0.7338762082166157,-0.5921593096944908,0.4966188990924345,-0.49814975984916815,0.4013290090430232,-0.9460015448517765,-0.8240833560696469,-0.7495871107980326,-1.0139454300404807,0.2703351357137033,-0.5909673597152247,0.8359550377932942,-0.6129428532204895,0.3946420351454976,-0.9922625319266265,-0.5483891878055227,-1.1066884950969196,0.6443608506531997,0.3683430948129989,-0.9286961562629042,-0.9388690758164331,-0.7842855866376297,0.7446605134428675,
29,12
0.19667493329451327,0.16131182246017725,0.23397917220519196,0.043875072302110615,0.2413260991885318,0.2994522673606845,0.14310771024122096,0.12222591192207893,0.18691430952214286,0.021931071574180887,0.028841995107059024,-0.006396291546572006,
-0.15061109455932267,-0.21001464336976228,-0.014831468913446553,-0.11278327049170744,0.0882184433031267,-0.010149255272504787,-0.26086570339867676,0.04102430158688769,0.04906719047588268,-0.09317634781404463,0.02056303491913874,-0.12844752736900988,
0.11567689767420626,0.13172303965433674,-0.05323112575711133,0.20092703534816547,-0.1618857212604919,-0.15001239408077674,0.0611486922220542,-0.11602394328934834,-0.30675334500466594,-0.2844155057651552,-0.24105873273729903,0.10686601753202393,
-0.15199649184121986,-0.05585056341565076,-0.07133441515748905,0.14439576757215736,0.02567817828581045,0.06497372138304623,0.0982495072541413,-0.1681398587796211,-0.031638423544798434,-0.3065756253858666,-0.11723749168616684,-0.22047646138202442,
-0.18666068610933995,-0.016504429071322615,0.11595789750734754,0.30891849820024,0.296009179105214,0.014862955714427474,0.0960979505360005,0.19514679723671458,-0.04461655648665967,0.1775462764144998,0.21660241408518172,0.17203980512985645,
-0.2488791095040029,-0.047545830917825806,-0.06512192808808348,-0.04716615293970223,-0.0806768267205389,0.07152364741801885,-0.09683059950170508,0.18714853052801586,-0.2114763327525671,0.08504722260128639,-0.2800315951614344,0.010205958781018345,
0.030353440016395884,0.20410589939350063,0.07768688469914384,0.18707953363343136,0.05129309865103313,0.2573908296748402,0.06126863914660802,0.10795771907434278,0.060819821334844704,-0.008892758993176745,0.04020173766897373,0.36768752032188895,
-0.10524649065309026,-0.10086808999032161,-0.014761449720753727,-0.2288844778728084,-0.12500939104496542,0.006896795898703921,-0.17146297272189762,-0.13819421437417814,-0.28121997687871303,0.11171081767510721,-0.11217634047580229,0.1125870294685644,
0.20248058363636728,-0.10260834435784368,0.1944169779048825,-0.029010644092916767,-0.05591482403419392,-0.0771620872940187,-0.14361849818589478,0.10438499989699832,0.1776512542257605,0.17634018406986474,0.21955297435240592,0.2818493677599871,
0.08636809772495839,-0.18948297760748134,0.11549086056484467,-0.11083022577102905,0.1270552143857068,-0.2888711311588087,0.040653712928262274,-0.1737366960516018,-0.07635303599057078,0.1269124575688834,-0.25868510949520357,-0.05207847404813692,
-0.1436302993752214,-0.1410349018955135,-0.05449240547558414,0.14419793759576205,-0.006375744742738835,0.28758958818753644,0.045021540478342184,0.07274433146882375,0.22272967215412554,0.3109316616800733,0.2169939056307824,-0.058335669735407845,
-0.13136014663969986,-0.11555494919870044,-0.04726155462989241,0.042714404644856506,-0.27400611018639537,0.17634614060645915,-0.10115174751897457,-0.0866507146010518,-0.13847221160579928,-0.16225756730130766,5.745549237469329E-5,-0.1339699562565503,
-0.07136043095661287,0.04612745932646374,-0.07382595888016619,-0.22377670167743738,-0.18950344069743788,-0.20325941602959838,0.0341229274552235,-0.11221204183139971,0.0919233710161623,-0.031927170252837055,-0.1246301622947482,-0.14362901398321326,
0.07484219425077948,-0.26507558490068445,-0.1465949278333621,-0.25205990199099676,-0.12110314138939475,-0.02239741215646071,0.0461953315781377,-0.005054605888663276,-0.17389239041359286,-0.21207388086472004,-0.035518999649755106,-0.10289352832640251,
-0.23629294130212503,-0.14506746625514919,-0.2213667914611538,-0.1622332507103905,-0.03973408339048395,-0.014110933601877531,0.02243325014871315,-0.23452911550091837,0.05014082988386585,-0.34424051734657224,-0.040890809233663505,0.1699090737282604,
0.1030958302314054,0.05747108994268298,-0.044192708516474194,0.1523535770030784,-0.03680301668422906,-0.08753357436324292,0.21676323653958612,0.07901570458294228,0.23315498792390585,0.10988506186965612,0.1682175352108127,0.08304730648074665,
-0.2589434414656063,0.03273513205605798,-0.11050057232144346,-0.14283861575097892,-0.01124055703314765,-0.007901070593453937,-0.2096881864901881,-0.20841067326943183,0.040648850940212845,0.11061495527224097,0.1541324629480531,-0.22911365074010356,
0.25707118386712946,0.18177879159833818,0.24266742133996494,-0.08079183378582182,0.23982801724295455,0.024545049522788413,0.3312763231985139,0.1856655152899992,0.07223627775679167,-0.03870985894161306,-0.005296397662748158,0.22358324451955064,
0.07699134535674405,-0.06498155899902715,-0.2079801007339925,0.11759182146757373,-0.18751650360870534,-0.06303573702317909,-0.23119836966464063,-0.12867538419933675,-0.0055001654283963405,-0.19479922488910648,0.02948566691859247,0.04896076592194425,
0.1341418348541565,0.12695887640854628,0.1316534037001076,-0.08696333576630084,-0.11491158131704868,0.317074348738757,0.19290910745436984,0.007873000717231937,-0.07298376412093659,0.1436857491366074,0.2698118469518862,0.0320593566984327,
0.13057440217995772,-0.21808006958680703,-0.14801971399684122,-0.24564257313823928,-0.08352415380821054,-0.023336624415633157,0.07797592501333143,0.07711433491534901,-0.28626691480173466,0.08055087083492045,-0.14806432780806414,-0.27038438725533803,
-0.04177439122396008,0.13573604561007535,-0.09240284701540302,0.12880531734422074,0.13571649827139107,-0.1352702166384448,-0.20945153630989968,0.20933128725574718,0.08803581655167717,-0.208800423268922,0.025420937950447444,-0.08159161560196623,
-0.20966235706558708,-0.032596906999912696,0.047972055409010804,-0.20533750691989486,-0.18979535870611186,-0.28050838197378053,0.10401298052395518,-0.2930383360971078,-0.006117493172027841,0.06721937936642024,-0.25892832769291313,0.055955852079471326,
0.03104450888718609,0.042859613490052254,0.0805552617929593,0.2306844404303273,0.10357566235347528,-0.08711629564177074,0.11130136614407249,-0.06923044407888419,0.2873531967161134,0.16904430644934987,0.1076847684439259,0.1524151091059508,
0.23758690269735916,0.25347532956044255,0.1371638166420672,0.05784832515890855,-0.07540751030945492,-0.02148963108073647,0.005666439411256481,0.2797487791220108,-0.0024766450473550717,0.28648026242177516,-0.004663217893740096,0.06717108283581968,
-0.09253383648408714,-0.07775046538810508,0.20612742286193922,0.05929559751384641,0.04391797413085627,-0.16619553133554565,-0.27442474896914515,0.1750455943277593,-0.06088487744736935,-0.25653775089534064,-0.10786117509263175,-0.21684399880505542,
0.005010980732877926,0.110346451958723,-0.24421676051289284,-0.10256546002464037,-0.2706085889301554,-0.2025077111422412,-0.1087685750684138,-0.21696045093595295,0.039554596826583126,-0.019143732301448783,-0.16399323464865617,-0.05561877837967369,
-0.08707410882415767,0.007011216995325853,-0.050743460328398604,-0.06057590218486171,0.14006286526408468,-0.02071289420519426,-0.15215525671208302,-0.17523440404351803,-0.23976862102655086,-0.043270237856038916,0.14861079995799104,-0.24345947271508236,
0.2612717935571381,0.14274387516628612,-0.0924101244789057,0.08472460208889834,0.3363270986045416,0.1967321341383775,0.14306439316252184,0.0933699364845612,0.1785993785726451,0.053611521174481105,0.07524896975256637,-0.05015620482362721,
