# Pesos da Rede Treinada TxH=  0.6 TxOut=0.09999999999999999
12,28,12
12,28
-0.6279564773956948,-0.4109881263605911,-0.5374254421903735,-0.6241798818239433,-0.30210676080652615,-0.4128274512210339,-0.69563265314019,-0.2949642705969872,-0.59736546491566,-0.2979184295862519,-0.32604801476441103,-0.32419189064014386,-0.15554862602171093,-0.5993156444594764,-0.5442500152249095,-0.6468943029654542,-0.399236065412723,-0.2890877327524665,-0.756219324604742,1.8271796998332657,-0.34805483717256563,-0.2554378958661222,-0.49812550117646004,-0.5612454770238243,-0.3674652390931297,-0.8609140592668886,-0.4449991613880031,-0.5520201499277269,
-0.11227078810142677,-0.3068243828287481,-0.13313743412950127,-0.17216561805017364,0.1123230210354725,-0.05119885957880675,-0.16740583516032778,0.03593311988169527,0.1914401698923039,-0.17178341868388008,-0.08972693573529748,-0.24143469753717925,-0.2725106777425783,0.20867856981610589,-0.5653090494085964,-0.10437492042707809,-0.21535944487462144,0.03303552882752487,0.06577351598120604,0.6404405609120523,0.19312367792621138,0.042737319759479406,0.17049771499441768,-0.06953478033546073,-0.10615078952165798,-0.5997687346862424,-0.10768120818031698,-0.14904405806832777,
-0.03119130176638849,0.001556428609203517,0.047055007090434565,-0.5046499188318668,-0.028750463516080266,0.14121984058556836,0.3160577743085206,-0.1358175124521707,0.04159944576542335,0.12782297327288655,0.0049811172965191445,0.014832105024262696,-0.45227444221031915,0.18239158967892907,-0.3618465390474733,0.02876534186288611,0.08764161453602025,-0.164249585513703,-0.20376705692223043,0.6317580838932814,-0.157394842742082,-0.2568630990455967,0.08450343595254223,0.09779413566945006,0.12837020336737273,-0.36307328811262163,0.022371280049479185,0.17159625983946944,
-0.383739445721899,-0.39000227768640583,-0.013947421384335766,-0.38152707249000434,0.01570955996474928,-0.1332332175138602,-0.22846664054276053,-0.1737819390709759,-0.10992437793449096,-0.28017944114919435,-0.3438582210701412,-0.19224225226586172,-0.0698439607185251,-0.022540063097869156,-0.4533541333847387,-5.105306964744444E-4,-0.378315689806992,-0.41934688209177445,-0.2968729877110504,1.4274197416694507,-0.4448138654036164,-0.49737853521738695,-0.40898216029726353,-0.026759378604348193,-0.281883561814095,-0.8968564250391314,-0.3542513479662217,-0.41536997977537754,
-0.2059192208204942,-0.31007988553582266,-0.33778339046788913,-0.6318702789496198,-0.48029180029689206,-0.23887029455410286,-0.3913918670592179,-0.4013512662525565,-0.2024131438597342,-0.10972658065714218,-0.45093837401145415,-0.2630123705201891,-0.21991353146962234,-0.1642524032069293,-0.6872567538675746,-0.4603465936022501,-0.47327164419761714,-0.16769337893824154,-0.4267914500639905,1.4945641390517361,-0.47976550713379185,-0.4738528640374643,-0.13286048069760442,-0.24395087484772662,-0.4509393370303379,-0.7442779403543976,-0.2666201692537554,-0.4113865346523315,
-0.5037177391978604,-0.4387329486308517,-0.5805718138892919,-0.3548639611704912,-0.7278119053651829,-0.5079513647583696,-0.7439982957538595,-0.7630380449729146,-0.33746153805010315,-0.687726280946989,-0.3431019921426239,-0.5064529801450973,-0.15707901533418464,-0.7142070748066868,-0.8809992262379684,-0.40850169726279595,-0.5139710924996592,-0.3377689208833341,-0.40925393430549456,1.5842936922270963,-0.5226347985861302,-0.2828605466043658,-0.5648885108564053,-0.5028545210826962,-0.5069491039934819,-0.946500602372157,-0.5391809328017357,-0.49313477648518045,
-0.5249648091061418,-0.48735080625051974,-0.40897061593453776,-0.3657533794939027,-0.7349309743719894,-0.7241380718325493,-0.6335384504214256,-0.8049115889599279,-0.6551219420323018,-0.5400963086961332,-0.5782343057360614,-0.8434446166065602,-0.33209968460837586,-0.8557362058451725,-0.8686014469200777,-0.8181696951066818,-0.7918786269857788,-0.40407536302287184,-0.4792491359745061,2.275990139198533,-0.7669344403252594,-0.4781586273572793,-0.5046271755121783,-0.6929341082381066,-0.4480584170873349,-0.8171133090760149,-0.76994048657411,-0.7958297640690947,
-0.4979236643023593,-0.5383609092717317,-0.2707202164057702,-0.3890855786596572,-0.5038982493172487,-0.4370225081669129,-0.18846254150994207,-0.3116899742561086,-0.5782283187938071,-0.5565733245096056,-0.32158817364563197,-0.4042729230712538,-0.9540062780386783,-0.13024950719561357,-0.5146100792663124,-0.41971213997314605,-0.3495942591039751,-0.45895066344953683,-0.30661255246284097,1.2213442025697812,-0.5734761267206477,-0.2219543596367302,-0.1577258909511858,-0.2553789802018408,-0.14563612929035136,-0.535131086067076,-0.4786366586304585,-0.27475152692919674,
-0.5650434648473529,-0.38887548611417583,-0.6184516033856973,-0.6548670711333436,-0.5191149087785502,-0.5796730683788759,-0.7527793920691314,-0.5015446126720551,-0.7962349443829688,-0.7138496982567821,-0.6937588492548155,-0.4289007567418382,-0.8038587302441953,-0.6422094760038176,-0.705506787780593,-0.34511578289044903,-0.4688820374801385,-0.7052480788045751,-0.43690797214015586,1.839630048582674,-0.3149986874432933,-0.5177940750726105,-0.6856706545912326,-0.4239467329976521,-0.6868801641197237,-0.578689160755819,-0.5362217854105541,-0.6374711402808194,
-0.4585007990165004,-0.31497785541107964,-0.7358533283393064,-0.773063675232047,-0.40642483717968275,-0.6152769020503133,-0.5624170260184588,-0.5049118576153823,-0.6046504029379663,-0.45428445157748204,-0.7620707345823743,-0.48901670331494274,-0.673576388479476,-0.6853547414113002,-0.6113983522198608,-0.5830471813596833,-0.5065538752270391,-0.7158130044377141,-0.5504880465218913,1.870872177612274,-0.3642508590667862,-0.7578049541419845,-0.8451413026193034,-0.6670596586736864,-0.6787405022681924,-0.9213072454841332,-0.28980856768547797,-0.323335315863929,
-0.49897430851836,-0.7467279535061584,-0.6864343548614136,-0.4777403283620689,-0.5460361569178113,-0.5504613332663492,-0.5572486963712978,-0.5018131023498533,-0.5178408429544761,-0.6179833491298046,-0.392280778413393,-0.6627102190721642,-0.5026981295202986,-0.637329798474435,-0.7512933570183269,-0.46619610002861706,-0.48919004107821534,-0.5605614020045908,-0.6845152202036968,1.6759998387500394,-0.6092546470655691,-0.5650755994698792,-0.6018168688531431,-0.6517171432613243,-0.7046143686525517,-0.7985253720892828,-0.4367387419401672,-0.5829712561511151,
-0.5329581774554277,-0.6893397857745974,-0.4870525417830672,-0.39407791577610196,-0.7231282483214885,-0.5313775953846392,-0.2531937940417374,-0.6383920399441687,-0.526997841092097,-0.40834420328897286,-0.6546415328766542,-0.5793533612750771,-0.4835937682311516,-0.47274294649174986,-0.7469147056125693,-0.4911865289140574,-0.40745436141682434,-0.6201962330888448,-0.2861952244919384,1.6265350091878001,-0.31793711089514526,-0.4457358269603716,-0.5484387032449769,-0.6436790285432751,-0.4704030856369315,-0.777284793615614,-0.6794520293863435,-0.6643413111828993,
28,12
-0.19265513594088718,0.12116259585919338,-0.06035828465756384,0.0334832187979421,-0.23915004998903558,-0.2702771820856266,0.1903332986599445,-0.10442287921214308,-0.19157307989472833,-0.19803589404582186,-0.07423198058504696,-0.014398145895397762,
-0.18063813868461828,-0.013314305574830954,-0.10280516689701072,0.025386528275895617,-0.19274950238000962,-0.12545022189622618,0.0669929902158092,-0.29944813587530983,-0.18239616603305941,-0.19507598979937826,0.030935687557517206,0.1215077525031531,
0.09041976577597957,-0.14194105869512455,0.018823552257159037,-0.02003683810631574,-0.10678484719793882,-0.20071947144521574,-0.24841337660241605,0.013137289269479754,-0.1378229027203689,-0.16767921183643894,-0.3193428081519424,-0.020088406197713703,
0.03296064400642952,-0.17814017738665922,-0.11281611530094815,0.0918477274386664,-0.010808878332143123,-0.2702551235005762,-0.06526140508810982,-0.2233468254313159,0.029354003871044945,0.014753747712140266,0.08032722993145021,0.048317019702750125,
0.015806723595586696,-0.16041977712803665,-0.030923343029323907,-0.03643785235184807,-0.16044295085541746,-0.2766689536667866,-0.1526834487493628,-0.3524109367307578,0.06111452561286944,0.04563617133462393,-0.10131029256348925,-0.12833814816325195,
-0.18491853129504984,0.045431240332020284,-0.31396134010082766,-0.10602928184744462,0.025637021705576437,-0.06082128830650603,-0.020645569397226764,0.015335150984344676,-0.33812058593729355,-0.1264901600488361,-0.212652106836907,-0.07461307671736088,
-0.1995496461384607,0.13661752628519797,-0.11930446351628074,-0.1612686998571196,-0.17595663361327468,-0.06954292662360068,-0.22931223559902458,-0.031505597302915085,-0.33756216676578393,0.004735772214335285,-0.014583022668158169,-0.12570458766734008,
-0.2213146191048909,0.007703484242609416,-0.07138799554509588,-0.2540032081210942,0.004534346027839545,-0.21759991894457542,0.002274208551774932,-0.26495063999623575,0.05780028271547475,-0.1501291429124792,-0.06444752064619241,0.044332338400871966,
-0.015116363031151011,0.02193254951350635,-0.266525933518364,0.006736242165256336,-0.11030844927794664,-0.19401338156801107,-0.14366942832624577,-0.20199189792248726,-0.3173834294381143,-0.018112879998859528,0.028574292406475497,-0.07528503602525652,
-0.18780875880454587,-0.19352271830372422,-0.05876779689422048,-0.24244537107162273,0.07692369914482781,0.06897796235754189,0.020350682678523056,-0.11545950163407168,-0.08011949998396367,-0.23466334328211338,-0.3292858364660343,-0.1406801379500521,
0.02333657180648622,0.17536913981727273,-0.2142805477242773,0.01037298794369517,-0.23813222735929904,-0.2699742458933069,-0.31036326685225873,0.03205683228620086,-0.1516355121797933,0.10368221038790298,-0.12371075696643619,-0.19506827574458876,
0.05001504013864762,-0.051746580283663995,0.029366690762127556,-0.1072180096014578,0.07163343900388872,-0.26795679481902684,-0.214061593080736,-0.0811104029349261,-0.08268186977003972,-0.166912841648822,-0.10704694705866638,-0.15759588776745462,
-0.23708906788500125,-0.14140077205513318,-0.21460575190923875,-0.19145763248199113,-0.19894594173920885,-0.028348296851880297,-0.08527494709736277,0.07287573334616668,0.021472157647915418,0.13997677200101954,-7.043062826600052E-4,-0.1364431138042549,
-0.19838926833763895,-0.0997589247627861,0.03904627401985547,-0.15869449583466008,0.045684462130482946,0.14906087827897585,-0.17656453531815464,-0.17311849975257854,-0.1112141545444232,-0.02991788453947097,-0.39232150656292325,-0.1864296481963207,
0.15295032842581668,0.15643742780246542,-0.13828068024880377,-0.09866461852114285,0.07260346161655595,0.17228924519965014,-0.029404303282914757,-0.007127005355032582,0.05455611508986978,0.03157393537280606,0.06138912162699377,-0.07116762535103063,
-0.25102483905697126,-0.2537249230549871,0.052651666001366684,-0.1607161515141652,-0.09007158607534739,-0.31467977880393583,-0.1578279898706382,-0.1026639154904556,0.0780034014036815,-0.07151990717632407,-0.2090159324168631,0.011789318841772064,
-0.11228016461677463,-0.09757598836369537,-0.012317488527888193,-0.11072304046199258,-0.0440026606640557,-0.03850326356701489,0.08896024774035222,-0.1358875662205131,-0.0016630446134365865,-0.22156932625564177,-0.14285741883671824,-0.28187145177681777,
-0.2217216218922721,0.08106837057709178,-0.19909531378195092,-0.22679968859047434,0.09797260784927093,-0.038197330285851,-0.2146327998720321,0.025341660523126225,-0.13492361624985413,-0.23111434712420648,-0.06364640687772362,0.005000963844259991,
-0.1344546627468056,-0.2064814110605931,0.15016363518430573,-0.08905342850213453,-0.14449550265953137,-0.0414180231933696,-0.19050927131400633,-0.06435042808218223,-0.18697202142119895,-0.16561718022359004,0.05434395715966407,-0.22352572933885823,
0.7895042217419531,0.7154122325560903,0.758339936540966,0.7419991655233819,0.7803024964124813,0.7609781105657436,0.781395144613198,0.7947366230847602,0.8351818281527176,0.8493611331117698,0.8581354330052059,0.8407087611309987,
-0.14764759617590295,-0.15683140650815952,-0.13374809396810577,-0.01418409900203823,-0.1551407763019485,-0.0032312089287505606,-0.0637793669390844,0.0588064755335479,-0.0206151739062492,-0.30038249261666766,-0.07534413441438521,-0.3088858165683295,
-0.23217740581045246,-0.19025018144027916,-0.051920644527603144,-0.062195881844456596,-0.1244768258960384,0.06086845341943108,0.10628848189691016,0.11175655597905998,-0.19992147830655613,-0.28960045117976596,-0.03411890656159178,-0.347785242857269,
-0.12382520241527455,-0.12514580177284299,-0.11552953976799456,-0.06768106879017725,-0.1040006679258685,-0.21441467383163543,-0.14835427460338946,-0.21181878448213456,-0.10985136699085878,-0.006430723094881258,-0.27445971564480187,0.08712657000967312,
-0.141057544630985,-0.28609197268763037,-0.1021264040711132,-0.06440444795170303,-0.27087401227621455,-0.05740366675334026,0.056680558924061146,-0.002992422362912612,-0.21944289034088665,-0.14558215610704764,-0.20181974211639428,-0.1651478314698358,
-0.04455666749764384,-0.3191951571125072,-0.09370754758808675,0.01034361192666003,-0.2009446535382476,0.03253823683909969,-0.15230249712292196,-0.21808290376440742,0.0014219931090381022,-0.09854886318431279,-0.10114954162220882,-0.2159115306900849,
-0.08056946341110201,-0.16888241824760383,0.15684663404193513,0.16985498509381294,0.12981457848473474,0.05225989816941747,0.0456719717481018,0.1042194067030228,0.1516421773852172,0.06910354323786208,0.18210331259162735,0.26851775996335187,
-0.094593077305473,-0.11862521716637679,-0.3083255843789874,0.018961311034417942,-0.0559190662884521,-0.0421422757194769,-0.23526176430254295,-0.09017706564693831,-0.15721441898715804,0.1151620113330158,-0.12019607378301596,-0.04807404474475142,
0.05098584706815333,-0.008627199288555501,0.07769075078657854,-0.07889959714649233,-0.10176801480125731,0.06977141232152993,-0.2550494494314825,-0.22415033449926408,0.04890031709193271,-0.2788572055527662,-0.1024122969007091,-0.2007116026324921,
