# Pesos da Rede Treinada TxH=  0.5 TxOut=0.07
12,11,12
12,11
0.32133446537105503,-0.3989337167459418,-0.5680027309388586,-0.3505853751943671,-0.3477517143097902,-0.20017368778238412,-0.017766530088683664,-0.46709196633579736,-0.2266412265846033,0.4401405358923633,-0.07790855705264471,
0.5249695501406054,-0.17867767598665685,-0.43074327082950603,-0.3907882751483173,-0.1680764758924568,-0.12906608179757428,-0.235919335206292,-0.2074001628958542,-0.06657303659496114,0.2024665962414666,-0.12115190267521048,
0.4388742073967501,-0.5233800721437312,-0.48280141294609763,-0.2399894461738397,-0.39826766906266314,-0.5143297703987313,-0.2541660157388282,-0.656198232777622,-0.2865720383383572,0.5073096371748278,0.27913026474973646,
0.6303961732378665,-0.39932932526179754,-0.17200003962707133,-0.5574899685933022,-0.290291619423019,-0.2850284356293436,-0.22345390676077975,-0.48986236937396527,-0.05987507785858016,0.3642505317811048,-0.014732730476816499,
0.5527695884183836,-0.4302096219201889,-0.3637401060713687,-0.42986077141424905,-0.36953387610139804,-0.39601734715919806,-0.27124611852399017,-0.4152193686183847,-0.490664338695623,0.3368257880454843,0.16909398889655677,
0.44593923865602464,-0.2957166009533191,-0.5908387458811215,-0.48444374625415343,-0.17598272073595547,-0.3293359736490494,-0.019454983964078094,-0.28353588461397333,-0.488098842631239,0.23401704833341794,0.24519622672573674,
0.35852443944856,-0.5575735524259039,-0.49002793910602344,-0.5025196961935555,-0.5124545983782404,-0.5267821828190244,0.013855556096917646,-0.23124211945149614,-0.38657498734256196,0.5881184968557707,0.28355324191647185,
0.5980365744687641,-0.6018818630918441,-0.3127075590967223,-0.520059043375628,-0.6746977899657661,-0.2635709838330396,-0.3684110559507347,-0.21172393377094564,-0.4873716307982549,0.6532941162672208,-0.06864701012772012,
0.11907017294700245,-0.5503443527368977,-0.5304026204493215,-0.4041298182513752,-0.3338561358062999,-0.2516937347450108,-0.44207769623294185,-0.6741555343664388,-0.2843291655183151,0.4738419679483517,-0.20032069374186998,
0.4873053592034989,-0.3074820881484176,-0.3531526228899717,-0.4992378053271903,-0.6125225608114072,-0.6674540757138419,-0.02746434637642552,-0.38148965637468474,-0.22252811037458287,0.2544214428315543,0.08055300483384124,
0.28932975086887364,-0.42110395434985465,-0.5830582080275687,-0.522084963706961,-0.45049104374180415,-0.574179604777778,-0.22104971177456836,-0.6510236348008476,-0.3154044826865687,0.43989110449666075,0.010754349142833453,
0.1781000144811636,-0.3766234112964416,-0.18216503971451192,-0.38055815828288037,-0.4831840793780174,-0.582436737468259,-0.3457023550550383,-0.3874933492226885,-0.1366038018414082,0.3819377063519786,-0.2073615650776038,
11,12
0.280329365965565,0.42710625280017134,0.38084334401166303,0.3854678920271205,0.39989406415402334,0.29805913332186934,0.48426655016154496,0.299805351804535,0.4189048377935856,0.29517057938917424,0.39212520934314016,0.4875383291473137,
-0.23004510199638764,-0.21016500418418482,-0.17628719753942246,-0.1785552393419438,-0.004313984978823587,-0.2819226063858537,-0.03984307822871516,-0.1296552401470805,-0.15338989616133122,-0.1832257960730106,-0.2218634749722464,-0.09353353578274584,
-0.1043213160999097,0.0675195701405587,0.025358866483594495,-0.3179099341578881,0.05575979721284501,-0.18148513823641196,-0.3534914359359867,-0.27718425165177396,-0.10053350241126296,-0.4241826038008944,-0.16198101253055497,-0.3432373079136956,
-0.3151929683383979,0.0414258862618447,-0.1766443411474108,0.08236320249870241,-0.37342141741473006,-0.21331281954760722,-0.27712533165040715,-0.12146257781899086,-0.14234650190745468,-0.4555301693084951,-0.3002562689646929,-0.29571597699118374,
-0.3907557306471171,-0.2564647160765566,0.04204574212144326,0.08997475980268772,-0.3501120285443689,-0.2554666414548405,-0.3543583647897924,-0.048178776917261225,-0.20816002859454927,-0.0670633108356057,0.13460213784960706,-0.1469910846171969,
-0.10251480642828853,-0.1760096168663341,-0.03989852174595963,-0.07874800831028873,-0.33094636977162245,-0.0117249517619403,-0.12805470333627408,-0.20621535788009732,0.1365002860997928,-0.3432175931045382,-0.21196436491418902,-0.14506290332034752,
0.0545832904740331,-0.07606156302151945,-0.24201824299773708,-0.001482725344243735,-0.17237728741256036,0.12393418032629365,-0.05991435840626312,-0.07884947976249179,-0.10911751489737198,-0.0065306391175441805,0.05120198484168924,0.013839375219643325,
-0.09847371350753624,-0.23575374127006574,-0.2830230399929023,-0.12504784333774213,-0.1605914991132381,-0.1570079914868177,-0.33999704686577564,0.050447644783426795,-0.13878880187784082,-0.2986905158073531,-0.26301949516016326,-0.10893355006253977,
-0.04478595610883735,-0.1786382158802136,0.023534269743935413,-0.1639980457237653,0.09340034752759978,-0.10360932041545581,-0.037647394687698156,-0.1709135531502741,-0.08051243612366481,-0.04859650427920262,-0.20691170026707711,0.14009556882761345,
0.45190557502893797,0.21949785099113378,0.2633028634502642,0.3643597788153076,0.3777099148908436,0.4503758125569354,0.2699599927432823,0.47867422022592604,0.3338314215170181,0.4252011635351819,0.3318032328574398,0.4293923827439374,
0.141496429362562,0.10449312557304866,0.08542232277861554,-0.06775751158200556,0.14194360283342863,-0.1249849136786111,0.026223916819359278,0.11928842623436817,0.10542318755245379,0.14036105224057102,0.14733344027162787,-0.2539116427650312,
