# Pesos da Rede Treinada TxH=  0.5 TxOut=0.09
12,20,12
12,20
-0.6981795693830778,-0.9503257929580115,-0.7653161912257547,-0.9665180714693223,-0.8914158980893907,-1.0481221647637884,-0.6703379224241943,-0.6650001786567675,-0.9259641501574715,-0.7307766473632478,-0.6766193619884691,-0.7550388224435814,-0.9963310456060901,-0.6855041302631492,1.3590301685707527,-0.8116534089627195,-0.7236078263014718,-0.6965297108198681,-1.0354936480967631,-0.6981729088763989,
1.067845046219816,1.9689335583836935,-0.16955300155787803,1.8335899665935464,1.4587916452468273,1.3093882933339194,1.349625226388214,0.7966990174152703,1.6606784139874333,1.2704213182429909,1.6651958227037285,1.7545059597413146,1.7356157616582326,0.7350400412908074,0.04687651098571041,1.9137908297868793,1.590400139255636,1.3634354223941842,2.1061091718689604,1.2685199276737031,
1.086660432391975,2.0199439619637594,-0.26620948578632936,1.8249712179841802,1.6115508829079102,1.832184797442599,1.5080319947017387,1.4955025004948044,1.6548399809980765,1.795996874955995,2.0698255903022025,1.7666381944498848,2.359864092974183,1.3115501390581727,-0.15440144400188247,2.0399413243045315,1.9380919591051597,1.9075449202359909,2.3389808870719486,1.2767468471765262,
0.4982703281958366,0.8338774859234297,-0.3761313501912675,1.018702354082564,0.4672568964444273,0.5009098130035043,0.31561413530082094,0.07927218633288347,0.7740673698931906,0.6328532012336382,0.678213300857447,0.8777010753075075,0.8950890342436396,0.03315993719438722,0.6637151318512612,0.9367307024527214,0.5562289298962038,0.36873583018158596,1.0080479794919541,0.5381260430511499,
0.011509056044175719,0.1858939610000465,-0.6397811192996812,0.0996492840482618,-0.08596488961402649,-0.07729614312157153,0.2611829624456279,-0.11478894013862491,-1.6211121807443722E-4,0.1832440961169501,0.392104342943094,0.2749677975749278,0.3371438360168396,-0.07524170333990493,0.6987799988306378,-0.005658681333350159,0.13452677970623172,-0.06478901597642392,0.5406503455291908,-0.23324922497461387,
-1.0187006587547007,-1.2911328184989523,-0.6883843484345031,-1.1675259078755955,-1.198210916395788,-1.031973483620589,-1.1216808621544172,-1.239056173418441,-1.1589500566825268,-1.369197045390219,-1.3927668256185113,-1.210676823515105,-1.164710195848906,-1.1940021128672829,2.1255511682160333,-1.2812536112945698,-1.2266357702992086,-1.0018514155823828,-1.4092623283993841,-1.1827891431950466,
-1.6194598266944702,-1.6625668018978534,-1.0341864838104036,-1.4070616497637505,-1.6737187050002826,-1.3604184593412003,-1.5079017120628286,-1.321642441890992,-1.7208677645175856,-1.4762136600020328,-1.738203055532276,-1.486596941859185,-1.8477991284193893,-1.0821901164166836,2.5039822543628567,-1.6015692435825337,-1.6885425356120016,-1.6423143542262564,-1.8085523072590715,-1.2408805634868525,
0.34412585587203504,0.17586517871951135,-0.6766535186527637,0.06500248081188806,0.5270552980520191,0.2332231658721577,0.1324614023412949,0.256665776444124,0.28700464627722355,0.4569866935103525,0.22937634904844467,0.17942452498625475,0.23472308476126086,0.3900257732917907,1.7699406936254274,0.36039487065721093,0.17911057535497363,0.45788344879494736,0.11002490531731204,0.1974735876075355,
-0.8073205472748435,-1.0804565156894361,-1.1166508356642137,-1.1041978325155828,-0.9234029321527552,-0.9244826030730131,-0.8525902042955429,-0.7114633909793194,-0.8742655006577928,-0.8828388588655114,-0.9544758089511232,-1.1279565446900548,-0.7667747081129216,-0.6076535222734436,2.6120470988985454,-1.0962121919242362,-0.878100081228132,-0.8287476691584895,-1.1819129829668968,-0.5361080291334299,
-0.8860444104692274,-0.9296565318548792,-1.1859476141677774,-1.0464525552302293,-0.5705143822755374,-0.680612754212624,-0.636057978584102,-0.6448907840225644,-1.001502044196169,-0.8747762312599986,-0.8037913739054507,-0.9887058636166111,-1.1409083293045206,-0.5629779681645695,2.498061105716575,-1.244169484723162,-1.0565054106572171,-0.9150633498650155,-0.9769787515425453,-0.7274084948724611,
-0.7005305071679201,-1.0211122587875008,-1.0152413762524786,-1.1202164538311066,-0.876196400253175,-0.8017628351033222,-1.1044722702308254,-0.7232337199705472,-0.9193534777039771,-1.18159934827965,-1.3711078674622952,-1.070394031930674,-1.416780537610061,-0.7697721395870195,2.7899671980125067,-1.3024535845862546,-0.8975461194089076,-1.1065216251432228,-1.4425368942097094,-0.9951307418090134,
-0.5442896197389031,-0.924906676452912,-0.7905050654289907,-0.7321213142934717,-0.7582594622873976,-0.8237569263446528,-0.7006075154617626,-0.43029251510800415,-0.570529073292802,-0.7920838172122552,-0.8580014841296894,-1.0103503073810152,-0.9105887702582124,-0.7640197856866646,2.4467597194416677,-0.6544892358155343,-0.7682805202074313,-0.6490990801996039,-0.9309875539938581,-0.697677294754192,
20,12
0.11420264323884836,-0.13965117663072918,-0.276501193455099,-0.18129888000676056,-0.14920665136438535,-0.10068124121806159,-0.0772021024183344,-0.24838481724518421,-0.057944879887764755,-0.2110774284537464,-0.05887616715380475,0.0012819633754639487,
-0.2779172544568517,-0.10075005360236605,-0.10631194339974763,-0.026773572329513853,-0.1153585413101716,-0.12487855618529393,-0.15663537049094287,-0.1382621360607417,-0.13499053455867135,-0.1736410113504299,-0.2053507962750507,-0.242415505539667,
0.7921835496620877,0.4077180865128744,0.4612416470608078,0.39366864815986785,0.5674837099011966,0.5444235062617756,0.9290962076818304,0.9720170142122679,1.0416178788063053,1.0877618964080236,0.9674698267725294,0.8694703299732456,
-0.26627000767718556,-0.10050633174272815,-0.03066648689340826,-0.13753740075690188,-0.09645307486021978,-0.11630043433262185,-0.10541048409416738,-0.12685646650103938,-0.1769618743579837,-0.08495370454551864,-0.23748597314317582,-0.2322584684462889,
-0.057837119528625414,-0.09035205078809642,-0.03719625955734596,-0.2264700222911315,-0.10811654623909991,-0.14359242750265971,-0.24406030168381593,-0.17219483651949571,-0.01774388265474959,-0.3045008690347768,-0.07084560742560349,-0.149157770632161,
-0.07760196043730012,-0.12417714279645484,-0.14158671399759923,-0.03482883691196007,-0.22454775599574278,-0.18264738087240484,-0.045932204327883495,-0.10224735495831572,-0.34580908491701867,-0.10410964339923846,-0.14380549501740622,-0.018483030580265035,
-0.19099371797920475,-0.05847144307198695,-0.15905214060917297,-0.0666629032210337,-0.05074387586337477,-0.08303226952388304,-0.1510721298407271,-0.18713529798686704,-0.10042722575641783,-0.14080898036291792,-0.1473896603932051,-0.07982625279762222,
-0.1381266387711626,-0.09842589936153984,-0.19075413510468045,-0.03067934714207368,-0.09593011261228067,-0.09516208009813842,-0.17511579130665395,-0.08691646114949077,-0.1733666948997335,0.05991980937471872,-0.058531752506994994,-0.11084589042502263,
-0.18179097894659382,-0.19492456832856675,-0.3072383253002144,-0.0603776983550388,-0.1157564318488249,-0.09185990895799075,-0.08990085095683922,-0.021586782459099958,-0.23259705419829285,-0.10987694632108509,-0.22076677713946788,-0.10379766048042244,
-0.0812904738287475,-0.14434393093338516,-0.05774144303921283,-0.18200734406003746,-0.15378294544222504,-0.0688334523331441,-0.056023027481341574,-0.17306134629592582,-0.01962880987847713,-0.26420940632231166,-0.21707154493250105,-0.200415356411587,
-0.1564827763550665,-0.08202588113025291,0.008289292940516186,-0.136678686043892,-0.12611471137365302,-0.1999689189731326,-0.2870874548851774,-0.12983850458352586,-0.11211491584927556,-0.23278683114980245,-0.0782701031681284,-0.20760793158111848,
-0.08247625509201509,-0.186903477686014,-0.21381333595641047,-0.14477370152309338,-0.1115183742988146,-0.17924435236414926,-0.19699741282330463,-0.14040531131858938,-0.16549578079769486,-0.06588028018144997,-0.07372813786865953,-0.19899626438603654,
-0.2017438679403306,-0.1048852259899695,-0.09925923837268014,-0.11248488406252552,-0.1346609485649273,-0.18788510120430643,-0.14061835906018633,-0.13224995997614067,-0.2397810145907919,-0.22115953690484924,-0.16397255424887852,-0.16224383856876903,
-0.18687554612952667,-0.1388391711890241,-0.10951217407909797,-0.1727064235789773,-0.05932265563444869,0.03273624418583177,-0.11826311982979867,0.02985432444526788,-0.04447282458157096,0.030093144614996122,-0.21095524368764845,-0.2008901522494261,
0.9412520326572853,0.7955055286780742,0.8697460092514142,0.8560943416924737,0.9298921626143918,0.92184981666585,0.9577189333189453,0.9778375676310713,0.9824792213483734,1.0260268443574876,0.9957449467546727,0.9865999180572345,
-0.05813388523533186,-0.17913509335093655,-0.10473878704658991,-0.16532642994801305,-0.23269713242412385,-0.13725083383144912,-0.06778629582528406,-0.14972690499966834,-0.10255969746526222,-0.2885098174953702,-0.23920558852331422,-0.18458665435246988,
-0.2194587818547224,-0.023932083995060797,-0.1112245631469851,-0.12231511580334652,-0.057671236077203605,-0.12596836160752942,-0.17412063049178678,-0.19070953101430768,-0.14012058683865403,-0.2530160998074541,-0.16959032947763167,-0.05993373124365173,
-0.13397915765546783,-0.05771971668153731,0.08145093227121898,-0.10485684297596902,-0.21843972324473585,-0.17128506741129942,-0.08221027381850499,-0.17073062874745257,-0.22204301615192462,-0.14284078363302052,-0.19634579584685372,-0.10821711891938703,
-0.09846462349844554,-0.08748972769857417,-0.14613500120994763,-0.1110279575885222,-0.1880627365359748,-0.30196537387673955,-0.2108351783951888,-0.25997974220344955,-0.28066670001538374,-0.17864896100149996,-0.06190038129847901,-0.10565873808138876,
-0.17919695629582932,-0.05566988613983524,-0.14600315868461414,-0.08113733085444723,-0.07660668890301167,-0.07143812252968014,-0.17018328105437786,-0.1686293737500239,-0.05599776829209973,-0.05941244732364456,-0.11441950079273441,-0.1978400703621033,
