# Pesos da Rede Treinada TxH=  0.5 TxOut=0.060000000000000005
12,13,12
12,13
-1.0789945537932089,-1.2946800591893264,-1.198053527320145,1.905301406933299,-0.9936295561111376,2.0089051823678616,-1.3622036414491878,-1.4167001064572404,-0.7278595682316215,-1.063177950786484,-0.8302109204241305,-1.1695411937216897,-1.3214330913190444,
1.7825015305944123,1.768712420580923,2.1687655910239405,-3.698647020783223,2.183407742297266,-4.179256664929046,2.2559236326325642,1.8842340360707217,2.309449092072097,1.9539688179832584,1.8559443573068004,1.8513250458753696,1.9501469101517366,
2.035411278544474,2.3131725056530645,2.440312069580011,-3.800380234033903,2.5619206838758584,-4.681457411641859,2.29546678078225,2.2773057690167686,2.6206944226848288,2.531234377264254,2.2597437081475813,2.4032152285880395,2.0072042080323196,
0.12818681914619612,0.251966372555612,0.09367175214249969,-0.29964317427171233,0.29620400432886923,-0.1882724450302827,0.10270612841799609,0.05566194364150815,0.15074146564961433,0.08089868873405684,0.10096600959796805,0.3014500813462973,-0.07712141422140656,
-1.088673786769439,-0.9772168841720571,-0.8262250443269255,0.9165850991427723,-0.6515880579221922,1.826831732209435,-1.0184133212092985,-0.7124418847427196,-0.7330338871322137,-0.6274447172989953,-0.7261475970145499,-0.5837559524587658,-0.833708581753883,
-0.8664606028869316,-0.5852732360964473,-0.7560798343270967,1.038609604401949,-0.7963909657297523,1.4450139699051547,-0.6263074323357913,-0.6562668916030827,-0.7623290208308029,-0.6098627509659778,-0.824967569288061,-0.7369293312859571,-0.7248855653667837,
-1.7925483748007585,-1.9015779831758806,-2.0618158956988943,3.0902983653946645,-1.7683521506710986,3.749517655984142,-1.9544090691299252,-1.9860879158984264,-1.9774222740124183,-2.1612098942198807,-2.159796618189731,-2.129141475015694,-1.8587660527889904,
0.6958325865593353,0.7911152393475396,0.8827487808181919,-1.394693702719032,0.5994212741155198,-1.6942885688842566,0.877598829895001,0.8568618767229913,0.571583906568456,0.84151215120822,0.6777191977180596,0.6406473704641386,0.7035327459366024,
-0.664355427675774,-0.7687047665794443,-0.8860355274029413,0.8601745317369968,-1.1863049364417808,1.040897843595347,-0.7427890945358515,-0.6579120870206936,-1.1069122741050628,-1.107908300097873,-0.8167362464377329,-0.607731388984128,-0.5713292653448994,
-0.759916078028265,-1.2215910502518714,-0.8336939211085737,1.3000279797555852,-1.0627761698228493,1.6821658601908434,-1.0404920276588945,-1.034445377934369,-1.1725099225943927,-0.8332530471825126,-0.7275690353074534,-1.1282032196225595,-1.0319731480822085,
-0.7943145961068084,-0.7364339097977364,-1.0443516657740581,1.1175979498080317,-0.7377135061625402,1.3507369369982247,-0.9821488171060536,-0.8214627012310127,-1.0510457543229192,-1.163796248230746,-0.7813296775818896,-0.8844042488886131,-0.6402369753393115,
-0.7196736502253699,-0.7058278419213544,-0.8025559782930213,0.9609366069635633,-1.0336327110978187,1.4466786779672152,-0.6435313776347116,-0.8970243309081914,-0.7780813819534883,-0.6514951131774284,-0.9115203135759227,-0.9127452047281698,-0.79193080763324,
13,12
-0.10969808094525532,-0.09458346109482445,-0.13547921094928425,-0.1748135137733192,-0.3034067961588738,-0.15897760448350154,-0.3383990909618272,-0.20673798715994984,0.00605450531654333,-0.042234567395695546,0.07595646804433026,-0.26608063820161315,
-0.026397468838030683,-0.23879711781610002,-0.18338675074590344,-0.24873274330693765,-0.04734143739864526,-0.11929166711198289,-0.14364893118437116,-0.23936663362595362,-0.28811088245645844,0.009303769885560875,-0.17242051119744087,-0.054434638259814816,
-0.1980590487201558,-0.01658855012088474,-0.11751714563929185,-0.1997647116452617,-0.026661955499152755,-0.05926309550495571,-0.1760029471694064,-0.14333380196501364,-0.002831839443351191,-0.20951921936410653,-0.3066756668798846,-0.12884061653862328,
0.18124679108209782,0.1600207867231986,0.14105202975322848,0.1517663123669674,0.12085637251439377,0.31886403407799346,0.37178851369656724,0.3363542660272181,0.450335403768525,0.5202770500094821,0.455677259723655,0.39294424910970577,
-0.06443073368523933,-0.07613731562068901,-0.23769195560715742,0.22237494634048507,-0.04191134906431859,-0.1381001642109444,-0.18199840777542553,-0.293451385636317,-0.3057754264152354,-0.1487002688394688,-0.17889636802974518,0.14746486370367284,
0.7326725028414345,0.6504282126462744,0.7477225023901127,0.7198250201976358,0.7989145396734367,0.6127274709009625,0.5913078049801476,0.6599664737797691,0.554450750108487,0.5375467415794882,0.5589210561907804,0.6070872817912056,
-0.3015841435317023,0.060944208072337955,-0.04390935918417095,-0.15746481888711014,-0.29532355194062365,-0.06257366563234942,0.02510778258537395,-0.17687882499826463,-0.24217099514865917,-0.057683347695972664,-0.09651279305480638,-0.2826450874609279,
-0.17423117629730323,-0.2094021755742382,-0.23385384053773364,-0.1365806796791345,-0.20588261254678558,-0.3172112069314551,-0.049235222352440496,-0.1236901011851631,0.054643813088342784,-0.19825966983917656,-0.27110495939989415,0.021555754310020107,
-0.05315742653262506,0.01941963304953499,0.07219570642187775,-0.13680287410062192,-0.11550022361046242,-0.1261642206961611,0.026161540313223767,-0.10118013834793771,-0.22673014699149407,-0.3982626118932237,0.04805521965067043,-0.34282770090885484,
0.02185400903002661,-0.15070368893249475,-0.03530165233321509,-0.21445677526938295,0.1236864005677365,-0.2966516390473895,-0.11989156291712928,-0.07623606655249901,-0.2880718862320054,-0.23712114490828728,-0.2460798270804525,0.04798446875696095,
-0.1661148062354114,-0.30326399865076104,-0.06846412706054344,0.07212871335153483,-0.13479399423302907,-0.04975663061092624,-0.21062353460973657,-0.047665494756252154,-0.02810762443323924,-0.25175195923378585,-0.1479737936915536,-0.1728388231850053,
-0.19288712901305916,-0.12257046648323144,0.007292707148011372,-0.2635647485741002,-0.17376570413489031,-0.05901125125574472,-0.20919781493007944,-0.10389416655430278,-0.15178852635443454,0.0897290051145809,-0.16529256236029485,-0.3067248290242782,
-0.2121111862418241,-0.14647149302752377,-0.4231860611239221,-0.13952490183004065,-0.24343685954487107,-0.03768436947253958,-0.12178493563940038,-0.030415370829847112,-0.05946647657445216,-0.16999591749119342,-0.09975464532032947,-0.1816348847239266,
