# Pesos da Rede Treinada TxH=  0.4 TxOut=0.08
12,22,12
12,22
0.14170074349576445,-0.6273772621415777,-0.9060510452013553,-0.4839986734024669,-0.8561814877003419,-0.9010368119170187,-0.6759094949848367,-0.5534421894908444,-0.7698512403714967,-0.7221756400402907,-0.8189844209846266,-0.5498244717320984,-0.6140375194345817,-0.5050657431433181,-0.7993454170103379,1.657245473849183,-0.6994925920252714,-0.6937212276161487,-0.8841226664428977,-0.8975285450352285,-0.6196609816362064,-0.7915052877423328,
-1.800622403586269,0.21493085019529035,0.14587186673633537,-0.09988226034878518,-0.01728932394721701,-0.02275361267026027,0.12053108438121196,-0.047437364224123986,0.007463268259226803,-0.13017006394777778,0.038070093463303756,-0.08722256785318501,-0.03143638239764685,-0.01712852915155736,0.251951723264209,-0.04797320674623778,0.05617300193110848,0.009426094079942018,-0.16010455182397945,0.32618845555889436,-0.039086481889307384,0.10026205755850665,
-1.8067662163643041,-0.13493051118263344,0.2796915252330907,0.2983127314471322,0.4397819504305969,0.10686286528847265,0.14411529795027586,0.38543865516191905,0.40161330520848904,0.27005154244482404,0.42465433111578765,0.2039777739048297,0.34554474551482917,-0.03527623218837681,0.4409427198002304,-0.36688628935543616,0.02787954832457819,0.015329385556355681,0.2319804867345046,0.24066905424016957,0.103830209668896,0.3313431617196934,
-0.5492974363913413,-0.4529077739205108,-0.45612367566167894,-0.3806452418282503,-0.5760099202369497,-0.19983828575564802,-0.25311127118607896,-0.13225188360024134,-0.20798260553205747,-0.29547326097531423,-0.3567706187245192,-0.3560572694131379,-0.33399791630655007,-0.4834243656120935,-0.3350545544896913,0.5495063705119031,-0.5999619546081225,-0.17582438166085287,-0.5972711800123726,-0.45252885198377285,-0.4194215866289414,-0.16714489348234376,
-0.25666962748486755,-0.4497925744995051,-0.34800604696316295,-0.7012468228819024,-0.5992389956856654,-0.6112483752563425,-0.4658782574855865,-0.7169170125808324,-0.7051525074745248,-0.6572967029224998,-0.6860896677074312,-0.5963274053279297,-0.742379223356841,-0.40893737946149006,-0.7647206489539586,1.4096467248098787,-0.8265612096505335,-0.6623349577863029,-0.947059921230928,-0.3955712416129,-0.5782976465602951,-0.42342655720649336,
-9.6939438667053E-4,-0.7256083886312252,-0.6830203722178664,-0.7150910345218718,-0.8782742385386846,-0.7028872905857606,-0.8026819984302738,-0.8847917394566996,-0.8594589161051346,-0.7175711293953034,-0.8332561908370876,-0.7340282558672266,-0.5545365743590942,-0.5222807776317414,-0.8150360641247707,1.576333473239202,-0.7224533118153135,-0.6481252153656932,-0.5620322183873189,-0.7243194043351286,-0.7789693080030242,-0.909647046605949,
0.5707517802725738,-1.0480074772763686,-0.8794520912995528,-0.8318828006349307,-1.2594892440512702,-0.946231505817672,-1.08618787053767,-1.18917032921476,-1.2018866808693582,-1.2321526648261334,-1.0289953722347633,-1.1231672094003387,-1.0699805246197618,-0.9105890850457357,-1.3387371013543372,2.087073028678483,-0.9476817178493651,-1.1426430548402344,-0.9375680976814991,-1.0570200752743104,-0.7862123852734381,-1.180678656156346,
-1.2331923826861386,-0.5630411829523586,-0.5075104816463943,-0.5266385617089905,-0.12450447026476075,-0.5344894224945999,-0.4330432080234391,-0.5203608256387657,-0.1891527107240993,-0.44321773131922504,-0.4926447514871388,-0.27975203965896117,-0.21838228301975424,-0.34473232701802614,-0.21531704281550487,0.769412842937452,-0.31578840471520736,-0.3089938408189095,-0.535008195753267,-0.5965246767845445,-0.25571125995800803,-0.3026396285871308,
-0.4905726713849332,-0.5910792120790938,-0.7684546010953563,-0.9308610726665754,-0.7018208677435362,-0.8790882628732598,-0.6042683651130271,-0.6656118275847177,-1.0084347329355614,-0.8143262461945672,-0.90646228377984,-0.7974735414860383,-1.0038865275568767,-0.5558854986888787,-0.9651186719491555,1.1951276324738263,-0.5310266810133325,-0.9765113051829281,-0.7169292550732633,-0.8524912906833665,-0.8306095025134778,-0.5443630721402842,
-0.07425583696329222,-0.7222938305593923,-0.9527989819523258,-0.7883765258278552,-0.7935148136180679,-0.8279071218068251,-0.8640009715596889,-0.9143310511774612,-0.675606800473278,-0.9038774987005578,-0.8626914135495899,-0.6246582309084255,-0.7389069554772605,-1.0154795803157985,-0.6514068062345361,1.5122982624010244,-0.9017337495323579,-0.5690809175676498,-0.7847647417134712,-0.8320311515319152,-0.8738116898176557,-1.0017090194852185,
-0.25467945254600455,-1.043967546934451,-0.7975454978615407,-0.9403766511117587,-0.8645108838528645,-0.7074675425975928,-0.7273680647293657,-0.7480701630048964,-0.5992205133321851,-0.5741192573968888,-0.7073477429509978,-0.8881742398012458,-1.1211884435120911,-0.8193077469570373,-0.6924193033338785,1.2725070250625192,-0.7317148584063653,-0.9796099930230844,-0.6184808861920064,-0.7991101792774762,-0.9796057846395306,-0.8083500893156207,
-0.40880674066008243,-0.6096304225909052,-0.8156300720974521,-0.6835058483670492,-0.915861570287519,-0.47351808448756705,-0.9261046953734029,-0.8111281647578271,-0.98562845837844,-0.5185471886664725,-0.6083859937246713,-0.8804860523519046,-0.6229420859599295,-0.9426681828531497,-0.9005812460967758,1.2880268459741155,-0.633275482841364,-0.6658889574998913,-0.5667707403499269,-0.7761978282840979,-0.8020317424178474,-0.8870304568774475,
22,12
0.08300457538264448,0.04956404548182001,0.055666707962702025,0.02019857895761372,0.043671605580664914,0.11156128305435707,0.19087282915283962,0.1739168621825019,0.19281075270331766,0.19598912198988244,0.24513720587988475,0.19936037574120496,
-0.10050938304441712,0.03394951001101459,-0.045833715099401796,-0.12245533372355981,0.028881418730769392,-0.17193817075645318,-0.20751753509819865,0.13912497437841714,0.14854184676055768,-0.10140940135002394,-0.24066292433511072,0.04172207595271461,
-0.1299975408456848,0.29895942578917584,-0.17867952101340748,-0.053189450575511006,-0.07481174818598298,-0.05551724715630632,0.1060648899106203,-0.1625395036927629,-0.14534870053757692,0.00141331087992275,-0.06441125077413164,-0.09430887630300436,
0.08009346016411309,-0.16037881018802974,-0.13309021351771647,0.14205763155083162,0.07133110021132896,0.14884057754803465,-0.11379617263225132,-0.057292807572721316,-0.1609474309196532,-0.24628366345569155,-0.11622807888134432,0.014399505501772027,
-0.20144304285566692,-0.11181211705274646,-0.07141499717144223,-0.0945525964371848,0.1672373740372956,-0.12861162272601617,-0.28111705534954473,0.14925710111579749,0.07656194687376419,0.007665200145316625,-0.19037276737239572,-0.1609658295647894,
-0.10275154289896699,0.02214277692351536,0.01619815473205415,0.025844134798194814,-0.2009601846141534,-0.19535057419400437,0.1451784535739999,0.11890389927055836,-0.1257994070924162,0.09658226209343732,-0.09252522758963917,-0.27803009644398685,
0.08674881803866927,0.06253225353407957,-0.2298330290387928,-9.04152327525422E-4,0.03375883059766361,-0.2503876709756906,0.1307481981299999,-0.0936256383888592,-0.10380436735915242,-0.26516581271685546,-0.045183408333663425,0.16069045505720134,
-0.011617395919980556,-0.0761663704700397,0.017622065558140346,0.06728739986254316,0.06158297706052012,-0.2291825810598067,-0.14986778079101873,-0.21536202534599116,0.05909240532612692,-0.04986783835305418,-0.04727216373395064,-0.052605150633558355,
-0.03812413297253426,-0.06480825293404488,-0.17824251689067694,0.18270296487242468,-0.3001449204894688,-0.011209661523960782,0.012935108883579103,0.1621887075240316,-0.06627799116856617,-0.22577594382401803,-0.13230022934717608,0.005039831867326936,
-0.06217511066388785,-0.1792937656727915,0.051309686416749975,-0.06318816779791153,0.11988706819017098,0.1772307279399616,0.08475886672841398,-0.0843813634221925,-0.19105186525708737,-0.23976210521143607,0.027268550871364764,-0.16451678402982006,
-0.21714631268744908,-0.22682811739678374,-0.2941945606791477,0.015219497113842871,0.08030575501023834,0.0831682764908555,-0.1417881509813661,-0.014781732450786596,-0.15145945628211158,0.029016163783925766,0.016404734614666037,0.06284087461748132,
-0.005798709381527184,0.04034475961023034,-0.15288071182708823,-0.39345986164567354,-0.11486327136791485,0.0875990898303205,0.11098346616467239,-0.23472588837739247,-0.06302660473800951,0.011767994325365672,0.1821737813530445,-0.1615974881228014,
0.2177825780997853,-0.15920048146351154,0.030319425862869502,-9.939361888149712E-4,-0.18574280994213754,-0.15777831051214367,-0.20714571137611482,-0.2338483998012126,-0.21703560138712064,-0.003068437147226234,0.1821764083779943,0.0982971825723829,
0.042505777692898615,-0.13923129521791103,0.10003699631663714,0.10502664488976968,-0.1734066092425236,-0.12818968161661692,-0.18166140842735992,0.01991648341214896,-0.07421499433837013,-0.06701191077160003,0.05934709724770602,-0.042539335003071124,
-0.16197313505483008,0.09532372769176455,0.031447093149087044,-0.16376952896368654,0.24592579451176563,-0.04129372143775388,0.20512010923590412,-0.21338372913814205,-0.057555185586595024,-0.2156572585189263,-0.1797297587057421,-0.10821850384878709,
0.6798259158724125,0.6034532183259019,0.6699589081614783,0.6496343111522287,0.691574133482082,0.6822853995739914,0.7108108826953788,0.7324804239034659,0.7215782964981415,0.7535326450002158,0.742679001685344,0.7407688016536387,
-0.23613424112708675,-0.34506953335069845,-0.08209361470253848,-0.24239817053360896,-0.1571185408601284,-0.01006543889238007,-0.06858740746046248,-0.0809636338664968,0.04368675794305306,0.2158388559602423,0.08824847628310778,0.03478257781377585,
-0.08881532612182935,-0.023419252771684388,0.03646189926974573,-0.09021856742485634,-0.05564613552951573,-6.090193604805453E-4,-0.19319305758756336,-0.18701817096699785,0.04328518897039624,0.10422151264759116,-0.13890529879311292,-0.029520999696177375,
0.06309902315072631,0.06199559564382787,-0.09813350977582377,-0.03578985275110191,-0.29930626685717415,0.14666026104964977,-0.1982213797844522,-0.12021981797803115,0.014890444545331503,0.1325520480869318,-0.1560553632575935,-0.20296982360309038,
0.208487362083041,-0.05605325840190426,-0.1300894859363316,-0.07624915249672058,0.11433087812257904,-0.12086125460022057,-0.0071956915757144385,-0.20907784790987727,-0.26860467686167094,0.006896511982534263,-0.06939165539148477,-0.048961211566428575,
-0.1901342209983314,-0.11024869633206949,0.0800994601151138,-0.09213390708572225,-0.22796216246991016,0.13415128538867974,0.061954706044958154,0.13082604667410294,0.2029789866682163,-0.33769407445861416,-0.23545438115145254,-0.09212045947843119,
-0.2381320263832164,0.06348563855182249,0.1782756466077733,-0.16564544233320846,-0.24676618196386016,-0.2775450414623082,-0.17481017559157258,0.11273595742673825,0.004249820306941231,0.06204575190152585,0.08449327203346117,-0.05699177007117167,
