# Pesos da Rede Treinada TxH=  0.8999999999999999 TxOut=0.09
12,18,12
12,18
0.6012689894563346,-0.7799097176638702,-0.7208270069440197,-0.7678841241228638,-0.8520027194354296,-0.6101246700496049,-0.6557759262316741,-0.77434353792071,-0.520163566516038,-0.6672881417587808,-0.8549715768716107,-0.5202078417049939,-0.8539161442359862,-0.5179141404945757,-0.7598765967699849,-0.7920188707820697,-0.7776957890336558,1.0424643937907994,
-0.08713940632263929,-0.3903526321662596,-0.6629799486799002,-0.45847122465295337,-0.22927023460059814,-0.5065168231853893,-0.13146291443549457,-0.2509207440442088,-0.6111287048481343,-0.09951870230698671,-0.6760158425060814,-0.17602692401591943,-0.1586809286834345,-0.06002979447164297,-0.365462282117928,-0.5867616787721267,-0.30281653631725314,0.2517084714227454,
-0.015408886480703765,-0.40348811118354766,-0.47176218835611994,-0.3240765718373021,-0.39320212468089,-0.2339737349029474,-0.1998662103583309,-0.45007136057841096,-0.71052423543731,-0.19426477705681142,-0.5381169231699724,-0.40076116386494937,-0.17485207002250097,-0.26315575952602943,0.01038748592251583,-0.18793253855899703,-0.3927485461433441,0.17347754435702428,
0.5123801345287917,-0.36987646767988125,-0.6067501905080852,-0.6544122566684287,-0.5102231562197788,-0.2700778803451308,-0.7751590005488047,-0.8997131204192204,-0.8948241971857203,-0.6833768146933817,-0.8280100072245291,-0.7620651723819738,-0.32252079716269866,-0.4845151792245712,-0.5198112286725393,-0.8909133110893763,-0.7607730911373464,1.0954811454642193,
0.7687382552145188,-0.9610113391361746,-0.7741869892742712,-0.6039318679627547,-0.9489881163271092,-0.41965079824712853,-1.0527976554210496,-0.946933540903509,-0.7706100689531811,-0.7629096231902018,-0.9371857121801546,-0.6635387319730065,-0.5207944731086306,-0.621404276858755,-0.8891071071497528,-1.0431102555256448,-0.6782967907523013,1.2416740659199694,
0.38942386937136375,-0.5678221045076544,-0.7505007359809637,-0.770556292630566,-0.7429612560176215,-0.3069320528748362,-0.33752154144225,-0.34761218340102207,-0.48312507388449655,-0.4095436717169656,-0.42030660790663565,-0.3731046855924918,-0.7594249000987375,-0.4082763657289279,-0.3770270776722392,-0.29828394501106187,-0.6212065696362583,0.2130637049934559,
0.3645303141835483,-0.8824027485323953,-0.7542615835630945,-0.6279041946321772,-0.7750359098392856,-0.4681078054312053,-0.6888002502193825,-0.44783839762837735,-0.6884148352028207,-0.722201976305038,-0.8514692995028597,-0.8010759042558722,-0.5088642167276693,-0.6158462656897646,-0.8078220946874891,-0.5919720454227588,-0.5355798774201339,0.504908687443366,
-0.313338909164896,-0.09604279713820786,-0.030224683594926617,-0.034521021526865536,-0.08860484006350375,-0.5971160044711921,-0.3431725068756885,-0.30265908018129656,-0.4621626293735825,-0.4595448907713716,-0.30445137733879324,-0.33243444470864913,-0.4383416868567555,-0.42880458806364913,-0.4176081536526286,-0.4015436909093364,-0.2734564943939388,-0.4675103314882563,
-0.15919234177732894,-0.09119774968425845,-0.19011668329287493,-0.41858533556816313,-0.2034616181214651,-0.6886199179044037,-0.10373046033472158,-0.1761516376566791,-0.15328376487748002,-0.6030028976536771,-0.21320053511700152,-0.555218037033128,-0.49330365825893535,-0.45968266711615235,-0.3204242801928214,-0.2785679828802812,-0.21453147844348136,-0.0374679988241943,
0.07074049432717153,-0.5509664369419067,-0.44744766968076843,-0.297120775605453,-0.627090329514286,-0.42723588003635604,-0.5969528563867104,-0.12419579529442669,-0.3060260836217422,-0.26731771949635635,-0.24196780213945412,-0.3865378224464765,-0.3883198819940953,-0.5761384716577687,-0.37311453378146914,-0.17138584211841457,-0.2898044674189431,0.051294578381266914,
0.10953233948237437,-0.31978859326298575,-0.3283397728078358,-0.19361571989530144,-0.2144619452417601,-0.555560751415357,-0.29735628026038924,-0.585947543981259,-0.19837862336502163,-0.2827326569479114,-0.34137595159538126,-0.14503231201331918,-0.4785381938294543,-0.6727491498160962,-0.19842180315143143,-0.5542465251376317,-0.5340237887699102,0.30052978498292104,
-0.10172390848850793,-0.2480822211149892,-0.26565281522022827,-0.5898807576178439,-0.37904240389358346,-0.6523418411452931,-0.5264578200000233,-0.5247621050289962,-0.29826996599703814,-0.4172015031285229,-0.0136056659099246,-0.4353030577853575,-0.3569005568585635,-0.3891635481302114,-0.6118429380224382,-0.20128450665541958,-0.32853929736545,0.08141077379364163,
18,12
0.15009413477893366,0.12845012790918803,0.07953525430818825,0.06110032416323859,0.07208776224638681,0.22467646234576905,0.14643245946617248,0.21578572887304906,0.22459673193394558,0.24022176920447408,0.2649713357520706,0.20217111101585533,
-0.2623733581217001,-0.039204116856372616,5.83928656839596E-4,-0.09794810075019593,-0.18051637278488614,-0.31678460129487696,-0.2429620193472713,-0.4815021258841647,-0.35112572936023534,-0.2880455194021023,-0.09922265807046031,-0.018811377680955196,
-0.12147624419256786,-0.03450319881805785,-0.4421783073940948,-0.3384638835004951,-0.19327135137854587,-0.26742346889077045,-0.1237390107840922,-0.17147435841010256,-0.1564758952398947,-0.377501252192037,-0.2539474156896466,-0.5282574232272516,
0.030610079766498547,-0.10256558372658778,-0.23985023670784278,-0.09453246088367723,-0.1294617469196041,-0.1501127800137879,-0.30077551125306146,-0.04263396929364532,-0.22279703305891507,-0.48631369411702097,-0.32739627026173096,-0.293309664067484,
-0.2702188754782227,-0.3106776831943148,-0.20362546702710088,-0.48656408098707093,-0.29833041314766845,-0.26328442785881184,-0.1786122083811532,-0.3500221030694209,-0.1875045062163965,-0.15668140924421697,-0.1707995134701585,-0.14122305952354453,
-0.11317051634158798,-0.24404432498230524,-0.21603337310563703,-0.26122324970368077,-0.26633179477330915,-0.08861351711780026,-0.18068361571264832,-0.0943661722783524,-0.2508304122883442,-0.2355734972646072,-0.08973668260149831,-0.2553874590559588,
-0.23812532055298713,-0.35026742047216886,0.07018264728547129,-0.13083447545740864,-0.25058327290170773,-0.21703260026323776,-0.16322894862745152,-0.49151783665672727,-0.3156211419275492,-0.22489365574360362,-0.35656357227486735,-0.2987062049240544,
-0.37397250078650424,-0.29155118573159733,-0.1050880441021515,-0.03943777342329582,-0.24531789769918988,-0.1130996376642728,-0.3228131584205423,-0.23942084101675185,-0.4172885102460988,-0.12544032185459664,-0.23542323329321774,-0.36869210754100207,
-0.4717032580034619,-0.2251149854473461,-0.3736843755363019,-0.2435176465654429,-0.38610466686324346,-0.37997747833318013,-0.14778800642795195,-0.10122277531023877,-0.28456685854746433,-0.12669231246665047,-0.19840061538945045,-0.2094174779079592,
-0.16762784260935373,-0.08730548034211269,-0.3192720444939415,-0.039040559749204534,0.08997967099456905,-0.17846288875517854,-0.3678716952238619,-0.14520753705234354,-0.1883886943816578,-0.05061872990200869,-0.3377447757252688,-0.25228621109486443,
-0.19397640309505015,-0.3652706797586634,-0.3624822641183367,-0.4235759975114527,-0.3406892816050968,-0.331301402636228,-0.3784380834525094,-0.4255472559705572,-0.11413365048729164,-0.33426815107950714,-0.23498337189207932,-0.23677376505674433,
-0.1514640932465751,-0.059741100083348896,-0.0019415342423631894,0.02209816822129796,-0.22355687002827762,-0.28779447742489606,-0.05465489428547946,-0.21672794061047168,-0.3477324269833293,-0.3974934420825308,-0.08511930956993906,-0.3294516724652094,
-0.33134092364389023,-0.0726092122721244,0.02522565542781756,-0.156871373729752,0.0012415587829451248,-0.3493736444135814,-1.2577152963769254E-4,-0.25252897228409077,-0.26717320199942357,-0.06418313808779831,-0.21839254846759582,-0.3552529650725375,
-0.25788406206492465,-0.11925409258006407,-0.2784433670712083,-0.1435186351070189,-0.056128306299437256,-0.11681605904465635,0.01157982455078672,-0.12494589720511914,-0.2595692924091629,-0.28425875992982474,-0.26916711606225296,-0.09286220899430282,
-0.16934446554915314,-0.35383425899119997,0.04816372750642242,-0.0968185681203474,-0.23832939776384024,-0.2779091895830961,-0.18979955929923617,-0.12739603298748853,-0.23154287753746122,-0.2275490125892998,-0.5384156567564208,-0.09977284624986002,
-0.3656482395178554,-0.307328335462163,-0.2792204601520599,-0.2547454625812815,-0.1263535398826181,-0.28050394872688134,-0.37259251489978296,-0.28747055008205125,-0.1975325595047665,-0.3211274931157782,-0.4361657550494591,-0.27138700451422365,
-0.05545020016717416,-0.14939620960612388,-0.12604795243486527,-0.049959848324675246,-0.20932581129264174,-0.23353722598169793,-0.3000826786281884,-0.47420852373388156,-0.1251613337768208,-0.3462105338338216,-0.41169501705598366,-0.03248098377337863,
0.6846474060853593,0.5620418782278664,0.6976872140533295,0.6751093513940434,0.7597833743260679,0.5948135446832694,0.7747189059064782,0.6847372481500256,0.6837008472200882,0.7249268682886751,0.6521340236633197,0.707155379821444,
