# Pesos da Rede Treinada TxH=  0.7 TxOut=0.09
12,15,12
12,15
-0.4330091027273475,-0.6906496846065217,-0.6773354344779856,-0.7963247791941515,-1.1170795475385178,-0.8532460138636033,-0.5728142898919687,-0.5284237124785914,-0.5227825633372896,-0.7598795886603199,-0.6215429367066772,1.0131120786951002,1.0574087099504745,-0.6125952868107292,-0.7587340344476674,
-0.06477363874599458,-0.0849142574203161,-0.19574699250372127,-0.40347591189407217,-0.281497301033354,-0.4886410914212479,-0.17906245743878454,-0.11055719163601854,-0.013898436216011676,-0.3493238230427373,-0.499792153535728,-0.002054674609803679,0.027874701148872368,-0.13158406540586917,0.015427558560014078,
-0.35703245254595395,-0.1780806483661417,-0.2481015023114301,-0.3490678642962278,-0.45343474633918784,-0.4901819665969445,-0.4882796975868707,0.05767602074599623,-0.18738626868435096,-0.3334405818084143,-0.26914509108207485,-0.2574395931238418,0.04351363207868254,-0.32143033457778203,0.007035349172974097,
-0.6843507906083083,-0.8797597057615473,-0.5922906416435406,-0.48531636495275815,-0.9374241869630333,-0.8195878198933958,-0.874341301657873,-0.4644978520081631,-0.5038336210688088,-0.6334723716116675,-0.835975003302392,0.547431211936482,1.1535742362090684,-0.7918924272487946,-0.7987851779474496,
-0.8002632338729725,-1.1749448024864018,-0.9705402899588159,-0.8925866427827036,-0.8304067838689835,-0.6177311614372508,-0.6171931802993187,-0.5498812551936662,-0.7024230679139132,-0.8655375760840356,-1.0255586448618519,0.8887522825477536,1.3294112306752488,-0.539022289917898,-0.8573667049365838,
-0.3568189025528685,-0.5386852359797852,-0.5971684329666337,-0.5292270010157292,-0.3635037876058675,-0.5857483216425697,-0.6947845534732813,-0.46009921880142657,-0.3417896211675331,-0.4964653916028302,-0.33380848118963696,0.48932886588344754,0.5819954326230029,-0.2853783445085995,-0.3985148276268554,
-0.4571792060791716,-0.8585862740653867,-0.5505934952888638,-0.9459362631945303,-0.87636221497363,-0.6295304038991865,-0.7686739209047625,-0.4890972524328494,-0.6964704250341905,-0.5163041498328542,-0.7702171107465269,0.8721026605938791,0.6714651729852312,-0.7827425884664011,-0.9655651800960244,
-0.08738685663125004,-0.019210055533849135,-0.3393851116178637,0.10682668614247674,-0.011122315630562455,-0.32618538878158904,-0.22912885592578014,-0.4154056154413565,-0.31309849152170555,-0.25470528706387874,-0.18264923531664196,-0.16691198229152396,-0.4094719010690919,-0.23619808574070478,-0.189659099978296,
-0.5294435579609901,-0.08267136602756063,-0.3808546260589383,-0.16062857121895327,-0.09479344171323266,-0.23663413686872656,-0.20363124429678425,-0.645159680440668,-0.3758740495756846,-0.1660443619230549,-0.13224606231819208,-0.2949800963497651,0.17211916965605223,-0.5157835560555556,-0.3481186946068953,
-0.5927557479837877,-0.5610767785469692,-0.2877719109079658,-0.4064780525266547,-0.23996281038602071,-0.22287269203369692,-0.31235718143376157,-0.5705595153160923,-0.5354977823322479,-0.17204080421153625,-0.17237077750479057,2.913226664956921E-4,0.1445593960307027,-0.23279854119668386,-0.3917060109811298,
-0.5317790485536525,-0.17444179586927344,-0.21069940467728318,-0.5040141250050812,-0.36893204743483066,-0.13491695652830055,-0.5826040459925632,-0.32074742301022313,-0.77239757564095,-0.6333555703688151,-0.4111587325985784,-0.030374423751008694,0.389743692851765,-0.42819891013516953,-0.5833988495931031,
-0.5094615029195722,-0.4412715151109455,-0.5138693446182716,-0.27023013140280466,-0.24048690239563833,-0.4119222697594706,-0.1980742685235661,-0.6844594561777281,-0.3148786696980058,-0.2648794597951158,-0.5377152359927405,0.30326193744324503,0.2886851948582644,-0.42409925761388656,-0.2714933202977858,
15,12
-0.26598501254107454,-0.4082821652009817,-0.010929795000869194,-0.07483424783062265,-0.44816991577582377,-0.14185071493757037,-0.13768212425666798,-0.11249388241190039,-0.3744175228706139,-0.3625320692480482,-0.15718711110115116,-0.32383310410097926,
-0.39559038572141775,-0.061497162921736424,-0.3304476661528659,-0.2893244835712265,-0.4624684404684834,-0.19186211792315852,-0.1782303098899119,-0.5384175660850918,-0.1570854445651198,-0.20830848945203478,-0.3925755030286789,-0.3860869888623805,
-0.3783452526502225,-0.032838060525263175,-0.28101781446307117,-0.12478180166865932,-0.26460563945411275,-0.3747173518763109,-0.30702328512263594,-0.3748756471719386,-0.1769980572303058,-0.27682615581999254,-0.19727865918949772,-0.3729157571745993,
-0.12218162939153493,-0.3153965667760526,-0.29141373175221186,-0.2940408812647882,8.243177695376518E-4,-0.244338445988432,-0.38832169939157535,-0.5586112801421874,-0.3403495122074498,-0.18899929076534816,-0.44785007655601483,-0.15034870079217547,
-0.2203004251706025,-0.428130838413237,-0.4487230566178608,-0.44191040401894516,-0.27661017452553405,-0.34554193163915936,-0.2346617431299923,-0.4873831791702126,-0.19383471904375021,-0.2420522380992479,-0.2949387814284845,-0.24271910942699484,
-0.4238202974578937,-0.4417928998495899,-0.3744218443947124,-0.5033480170504595,-0.49055769545444644,-0.3105887245108108,-0.26021177861090067,-0.16177340850966834,-0.1810500816711068,-0.31680043384187184,-0.1773799210604521,-0.11282745248476077,
-0.2037760903715554,-0.2714615038672232,-0.40281469201788045,-0.4015470671416887,-0.5809122674281144,-0.2907710253717783,-0.18801086726366287,-0.35241210634802905,-0.19322817073273615,-0.20602754582485536,-0.17223577205276766,-0.33408566744154516,
-0.09541114529956182,-0.01526847990660561,0.11750666663004569,-0.1107255533186018,-0.34934773726322227,-0.14618231026553155,-0.4115384524115757,-0.12258018148722752,-0.31716183251106045,-0.3447372161668353,-0.32130662304416824,-0.07784574257314081,
-0.3027964930206608,-0.1570076611567794,-0.2034921025065622,-0.330902336238148,-0.19365571014748675,-0.14436236031261554,-0.309948030932177,-0.1476667280609728,-0.05775432920534973,-0.20225267748508913,-0.2567889609446757,-0.26310863206490337,
-0.05878500746834981,-0.14997659753026743,-0.27958467062167786,-0.1800477666000592,0.05990721683994025,-0.43844042332574057,-0.3232313550056408,-0.04513853692465286,-0.2976523594264834,-0.3487620279081715,-0.2752646841052976,-0.409354366063391,
-0.26191396146802537,-0.3754238035632409,-0.27522629648831476,-0.2136496780820827,-0.3192720732086655,-0.2248234369733312,-0.4241814660566996,-0.3221975113842505,-0.22676229702870462,-0.3839109345147858,-0.1589423024325476,-0.5485565393850032,
0.18558414402166332,0.12704901958012743,-0.026120467204484132,0.12190393076314635,0.18933590582555704,0.29781578621406624,0.30356258991002466,0.29456169407311517,0.3959690187145203,0.3773123022716574,0.4133744056414903,0.283725958462997,
0.6436801840034333,0.6044723171901448,0.7842144723518123,0.6692390894075042,0.6665340830500134,0.5516289226198179,0.5669640409594122,0.5980385744166563,0.5053179524847587,0.5565766317215847,0.5117622342251114,0.6091827903110001,
-0.3120331805505323,-0.034933062972288736,-0.2241282768393975,0.13702854544606002,-0.07250032742325378,-0.3644633259609706,0.0025997901218226954,-0.32363164509373094,-0.4310981287162802,-0.2770899272204629,-0.37749533661076756,-0.14138366920130743,
-0.4088659480636049,-0.27489239771134427,-0.2269559919093089,-0.368866612235259,0.010050558121564964,-0.10758481956743253,-0.32045262730226537,-0.08358370010726841,-0.5743286238959764,-0.34653432813660734,-0.39043454368053165,-0.19576454428718168,
