# Pesos da Rede Treinada TxH=  0.9999999999999999 TxOut=0.02
12,13,12
12,13
-1.9863347586599769,4.619727223059157,-2.168419249542102,-4.09157959899596,-1.1457420371911564,-2.364914228524745,-1.3939962699106856,-2.686759135332454,-1.9252488390058486,-2.887858152289649,-2.391974612356641,-2.625237435683207,-0.9870774765181001,
-2.059447276709072,3.3704325756924827,-2.0273244446831464,0.6736346145937054,-2.5726984649358844,-2.4027685895910618,-2.1054013895689274,-2.422855333784522,-1.7726049399954382,-2.3309451483884684,-2.332701001676979,-2.6228757638971025,-1.6911483072860538,
-2.1140095850585903,3.840798511112534,-2.5281909309459576,1.2149226261323955,-3.09137454846941,-2.8885622758825833,-2.7682709942799772,-2.980335055911125,-1.9421430646464364,-2.970504024629359,-2.7673846358704126,-2.952342511603239,-2.5370720484899163,
-2.322576875792882,4.021716943837099,-2.4375671763196793,-0.2327443712943496,-2.8012373519920724,-2.703512325244786,-2.357513427246273,-2.6943442173247703,-2.048028182124759,-2.7775252833836426,-2.8001412181632417,-2.720467181360141,-2.347400920336616,
-2.503806929623165,4.017995018251632,-2.402898626731278,-0.16030380131084931,-3.2567447683220276,-2.625261573572581,-2.7985591360092013,-2.9753234025489945,-2.0749452032259286,-3.0359342024160667,-2.722334503794722,-3.016549102976743,-2.633316963686045,
-2.6270073590751477,3.3900147369908913,-2.520117898887661,0.840423242335896,-3.6304345538158183,-2.821905875421821,-3.352674121265939,-3.320525660337094,-2.1073808586130034,-2.7779424799052683,-2.9490240510537897,-3.2416562298923957,-2.735438147514309,
-2.6055530866126237,4.322940706539152,-2.600988033885391,-0.6181774582340294,-2.8393394956268954,-2.9278578030325573,-2.448139281114854,-3.0730779161503006,-1.79157888010286,-2.346596497964628,-2.58137191264871,-3.1244084081719192,-2.17184089031027,
-2.5207877179714,3.9652137723754426,-2.6997499841016883,1.5886883195922368,-2.888933367187702,-2.836023659747326,-2.6623719791647935,-2.906663943371515,-1.9801853692802562,-2.438000848969349,-2.677504419483075,-3.3969363143534,-2.0170803373834674,
-2.5917951993010564,4.207129031633121,-2.3567681141117474,1.1595768430768756,-2.5160332166808193,-3.0215746380195148,-2.4587923997346692,-2.958641080789014,-2.0751798278362177,-2.6449360633824472,-2.941564082396699,-3.256589610387457,-1.8127933690472087,
-2.284041457589023,4.636720099021147,-2.444031128069768,0.7592756510259552,-2.214089124514976,-2.911330151483358,-2.1220765696725605,-3.141055740889517,-2.039661373826856,-2.8274530697492484,-2.8810384157486673,-3.3899863871887708,-1.6986586937571986,
-2.274137440445231,4.193904367799554,-2.7830893702633905,-0.4417463420055067,-2.592789524988185,-2.6526901000070473,-1.9863800459836694,-2.8541440227085757,-1.866943835785091,-2.7842208035460323,-2.846968263486921,-3.2594497210444517,-1.888725305457166,
-2.780943444673498,3.3993749667937716,-2.869017052629223,3.5260821370862714,-4.32463863117867,-3.062980791112216,-3.927205963197619,-3.185254126150089,-1.9344414272256467,-2.7508498083481,-3.105133637971991,-3.499746004993001,-3.027767692667653,
13,12
0.14260079613889207,0.03185125841076285,0.0022085004273459264,0.1758859804674946,-0.020128173508213647,-0.07796554562329483,0.09603767607316616,0.1468267944506369,0.021714583872874216,-0.005455513303586504,-0.11088826439725451,0.15793707519955508,
0.6021843589025341,0.5224420490562457,0.580823363731027,0.5621951349457728,0.6029950387918809,0.6123402707779999,0.6312000722986436,0.6499867586758648,0.6514867179842481,0.6769021074357512,0.661334688507724,0.6629605558618925,
0.12828003856119635,0.03722585154373324,0.11211977089016104,-0.0028120379076144075,0.06755731231747879,-0.015504000833249388,0.3322456225131752,0.09280601734264746,0.055002626738320896,-0.04768152215157708,0.20491880808175583,-0.09633027375618536,
0.09266735477243855,0.07757920929377271,0.08638534082088574,0.08258344506882104,0.08946548195134235,0.09514671509878386,0.09928341535717863,0.10184788752649675,0.10422819423557043,0.10781919695662574,0.10537695454889034,0.10436377049018122,
0.3616472205842888,0.3201180755710123,0.35667636787977414,0.3515122425018137,0.37362641723809875,0.3628121815778212,0.37117387871022006,0.38453792204816684,0.37951800235385075,0.3903197394184615,0.38571154656624207,0.397118552178354,
0.305968888699988,0.3369324180079643,0.24285121789973882,0.2745058879083352,0.3519052160544937,0.20985511607109558,0.09928307720587425,0.12085368876167549,0.22659538755135564,0.19564188445841232,0.14331570723887135,0.09766516193776674,
0.11194610252519883,0.15247153547445497,0.14533933476691302,0.06964924488835135,0.08490629725205749,0.1752637019097011,0.13991161308788688,0.12692708175354814,0.17649798413357048,0.1312898450587507,0.11292898056088524,0.16810175048078077,
0.2772182222392908,0.2841682335638866,0.36990276859430765,0.27889951048724937,0.31737665647993785,0.42822684511490433,0.43062817786793905,0.27175864285867213,0.42847531686308615,0.37932538118741915,0.34513696193354526,0.3678884456501983,
-0.2568200572758499,0.1323964725970622,-0.06585838126534897,-0.22742474232596316,0.1899228876763853,0.23973101391378274,-0.21561110784428686,-0.00289628507025961,-0.10255695248529902,0.10521434899215991,-0.1247833776183776,-0.06410458289598132,
0.2033169195316456,0.029678328155962445,0.29127545676481353,0.33620192096211504,0.3236851525005264,0.00817545597887836,0.0816392362070291,0.1667894394387226,0.19403615235760702,0.12986092008377592,0.28117699809409313,0.09536360891473399,
0.13563123309209096,0.055085455623519235,0.2867450756774743,0.11889121152905376,0.13665459696075136,0.21953802488860227,0.061153762984763944,0.2936926897967072,0.3146956097400117,0.24317329541640162,0.20520871612778874,0.24110229024047167,
0.5454996851288052,0.512109890494917,0.5525214687579648,0.5434393923186094,0.5706649598631195,0.5805932256401524,0.6364615392764768,0.5501714669989676,0.5909617066926377,0.6290538724585963,0.6514441331282789,0.6279075685145048,
-0.07855074910145529,0.0426978152468018,0.050280153921912187,0.03685410963825362,-0.009910376009400803,0.03527695503737166,-0.02851551150782373,-0.029289011000214613,-0.0364829135006191,0.058285324121872296,0.031126693513993674,0.04777985631297123,
