# Pesos da Rede Treinada TxH=  0.30000000000000004 TxOut=0.09999999999999999
12,21,12
12,21
-0.38858297142943404,-0.4805674904658959,-0.5488933174527642,-0.36191584868810467,-0.5247290435879052,-0.553171660803328,-0.46807735036123566,-0.4437050219770413,-0.35135510285448557,-0.4458508895119751,-0.5042606049936427,-0.21756538072689516,0.9405457175750731,-0.5876586428069599,-0.1570275066186459,-0.4234909309773356,-0.06233353264954407,-0.4123335428853873,-0.052387462733754525,-0.33613640572895714,-0.30009596881470835,
-0.17094448185521793,-0.3009222237015974,-0.48117499604850106,-0.43421529386224256,-0.14434023806286192,-0.14269292461645525,-0.06547034660367124,-0.3714738045806109,-0.19237430784292953,-0.023819544599320792,-0.43291857179228915,-0.2693595529571287,0.43908823741687386,-0.07136523005130489,-0.3255500070857912,-0.018361500949534242,-0.22577739818843334,-0.21271461399792427,-0.15824824143430302,-0.10623293082941937,0.049758849337204,
-0.4312080352607073,-0.31380421423549515,-0.2753450497078195,-0.5863538930861436,-0.2710419642026511,-0.3165982100568545,-0.3893214811941631,-0.507504817495757,0.0070202459896902165,-0.4681490355971774,-0.268031847446025,-0.09040238044038623,0.5296045565105456,-0.3711072966943219,-0.051390930130375115,-0.2061833887406811,0.06176379571474088,-0.268064141225386,-0.14915032951172044,-0.2913581069930144,0.0924636701169381,
-0.5897021325803259,-0.31673763763346025,-0.16631773411001424,-0.15701309646255932,-0.32103878035290623,-0.040897018697981354,-0.24606088356895017,-0.33161794360475483,-0.016304866597363285,-0.4811046890323303,-0.261084845242509,-0.42243470659919047,0.8020680977832653,-0.07707292013332337,-0.30173464391092253,-0.010331428170822526,-0.3046318775534507,-0.36313171858508464,-0.2573409229761684,-0.3585387168217396,-0.3362641718230999,
-0.2868014942327838,-0.22621023583253227,-0.13829851835858903,-0.4412677491817885,-0.3304557326350372,-0.16366115039567788,-0.011872858475771426,-0.5665075237535236,-0.3140639294457597,-0.09461117676143896,-0.3602638449958483,-0.25779266786587907,0.8634487428597217,-0.4627347710709883,-0.4837618488998552,-0.2897267170635711,-0.18449278803760868,-0.15083811166049285,-0.25744593537644744,-0.23623219673054244,-0.40123632697628786,
-0.3793624195534863,-0.5213456827558114,-0.19934977494379932,-0.25860779372819753,-0.6758884828000403,-0.3931349836686873,-0.348919907846262,-0.21595228941192376,-0.5232315106423091,-0.16917655853577213,-0.25180153851138587,-0.41329611650275166,0.9949633288506656,-0.2292210086437292,-0.1862718457828879,-0.19506741574409814,-0.5346794066293395,-0.5694287865376061,-0.12494301323043575,-0.48548017805237476,-0.14114398985342796,
-0.4320454478117479,-0.4197589069969303,-0.4885425050721906,-0.5910907892927527,-0.25502364818098344,-0.39731343747022335,-0.5966420777637044,-0.25769213408676545,-0.5343691913317808,-0.20029376607926125,-0.5818554651123308,-0.6397227723770113,1.0033202998880224,-0.5340288701780503,-0.18389557606271062,-0.4693472585268177,-0.2935065928293362,-0.612128256693906,-0.4344768663022021,-0.3767907048157741,-0.27911897637188465,
-0.3802623974879832,-0.12357877166393726,-0.6251101381990095,-0.30483878326975555,-0.5838068223499943,-0.6162844375048082,-0.5237971631104029,-0.23223318185102748,-0.5460264720212332,-0.6340074723327693,-0.30579323651006646,-0.635547619962451,0.8177423290691195,-0.358205765012966,-0.24763289507912617,-0.44321682584794747,-0.4851176467977651,-0.5215323608378866,-0.5867779826452403,-0.42192017509115337,-0.5230263275386438,
-0.491261420382041,-0.592847281011098,-0.4601662157119816,-0.47436489834630496,-0.3066473005599998,-0.23637235528242723,-0.3752942024238277,-0.4689901113170771,-0.49722806173290923,-0.3016280880140809,-0.5127743579417623,-0.359801026042572,1.1225147590102094,-0.42924551021382434,-0.6536935398355844,-0.5569384205161758,-0.4870570268409555,-0.34615056539446526,-0.5390313481030072,-0.3209312530762147,-0.6640399555821614,
-0.3106341644661887,-0.30249614937232017,-0.20913849871004425,-0.4575895747104172,-0.27974263665361615,-0.43853402722162965,-0.4720091038241485,-0.5393015155993979,-0.2857467560680774,-0.34669348788912907,-0.2777624018317786,-0.3229891381634944,1.0701265965326479,-0.3646523648987019,-0.49447106555134807,-0.5881616685318084,-0.6207099115413868,-0.4537237873626116,-0.5210280405346668,-0.4101042727630032,-0.5060855351552895,
-0.6616855560420507,-0.22779508197853604,-0.5853423729626757,-0.37893245168381073,-0.5270685399682427,-0.43842210081102834,-0.23397225108565414,-0.6275997995853605,-0.32127805279852634,-0.6636131026532126,-0.4102691054129324,-0.5181941755110143,0.9326392794599146,-0.28733632811520293,-0.5545388382681106,-0.31936576336794514,-0.5891375385642872,-0.33099518332000183,-0.4081208186176319,-0.2268155075449588,-0.5677793661904774,
-0.378253855840883,-0.39770727321407645,-0.6153190156610632,-0.43332084690512773,-0.6680035799665555,-0.6017393215344025,-0.37850087946913885,-0.5502044965897124,-0.5378546464349526,-0.5398923626529535,-0.5257387728250826,-0.27641711682607645,0.9526492238634672,-0.5515748981580257,-0.5116774513749708,-0.5367399530998671,-0.37177614772007367,-0.7101881540358437,-0.5927272956430186,-0.601386366390872,-0.4596772814930939,
21,12
0.11600955338882646,-0.04761454437741753,0.13452815176923436,-0.27790355110357073,0.14794383407578626,-0.20882322780813825,-0.18649561548558607,0.009525461298368664,0.08231932790392764,-0.0149976373475421,-0.11121269759501297,-0.2532861347538195,
0.09548905190389256,0.03961719135748744,-0.2239812156134905,-0.24642164077361836,-0.3043717521461176,0.0950062147912565,-0.21074953473798677,-0.07703408330270635,-0.2020300356800195,-0.2516190820583168,0.005641871426335939,-0.3684696322228339,
-0.30623149976163844,-0.014979205593636528,-0.09273737989380329,0.09859878539376643,-0.3132311659541475,0.017944323500332267,-0.06267805805262652,-0.013977680663394942,0.05528618330362696,-0.007780885396875173,-0.1537060180683848,0.07835232052889222,
0.07784137607268528,-0.008451550401939087,0.03856104126260689,-0.17526967648788783,0.1893781319418336,-0.07107016285680225,-0.17596128705884823,-0.23406435353048904,0.0209470584973793,0.04025220632528787,-0.06554860969293112,-0.23036999296150862,
0.06684532683644359,-0.1308720981056504,0.002779751621413291,-0.08584817696224485,-0.15381430126935514,-0.1008694588794568,0.08025553001804989,-0.06946588045519267,-0.06853601605552632,0.03832634775480138,-0.08325947359456595,-0.13164648471467427,
0.1048258838820299,-0.3350031241194979,-0.19808107003654538,0.03757231267581549,0.006375106705996134,-0.3180151290028999,-0.24753402318817558,0.14913966893705344,-0.18468583115019618,-0.05846808732391748,-0.1154616529337291,0.0025323908156516736,
-0.06566250923654887,-0.06191138191992858,-0.4022269866064303,-0.10047642559856719,-0.22878895089933668,-0.2700879582570466,-0.14826092304203953,-0.11962726967164283,0.03482127422962125,-0.30722722568800864,-0.30473930701306706,0.09617926189238533,
0.033470814307477725,0.1368369061747639,-0.09859720829685348,0.08169870488138263,-0.2691127580846739,0.09195389924600035,-0.09196808899153362,-0.09375126151080428,0.05191087380621641,0.051959107351390976,-0.1835033431267341,-0.09849444310432985,
-0.3177020645960223,-0.2375972254978042,-0.048910299037362,-0.30846340409235595,-0.03524478518229763,-0.13186825915440947,0.07835393820339966,-0.2970721847714795,-0.29409062821433013,-0.14918349689488386,-0.05263564621606927,-0.399694549270026,
-0.03471352218665461,-0.2908042946769718,0.06321280333341771,-0.25014080144673345,0.11499060731189112,-0.12992455722126375,-0.19388984904561488,-0.15259206855485458,-0.26117039369512657,-0.010164925720708392,-0.08701753273311938,0.11815379948368081,
-0.06987062025548291,0.09739324472047019,-0.2650083968753463,-0.25243562949534426,-0.14956477511194854,-0.1282960816868592,0.10565481771003539,0.004485019381548027,-0.17761878555873245,-0.20016892943908085,0.21279942472199984,-0.04931492463966143,
-0.1912570669970558,-0.0970515651497632,0.002004466584314283,-0.20005197605343109,-0.16543515636774112,0.12715955969454357,-0.09094741854427575,-0.0689077957128575,0.03203358844599864,-0.28383026051465754,0.07316167568840172,-0.23197754388410588,
0.8188925820240609,0.7079944575915754,0.7951553146308572,0.7408406896650981,0.796865248950451,0.8100510632677627,0.8322509802192968,0.853500925422253,0.8412914450585702,0.8967460560414224,0.8874090865934368,0.8587968563519128,
-0.23309689168444334,-0.09208673801797576,0.046911588630679256,0.19708999029639962,-0.32099706875592054,0.09386783089973005,-0.13738626251148378,-0.06538670372507153,-0.2444422543790346,-0.05511531257090145,-0.2503661179648267,-0.009050753544669204,
-0.35440387133485196,-0.010895468270294794,-0.009333630328658154,-0.2625426633733066,-0.30608157706652234,-0.1474623026500529,-0.17376008695541859,0.03490564641134033,-0.10274157815714066,-0.21723910642950173,-0.12362505034057657,0.1104523514364398,
-0.21501683944996555,-0.020003932216542605,-0.21289302296364762,0.02130797743565471,-0.1293838091548022,-0.22863281809997751,-0.28958824893080665,-0.19803952700862343,-0.19945362787455162,-0.042788321772378846,-0.4476292189317506,-0.17335435975364277,
-0.1625235806374908,-0.3640060926959069,-0.1010091636365134,0.07654171488616565,0.001533716557436411,-0.17178883427856764,-0.06862611842602345,-0.2922489389176086,-0.26625029285650836,-0.44065022557137806,-0.25908596905908243,-0.05477800228359274,
-0.34858722466852654,-0.23453291406907825,-0.16665028934136034,-0.04496148969543718,0.0265603147976316,-0.05215065686910001,0.2089094247767908,-0.13985256564746534,-0.04289000902685726,-0.13760629111686418,0.19087617028758466,0.093127896049104,
-0.0829309991416281,-0.1988975480797252,-0.3555329402317574,-0.1553867021557832,0.029014526887585643,-0.3015719130763276,0.047377749173785795,-0.306019607175162,-0.06100269779956028,-0.20314480761613649,-0.296227956431415,-0.17788763969725196,
-0.06204988321244835,-0.09985123131993294,-0.03334792300517294,-0.013115048879212379,-0.11362507662384518,-0.2859545063434338,-0.34241453890025053,-0.2767391185616574,-0.22582240003820947,-0.012096434915188707,-0.18357216363869436,-0.34138592511988647,
-0.3027319295438086,0.04167817365531325,-0.1777967586609022,-0.07370273756289752,-0.1744416741748047,-0.04606611696751491,-0.3399030355290629,-0.1624842950870272,-0.21058494144470483,-0.13383087061472435,-0.18623787500699812,-0.3087665001551923,
