# Pesos da Rede Treinada TxH=  0.8999999999999999 TxOut=0.01
12,24,12
12,24
0.5657751482519787,1.0257495516313773,0.6500603436033271,-0.4255349779404617,-0.28937867754307456,-0.40788693818149335,-0.4219983794094066,0.8402728150626555,-0.6392118000228264,0.5680654822850628,0.36737889886560415,-0.37958233489766197,-0.5874662263748446,-0.4079111157494819,-0.39824695554650397,0.6264508930798484,0.6961056884190179,-0.11889011416890821,-0.1671828853108781,-0.7642292218099558,-0.5446925797816183,0.5137870315693588,-0.2751081235271177,0.43300557742892865,
-1.2902760137984348,-1.6515920385172007,-1.4799831135281756,2.1752628393796853,1.3236364679046122,2.1140990379104325,1.95597031816616,-1.4816383385131706,1.7059095427889899,-1.678082001841503,-1.1987533111659259,2.2154752544324836,2.239666006568016,1.9258289910664343,1.7508737513030548,-1.4733673520263049,-1.589036827641416,1.9116592376837003,2.2300968068729565,2.20649088973905,2.027557758974718,-1.054745434888178,2.0491028488652234,-1.2600635565025615,
-1.6823301468337641,-1.4612227633443895,-1.4488671851232977,1.971895876607878,1.2089366293517658,2.249761028357754,1.9567340450909079,-1.7815914068281091,1.8182647908951464,-1.5984083352346752,-1.3141251832984484,2.2025660319090474,2.4886178385990316,2.320684560233632,1.7845953629921691,-1.345963675925506,-1.9049508661458732,1.9098651436271903,2.4674290725867154,2.222639823235887,2.0608845055845473,-1.4768507623373703,1.995839300572539,-1.5048302261881223,
-0.7102206609407393,-0.7097357675444834,-0.8634791506213556,1.0731333483541243,0.7643244892864779,0.765891145921802,1.0288844025158066,-0.7661153756279951,0.7136213624285205,-0.6033581480865531,-0.9036487873000912,1.1500642660913831,1.1714157829749998,0.8323342782205136,1.0188800998270675,-0.6720288030934012,-0.9965497294643761,0.7556488667310273,1.0412345035780906,1.0878068026451189,1.17966389688182,-0.367672725518098,0.9914517288259006,-0.9508626834180061,
-0.26290430141081383,-0.25231935041651926,0.09542833020703786,0.4591972016641416,0.03785740324406986,0.48711134532571165,0.4629026437173015,-0.16830373143392283,0.12687605053631065,-0.10678249922927036,-0.19621071759875422,0.03886068114845217,0.17119506651527241,0.48959183899058434,0.09927010347735886,-0.3352214030576851,0.06383861255213957,0.5437140262464646,0.312235109979483,0.3271508165527756,0.2920367221227637,-0.21730286196471948,0.1423055098889443,-0.2766779510542423,
0.3494605372524889,0.45438419792962514,0.3368903718357593,-0.4871818073949252,-0.5075136588988619,-0.7242577731431833,-0.6409452831213569,0.32426690830518806,-0.7111610504230601,0.7288270973674561,0.31247306867175134,-0.6175099982141989,-0.655967629858711,-0.7000993336832247,-0.41032526913480505,0.5379360497557335,0.6605299309714379,-0.7485595772812512,-0.8052903718373029,-0.8631254367970539,-0.6663172260994267,0.4275562143891873,-0.8335782446070384,0.18867506479592744,
1.1764272242029299,1.1855838109578818,1.0223809974815088,-1.2358917977311419,-1.0323307663056196,-1.680111199032514,-1.6829151081697,1.0038300500777069,-1.3261013393465746,1.2058354773235715,0.7421344392046464,-1.7783362634845086,-1.8391209208179375,-1.7466277235697387,-1.2792699843545607,1.0126117785875055,1.4622085261059306,-1.1846564941296345,-1.6105393389515739,-1.5177825318284244,-1.7197130759888102,0.9788711321274034,-1.50863905192174,0.8134190389852006,
-0.03217095309410579,-0.3371957655492359,-0.18501863222369536,-0.2665046554910905,0.18014297809967098,-0.016329667193460535,0.17383638787619857,-0.4156528119326198,0.1620911340295688,-0.3562463980150017,-0.2733128775495922,0.1121002355799505,0.0995486694737285,-0.14577044774944964,-0.07503376239373194,-0.3920051822348367,-0.4429173476414067,0.11332236394407375,-0.029085806554653128,0.15446090855721092,0.11148204727265135,-0.04465833451184965,0.1873806326516193,-0.07610008748277258,
1.1592537897402901,1.0641767345032094,1.1322199358492584,-1.626588948219049,-0.989051896711806,-1.5386833883403805,-1.6521324285045842,1.1644880706936112,-1.3923823376670683,0.8054545118594194,0.8893003391242487,-1.483797463352906,-1.6987852457381394,-1.3644152923627146,-1.2222918742158284,0.9389924322945913,0.9863394456844353,-1.4326115122209104,-1.683035734782863,-1.7320652944925847,-1.612853002867203,0.7103454478052657,-1.6324997612994983,0.9364908968810328,
0.9953845199981183,1.0608482010932145,1.2362913453344293,-1.2984528954947274,-0.9821379659240667,-1.4690302951580767,-1.6288090386310323,1.0369878648122017,-1.1688051343519466,0.9513161391087368,0.6750970239701903,-1.73635586166294,-1.5576077130530328,-1.6229872602178583,-1.348244343032909,0.7309427920399871,1.3461249839195109,-1.2873837214172976,-1.4300950449389762,-1.5834406894097592,-1.5413416524101968,0.7700318056385047,-1.636978849719102,1.1370215861381376,
1.0746640576794664,0.8844132332523063,0.7662844874493815,-1.1136533774787247,-0.9267915970255427,-1.3560536090285016,-1.2638027143217627,1.097352960211137,-1.4696349484795599,1.2136569114923577,0.9159611904830666,-1.6089709571938149,-1.4508714889976349,-1.4445894494131715,-1.1008623138313478,0.8261968873862576,1.2951890506948938,-1.4526031461926752,-1.260534458323347,-1.715349855363199,-1.4038611346807042,0.8612927027318178,-1.412704807296889,0.6940247567006597,
0.5522708885849809,0.7641548357802623,0.865449706327113,-1.166353649393678,-0.7207557604985692,-1.1260467823338323,-1.1443506465832962,0.552078027747127,-0.8629638839654225,0.7492425292829956,0.4470126344024586,-1.038595433229973,-1.319051585955354,-0.9800627944116626,-0.9525387370915098,0.48406746660253985,0.5951390610213039,-0.9613870172948674,-1.1394843159130705,-1.0460996428993075,-1.3290934294543808,0.6316629396499743,-0.8951971894307253,0.3231879758393097,
24,12
0.20224215115368832,0.22243757849821455,0.2516176163131486,0.1373406623037308,-0.09631766214380107,0.04655481882627622,0.14031973503248235,0.047813274865602676,0.22819993057709168,0.27204213430655333,0.07276687712177068,-0.15489113188683462,
0.18419919423049394,0.08134300134749183,0.004085914073779529,0.25015368735720556,0.18984877282535453,0.13438496142520573,-0.0261497749444475,0.22872320456925632,0.05348544995451198,-0.059009415989346004,0.2101719731299962,0.2573489967404166,
0.11403024238613826,0.013633748051844056,0.26167015604719013,0.18744747013832838,0.168562671310402,0.048867967151606385,0.29317754484196895,-0.0682137225845485,0.0464294061022485,0.02464099355560029,0.23547297973513784,0.14579146907323928,
-0.16138977569830973,0.11682860605336272,0.11706946030964846,0.07699656811925677,-0.27199036382481734,-0.3168036004215326,-0.15618547406092564,0.04373148366712051,-0.03213529403896187,0.20219970442311283,-0.3376289055492278,-0.20854541675384608,
-0.19434004013327105,-0.03796957909706511,-0.03447774215585144,0.03252789709279137,7.076863073201836E-4,0.08620046529194278,0.08102460080392546,-0.05684712319073506,0.028734211953945106,-0.1564278306372587,-0.17624535587520349,-0.14109958771554149,
-0.15008262556094526,-0.19575029366964197,-0.04997357349590196,-0.0946781875786465,0.08094575092027857,-0.288856407629774,-0.08608546032463012,-0.07929847752299635,-0.059894948295996835,0.00676084095953547,-0.25010400783920234,-0.07867355877359858,
-0.11666520917600132,-0.326450541495738,-0.007067521233329409,-0.1694347200474777,0.1127774739430407,0.13822303415495077,-0.28074438806848145,-0.1525936931675633,-0.07470922943786194,-0.03107092239760088,-0.031736512002851255,-0.26194964448256675,
0.1563111611312629,0.00516139615837432,0.019159273368068656,0.2139310960952973,0.14139683769956432,0.11863403782823786,-0.09344355537323355,0.017067212123275007,0.2998979094932743,0.1513588124533083,0.09860128473029596,0.18840172171937244,
-0.1861753162020623,-0.07738784618330502,-0.12990869518630382,-0.11380133416293688,-0.27593329565907015,-0.1171805737716962,-0.22409569621778994,0.1552811860054446,0.06926540127217237,-0.23115392844422755,0.043352018295074374,-0.0740536831304353,
-0.0032899230426247303,0.15193260967846112,0.06697422937506456,0.11171917976164561,0.29986408663593617,0.12188104445878997,0.14381070143178945,-0.024947480392291763,0.06256808351037374,0.22970170783729252,0.1701751641497795,0.11832368388340718,
0.25287021965766865,-0.12326509860448794,0.003116121139591666,0.07566924073661957,-0.09533052666128077,-0.04342309712923072,-0.13974549566371053,0.2616805903684638,0.01656296813087254,0.3603399388633737,0.06053241749417552,0.2118268632463229,
-0.2348620142793531,-0.1437401088348848,-0.1940742175463543,-0.2560617210190109,0.052281614963752346,0.12198951922158321,0.11650071566271673,-0.1135616645341641,-0.27127305727996887,-0.0089736086487843,-0.13695350128977726,-0.26345176973273565,
-0.2439213320341443,0.14534895580653662,-0.2325718194701602,-0.21742775070533163,0.05515624742873667,-0.34621659529778137,-0.07945610444017213,-0.25872728390488464,0.13834781672634516,-0.19362407897604228,-0.03499652400078925,-0.06260126973523616,
-0.22121751872837536,0.05708602932670798,-0.14828694388231714,-0.21805031476058157,-0.05062168988790412,-0.12878257243744945,0.05539656271006173,-0.2294802649316157,-0.12241508757101385,-0.0453817984841287,-0.12329392149890092,-0.04843617122605764,
-0.14371412632405298,-0.051473395587823,-0.07870561827475012,-0.09206893405385383,-0.14050535497133698,0.14712331937749126,-0.1959645743354523,0.09245669892326079,-0.24664920643405472,-0.16779611222565538,-0.23482484979873788,0.16940030364838038,
0.09379895467064017,0.10228177709954428,0.3049390636360823,-0.14706332261489735,-0.06890926270574943,0.051112660706529506,0.3346163302639799,0.16304187237878678,0.16917270294366216,0.03752899015744639,0.19775478428847704,-0.1322095151469962,
0.10351929017372548,0.15182704504964886,-0.0836647871870487,0.2366681447859042,0.27961026173560793,0.16004965396591916,0.14368829217766718,0.19335783051763708,-0.08273734424325384,-0.002855740116213682,0.21296309963180954,0.24967099129007067,
-0.006098553393416235,-0.0019638429448486597,0.08518908002587437,-0.11442166687320332,0.16187339616915267,-0.17075961731800274,-0.2727847413124935,-0.030853922174954564,-0.25218962237327214,-0.16145063247214655,0.09741709782456712,-0.1109842484915679,
0.24617495025274536,-0.08682273524536667,0.02979563610579273,0.12831139520759527,-0.24928721313226246,-0.05414684967700237,-0.215564962236217,-0.24888185730169832,-0.07667151448287189,-0.11154566718900862,-0.25234786056906344,-0.17746551869805557,
0.08475574899572004,-0.18013096572291593,-0.27311624158949277,0.05221264400231808,-0.2588075121737344,-0.28308909321082715,-0.07139649005333293,-0.23428441312094733,-0.16749364815194803,-0.21426712977468956,-0.018611895062245063,0.19589713125830227,
-0.12103060056349518,-0.13214998907443296,-0.07551305861137049,-0.21252436529722502,-0.23403082684494972,0.13111575904619133,0.018268412182394902,-0.1455814638364819,-0.18151411543379461,-0.1745850347809814,-0.03693496769263126,-0.1690983865337309,
0.004616503202563056,0.1379432719691162,0.2521997054292649,-0.10902805535835784,0.18595895674161464,0.17942440780699748,0.07823562888231032,0.30001020708389875,0.1857867766999938,-0.041580705955692604,-0.010597091398424005,0.09291550721329639,
0.12889997071663573,-0.16951033500554083,-0.1943857430637788,0.07769065394317282,-0.1675336790035693,-0.18498096259308602,-0.039697621979932166,-0.15712095018219505,-0.17009600355229948,-0.2720854898241174,0.14929831233833374,-0.14930617926226614,
-0.04761410298404717,0.1206192665050165,-0.14134794001121326,-0.08153348691922833,-0.05666608079175546,0.22763855014138626,0.24299144407703327,0.018186192626210042,0.19042896063773895,0.3013550619346266,-0.13697616212324668,0.1784709440319996,
