# Pesos da Rede Treinada TxH=  0.1 TxOut=0.060000000000000005
12,12,12
12,12
0.23444106506623846,-0.16891830234286279,0.13563542484281005,-0.15539174709216566,-0.010410725053990532,-0.004961042116179974,-0.3827675153140133,-0.23474066152021134,-0.24946511918286585,-0.20324191708190467,0.28972121213186763,-0.3057063057843676,
-1.4549312914885866,0.5903141338235283,-0.5285714655323472,0.48552727809707874,0.22890080681319225,0.4720827523108501,0.5758412465263109,0.05674610376867974,0.15194889260346472,-0.09134459940919404,-1.0424523582251193,0.2818862413657814,
-0.928239423449941,0.2852456325163568,-0.8098665844247014,0.3662879138237538,-0.018190304601666957,0.3015362147925301,0.44843363591572366,0.345058650591491,0.340770811041235,-0.12355970746604167,-1.1530146029741974,0.20733032492970002,
-1.222080562348915,0.530323832517664,-0.6686808066487737,0.49880815382387844,-0.1378541444616727,0.4921101859477498,0.4441201729792776,0.14567985648453916,0.3951700201618589,-0.048849631595010164,-0.8956569013887952,0.3823793553182946,
-0.884010753769792,0.29055364436121595,-0.545225377148577,0.3798063308939448,0.07198275514347549,0.17525091629586242,0.06145509708767625,-0.010982379914647223,0.09379721967350234,-0.11635447842077226,-0.5318302626083812,0.3615238292883814,
0.1709766158171639,-0.42891995546428896,0.26021770593418336,-0.22023514642295555,-0.4336297883185254,-0.2664953028365086,-0.47601966617519337,-0.4399750042538415,-0.3522850088139214,-0.07263666339402962,0.12643259030749845,-0.261836499737547,
0.6735181502351228,-0.552854734311591,0.2571827473579605,-0.4036361073711888,-0.6024757330284779,-0.4405885355035614,-0.48848615805646217,-0.5459668855241941,-0.41720530654583343,-0.17042400452095943,0.6094621425205341,-0.49887731177629474,
0.2171301023121585,-0.2773596861473587,0.045632693088874,-0.14166813220043217,-0.2867555828274655,-0.10242881570831794,-0.08430225123912814,-0.1072418351142318,0.044360294179838534,-0.1322877080720444,0.36380549476656804,-0.3576721129549283,
1.1142597078936016,-0.4299421362477096,0.4771958873551886,-0.5333384039846398,-0.2085392303171981,-0.8607497676434227,-0.5406405313850794,-0.322138912929893,-0.693300483681419,-0.5730341266902703,1.0438716534838741,-0.7375394947031433,
1.071223568071834,-0.8309506268947139,0.8504590086461711,-0.7205980978512448,-0.6522611201900688,-0.6341202354429553,-0.5098251896946433,-0.5514923720972454,-0.4367124946845673,-0.6021481450716851,0.8306000958593681,-0.2582325816551697,
0.8381048748994121,-0.3843856466150341,0.6423745047781234,-0.8054413053178593,-0.2483112080832094,-0.4353110478288663,-0.458654546376109,-0.25542850821429663,-0.6587156344243068,-0.29839944777548183,0.7043960177477069,-0.6916571798171438,
0.5614853807679203,-0.5090331610882592,0.10438454234684265,-0.6571841347899022,-0.2918960142312774,-0.5772379573173079,-0.5009969792827487,-0.3310036633992022,-0.48082312505876557,-0.3344980020967431,0.4103414726971658,-0.3092664121015662,
12,12
0.6570739866476804,0.29253791535812795,0.4631363100627793,0.5712845510940396,0.4693899479652826,0.559110346340333,0.5727306949507619,0.7265292583164582,0.498084413416769,0.6995402652730333,0.7829566647722705,0.6173461392045206,
-0.25657866113129085,-0.09303999793159992,-0.17934831279261837,-0.04802997806670493,-0.31640823326152157,-0.27829621300722324,-0.05347614488227274,-0.10196761003278194,-0.434156471715626,-0.3023923149683599,-0.3482344782905014,-0.11274216378909746,
0.24488652294933505,0.4598231969282153,0.2711346400528627,0.1443016723758111,0.4842266591561072,0.381621180261622,0.2929817646408977,0.33400210225119076,0.5160844357357829,0.30507977568547084,0.37124232607233404,0.568850436957356,
-0.0728611677565307,-0.10023042208763086,-0.15622351574495083,-0.2231868271325365,-0.25657852822336497,-0.11816876720537499,-0.15441986854992748,-0.2217116853449336,-0.2999235341903447,-0.3823359127856118,-0.4029514534608694,-0.08308817775387604,
-0.09673526864536568,-0.32594507363554176,-0.30595581046654463,-0.17809323559822732,0.07330204367321616,-0.21716386743788202,-0.12910273516970894,-0.17869641794449642,-0.15517089377454235,0.06835160778288216,0.06630692470166576,-0.10560339196813309,
-0.3512409926423231,0.06300521501316127,-0.1461153627741738,-0.2120361307907795,7.468719897454844E-4,-0.3831154657944597,0.055752335738542394,-0.3675939910724212,-0.32425698535603587,-0.31041889492754016,-0.20517313918877575,-0.33383171691514424,
-0.0980316914536094,-0.3331415465676849,-0.20928177263802117,-0.22342724102477018,0.05840784520636566,-0.07741881192533105,-0.3490210167341626,-0.15230660493646128,-0.2804210457139429,-0.2733785789643914,-0.3529004536158061,-0.25288445949445787,
0.09336171543133341,-0.07336305899259665,-0.30245476879012617,-0.03085080611894612,-0.002423129491945621,0.024983899733717136,-0.276334474071195,-0.2293862190114448,-0.1395891972033929,-0.15183048346380765,-0.2078680964149386,-0.3000009254927574,
-0.42726403199818436,-0.10534581485284716,-0.13587285039674285,-0.14567813560648196,-0.35178174742869717,-0.30469591273453256,-0.21456841696748472,-0.15624613996205788,-0.09030046132919778,-0.061833557021765975,-0.0857001934214535,-0.05317288938033123,
-0.2761615524574456,-0.18968491052256908,-0.0198499197426094,-0.1086901717958113,-0.3748210549160734,0.01141695801449319,-0.239940095423878,0.10694485888038267,0.16685326751361756,-0.056517787319118794,-0.06039602569773257,-0.038029176888869295,
0.5437628936190139,0.5439297650112196,0.6974986357895891,0.6702016317388984,0.5392178388371656,0.536168155843244,0.5998781876753717,0.5277412981920286,0.5985470488842426,0.6341028986470681,0.4663417816770106,0.4290630404244716,
-0.052095520321820986,-0.18772348989148294,-0.007297986273946937,-0.2560358102954421,-0.3845129980233971,-0.17110219541032953,-0.16662693555152286,-0.3309732667052391,-0.09760702808050879,-0.2200999210390985,-0.06794061641549566,-0.36102522952192106,
