# Pesos da Rede Treinada TxH=  0.6 TxOut=0.07
12,14,12
12,14
1.5240791233937805,-0.3874133835713312,-0.8087982099048612,-0.6789911714384771,-0.045588426367133825,-0.687202917868115,-0.39677011687174263,-0.44300810309724353,-0.5697488587088241,-0.3967586542165965,-0.5240745872833338,-0.5735033845936722,-0.6752695056786457,-0.6690639852578054,
0.0933216579270293,0.5035030894308128,0.4453063344630463,0.22189962365072385,-1.4159838469564971,0.5255122883546337,0.5153667997942316,0.42455604080728454,0.486147771184842,0.4628590740709882,0.6153868280308497,0.5191451985180797,0.24942334379756234,0.4634334343363524,
-0.1891059186708526,0.4832986646618012,0.6304914675197626,0.42225166800284075,-1.3955880906320222,0.6017052140728141,0.7898473229207598,0.4065500387739822,0.4675027178066504,0.8112038017781101,0.5805381523070811,0.5266269864873143,0.41456891704311655,0.6079926875497691,
1.5506652762764743,-0.28665483335639896,-0.24855492267804358,-0.2519821993158071,-0.5339043613960612,-0.22149682417255012,-0.054199375463234105,0.011347251764308529,0.0961379682109621,-0.31704035809514414,0.2019214026730985,-0.06499405887004686,-0.04913180124500024,-0.14944080854142824,
1.8093539441547186,-0.25183914601335633,-0.7159835495736327,-0.39159602431039736,-0.21025872148066696,-0.4800519049569095,-0.6215333191301171,-0.34167744846935966,-0.4936518467082414,-0.15893351164141603,-0.08452619213514921,0.029204312730303893,-0.4923080734553594,-0.4305156147587591,
1.8379444190725465,-0.5014752188039462,-0.46119897601568693,-0.2057336490462616,-0.5757970084522613,-0.6159263445888628,-0.6376271361617033,-0.5509620171156112,-0.64532852890437,-0.7091094640602812,-0.5001568770469949,-0.6159770644359913,-0.3704872291488114,-0.6050255931842162,
2.628260552504659,-0.6637824674760027,-0.9850646874641353,-0.9789595139396251,-0.17939308848000954,-0.856502838918846,-1.192646802514503,-1.002768938816161,-0.6564434275838285,-0.9457874023826235,-0.8455499603922589,-0.9667696420065058,-0.6486286198920593,-0.830515120203945,
1.105682208063256,-0.4175565954727291,-0.140291952543398,-0.04260828506680655,-0.9085770299615337,-0.14403610211143902,-0.2047845928056317,-0.28028639753351414,-0.329945758894253,-0.21082805638685995,-0.32146286075919245,-0.016139108288450683,-0.2678263597695589,-0.016097866320657756,
2.0234543920025687,-0.8855450165666867,-0.9695387151616203,-0.7969999048207408,-0.46199879572584773,-0.6719708939675881,-0.6975223758579591,-0.5286813835902475,-0.8356732185728609,-0.9090948417770099,-0.880610024648411,-0.8799233031196979,-0.5899893488698,-0.7087125768662105,
2.209901467026261,-0.6467841210454671,-0.8645619929401039,-0.7660614611757317,-0.6097467960081844,-0.5363040924562102,-0.6497445363635537,-0.45121897173199504,-0.7134683421141924,-0.8750423978712263,-0.676507774097121,-0.6802232113264088,-0.5820822457457826,-0.5741371777486635,
1.9454024787511988,-0.6946327008839298,-0.8063581564223449,-0.7557317572358883,-0.3680717121913888,-0.7587058145477807,-0.9357260289372284,-0.7083818486230711,-0.5096554610309133,-0.4554717566554349,-0.8367514298718545,-0.9511350177926612,-0.6592327588270167,-0.6747997213959203,
1.6962284888439667,-0.46151211927638036,-0.5108366706868672,-0.20361899119711527,-0.4463965468861338,-0.7628173563556342,-0.4881658333273438,-0.7003515017335379,-0.4465244947833776,-0.4997830230806581,-0.813119721472657,-0.453708006991828,-0.5711649448135541,-0.6669603117372483,
14,12
0.7881358479504783,0.6952091331599266,0.753069684804745,0.7498883036300928,0.8098973354061789,0.7938874586799416,0.8175866851852568,0.8518547977925798,0.8471388346317932,0.8770737506229132,0.8694759800235542,0.8390148985588277,
-0.0845751468716904,-0.13546825357370668,-0.06696164297369646,-0.2057004541962806,-0.15591075238694047,-0.21174023960550142,-0.20029292622971012,-0.24362750749973625,-0.1495581548900566,-0.22210106689645562,-0.3085940360980636,-0.21866953314971152,
-0.13453779165484783,-0.15558356045672023,-0.36117172669708997,-0.13270591026137316,-0.2096640525409336,-0.004494318728530987,-0.21331683796663947,-0.07534190541482477,-0.2464623443557608,-0.20629015006451107,-0.0647213023012633,-0.291684775019592,
-0.14092195154185666,-0.33091566653547444,-0.20694724324673283,-0.35399175060534654,-0.229576356756848,-0.1833502660997992,-0.08530498391474187,-0.15826811972570873,-0.055006709771162544,-0.3621343144132762,-0.1478687572246791,0.01811503962994117,
-0.022336213345424214,-0.09261285961498703,-0.06923587905754193,-0.10590304430368358,-0.09326658246808166,-0.004959498034320181,0.07549780202704572,0.06095695853674241,0.23753347287624943,0.16144343439366984,0.1174800196898137,0.04492578662173941,
-0.26003868230197,-0.18725952309917174,-0.11677947078641283,-0.237421112996301,0.0023763161927725304,-0.24967722280984544,-0.16459210416334513,-0.349766852247656,-0.16172167513401844,-0.15359326745486837,-0.06379928587681026,-0.2316607057962269,
-0.2086915917335838,-0.03812514534736899,-0.1550494966796873,-0.00631428273701785,-0.0826437637675022,-0.2241562337723318,-0.2196328657851752,-0.2097847070769508,-0.29733386790607447,-0.2112301093753377,-0.30604479354659647,-0.14469489454367487,
-0.25964462509019737,-0.18203638886838194,-0.12628511588100474,0.009649003895797086,-0.13343954063313015,-0.25457414283296825,-0.1692910890116536,-0.1726422210161922,-0.1982001531821159,-0.33209393967325296,-0.12695816172499205,-0.262593529643554,
-0.36961673284697616,-0.2100888377747694,-0.06323233768811815,-0.07225243287213698,-0.22505701789291674,-0.1340627471447889,-0.22906765102093152,-0.2853141201281574,-0.2445363566345117,-0.09071797132165149,-0.2279309150514495,-0.13467900198562133,
-0.16711713531061756,-0.06743094362682399,-0.16121306553027373,-0.09558821687725487,-0.19721504446087768,-0.23568856560489418,-0.344188135694007,-0.14890767755515716,-0.16325975498133738,-0.29480884019575326,-0.2559460237807905,-0.12509743118365646,
-0.13054386817434915,-0.21757577218825666,-0.16823159538683874,-0.054217059743014565,-0.3626423572636411,-0.1484351425175512,-0.36986617782756565,-0.16837881550087386,-0.20232837843604695,-0.18348147235168827,-0.24593246094425664,-0.2234632057009271,
-0.16673313043548554,-0.13319144550365836,-0.10255445952029175,-0.22189298719477987,-0.08472037119742329,-0.11875141504427282,-0.00911487424887189,-0.30627864030223845,-0.26152151719998823,-0.23457248512119974,-0.40058641551224494,-0.2684416687085238,
-0.12293647372141928,-0.13963469716462554,-0.30323206060824004,-0.30669664170717,-0.13083777173908984,-0.2608303780539374,-0.1498670505266579,0.0011026612770100482,-0.3837566620243234,-0.061149607172041674,-0.1246732338706249,-0.24993838168183283,
-0.1273841920984387,-0.040569432067813035,-0.18509440175296296,-0.2800887990330006,-0.34578509061021384,-0.10261955145427518,-0.16397714295944432,-0.25883941895692203,-0.15449981739003008,-0.18817130320581016,-0.20240379288587296,-0.18945477917610198,
