# Pesos da Rede Treinada TxH=  0.1 TxOut=0.02
12,10,12
12,10
0.0656270065533925,0.22858911753853933,-0.11400318038413636,-0.1589878395793099,0.09896147521675197,0.3556211671780817,-0.05694313291454865,-0.2073182184118092,-0.06934258916823233,0.2952263740483473,
-0.35713523950857806,0.1517768000525225,-0.054137728823963636,0.026177136008562654,-0.027097748376656197,-0.3723551528812459,0.10597037921551325,0.37865936943183026,0.32916521750395433,0.049707718798521094,
-0.1780307582215549,0.021452448577302802,-0.060394273764169185,-0.02813828936315849,0.2782000884210925,-0.29800883362915553,0.38468771285819703,0.2341664780527367,0.24029992657038685,0.021205663565831465,
0.04672484477758313,-0.3052530005150121,0.01308178493650408,-0.14010916865021417,-0.0712562313945562,0.08551624736039921,0.09684662934437462,0.3063125788939801,0.16376522331723303,0.12130332476581213,
-0.032382671529369175,0.06859702769975805,0.07725638505525131,0.21695126822382313,0.06374973982167056,0.00963035557166722,0.4266593336770158,0.3641931011805907,-0.072904701099404,-0.018986311765686725,
0.12191978458435465,0.024356558966143513,0.19442294873238422,-0.16827097043696682,-0.006469969427856819,0.09644123383991868,-0.20312558107433146,-0.16205812394493335,-0.18076924598222624,0.11414380285081314,
0.39310354269052605,-0.013510003249359881,0.019820378411970478,-0.26947928668884663,0.04801269169349089,0.25914037610910673,-0.05006961019535884,-0.35654511299281455,-0.28115402362589675,0.049812750711522996,
0.3423540250320403,0.22321653133897382,0.4710017832832918,-0.30580011707654237,0.17023165342794738,-0.013905675749986277,-0.42336747923670204,-0.5252996348884509,-0.3639997923596699,0.1473601198584026,
0.4045265644676017,0.4911941944741796,0.3704854358313708,-0.2958411642714966,0.44900824240682197,0.09498403217034254,-0.6518931521009321,-0.6645230996237541,-0.4217224072740134,0.1282596508797466,
0.543814031002085,0.29622762515559303,0.5686852118380977,-0.49316159910349516,0.15350840021403006,0.6035381976448099,-0.5488436071551684,-0.35011683818116246,-0.3988404256295074,0.31836240703718943,
0.05218891580882017,0.17325525611103706,0.21499967435492187,-0.07505915701420601,0.2136696096861025,0.515601957514906,-0.6984474363676895,-0.6526694167329059,-0.33600956120040737,0.18926708031457398,
0.2857535744563297,0.4399318546367133,0.07823211418870628,-0.22230686510212366,0.4404977327671065,0.3844876317619224,-0.18256106948049255,-0.10212939821462598,-0.4170849669103023,0.35330415657245795,
10,12
0.10901530879515342,0.18999965620277404,0.037129223413218955,0.4363348723844927,0.1254774245436451,0.09864152219235123,0.4939056637808221,0.3582856465083316,0.4903869970824329,0.22806516617054762,0.3899410087111562,0.1348478422993714,
0.2340139507649895,0.3828753944376428,0.3477474726700244,0.03541826443107825,0.12231862853870147,0.3860321910120867,0.0816687008426102,0.2397421656415258,0.4386751072413599,0.14104519410647756,0.2679121890197392,0.17091913330931727,
0.27893126808334195,0.303778569009201,0.0856903679836027,0.17964845413084513,0.36556279255200114,0.32378852352799997,0.24708177435861597,0.17641996892041542,0.05709730816756256,0.26653569585976944,0.061022623941957926,0.3533434869099296,
-0.24732523694845357,0.06048293062952141,-0.06588174029612164,-0.2843534991066686,-0.3530830027018115,-0.24556477234085558,-0.28359250768496225,-0.025051181696518526,-0.21562295041762924,-0.09225670566153105,-0.18577500741512773,-0.06615161034627405,
0.23303552138930606,0.11906537007762301,0.23246787958165488,0.1105255134661034,0.3431242258772752,0.22750930054407556,0.1774629723060279,-0.04467726288286932,0.09457991403519679,0.260739275463124,0.3507692492101537,0.07413276413833512,
0.11350417534185708,0.22934044444941887,0.2863084303184945,0.48357317436761266,0.09547483978947399,0.25076426020399634,0.2657990831976151,0.3862380739907587,0.1929723128459464,0.325569358927367,0.23895688084737834,0.2967043167943232,
-0.3774525760095124,-0.4536613161668119,-0.6585844304256067,-0.18900556194977075,-0.3540212843313948,-0.5089465180643137,-0.543516470176685,-0.48753540777107895,-0.42672255500723705,-0.5967740149690745,-0.2607882954040103,-0.5753401962370723,
-0.48211577707444125,-0.42467551583932045,-0.39136186031028836,-0.5345200425279559,-0.22578635897489216,-0.4186592485867,-0.16268925678644452,-0.415376447688778,-0.462860623674192,-0.457783791928641,-0.5276271690283206,-0.26842050800938755,
-0.2636546979361237,-0.4071425313412143,-0.22446144193334874,-0.3056812225874963,-0.4375535567576325,-0.14542657415804824,-0.4022282832169126,-0.5320925616540236,-0.32034098974255104,-0.3494066316833417,-0.46760083561667004,-0.5055637153377974,
0.29096733891285587,-0.09199999087159187,0.26199855137503764,-0.02282329243276415,0.22990211849985442,-0.042639106408023555,0.02335628298012327,0.23524857171254562,0.04668221090283415,0.15875790723734867,0.028766295357341015,0.30780330322892235,
