# Pesos da Rede Treinada TxH=  0.30000000000000004 TxOut=0.02
12,21,12
12,21
-0.33790911273350643,-0.08170589900768939,-0.012113926041657574,-0.1083317855960434,0.028849485592855224,-0.2280145758643246,0.043596915676122276,0.19011355035438496,0.3695311355456694,-0.19434762967560235,0.1417702575336092,-0.03404876061133878,0.1408370719421393,-0.2293809063364944,-0.1723957031877101,-0.3200009391307281,-0.22559127956336888,-0.215691037545061,-0.27644665888690545,-0.053572473123183674,0.04312578573756015,
0.9246040524111503,0.6521821673321796,-0.7520813008794376,0.8683253733566615,-0.6930154712450656,0.7789054162954683,-1.1107758326979125,-0.7802327491136997,-0.8200376563416422,0.8913841229308519,-0.943761484690822,0.43194449003053836,-1.2633763343889306,0.6582824240035369,0.3298763395777723,-0.10930815982181741,0.9562372836624315,0.8199208019849271,0.3754989624425817,0.02794361787532115,-1.1398015841511222,
0.5843672973466643,0.8443601296393767,-0.975541268880764,0.9771935629048054,-0.5677297640376741,0.9329491043141386,-0.7519478493833747,-1.0182356697400694,-0.8636361309204382,0.7049895335166368,-0.993676910994686,0.6054759107791541,-0.9613143648822325,0.48998748816168275,0.3956317790656819,0.16838352921364072,0.8742652263621429,0.6152894460229948,0.3912450855096012,-0.0704583057482421,-0.8377826858600905,
0.7883288281027471,0.47862570905265295,-0.5914032752760758,0.6299007976193676,-0.5521259695327888,0.4228593253884875,-0.5561938888690082,-0.7053541933447756,-0.9343368846338476,0.5328066812731475,-0.8873860735930372,0.3739206990602941,-0.9122203407465479,0.4071588811425781,0.3136120546821148,-0.16894926527091073,0.5530744694685095,0.45591014313444017,0.16743769819507465,0.047207358353816106,-0.8121327503192652,
0.6259769000133327,0.13008390101273554,-0.33528284273871317,0.2754277477267059,-0.4156803817614623,0.4936862867090628,-0.7556105361225011,-0.5674068720268096,-0.6199631594166156,0.3661690764765677,-0.5590208932932603,0.3311385937796283,-0.4081795662646742,0.3619622685961715,0.08316287232462209,-0.3853618863151129,0.1739809150498842,0.23870414855540084,0.020607671096783013,-0.4972201581498026,-0.44637426990660234,
-0.6080373800316081,-0.5168677995837009,0.22565553487370826,-0.2022925755193458,0.3128099723845413,-0.3726838992772018,0.07665127420765051,0.17281538922719192,0.3763130197138283,-0.228383936942183,0.12362314904617142,-0.32825123269870915,0.33616407472820686,-0.3620543388904949,-0.39794859446840397,-0.12314948097070534,-0.46375031356965535,-0.36824761719926635,-0.4297951361926312,-0.5935803668331906,0.18707478291406104,
-0.6469402413131108,-0.5535218202996973,0.6227228091419962,-0.7387453011806092,0.4140803624368645,-0.4459911065312636,0.3788135632535555,0.6436185329829281,0.6013046664710445,-0.5541316164645644,0.4047534379450244,-0.723070290900063,0.653119962203184,-0.40023508880122144,-0.773376127472177,-0.3488263953850232,-0.8318822933216152,-0.5906327846554196,-0.37003037452835874,-0.4553348894665932,0.683407093770569,
-0.44154978218799357,-0.24875347456692642,0.34731905384748685,-0.4776144476849373,0.19569230710530444,-0.2716725134819772,0.3094238960609323,-0.028435220117270586,0.10317424088045761,-0.5443487796456429,0.14662958963771736,-0.303743354935463,0.09568105956746317,-0.052178773408614675,-0.08851988635843376,-0.3644171190454269,-0.3825109093451666,-0.08020054689471674,-0.3530452810194105,-0.06033567257070063,-0.02917433581913094,
-1.0488718386224765,-1.0310779172623101,0.6447833813534053,-0.9635453109410472,0.6379152100079355,-0.8494530875151015,0.6211773792563524,0.8984135074515707,0.8446806019924622,-1.1305279885667594,0.7531080802119687,-1.0014065354475519,0.7098724064669023,-0.9209437184523562,-0.8761152787580037,-0.13927905418598321,-1.0127088830858177,-0.9885712542097228,-0.30379505495931497,-0.4100196193573199,0.7869605429674957,
-0.9454353620541537,-1.0254612133494365,0.6844088853665137,-1.002889208227764,0.5619486010594337,-1.1513345857149273,0.9230382715064072,1.0127980908443948,0.518534121908233,-0.8207837897981697,0.7732805971912867,-0.60461141744456,0.7504780681029936,-0.6738891643061967,-0.579053983933092,-0.24811681389912957,-0.9335754303774787,-0.6661515545027322,-0.5985894686693215,-0.25495397569123773,0.7212583761663406,
-1.1191457734424102,-0.7307672412736369,0.3502461916774925,-0.8096726204045268,0.49772750287051865,-0.7078943017683379,0.47008735223281245,0.868665657596498,0.3814077686875461,-1.0594051330686391,0.702926389806419,-0.9196735137151044,0.5636119710821529,-0.964115147362598,-0.8311310801239684,-0.34598952182419285,-0.9171694700914234,-1.0104607089512039,-0.7214608510303103,-0.1588711758020029,0.6554742098439551,
-0.793941090349035,-0.4516845314700346,0.28976213372383797,-0.6156687637176986,0.43498139119198276,-0.5015231425735139,0.473067280392907,0.22209329061796507,0.47976464575897726,-0.8617586288974916,0.42729439237056305,-0.37815591798430986,0.3354765611538201,-0.4986938023834359,-0.3564007286987855,-0.470349981992726,-0.6735441987837029,-0.7743020887958824,-0.3110958679414719,-0.47897227452893776,0.5934699278902088,
21,12
-0.20720644470170183,-0.220229597108825,-0.0565400251654815,-0.09064646370285201,-0.28013905503231507,-0.3152250361770126,-0.268536868162001,-0.3652029838946423,0.05113253205127043,-0.10388583720632702,0.11594047823645834,-0.22401817231831295,
-0.17706571097257676,-0.27004266510335945,-0.03164092876845539,-0.21758368672594963,0.10391859439576462,0.15653525861812137,-0.09333815581203615,-0.07323822053753884,-0.24762221133313336,-0.3523396459024629,-0.1976023583325918,-0.191180616470797,
0.1194804253907282,0.0040453304929486626,0.27251218296779117,0.19535756179197075,0.20446457856292766,0.3590996598470401,0.20232403645710673,0.05292349718402234,0.10902068577082966,0.04879731692364201,0.16864045380389645,0.27246723121783045,
0.07621206619644422,-0.06638966037604208,-0.1821199935906132,0.026554778339718595,0.06630592094878175,-0.11755156850594597,-0.21484950650123197,-0.30527872651111077,-0.28077440617029537,-0.35338057084014235,-0.09982836370377346,0.030977009460132567,
0.21617733023669275,0.15657007396898348,0.2619737895658366,0.2913489845123639,0.14061441146838863,0.2847034243305583,0.2912947166864971,-0.02139970176715692,-0.05564237422449113,0.21208822675423702,0.29355378214424277,0.10454951576246839,
-0.2955508174883092,-0.11474882537206638,0.1702748212314197,-0.012504652844538859,0.07623873425643952,-0.2896276013596537,-0.1136128768962627,-0.09456599837861339,-0.24342556956740966,-0.14809328766177876,-0.147585227860154,-0.26305451892343035,
0.053872922708993035,0.10517198867634096,0.13835849342678644,0.17767624756242587,-0.046391451685611075,0.0595378478534099,0.3078529998515384,0.2712814120948798,0.035573507588322194,0.30328742600522735,0.20334832426655444,0.27146107070319175,
0.30252369267662305,0.2989166728722249,0.301830743360766,0.10305674468550291,0.15757133459382905,0.33631617109180584,0.04427794117846806,0.35114258615028243,0.2789730932922605,0.11489570115151483,0.08742657078151692,0.043141015954556404,
0.2759430217970331,0.37978436396566495,-0.09242870138861384,0.2996288211384538,0.17071728078792311,-0.04997433318680486,0.04655470798129881,0.19544967789355422,0.2933800273518557,0.26365922765498784,0.19148038589403496,0.08599690287127457,
-0.11906730542527738,-0.23774858638397026,-0.18530669907053984,-0.06928258856486776,-0.4298818210362653,-0.18283315395389504,-0.0339219177887827,-0.04207309823144305,-0.1382205574311348,-0.23799858596638968,-0.23629378563334538,-0.04180988869711493,
0.03829966576197384,-0.0019007293860857266,0.11039834657914607,0.09011770196120873,0.3101669953077287,0.03543759988308446,0.2524995768991026,0.16040075639871745,0.35842110456070086,0.08956794981602421,0.3431548627311698,0.2558533135617018,
0.030921031328286802,-0.02828206906672299,0.039240077169316254,-0.11390323564153189,-0.27091340976905987,-0.23870403995968972,0.030263108125497432,-0.40038159765670944,-0.09859454987073007,-0.1765950211849265,-0.08793121087710384,-0.047247015391017486,
0.22061140816412614,-0.0780201701779841,0.06370472845809781,0.20683402477734467,0.11184672046093899,0.22255023235526591,0.16516381161617255,0.3540089659213298,0.3018015735177628,0.2256988091509708,0.11708881092065164,0.21993019493843252,
-0.02926733621315542,0.10576268745373736,-0.296206976350317,0.07749120424646128,-0.007375831475999683,-0.11620768924320911,-0.2667666551435449,0.04229385677766785,-0.045486147084167046,-0.298355076544806,-0.17278250978882234,-0.1781306168850752,
-0.07850887706565102,-0.051381647423098684,-0.3101559127909775,-0.27518467534213026,-0.14184878366026796,-0.14092399191020458,-0.2595553331565476,-0.0026315572986004656,-0.117727517789091,0.09680827492350057,-0.09710334734801858,-0.10840495110604276,
-0.14058787735759176,0.040928120372414376,0.10258354547194846,-0.37797863374691737,0.04623084538291003,0.16705430154776574,0.06757149745265198,0.05240216951601802,0.09310379396951195,-0.18097017928542555,-0.10561955175854068,-0.15971621148516915,
-0.2717039663970985,-0.12351248101039604,-0.08758812461043779,-0.2671986020797685,-0.22664556475796976,0.04856363033644166,-0.19524901231866415,-0.21846096765715,-0.27120506598488264,0.028012752701924187,-0.2243690496490458,-0.22210402990583697,
-0.092508520634726,-0.29323771390999626,-0.015946456200729705,-0.096642751177097,-0.11199749825768014,-0.2320431160401071,-0.21575700027685082,-0.0463483929531181,-0.05816572439219419,-0.04411342525626551,-0.13632879017262323,-0.2543866155546578,
-0.037259329332485755,-0.007503149552382645,-0.26275458285564873,0.0022599248736631834,0.05156365409865574,0.09966547517678227,-0.12900897636727113,-0.136139031988353,-0.09181750470611584,-0.07255306141302716,-0.29118363164614547,0.07602345488147555,
-0.10118958592300512,0.03182585345371852,-0.2594566232371199,0.040165590267953466,-0.30914877517155737,-0.2294275005535076,0.14412344444973105,-0.003071725315383801,-0.14391581342337673,0.17563570730451536,0.08643668964783262,-0.005314141689803523,
0.11286108416825083,0.29070024566464264,0.24940245698718075,-0.0734068411526256,0.27933206641727354,0.08476799785639688,0.15643486557555406,0.14272037487791625,0.19841242737038148,0.3377886174780976,0.11819462976566307,0.2791918477416415,
