# Pesos da Rede Treinada TxH=  0.9999999999999999 TxOut=0.01
12,16,12
12,16
-1.2173120504977788,0.10621578121236229,-0.8054357123905659,0.13429315519972085,-1.574447644538156,1.3865003982133894,-1.7219669743308568,-1.714498771299217,-1.6314222767319961,-0.5277129583520875,1.2981314165883835,-1.7690899609796098,-1.4375712441116502,-1.7630755491882437,-1.4893495564194366,-0.25243060481527474,
2.25089864499583,-0.59859486929779,-0.9973956529195974,-0.4064412851610183,2.2704454980763074,-4.191758932963931,2.0546946672806428,1.8959978980939307,1.9363368242330419,-0.4830070627233655,-3.555486730518103,2.111817322599212,2.2707297121876096,2.270354861716978,2.356877908111277,-0.6372865682449852,
2.138800469835604,-0.8152330023864524,-0.8884449518915812,-0.9207021679306692,2.1599819325643663,-4.303672509427285,1.9878319344263726,2.1357716555434663,2.045805239154806,-0.688872408285231,-3.859608596720966,2.167453518337493,2.259036384650905,1.9726307551211217,2.2453755408908003,-0.7259120177451754,
0.25090735197036834,-0.229170973545039,-0.7623428266271147,-0.39637199957649627,-0.5416218955948501,-0.09362009654793332,-0.27443207159928734,-0.26309198777733583,-0.20094468013197314,-0.5907535886025874,-0.12926305496884227,-0.2943465433047613,-0.4570704112837068,-0.09635136045241667,-0.05292594124875729,-0.6177804145196045,
-0.8361427800379331,-0.36645505829015856,-1.1060953997247638,-0.04927303449486916,-1.525771175632189,1.3840046967869772,-1.4738994735720705,-1.7863788280259691,-1.6337984250421984,-0.6641708323008604,1.4326793639511952,-1.4139526646287006,-1.6027298736327094,-1.485372558751286,-1.471225327364372,-0.9058522120503596,
-0.44946119183650196,-0.8274145012837185,-1.194257790750995,-0.8782583469572393,-0.4604021117472868,0.1399438945942983,-0.15203335945957616,-0.18901221523383663,-0.030272952359981203,-0.8114054510684012,-0.01299203705877866,-0.0664886302595603,-0.19044111845411366,-0.18617688350258885,-0.026100270621412635,-0.9393320369333342,
-2.191221704755,-0.4575952230113913,-1.229592395796279,-0.4691605440971029,-2.0463558987046366,4.019948282141806,-2.0071188580313737,-1.9821686502384623,-2.098616141422478,-0.7354315829868404,3.2112028943663273,-2.012442088989593,-2.042135996944545,-2.1762204989317215,-2.2434183445190166,-0.7491213762967877,
0.8757344175513861,-1.4306232946928938,-1.462299360323031,-1.0341645730181401,1.0148270120616971,-0.9439579938873027,1.055147559791577,0.8389751948512227,0.7714403301329693,-1.1033083226025795,-0.745750633073356,0.7703356313492927,1.0030561463076215,0.8622855069606026,1.0345449161793028,-0.9193073369180115,
-1.2075341832116173,-1.1530424496508362,-1.088911748291186,-1.3740270613207368,-0.561499333049902,1.8930654974405687,-0.6399012588594257,-0.581838654609143,-0.5141616022084425,-0.8627450573148929,1.7398405438585056,-0.5696207329694074,-0.9671977763637165,-0.9354659244907335,-0.9200792717163871,-1.1525095663228304,
-1.281382541782047,-1.0498359086955336,-1.3788852247669465,-0.9549798109869528,-1.026630913622927,2.3437441389757994,-1.1219947693634464,-0.9639476976252908,-0.9521950574013938,-0.8384174638583473,2.083591070035238,-1.1613425845688312,-0.800780231821037,-1.0338232448799771,-1.19444467904467,-1.1166426179176328,
-0.8328140055930435,-0.7735601822763984,-1.0367169441698934,-1.034844247812201,-0.6797604490067796,1.688762936532175,-0.6928025756918839,-0.6248168412105053,-0.6870686301441474,-0.7996567497780775,1.506296459807333,-0.4576218425145239,-1.0197729902395662,-0.5889258447721295,-0.8192222898066505,-1.0877465314433694,
-0.9538119732186271,-1.0435498117639326,-1.3367830151495788,-1.3747817379267229,-0.6818777972098095,1.2640576321610946,-0.5275241757965854,-0.5410598556889737,-0.7174320143913924,-1.099087675460422,1.1615230290322651,-0.722907105586304,-0.6621772532394856,-0.44064761927534635,-0.5748708284919793,-1.0172345182335634,
16,12
-0.26351322379386394,-0.009308088983248232,-0.26836289572106053,-0.07997581431567466,-0.058767749114874396,-0.3741631299488101,-0.28019652945491474,-0.3330457809671311,-0.34524417192571716,-0.19967302713877763,-0.05894340326473526,-0.09927405840045657,
0.3608709382928194,0.3161517970137201,0.4511843401452956,0.16911880037677846,0.2494047731890415,0.25536474444294516,0.20240721808772005,0.28850896489162,0.4693724490403555,0.56967584036834,0.3752585619536807,0.20393556465151294,
-0.10564865868753333,0.12399664093772783,0.21594231739814373,0.17668660780602857,-0.0905068431966406,0.23617718828322123,0.07597723804456383,0.27131586972836136,0.19307445167571907,-0.0638380285153559,-0.19836321010544286,0.35216142411753554,
0.44137021899891044,0.11371123367602984,0.24268234406849537,0.2966301494413093,0.42413939832716313,0.3490406512684846,0.34729511614174796,0.2691115075789415,0.2617711854684988,0.46205275983684235,0.24942471571477562,0.25888879220855154,
-0.21431408488870976,0.053254391987702626,-0.4337688510103712,-0.15781840774154465,-0.3026542945456827,-0.049251828766962616,-0.3191435901555298,-0.3434406839429272,-0.09691610644090197,-0.3129580940313644,-0.21958118021432171,-0.2312267411812105,
0.5238621257010591,0.32821699009698885,0.4739024644434666,0.3102261178839435,0.5484334162326919,0.513797513504685,0.49769120840999365,0.6064908537793311,0.4688282919697749,0.48983915586867605,0.4709579691614919,0.4816896381737186,
-0.3545125254248611,-0.26929684127353076,-0.07717963940204427,-0.23101240616170177,-0.3394548513383671,-0.1307494074490813,-0.08570980750219377,-0.11572996090177311,-0.3174066759557971,-0.20318728850287027,-0.26636074092082246,-0.1871154114852173,
-0.19553271038979306,-0.08790057150324436,-0.26355176633156485,-0.278261213938403,-0.21398658018243094,-0.38082244079660055,-0.34279301186566624,-0.2555898599076484,-0.1616656114140538,-0.41361848354471104,0.001671966432996406,-0.15209414896022105,
-0.32504959120988053,-0.40501167705459445,-0.22889352375444738,-0.327493617383251,-0.1822975035063554,0.01266921894927154,-0.28845231922342207,-0.17551128721647144,-0.2319866602242807,-0.2822093914365178,-0.10334945725763241,-0.20709082140489454,
0.11864671398591146,0.16715903938752924,-0.012237729466699645,0.36739819527529255,0.21503673279217966,0.4190423151701351,0.35501815239507517,0.2409326295848782,0.4374990188191583,0.09093434221314292,0.08050904993356556,0.29259308682239155,
0.30794950286543066,0.41115535940446324,0.35651010026394825,0.5015854603505708,0.3051298189899239,0.32800111794241743,0.38435091585554076,0.3034346930747794,0.43223949679249074,0.44720456062729624,0.41021624770221127,0.43905126163815256,
0.06551960147954251,-0.33927045160099994,-0.08689928762925596,-0.22277298960865316,-0.23830405614178246,-0.2343392108680056,-0.20158727206916427,-0.2071665863111008,-0.10664603267158451,-0.12194388474411497,-0.41126806880146083,-0.34163184928274787,
-0.3472288495441225,-0.01784542903132229,-0.23884237779925876,-0.25774554901425634,-0.17308534837871895,-0.34328816935562406,-0.2608633984395024,-0.29243512993823684,-0.36321916459905895,-0.19310876141134398,-0.08124550966080064,-0.12280576597755241,
-0.3437532864829008,-0.10678571294118387,-0.3400690949012149,-0.3576383217453051,-0.19968857038900767,-0.10413494000792646,-0.025217719026986843,-0.0309140790491488,-0.276318422825898,-0.24426609378720035,-0.3290976197719217,-0.3047839148194176,
0.05233828013907699,-0.3467091784965267,0.05366525006255685,0.0884573701116273,-0.1645117817752635,-0.2592312998648804,-0.25406454392891475,-0.3174909010473716,-0.1907923240482664,-0.22091102570446625,-0.37836329836755733,-0.3966409568223516,
0.1825640269766556,-0.01044367034215712,0.2791142706407624,0.09638931051107291,0.09212105008039101,-0.14514765225693047,0.3431647786904852,0.25916716002920337,-0.07153567724902068,0.16975719917551163,0.1951381443638161,0.2957410911979018,
