# Pesos da Rede Treinada TxH=  0.7999999999999999 TxOut=0.060000000000000005
12,23,12
12,23
-0.24940069407025584,-0.5722885307134388,-0.5123058622302331,-0.7195868787813772,-0.2263577028968077,-0.5979943210586307,-0.527165279138442,-0.5502607143655195,-0.6373155914605282,-0.47607096442651997,-0.7596769672810872,2.5978576415708745,-0.30502445822334606,-0.5228477176295983,-0.6873989859213202,-0.6906864630855551,-0.657023517345755,-0.22122465111492803,-0.30828093743700713,-0.3328569503182463,-1.1177535813396253,-0.5345015362436865,-0.028900272971541924,
1.1206887640342031,1.7179176868904462,1.5116695750243645,1.728413633366304,1.580329640125906,1.3767349612963702,1.1763438293459274,1.6318954994077792,1.250767845357429,1.8300579029392943,1.055020814956023,1.3105319359488816,1.2064706867867905,1.3619639051986827,1.3579217308592306,1.49063387393324,1.2384854744400124,1.2727365407021105,1.5503576809152924,1.8014913405668616,-0.16380763084171757,1.3387973884454345,-1.9284014463444221,
1.5566948477374503,1.9135181294594599,1.5223600151263024,1.563121185820229,1.8868247225040586,1.4183862939551353,1.1580606158605524,1.4971462850193495,1.541340783802657,1.7635055939823718,1.2392652591243822,1.0627757142643217,1.8310592707297715,1.7163594547036385,1.6049987138307342,1.8807664729139186,1.487466047164692,1.1720311042314278,1.9436488548993673,1.6743685084700535,-0.31534878882796163,1.8096150579550407,-1.940533789493465,
0.7224539089545015,0.5832234865905537,0.1749247179104271,0.6016882144599967,0.8683718154468277,0.31615762080312393,0.5038400821542885,0.20496005998485942,0.40213221623437756,0.8074785889439263,0.2931725825307467,2.3280129274245165,0.31814137289561706,0.3174828941986768,0.1831669712362965,0.6430988459978585,0.3296449735814056,0.5817883706225775,0.2560901980518802,0.6359768376193355,-0.6332928624559832,0.7742526288796929,-0.9214166884249061,
-0.16715073819812348,0.20996981808822957,-0.39265586440233846,0.2184016178177077,0.5517297067272141,0.07819271308913354,0.12208335150115404,-0.10972215363923637,-0.018348221155147303,-0.05176128924309318,-0.1175306896692691,3.0810843024140593,0.08455182274529355,-0.3183637558810903,-0.07758926326170569,-0.06581870489999916,-0.10331191401483598,0.10352126713333143,0.09269175351732177,0.3934836855209661,-1.0968565542987971,0.02851193151639727,-0.3710059845939107,
-0.5873872682267589,-0.5926166888617016,-0.5698004829252665,-0.44174741996627837,-0.584289290772181,-0.6561004378316845,-0.5155375186356612,-0.2972444107626534,-0.595022696987159,-0.5221891640094042,-0.4774928971989132,2.69700990530485,-0.6226155353543995,-0.7007682729508214,-0.34940615305639633,-0.42237467063952444,-0.5478389984474799,-0.34669427865015534,-0.5385253710391847,-0.5003413397822358,-0.9784528001569163,-0.6181973898107556,-0.28229699371481165,
-1.327055572484015,-1.2852749473205374,-1.4262335730092637,-1.6749965219559206,-1.352928544117029,-1.1152264038753543,-1.052513141966659,-1.529187170938952,-1.1743884972906062,-1.2061380702792674,-1.3433114993759052,3.191034935705085,-1.5015277240889162,-1.5127202788711864,-1.117663572837228,-1.2425181204372573,-1.2979215002523699,-1.2098140787858997,-1.581849598835936,-1.5901014473924828,-1.2631526318700275,-1.1789317690038887,0.3298533310944156,
-0.06475120451119928,0.08195614270251544,0.003930226101414607,0.12305329152522301,-0.16208345356052653,0.05583030921561316,-0.3392346233714167,0.15868240404469738,0.08921473733466129,-0.19935517468855876,0.048516715331203546,2.06556841847265,-0.15189144322697107,0.2132783889814434,-0.04729695363376014,0.23829477847133643,0.3446674245782228,-0.08664435080659512,0.27182364846833335,-0.10217746103348967,-0.4776548141806752,-0.10318215061726607,-1.6484681862606312,
-1.1668433259091542,-1.2151312571551642,-1.1535137115772645,-1.229399766254259,-1.3774989652772902,-1.0904140043364026,-0.8990086772125926,-0.9991508144150876,-0.8460306066123129,-1.1276276802098797,-0.6808640952461104,2.8908579173323554,-0.900828191681597,-0.9305734897921408,-0.8729117672763503,-1.3917728467299166,-1.1401940277558618,-1.2014581264202546,-1.23742699983123,-1.2091472493430082,-0.8864057313529642,-1.3678655218370657,-0.5386101297101668,
-0.856747180163766,-1.4467694697446818,-0.7446984780891205,-0.9912733962759775,-1.4664718899233307,-0.7947318772834033,-1.0225477480521967,-1.139997924753856,-0.8494474790885909,-1.2547161461393368,-0.8362822106777091,2.8721355699728885,-1.159763287808836,-1.081059557953539,-0.9862664163139827,-1.0411222353805922,-0.8169017810840362,-1.1385541460910389,-1.0548312191817462,-1.4355981320925073,-1.0934039978765897,-1.0779291451214126,-0.6755940589952528,
-1.152884201777218,-1.056852695015117,-0.7534285617865847,-0.9588135566053106,-1.3522864428296137,-1.0518095130496932,-0.9099112385953633,-0.8569929881401972,-1.0877110673149992,-1.1431871105282416,-0.874282890381044,2.6241862981295805,-0.849075227117672,-0.6321317489353228,-0.852342770214844,-1.22968891489275,-0.7509024659986923,-0.7831468527379356,-1.199027299196,-1.2265351042655002,-0.8122835199417289,-1.2021239444648204,-0.30723251478301816,
-0.6865539979923031,-1.0230882639074173,-0.5064102737241235,-1.0749918790143682,-1.0602338831064602,-0.8008680190204119,-0.6616285298563481,-0.7219337531678461,-0.7229137853326523,-0.9800959515376726,-0.6570688687639554,2.915799428215353,-0.8614566550669802,-0.7441527981917889,-0.9075567829190544,-0.918933995007798,-0.9465985602967084,-1.0324697787015922,-0.8949601102818618,-1.0045069313942947,-0.6648256387269573,-0.827073735238572,-0.7489121245563286,
23,12
-0.27465661440630085,0.06116625289512963,-0.21920270952278378,-0.2856891476015787,0.08216849970052119,-0.1519186616519862,-0.08865892814567382,-0.18272328433586882,-0.22610002008022978,0.1075522743600019,-0.10179176066697555,-0.13647140958853288,
0.08207820129373651,-0.07208734129745507,-0.1356948854979002,0.019204997136978673,0.007874958241181661,-0.19124672841537005,-0.1875649584289205,-0.05882508475154653,-0.20422041643532943,-0.2011608135414671,-0.1003946392620561,-0.30866647283333154,
-0.18279816517191305,-0.3003073059270375,-0.20677456039575037,-0.038095461483514254,-0.12455134409490844,-0.09091769994368401,-0.12085803494185332,-0.07092066474745505,-0.11167799063094105,-0.044441207453014074,-0.18760984901002645,-0.0842739751008022,
0.058628867856153934,-0.0381379570828831,-0.10236217601565169,-0.1966852877728418,-0.23370639366292045,-0.08961644871205338,-0.2466861358754953,-0.13859070270125795,-0.13872494278057068,-0.044477530076205106,-0.2260789012297327,-0.14657091515128065,
-0.1359301880983934,0.021641457150110868,0.01612028768141836,-0.14965694211851924,0.020947060463045,-0.23421809031346058,-0.14745036262607283,-0.00790276690736335,-0.09872914688324155,-0.1702801373390595,-0.25568936718896873,-0.14934816540792473,
-0.27116305440353217,0.021234259612334837,-0.19817980659398404,-0.15560777876064846,-0.1241980907720489,0.06908583716878479,-0.10442591267279816,-0.03852439014995198,0.02423292796229327,-0.44382424996257575,-0.17600748609756986,0.031784218867245584,
-0.0656367660102049,-0.050868119528395817,-0.2624215128412792,-0.17785130916815217,-0.19156611627713685,-0.2633907335168179,-0.014044775542496604,-0.11362278393946912,-0.07355327364986437,-0.1631380069879606,-0.0460471440945468,-0.020553173738131775,
0.03758804875915664,-0.0441956527592045,-0.06496219360539636,-0.001796794829254268,-0.23714783488092786,-0.24715139959170837,-0.08542949095888776,-0.0781495684993694,0.04961968288933644,-0.3404485502561908,-0.11029254985846376,-0.25009706564514855,
-0.2875252058016648,-0.1263600700695257,0.18321127477881669,-0.009132680117577471,-0.0408164015093884,-0.25030479249121007,-0.06734360856525934,-0.21636381847407105,0.08441938066354797,-0.27875808176863587,-0.1817048087468065,-0.03684980265419901,
-0.20277932002455337,-0.11527171413899559,-0.013157753924148485,0.03297496509775663,0.1248737573252666,-0.014290917412280914,-0.19892809422697302,-0.2402353686419526,-0.2478317078953214,-0.14468093663745416,-0.24786502103403413,0.01951830383575546,
-0.091221994965035,-0.21474574761958573,-0.13219551171254298,-0.3155505021725008,-0.16906739465358098,0.0036194017526018406,0.1181687729591841,0.019621100084364063,-0.37034151996549153,-0.15636246885484892,-0.1615088098741446,-0.06569970873309182,
0.9317977070167962,0.8002810006942885,0.8727614970074076,0.8560417975364129,0.9181913534497851,0.9219219654271428,0.9561944657891474,0.986099787452206,0.9813555809797413,1.0332969734696686,1.0133071696202591,0.9870901671022783,
-0.11363692898418569,-0.17865778813468508,-0.046496640490975356,-0.17189222944280455,-0.0275937463780062,0.024688931810833807,-0.22702366281821093,-0.4264294297373522,0.06716573039613173,-0.054861083380347425,-0.10272668912888115,-0.19530871250207235,
-0.09348414356734921,-0.24057496237312573,-0.14830035331701494,-0.20335202483999607,-0.08604646648782235,-0.25595607961261924,-0.10121065041902637,-0.08034702860784622,-0.0169224980145258,-0.025674896857684818,-0.20244701100018364,-0.13978902121508976,
-0.17536442921796208,0.08918500755197399,-0.16277204930746633,-0.19534299333902566,-0.06395594077678753,-0.08703099587035418,-0.1929912696606222,-0.16549371990002795,-0.11700214305657347,-0.11710213795370453,-0.14062228396939158,-0.030396548730759837,
-0.13085888026350695,-0.02655500496964034,-0.14950030142314727,0.10941956495751935,-0.20741412893300584,-0.0037658156136685847,-0.12379115583061653,-0.11351669000408254,-0.2876183064603229,-0.14908972971395953,-0.15703647000086957,-0.1371292043806147,
-0.03150757303423158,-0.04225209985258824,-0.12298752843087146,-0.09364181804850992,-0.10383904989978521,-0.09210910749875299,-0.06872455831232849,-0.16768672928487757,-0.37187280013962537,-0.06780626539696717,-0.17088881418045218,-0.047849299534372974,
-0.2845131895957615,-0.2197571656059914,-0.08975806192177492,-0.07723667353460033,-0.3080368244007364,-0.11643191768585205,-0.062023400430540235,-0.22970269339801505,-0.1030887385627484,-0.09165066484975043,0.018672902992855716,0.06402777046073997,
-0.17970849237770783,-0.22939631778673517,-0.008227446156563817,-0.035410861250712675,-0.1206548057176835,-0.1251454697684005,-0.2917864902928218,0.05011298958612136,-0.16356174383321465,-0.06504379838283449,-0.07242272870508419,-0.24671221982864155,
-0.0681058301305834,-0.2200505335701739,-0.1577670617520814,-0.06137199947475678,-0.22207985214803908,-0.039207177207464396,-0.19266919492919277,-0.08915981486609396,-0.11409546509482624,-0.14206437444514117,-0.055256348497860076,-0.22112295395949425,
0.09415174686713798,0.07070776698863226,0.04455076261754581,0.030785349499428977,0.16951898884578484,0.08841115028546931,0.18066650778370227,0.16337210268385446,0.37113518169009924,0.2779055273074393,0.3468133929392001,0.2874772561264682,
0.037196873249045775,-0.029236609970018916,-0.09335089634009693,-0.08287525766873549,-0.2442356885562165,-0.15353582533464044,-0.03556922145304421,-0.17624994312451733,-0.17274138252181406,-0.10928886498920391,0.020601364683035268,-0.4138621922660575,
0.4530866581247121,0.244395627974387,0.2766532000412102,0.293205646113988,0.26079569767438066,0.47333140237362437,0.45550995213892326,0.5497467433529858,0.5515798464647704,0.6148621998670629,0.5692268796463664,0.4606551255792258,
