# Pesos da Rede Treinada TxH=  0.30000000000000004 TxOut=0.08
12,24,12
12,24
-0.35545017192101025,-0.3576549596881469,-0.28003940197065186,-0.3129819538564734,-0.38169619058960885,-0.31390494038396294,0.018667244690628932,-0.8537753288374875,-0.4547133294319712,-0.7076108626613427,-0.3216174875251087,-0.4907943536885494,-0.31690279649411024,-0.4009191950737865,-0.380407136528173,-0.41715681763907553,-0.2566197067185246,-0.11759491966300889,-0.2334437067357319,-0.4911602203363359,-0.34836928979522386,-0.31910561454393166,-0.14864905718851595,-0.44940700381912774,
0.48755175708667475,-0.802518781271096,0.31090130812510913,0.37054480349509655,0.149279310402451,0.18776403423676738,-2.206109767935357,-0.37958063916085155,-1.1164116133763191,-0.7108790586680883,0.6295894282339962,0.12031189576745441,0.17754188797485582,0.16659281386435745,0.4341285542575573,-0.020664719182855326,0.5114544064110642,0.5476673170164978,0.40457345414942664,0.5701942001221482,0.6315917218691969,0.30616489807144415,0.2550479015404806,0.43649563429106103,
0.20172693830096605,-0.6364942391988462,-0.06405854042093316,0.4518027636498818,-0.15904527312071087,0.39535156164727214,-2.2129997073090792,-0.7517020692382885,-0.8037901461035702,-0.7584999103116096,0.33662287182457334,-0.04337991134062999,0.2705725768291878,0.2726430876908701,0.26556295072129954,0.3144998321533299,0.2789581058525157,0.613445732023165,0.12813272198275458,0.5078658243481681,0.3795078208143926,0.014703964804269797,0.4584227520425936,0.4763755530058194,
0.03884627459351935,-0.8532110861634796,0.12382046720363485,0.3404116982904773,-0.18964616156094985,0.12508689563910846,-1.4425410401046301,-0.8294562211984179,-0.8543594189994173,-0.44961979706019545,0.48561960941350946,0.1717211640573738,-0.15784757151712425,0.3283671535361014,0.113528949036274,0.019122831954123315,0.16388740359789833,-0.04335515986004507,0.2661681928461983,0.2886093560754159,0.1440140130541339,0.07377991183046927,0.20927109019123558,0.4168839339060396,
0.14001669190634208,-0.5403284631582562,-0.22549830059343456,0.23911124027734368,-0.12444002953536451,-0.018042828553213517,-1.0672777826083633,-0.6670386473299433,-0.5029868157135625,-0.6267208924769083,0.24515156944311323,-0.2694789909224915,-0.17438235377362016,-0.08930247863128538,0.15459929623258065,-0.25348146101784613,0.157793454825814,-0.17293327634133857,-0.2416719564505559,-0.01180132783319409,0.09611444386696849,0.16307820292183164,-0.2593682067139665,0.1633925725436254,
-0.45532544961106225,-0.3940758211255178,-0.5192304453727847,-0.5747045337416306,-0.5042589642037592,-0.3677586125285643,1.1506977616414265,-0.6408034427245992,-0.40362406587208227,-0.6274445948562993,-0.3795483366525016,-0.5789158924574489,-0.5836680436586795,-0.5588936288212114,-0.4124588451723461,-0.5803304019829976,-0.3531339570713957,-0.3692422783221966,-0.5912636556233387,-0.5904172966280037,-0.3962093248127018,-0.5482135476583001,-0.649353050411826,-0.3904880941610089,
-0.47159783520795645,-0.5029644582484554,-0.6785206153517954,-0.6411682509207551,-0.3501969309637936,-0.39390682515145986,1.7243525751478888,-0.5161151042616684,-0.518758635239201,-0.8166723794066183,-0.7368225119362333,-0.31247300308757464,-0.35079092409018964,-0.6285931448026397,-0.6567464758426279,-0.561283164637871,-0.791648125527569,-0.6729095400144562,-0.6423101852608287,-0.5142722098698284,-0.5470599779277477,-0.4364849026401693,-0.5307099698608884,-0.5530862322904663,
-0.23837161639594107,-0.775668897386462,-0.19629034416592456,-0.10975802451916981,-0.06928861186226495,-0.13590394777609316,0.5057419745412096,-0.60946038319003,-1.025215122143206,-0.5977099793103869,-0.4023351985481283,-0.20326401890917564,-0.43471337837248697,-0.12633218170622057,-0.18568505887407952,-0.15702780521265292,-0.02232068178621235,-0.42312289783591983,-0.05507258864005356,-0.39755278764572977,-0.1313789591511366,-0.27087701288629634,-0.2831884793383914,-0.3117006494551807,
-0.587375746338003,-0.8893852121676951,-0.6019686974408504,-0.6979268246653783,-0.3200693736289959,-0.6689814547048234,2.122702559263641,-0.6403936948330662,-0.4598441342051436,-0.7076209388126444,-0.6283778832799851,-0.49561040893888736,-0.3638136470343606,-0.28308596014340115,-0.6237270343109869,-0.47854002214180524,-0.6406891549573335,-0.555571665856246,-0.7754331907648241,-0.689768498053058,-0.4676847757308312,-0.584031262901904,-0.3950794392729242,-0.6565561664768705,
-0.5838513763892731,-0.9635365719348254,-0.3584298860272437,-0.6101669950491225,-0.704630272580856,-0.5596620990064107,1.595301060607318,-1.0316778117680845,-0.644399704531309,-0.8989807028183658,-0.8437832046158736,-0.25160481539400037,-0.4780648149480251,-0.6254165484363713,-0.4015627896065704,-0.39525764383295425,-0.5899349794861688,-0.5385374060928378,-0.6458893157154713,-0.7203998929131007,-0.7466014098061468,-0.753937432274181,-0.40074920865924957,-0.6855325706884974,
-0.6108922388461466,-0.6171365219575522,-0.29810246367346316,-0.7065527144917891,-0.272948731214313,-0.8257796666492865,1.8679566221829333,-0.6003736437203191,-0.5074345590752176,-0.9945528391867426,-0.8686932895801145,-0.5762073312613522,-0.6869264602265502,-0.6464483164869952,-0.7161473821102026,-0.2251941081620871,-0.7699774253184334,-0.8266384847671718,-0.43371300669994756,-0.5896255408798204,-0.8092694819717772,-0.40314920196184933,-0.8087680604622329,-0.631073684860909,
-0.5454469817387683,-0.948128654790222,-0.400910620857179,-0.6252250548172561,-0.5723314787624484,-0.4475532914965133,1.5597895506134298,-0.699418069222956,-0.8369946204955219,-0.6171217897740037,-0.2634819116892032,-0.4367415494738816,-0.18880301455523457,-0.48260124765305656,-0.6089552332242846,-0.5527075009676459,-0.5712350863657161,-0.3654061281667362,-0.2195643690173692,-0.23096910053032696,-0.6474312904431591,-0.3966844508567115,-0.5101674962578645,-0.6491131331507058,
24,12
0.1479368381569006,-0.14470020960864222,-0.327378568724424,-0.02632273918608168,0.11426307766393932,-0.1921751422324559,-0.300893174796832,-0.1489134721367705,-0.2084580307461399,-0.31868199240850875,0.09272769933398887,-0.05777417037629612,
0.39653042777184727,0.30173441255980155,0.4300093687652104,0.10853724766893098,0.3907438919139847,0.5538198844755357,0.38915746084563385,0.7452239042445886,0.8309503180566074,0.7277443828976089,0.8185499749995861,0.3824204586018864,
-0.0831123908073241,-0.2719172838975008,-0.22244950030471036,-0.23208062437913235,-0.1093758265329985,0.014967055338683054,-0.26509431569939357,-0.15159727109062104,-0.16498814437459605,0.043225261756286056,0.07761278480425146,0.046458823438612025,
-0.20117861390153302,-0.3272901839604046,-0.06890472225267326,-0.02301360710193526,-0.14094058397116555,-0.08260932789175823,-0.3155222998494028,-0.020225166747760297,-0.1323875232757595,-0.006158158966403166,-0.27134235321054295,-0.09578581363547703,
0.05136311798207063,-4.551548543065746E-4,-0.29373134569360826,-0.12654288023767624,0.11639184297312563,-0.19061204839512788,0.14039154694599817,-0.3195535932570379,0.02423873624149961,-0.2331339264457335,-0.016801898233471804,-0.03452764037851485,
-0.07970487943569593,0.1956391518410348,-0.31253312797739946,0.04008045692483337,-0.25595530141259404,-0.11085396110093965,-0.16145561942648753,-0.1346570216198934,-0.09036469140845776,-0.20727664104847468,-0.12263193847654079,-0.10003449626546776,
0.9659466732591334,0.822903769370523,0.9023110382588315,0.8725368278889132,0.9412797530226561,0.949106855077984,0.9900498614665451,1.017530969929048,1.0264115585259965,1.056261562911075,1.0552190736677458,1.0384139949375548,
0.23339131916576963,0.2380121990219642,0.1985527150610965,0.1351245153296038,-0.08094046333978033,0.2998990806785187,0.31082767672384437,0.30252576828474337,0.367307315311539,0.322570214564596,0.41174707872429345,0.5294134945426667,
0.7039905275219349,0.5104013997589966,0.47375375723239443,0.5328689333661636,0.5692855227925819,0.6998293805117379,0.8474563594182221,0.7233196901731617,0.7673055248392947,0.9137782423594136,0.7698781272817428,0.7610756652896928,
0.3926776774833642,0.289853083859675,0.38582177727502265,0.47272172435000653,0.48999702952666724,0.28470874858822914,0.2460330442841549,0.32867915538076203,0.34262251335620625,0.23415082481962368,0.34025107224412365,0.5251139421842763,
-0.13598645230140585,0.0989716451410024,0.09662841954754836,-0.15703150812640856,0.11306908372025755,-0.07645945216880735,-0.22593367895443917,-0.2509983310663667,-0.32609167053363397,-0.32205521747404914,-0.07307252941390403,-0.1960683490276778,
0.02670604506448955,-0.1360114611217956,0.09048110930117591,-0.07521290566979262,-0.013128734924873596,-0.17910435003043773,-0.02213792099761238,0.11827689538502852,-0.1405602721514207,-0.2198992513884715,-0.19543797254876913,-0.22258530810007104,
-0.21116584057233695,-0.3427875598874741,-0.033271227967951934,0.022520587618398733,0.022471103269408252,-0.12317010701770502,-0.06651128592071719,-0.1739886017649296,-0.17679158115483964,0.022751449275773758,-0.03382951825608251,-0.07045713337323221,
0.11154596282400842,0.10852038904408776,-0.21707837688273485,-0.020301958527621497,-0.27814038523126206,-0.10412709877848116,-0.07915966115552074,-0.190640342330261,-0.15994474179975957,-0.1728496741299604,-0.19886803869587102,-0.10751395532796439,
-0.297662436503428,0.09715654165630698,-0.12465061853709052,-0.15703841201513447,0.025915286131999837,-0.2594436145267233,-0.026083786867811088,0.07399193751779012,-0.33163717408418675,-0.04271410521274923,-0.19311361229204121,-0.15801821257785528,
-0.08978388893959263,-0.10731648304850612,-0.11965046255343467,-0.23464961527133413,-0.09892205172846087,-0.018973202505666947,0.044639636893058735,-0.17434574228571598,-0.21605856487461625,0.029184932141603993,-0.18425664493528332,-0.04576389589900807,
-0.25349949065986366,0.015634872886445834,0.12833608903434995,-0.04175543722973542,-0.31182476040806456,-0.0967668635456922,-0.056107615750065336,-0.08565342093527462,-0.36098124171727736,-0.16647541076664268,-0.26503590045344344,0.06830576058323841,
-0.3162615579741633,-0.3226002957879378,-0.38961163965586865,-0.21629195416520358,0.05079108488879742,-0.007831814784620908,-0.3019193345597425,0.13451416216781711,0.0949473397991533,-0.07167788903561048,-0.10049636455973975,-0.2962640579317156,
-0.1355273933999752,-0.2092045447683164,-0.0904467102931607,-0.2700921733695582,-0.06111588131657518,-0.10403725403062473,-0.11970036088205267,0.0668381582077432,-0.01997230936676045,-0.1079517417535856,-0.23559125413490678,-0.20115564963155042,
-0.10105719047356428,0.032050855327315206,-0.21486088032012138,-0.2516864898919949,-0.16726551824045643,-0.2528213916646166,-0.03504371002618446,-0.3494311696400498,0.029145006630333037,-0.09081904121201904,-0.10451994528407015,-0.15065189212399377,
-0.2630399348454171,-0.3061978389377287,0.029658985660155717,-0.22237887912698717,-0.1782823175302084,-0.026875713684316394,-0.01366178606417184,-0.052695179775976764,0.043718535200316884,-0.2633256130707375,-0.2768519789069164,-0.16648083793991406,
0.0074926994878278105,-0.1346783957058414,0.11198773302201971,0.09872305348507893,-0.3065803861840225,-0.13145563895022877,-0.015000366377705972,-0.19187437842805868,-0.04343167323562344,-0.1804259617690723,-0.12624012987464203,-0.24401662936095314,
-0.14207330187700268,0.1933892790185848,-0.015477739281295026,0.018359866510299062,-0.19359248293428738,0.037959931637010225,-0.08707827759091087,-0.282447283593399,-0.27280630908204434,-0.15116409270812936,-0.10978687588647933,-0.21434173875357937,
-0.19186312169752753,-0.20127717689174102,0.05171439613086116,0.0894523577573083,-0.2564627840208199,-0.23687945245383255,-0.2904797650745048,-0.2230601163197078,-0.0054379016402233814,-0.012560455981129275,-0.1799045829693127,-0.14983223825499076,
