# Pesos da Rede Treinada TxH=  0.5 TxOut=0.02
12,29,12
12,29
-0.43611270595163193,0.33403124641219695,0.346626003552146,-0.3722476682876896,-0.4371522511402179,-0.5963275184619148,-0.2637350217908016,0.3468468647706985,-0.47489360994463153,-0.24572592003211816,0.3580682984257175,6.777694333158798E-4,-0.01482190073471036,-0.1880620006695518,0.13820400089517573,0.3033850740707281,-0.41427267236376514,-0.20040838496210625,-0.676738403432866,-0.48517714426446484,-0.29855492493761954,-0.3896018070121882,0.026408025727413055,-0.35947684495841536,-0.38976968720919253,-0.20540075458050994,-0.719880382221932,-0.4649812952533736,-0.061596934086373005,
0.6004797380290905,-1.4848638456759318,-1.4053700962232072,0.5134887557828403,0.6862206147270732,-0.8682984226408186,0.39498992090878116,-1.1875033320844264,0.479990681341627,0.5183694922186921,-1.388143109034796,0.708329469372616,0.09169143860305853,0.6492321974627115,-1.1367705807491455,-1.3586137354283436,0.97891864408856,0.571457563270043,-0.35996204533671766,0.8953622596414171,0.40618216521503064,0.6753454347283373,0.6796496833936726,0.7531094456892911,0.5991902672604852,0.16576502489144257,-0.22545774218144443,0.6703772616165595,0.2420668581936899,
0.6203537399080474,-1.2915478640269304,-0.9223315278983577,0.5443079414005871,0.440873524451034,-1.0657082445529238,0.5723367754473282,-1.5094226146669787,0.7440681791323112,0.5224026465425062,-1.3500496665662383,0.5042192069913985,-0.06181435146272524,0.48019442829972536,-1.1291698333273923,-1.7282853348156684,0.839444323375106,0.7253843014833741,-0.5636268515066823,0.9571827603937768,-0.0036878716447697715,0.5913211608459891,0.7291097450328174,0.5052081189475092,0.57091091884887,0.06683055093494486,-0.5974787395386448,0.7621311669299781,0.5530167441229823,
0.5883054967673748,-1.1663120966388172,-0.7643988951801685,0.6195536471208544,0.2826308333229429,-0.6152883823133307,0.3314616230731381,-0.8650792579153421,0.5504624797436402,0.5224406706209321,-0.9954180717882661,0.29806214934398423,-0.17133386952950905,0.4133620465181221,-0.9913964729572691,-1.2722557485686359,0.7159495252160313,0.16864140677119943,-0.559247194747014,0.2559349985205304,0.20942615066557327,0.4016507091751759,0.34578355805045746,0.3737331945492373,0.29857744848606566,0.18212378697763315,-0.4880056848574102,0.36975188814677007,0.08471257956690553,
0.15446106837977397,-0.6320461308412522,-0.5215875817433684,0.5449755427669216,0.4454314136516639,-0.7969661303285088,0.01160584212106728,-0.655422795712337,-0.008093655743318443,0.10784501495841185,-0.9252949313773956,0.15880743454697435,-0.06385525641297847,0.39696366146284984,-0.6087848710815187,-0.7636861971170034,0.29794587560444574,0.37145260583183687,-0.2998597759430896,0.040616762331838537,-0.06130663398325067,0.148468972885266,0.36248780661382224,0.4316324703689272,0.10068390026629706,0.1493342234019646,-0.47546881572036437,0.04229459758580899,0.26707646106102356,
-0.41979630614420305,0.3668696712608253,0.027065432520546565,-0.36009646346203694,-0.574693784212342,-0.41289782389115987,-0.5107123479564917,0.5852722571367853,-0.5214802311270678,-0.14158067318337433,0.5035061546627668,-0.5262487947182135,-0.5341903356862348,-0.5838550463263209,0.30719232204930114,0.6197293569829693,-0.27122788151068167,-0.25046300173804775,-0.5460808981601075,-0.5007514165887692,-0.6377935555597506,-0.48707103212503366,-0.5118229383233122,-0.39533349701258236,-0.42485742392688336,-0.3632221723401863,-0.6290787226910235,-0.321684397917952,-0.4970609247750181,
-0.7217768477751205,0.8100584964597444,0.5740673211336557,-0.7038120509597893,-0.5884011703746813,-0.5929240107487286,-0.8028809158431831,1.027384168603287,-0.5131032190061026,-0.7535662395501049,0.8214246804087195,-0.679476574387096,-0.32607059490615536,-0.7014950053289766,0.7921338650248396,1.2544751978263016,-0.8684308243428626,-0.7392353077506197,-0.6757789477359663,-0.6114722115294071,-0.5805077141237053,-0.46984747366235063,-0.49257678809910216,-0.8003343917170774,-0.7332006047384849,-0.6501622183441799,-0.7284848901432269,-0.6207529505762381,-0.5754769671053858,
-0.04990210019768945,0.226748557938343,-0.1733657010059898,-0.3769416841238159,-0.0250637506122735,-0.5796116032576042,-0.015143928503983833,0.28046468359916715,-0.4943011448329553,-0.2971049870863082,0.049365715063893006,-0.22981571989009958,-0.3852816392633812,-0.4091852910611985,0.33655105108258593,0.6008327761634576,-0.41302256526286657,-0.2626183977102031,-0.6536899180700387,-0.4237800993157785,-0.40461103022673284,-0.28752922096888806,-0.3540754662338791,-0.11234173354747266,-0.37392905345790667,-0.06119490028568626,-0.8095728568735575,-0.4767031712331199,-0.19557785888627843,
-1.007928938970401,1.049278806589983,0.8619740860527415,-0.6934501977371383,-0.5115412211310882,-0.26945208972107254,-0.7266827637049924,1.0584571587950808,-0.6955965563478013,-0.9766545875689829,1.0457537801087584,-0.849868149820314,-0.5083329155562634,-0.7979228044727046,1.2121155439132185,1.5834431330909777,-0.9233023075528051,-0.9409367796649891,-0.5109669019625172,-0.8349848238443244,-0.3684984224024729,-0.5729738760198536,-0.8767488956122871,-0.7297549694728821,-0.9362680620446302,-0.626561254180601,-0.653468790923585,-0.5803075300734489,-0.4754788009944433,
-0.6775663818906931,1.018080234665994,0.7045488907377799,-0.5501907695133589,-0.9229265716105224,-0.7247263960016933,-0.6350047298881214,1.323804008016303,-0.7644201690583506,-0.48963247430651047,0.8275860171786379,-0.6809393907134224,-0.5055422495917968,-0.7586393152259895,1.316605245800768,1.7991779248148667,-0.9518175994787906,-0.7839015775891296,-0.6447314109040727,-0.9115057270656288,-0.3754427165073282,-0.8986979071517561,-1.0803071627378464,-0.8873841738457475,-0.5272073288136399,-0.5286849979423003,-0.5878107281853434,-0.7581685239456889,-0.8403977196390748,
-0.9116229154667141,1.1555168025011513,0.821871144624141,-0.9122666037828546,-0.7627685107418891,-0.2556897178657529,-0.7998359909116477,1.2948724285982753,-0.7258666135687123,-0.8696725214334174,0.8838846395945464,-0.7786787988232832,-0.25301368905654664,-0.8458070519731119,0.9672096970599916,1.6038515415256491,-0.8296894602621464,-0.9642728414440112,-0.26237195588517453,-0.8582729451061863,-0.5327744527126881,-0.6886397536732396,-0.9451146656427859,-0.6569391812952202,-0.5926555011241611,-0.3923114035622909,-0.38789879531383126,-0.85357987534937,-0.5490432755377447,
-0.49381813089910515,0.6248915197332685,0.5980219214311552,-0.461636818852068,-0.6459788084349782,-0.5272213015029462,-0.4248687756499755,0.8431747286599619,-0.4884439610040564,-0.5608663546403297,0.3855187175036032,-0.6738826668398511,-0.4452360109337431,-0.5462680471121557,0.5856633881706018,0.9873261926002507,-0.455665121216903,-0.437660961415151,-0.6102099287014846,-0.7841793834582499,-0.3457942989141194,-0.5670464679184951,-0.757523182738068,-0.6081957702494236,-0.40736601736344297,-0.6650520585304723,-0.5086765377941981,-0.4565081254032431,-0.560795747906092,
29,12
-0.23099657789915773,0.12625724922992607,-0.10230275927682264,-0.06289664158481123,-0.09791713821172247,-0.18128976823308274,0.06720720733466097,0.014964413080629641,-0.1257000462580052,0.07809643895324576,-0.2246705849954771,-0.23327158019708136,
0.10441461927687709,0.15327423610349997,0.2409974324457792,0.2990703620292333,-0.0668504860045006,0.11809037829181238,0.04447417984379491,0.33407754209942064,0.3307418306321059,0.12562232228795428,0.18813193296719283,0.252934402377083,
0.23072450140078943,0.01328584514901894,0.24552295693718468,-0.010281574470634445,0.12719516094355746,0.06263454223364302,0.04690787707565749,0.2432809478111685,-0.041430419059399023,0.19692757128433255,0.294171603645254,0.23190696285990225,
0.02781836759991155,-0.07320638227796876,-0.18645456450703607,-0.15148532233612713,0.16537160910566687,0.13835154650799084,-0.24364415180922983,0.12412190337241745,0.02518858365873907,-0.2664002125445999,-0.25261967558296583,-0.05624939829319179,
-0.17686537200677777,0.13858883103641248,-0.29240646495520733,-0.0759581794775823,-0.004855856117433568,-0.06923660554354565,-0.22570869425405285,-0.09552362478791211,0.06730702977444912,-0.03187395761220895,-0.14590498485517905,0.030992953516636768,
-0.035122807066593695,-0.010952096245420186,0.10936101513259675,0.04036189964845009,0.15840072993216794,0.1685413715483219,0.10242010399976202,0.23675980278834027,0.2585530068301412,0.25344834824621426,0.22414909310876513,0.23628238274342536,
0.06346718623947592,-0.15456126666779393,-0.0827007631579115,0.08064922459383703,-0.2959530931444544,0.05055175234175725,0.10913340819787828,-0.2350480005491031,-0.061418237945952726,-0.19375184144496346,-0.2702370242744689,0.12707311919609807,
0.11321288140797532,0.21962200733478365,0.17669583808814115,0.19414902615257038,0.286761230596372,0.13997838368020765,0.3740078953798829,0.15903761613504522,0.3582263040957834,0.13216729970803456,0.06397160572509582,0.20733022212170807,
-0.042724291931661246,-0.05449562282255248,-0.1565426807328587,0.022300305057717826,-0.19355510126988673,-0.1827801392015331,0.01668189917318231,-0.15646122966010953,-0.12761076317103193,-0.24059020568955333,0.15016641454284924,0.036891766061921315,
0.11279392398924384,-0.2841898948481695,0.13461417778510212,-0.10912614863807324,-0.14883910165303246,-0.2636778367257736,-0.17596712651301108,-0.06465773476513949,0.09891485548027469,0.014310469619139177,-0.1296545609111263,-0.18430203962854197,
0.25699704930856615,0.17482477865238383,0.11238738416824116,0.09947285817160918,0.03270627880506509,0.19857794634556472,0.24358185870808965,0.025172797146194196,0.2728728809428183,0.08218913035720056,0.19441631723812836,0.2431825770706619,
-0.2003049385922163,0.12902264050760412,0.1010974669740752,0.08377687462626088,-0.25943944857491125,-0.10963356729617632,-0.07277144861958934,0.04878850728118527,-0.15207571553797972,0.061556457013164916,-0.1614349185422383,-0.26139598525653845,
0.0028729724412195935,-0.2357318404982129,-0.037067583463440246,-0.1261087528235012,0.04616766257735978,0.09937684067520415,-0.08173809918718362,0.020620947132313373,-0.041802754761914133,0.03069544508082862,0.16591905198974619,-0.19422240969871646,
0.05022959733043013,0.10635728211867271,-0.032010642493678895,0.1907504421295818,-0.13099728415502698,-0.0816219795964161,-0.1719346531442109,-0.27792754406025727,-0.2296689539055527,-0.14869307984421204,0.15751041480891498,-0.22624333034666777,
0.2148387324184084,0.18525270852138792,-0.01863653882786732,0.11075780587699235,0.39278428173497804,0.16638851447104758,0.10690558308318131,0.29358837840709945,0.22534330693481341,0.23924632883658048,0.27535194312935324,-0.052354188059796566,
0.20753491704553761,0.1576276221607149,0.263163705396242,0.2568562866641729,0.22681241729189158,0.35531546591570085,0.28826866631453374,0.13054712375003644,0.029959533302044334,0.40276788292825944,0.23026766559088668,0.31878031970386916,
-0.21005902342863145,-0.10187547107121851,0.12520494259857515,-0.03648443645057134,0.13011582479143802,-0.09262708851648056,-0.03653949591273272,-0.08923995123282051,-0.2841772724920036,-0.19391304016497157,-0.23409074633075286,0.13150393929079826,
0.028807375499021085,-0.032415992835107474,-0.14310608926132098,-0.07082691695317221,-0.09783524946873828,0.04078749224709064,-0.028641087736314234,0.017387942624301083,-0.1916848391309486,-0.05783459853931128,-0.06461102440736012,-0.28986970388163175,
0.04866677035365168,-0.046986287758306315,-0.05167931388297574,-0.21246814719509557,0.13098671367047693,0.11617274948308522,-0.026843956543898158,-0.021890818940524255,0.27053903719965305,0.2765717677332543,0.013912167530053999,0.20173286662562484,
-0.27488441219139,-0.21233083317993143,-0.22353777769140842,-0.21646530583162352,-0.1517253871551433,0.09272555193902489,0.006043673509991801,-0.24847287680549296,-0.12658969557467606,-0.06653756618984463,0.08374929228148578,0.0597104336003073,
-0.05643470846497715,-0.1898678225258344,-0.007190913519449054,-0.1100072048022226,-0.29672955663687334,-0.012937540767397785,-0.0572211706254078,-0.02069072387136471,0.11008444657953459,-0.2687447690028026,0.08385507257649093,0.07813020296754936,
-0.007071018393547665,0.11104467190782524,-0.009187741668780927,-0.2088864680434381,0.038852773406352244,-0.26935237088401354,-0.08379534840745893,0.052650676303421844,-0.27524384009819625,-0.12686165119825735,0.1344526468045909,-0.11941438541931754,
-0.24442322274273698,0.10888792545577927,-0.009744029632628312,-0.02150525812290195,-0.12617674031555792,-0.2466631506529807,0.08293704476872078,-0.13817853970372873,-0.2223150039410594,0.06603900592866296,-0.2245425284891308,-0.02888925818029998,
-0.10341416134541119,-0.08441032313453402,-8.319466926314499E-4,-0.06053295262319569,-0.03275365133822622,-0.1665232109249819,-0.25030532311576653,0.0712228827436327,0.03189053181532132,-0.018267626203255182,-0.11877480634627081,-0.2459681513448097,
-0.09784656919027156,-0.09000580045937967,-0.07447964602542573,-0.0925624224857209,-0.053997334319006544,0.01197238161951685,-0.14618705289061898,-0.0538772386464719,-0.09687041753596529,-0.26813066907375727,0.18433089750359713,-0.14740371089417562,
0.1410270568603362,-0.027709554754396386,-0.007761060121025361,-0.11526261013950319,0.07392941094178614,0.08532306417233307,0.020372041687676513,-0.22593731434344128,-0.24320225247737898,0.06243544281667149,-0.17784401541919395,-0.03518117427256374,
0.17802283292435678,0.13893327452154114,-0.17827624000269346,0.22581463294044812,0.1353317651534329,-0.03604033228685824,0.33949777560000394,0.28806175708189297,-0.007299517621716208,-0.014112911254964885,-0.10349792628001842,-0.12139065325580835,
-0.20634629386997438,-0.020554186337985458,0.12333739781148413,-0.16750968908856043,-0.03721900346386146,0.07528252492961206,-0.2358698197181553,-0.24415694006989352,0.15818220959133586,-0.2224513137759617,-0.18828685030853196,0.08347299048379803,
0.008503043128162899,-0.23706766031061546,-0.19877305036842519,0.13789351027138605,0.04623208072919176,-0.24034469506604902,0.0012737036983424077,-0.13144185886203197,0.05617827134481778,0.11562575726115952,-0.21198821343219387,-0.05550686139460373,
