# Pesos da Rede Treinada TxH=  0.7 TxOut=0.05
12,21,12
12,21
-0.3552620190312832,-0.5675381810426426,0.634427649541154,-0.17825350740579074,-0.2323510566536597,-0.3828953392360682,-0.3922413004412353,-0.136121996153447,-0.3763542682359062,-0.5677915699629161,-0.25256819458523133,-0.16919227290278052,-0.0959715137348345,-0.31141962122009836,-0.4510721298003916,-0.492841492619357,0.05973227565275123,-0.28131058063117315,-0.4452123156037338,0.5401821203883939,0.2510682488544641,
-0.06633745591532131,-0.3096708885163088,0.25140921057098126,-0.25155734831541227,-0.41777118287590437,-0.3760896762288735,-0.3557232531960595,-0.23944096996431233,-0.06575114851273713,-0.5015729458436612,-0.3012362526470309,-0.5005475728258427,-0.17211873823691254,-0.5417180652600789,-0.6012354023971331,-0.4100566464179304,0.3019967817009837,-0.5280437558142124,-0.1638600854764602,0.2053915094562152,0.4362716412739215,
0.08458183159648837,-0.36256645153146405,0.37506364816836096,-0.17170814747596552,-0.22158155948034666,-0.22228475757668803,-0.6126713129931524,-0.3273497468747256,-0.3447720659758862,-0.6376844509213286,-0.33173295343256215,-0.24595411020012,-0.3007017457391534,-0.546487071610188,-0.2768424098436295,-0.10442677903210268,0.41519158904803577,-0.6054225498416009,-0.26205068682240873,0.41122306899416855,0.32809136784551307,
0.165283183533955,-0.4092233402653888,0.6073177993913674,-0.2384307340966991,-0.5774009135246313,-0.3575815492026564,-0.5418402285790793,-0.07971483474540057,-0.0609712154830503,-0.32148311920265904,-0.27669150692951033,-0.6214562742269929,-0.13995313499050654,-0.6347415659714319,-0.2098779581860558,-0.27138810737966856,0.03407780511601362,-0.31270114307677505,-0.5211507223023361,0.29859991887965587,0.45740602170718,
0.12873511537981858,-0.49129519015115314,0.48254921754101227,-0.2562540754055469,-0.311830496263173,-0.24416262039141529,-0.5597309960292025,-0.19078131523038577,-0.007434331305315265,-0.28669904349900655,-0.6070845552750691,-0.38696747313088686,-0.28088107733364054,-0.29933322366715137,-0.2637168921516299,-0.36822344912927146,-0.047098453227613496,-0.39696796765025305,-0.4837013882796547,0.5603807104951646,0.32647301053754274,
-0.033642752941352765,-0.5130217812846432,0.12477363049724745,-0.37107348911967825,-0.43070552252574024,0.006270350988808292,-0.40972100472017275,-0.06332725566094952,-0.4390698519376194,-0.4067218045200854,-0.30012719293392376,-0.614051557695215,-0.5732250602628652,-0.4598238184611851,-0.6462442525984528,-0.29549260245920833,0.007778150916112937,-0.22978357512449937,-0.5830647065255284,0.4988569499919245,0.36673840948914865,
-0.21661344696861148,-0.33369201905007156,0.5173091536781944,-0.4275275751469516,-0.4574589864947192,-0.40087971691322155,-0.3824865697824391,-0.4190087988639015,-0.4507099436905718,-0.17109484890331375,-0.5292784185738932,-0.3379700151306382,-0.4024552443923902,-0.46640281244381854,-0.6227747762856897,-0.48730524673742454,-0.1510382847846093,-0.336021553772688,-0.3411888162582548,0.3143908440570153,0.11238096525946598,
-0.3817988860940426,-0.22454860507947125,0.6033070279551563,-0.17212715951211274,-0.22154813521621985,-0.0319711850639203,-0.3419120201800761,-0.3058352105899638,-0.08813772444313758,-0.6077369462364786,-0.5389927682773851,-0.4353515142320784,-0.3621819000708191,-0.2823859824141314,-0.323184309873526,-0.2759976970113695,0.11856520544641977,-0.6789019969897847,-0.3434446762166416,0.15651072378905903,0.031933097802649885,
-0.2839339581809767,-0.5944797612570487,0.5601421080546022,-0.5685843443412861,-0.22846781282387896,-0.2967347741834664,-0.5836973543613656,-0.30988779661430504,-0.483427490073054,-0.29658407269513404,-0.4419519137747093,-0.1987620721734994,-0.35462763068814634,-0.17115300752903662,-0.3993243337792801,-0.46670978777715616,0.08841735049099207,-0.30547899049708527,-0.2931489406430678,0.2739603496522585,-0.13371408609049465,
-0.3467906273982556,-0.42962169889561214,0.32231909394982794,-0.2431522034881242,-0.6363524798953374,-0.45751686716481,-0.4707127493219128,-0.0990727992965791,-0.14698295042336573,-0.2061090962252482,-0.46402421818535355,-0.6611241205446247,-0.4964972463118756,-0.6796664135315611,-0.2697016016406318,-0.4256766071581472,0.13322367077375297,-0.2893402205089443,-0.2859231137389966,0.43080720262142896,0.2955930601483573,
-0.15210253070323107,-0.42590689908475476,0.23569732729570586,-0.5926948112775545,-0.34087637034572893,-0.1901031978440047,-0.3184708665189192,-0.03887829987127807,-0.22769627724087735,-0.6082286447601825,-0.5691023946744693,-0.44130985552179264,-0.4166429568769256,-0.3289735099748132,-0.6031771823197449,-0.5376269576722948,-0.02689800272844971,-0.6418439288963893,-0.26253071134404193,0.5416070123913179,0.16253459264376574,
-0.047197143164872904,-0.5123562669721753,0.5002778191067379,-0.4728320457538549,-0.6351110917445403,-0.03522176493033949,-0.4954926409335412,-0.2633661520012899,-0.25209888118909174,-0.5889107065609348,-0.4094648717419761,-0.5247692662855528,-0.2839515523901382,-0.4409609682420647,-0.2512456248894259,-0.5014515085116531,0.29109750038116067,-0.4837743965360015,-0.38689478700620666,0.4805460425510401,0.06812102487357787,
21,12
0.054252876181919034,-0.1157478903172406,0.08254633831216536,-0.17915370194118663,0.008285030468090813,0.14377646652393708,0.12603021803010328,0.11029104961684578,0.2121894666549203,-0.14388944392625502,-0.19475723526955002,-0.026082111573607784,
-0.31473202422429264,-0.030229253991800674,-0.1658143966273019,0.0066457441427885825,-0.30261074706145397,-0.3465634635169978,0.07876203869195049,-0.14592733887908074,0.11879053167798517,0.1116939262318232,-0.21399921010009446,-0.22393804945131113,
0.345196114802445,0.28785528125869453,0.4665862307910545,0.3880647676708799,0.3553165847011299,0.5138719072115825,0.28531807897672756,0.3682497524226709,0.321470622640457,0.31130171846289495,0.3459031736679254,0.45927150971907427,
0.133598167844364,0.11582371654009954,0.00830532956587919,-0.1421098948018175,0.029091657304521956,-0.1420762024646915,-0.26973918686337156,0.018929478467963588,-0.04385112767099436,0.004788024948376384,0.027477756074668517,-0.2954792358631243,
0.08673177401900894,-0.2393221490296827,0.03546553275269115,0.07868951875520834,-0.037868267628226385,0.07693471748627032,-0.3402074766961442,-0.15556966004989628,-0.04337676718353491,-0.16687538639417024,-0.1839881522636955,-0.1591783802759574,
-0.2703211217964107,-0.20720024678014606,0.11193427640126857,0.023493257841284698,-0.045018595203466814,-0.22000605507723836,-0.15573441903061905,-0.038165480715082745,0.102742493353659,0.12401385582911235,0.08861550369882429,0.1284430139068945,
0.0385452352602216,0.055690821495799174,-0.42765205589453753,-0.2089403911146982,-0.1668145900606046,-0.10349137107857224,0.09033273152300073,-0.28499453408971925,-0.3186427857100989,-0.08433594908879777,-0.36587021975520484,-0.2522338450535974,
-0.17742439292423692,-0.023396108957327858,0.02448377972540768,0.10395684548374766,0.04437554225386687,0.0103838521865763,0.028637300506565943,0.03629866819661889,-0.19275646521490447,0.04602221698971305,0.11424142469748053,0.002533603026993835,
-0.11154322007863,-0.049432076504534905,0.11972578087007452,0.0967412684472625,-0.1255576793049183,0.20160947678039748,0.07695729493630042,-0.31327374543985925,-0.007105180541866447,-0.10092293777434133,0.0055731896203861,0.06253416356268776,
-0.2955918160000506,-4.690999427735421E-4,-0.15260305753148715,-0.2711084061938667,-0.0065205763387664985,-0.21278054666608662,-0.07779394523517705,-0.18798743134587279,-0.2752746350363866,-0.013799202980251656,0.033571483679194096,0.0541322207616276,
-0.10871014940236536,0.024087657094608285,-0.041073199270010075,-0.05875144102772581,-0.04329516886984494,0.07262871209095494,-0.2149673595759007,-0.15202015114689219,-0.25416517737305244,-0.28854693316428803,-0.1401423130546063,0.0014261911559567673,
0.058881221347399544,-0.09506985619627509,-0.16803794018284346,-0.06557262364105705,-0.3175086748824682,-0.19606287725822621,-0.21668440778271023,-0.2181894303227822,0.056804357946472775,8.328856866351244E-4,-0.029656475148664707,-0.19422924222795213,
0.19495992409220364,-0.18325378637893563,-0.12807131553756043,0.13910018061371834,-0.0843260400620441,-0.21672654743138303,-0.04451607275831852,0.09443114637986279,-0.04834634729713445,-0.15798079279773586,-0.027465873157276693,0.006193573909482196,
-0.12730868750888272,-0.06346513624879731,-0.027462890055003266,-0.30209026515550763,-0.08143544019027565,0.08965119172697404,-0.07579528651966061,-0.33228719994268224,-0.13220370445583882,-0.18387179173192625,0.033962325988025344,-0.2756377962186286,
-0.06600948970972974,0.22859311042064068,-0.013367413177208545,-0.009157582790905361,-0.22335854143446612,-0.3118245389095894,-0.10826746179415093,0.06639812518740551,-0.23370682585396835,-0.19054797237972262,-0.053812494407628024,0.0017363920346577068,
-0.2619364254049721,-0.13004711655701978,0.06577904161568543,-0.169229202392511,0.046000017361890716,0.060012324846849666,0.049734538084484615,0.11085571802062019,-0.30262569998336064,0.0856413041541774,-0.2600509599363867,-0.34139523784374554,
-0.04078780944426251,0.13435978733726986,-0.1507764865949665,5.165728771068861E-4,0.20246970049862306,0.15479055060742525,0.10182002739691,0.08552827468653881,-0.00912897937311842,0.11683925385109076,0.19252165552609934,0.18319061646273824,
0.05110993842409116,-0.22037913082803,-0.3461605864677095,0.1665399200011904,0.10948852632395424,-0.01166470073823654,-0.34594362911931625,-0.29498956613035754,-0.052067907927709545,-0.05454892092298243,-0.29223219388733046,-0.033804976039342224,
-0.05974510714523641,0.09403666744886263,-0.12114175202773836,-0.3152276901553169,-0.24643311647196242,-0.060471045498852606,0.018677783995119785,-0.005639907992701187,0.03321620710784851,-0.0525515218394337,-0.015560234485803083,-0.054694137658968224,
0.22032313717032007,0.1705101548429479,0.37686255144864667,0.3194975480336044,0.2668845582063206,0.10377920231505441,0.28296641803465283,0.35334311984944616,0.13607002128388318,0.29523423513967895,0.12784652937636823,0.2479840220070055,
0.2624783180914954,0.24301886172428325,-0.12204902545338887,0.02563018994759616,-0.014554897600184118,0.06138440066982958,0.20720170420061915,-0.01547836924392948,0.32829379503744044,0.2906131916322769,0.2054697692632098,0.07663646370694749,
