# Pesos da Rede Treinada TxH=  0.4 TxOut=0.09
12,28,12
12,28
-0.4354407351631625,-0.39610983460899674,-0.2811622412619868,-0.5173718844081387,-0.14941855426105988,-0.3660538903390002,-0.460170467836975,-0.7964332871152454,-0.2040732721054728,-0.437981509475655,-0.6330692099330965,-0.6589063323386886,-0.5127580644214036,-0.5626172192637692,0.5567290365556992,-0.1393673582308093,-0.5438038637610854,-0.23328335475893167,-0.21035603988625848,-0.4000799221719093,-0.36670372298679976,-0.5487572618953922,-0.35259089754341977,-0.38021849122752716,-0.18410157752711778,-0.4731160877596393,-0.30767233887700307,-0.30952699935478145,
-0.44721055791143005,-0.0478662364803325,-0.4505382003907653,0.003941737299321466,-0.1938308904014771,-0.3708972089150728,-0.13527935580376352,-0.715789835425326,-0.09012807314312093,0.02295047564559215,-0.6095595957412644,-0.5674485406086762,-0.3546884703282934,0.026972962191279266,0.0806805052887166,-0.39863697747619725,-0.38342378364190527,-0.5762826870977277,-0.19703558023149179,-0.16496810535040915,-0.012872091716851579,-0.30422946347887075,-0.17220185521357242,-0.40182940026605907,-0.27108126143513245,-0.29424421388968064,-0.35671322872119676,-0.2792129210017613,
-0.38077721333647885,-0.09117609368077147,-0.48169783039902675,0.08365966014154645,-0.45330111998260986,-0.06257298435551738,-0.28314920721357606,-0.40591730412668015,-0.11763736996301546,-0.31089085993198434,-0.6833817195253067,-0.41494720502455507,-0.31277061899869996,-0.03467017804751065,0.24819502719390413,-0.016666199944619223,-0.12426485500421562,-0.24196444010716084,-0.357215411936915,-0.0899541155097666,-0.46191881590084977,-0.020533747499537014,-0.441496428485891,-0.24319887950502267,-0.31814995632722187,-0.24603806672207323,-0.37656143386575996,-0.28757828135780594,
-0.2877349594583888,-0.07392950282075794,-0.6578497538272231,-0.14986442697077873,-0.2945109376342552,-0.23820881390779894,-0.22314218018548423,-0.6949603094295446,-0.48870897108789596,-0.2547887088862507,-0.22313742997636532,-0.34617410567606133,-0.3831866075438312,-0.21617988482421246,0.2345988757558867,-0.29540707320904236,-0.09833726713699972,-0.3693319712236065,-0.435550131668797,-0.2826681344065342,-0.14498122218629605,-0.4896659110920668,-0.2272695933373726,-0.3525807010840563,-0.19087605678992614,-0.25913118776406224,-0.49658759470104163,-0.47186945175374245,
-0.2714907518904046,-0.13028368210269548,-0.6255974545185855,-0.19784081404043194,-0.26097571966297944,-0.28625189832204057,-0.31015152432602533,-0.36224916891954634,-0.4644639766174173,-0.1850043877004951,-0.49816722070198016,-0.3648361240676494,-0.2729194906424457,-0.3028612951707889,0.09293785026438063,-0.03028084418591831,-0.24668060271214173,-0.16832570645621056,-0.33548716638432924,-0.3404734732630416,-0.19143450057925232,-0.4309429944978765,-0.0962251906163523,-0.4278663033916676,-0.19258827511212584,-0.22698822529812296,-0.170917280734447,-0.17015762025775868,
-0.46531469998402614,-0.6207943176687142,-0.6508574159748437,-0.5788780191731998,-0.18601121426141526,-0.29309734952380784,-0.3442526832464555,-0.663643623971699,-0.4898916441287332,-0.3083448290464003,-0.3717486550349168,-0.3017737092680116,-0.5230357206083258,-0.2925536511987869,0.5978233663827061,-0.5832955869178644,-0.5931122371111307,-0.31175950943969016,-0.3118009199992862,-0.41194919633786214,-0.5018590639881098,-0.3357537432497472,-0.4222258146365677,-0.42164109520141746,-0.29707414652937714,-0.1425532014112754,-0.38016123343318264,-0.3496507658918583,
-0.4903895592693837,-0.2445261971821289,-0.6612663685193567,-0.5158877825075333,-0.4412733289374683,-0.5019847177850357,-0.47041836842786416,-0.5789568972429779,-0.31167949808930623,-0.40505242531883207,-0.4880291429102721,-0.5984006092476563,-0.23617363881549014,-0.5302676736758983,0.6673819830062666,-0.33261415621766566,-0.20518820218785724,-0.2932458207308839,-0.3422380040182285,-0.40724161631583844,-0.2602253903514386,-0.34135351731424923,-0.4826953832579565,-0.3008369309449991,-0.5216501468449845,-0.2843900558971529,-0.5156695752286438,-0.2313392382110375,
-0.4877645207863223,-0.6716466572258037,-0.600874427854415,-0.2697218238708249,-0.62633202279544,-0.4774079594048363,-0.46951421373416424,-0.8304622979368018,-0.17995882630717464,-0.6046044808904322,-0.407391334442756,-0.4551699887740179,-0.16627446612160365,-0.42731018137321414,0.9243866994161326,-0.6136903449647778,-0.2538920770754597,-0.3235113451527499,-0.386597083530264,-0.22860079713409515,-0.21710708058753694,-0.24111188585600296,-0.4352427813839107,-0.4568533035097222,-0.3525568230189187,-0.19491852925774283,-0.35108057869598375,-0.44628351368922975,
-0.466986919911897,-0.37482307789870123,-0.5909297660317001,-0.6643144423423288,-0.3365802208087313,-0.299944622929085,-0.5543036882876892,-0.8205417344663171,-0.4143057502793978,-0.3213378737031246,-0.3040962003727934,-0.4748718024693383,-0.2294222280787534,-0.5029934534370673,0.8515204561247459,-0.38144776570455713,-0.5214833594937377,-0.653926492505962,-0.7396662842971234,-0.4690218780691589,-0.24294353666730178,-0.21549519426200958,-0.5974763247109824,-0.2768518485793152,-0.49960139046465,-0.47737741911190346,-0.6005721102565018,-0.208760578654177,
-0.7280534653021039,-0.45619956261568123,-0.5120076229930481,-0.43460946264294437,-0.5048949255724003,-0.4124756329301719,-0.20197542740616342,-0.4007642921007814,-0.6447047634181099,-0.4806179047876601,-0.6615116980336265,-0.4899937020890395,-0.40770708287977564,-0.36126412985331263,1.0571838603564294,-0.30267798556313563,-0.4303955382994914,-0.7650950529893348,-0.34020064477876905,-0.5449061113587299,-0.6281125198598707,-0.2848949780156775,-0.5155881048550172,-0.28537809255686913,-0.528704243558525,-0.6399733229245703,-0.5569091184721227,-0.6412079391051085,
-0.7599614190803704,-0.3278216866936647,-0.40960875232626515,-0.3192272915760405,-0.3821796806034191,-0.36755577337711604,-0.4509634551467422,-0.45866842742816205,-0.4964553884396908,-0.6098660559641228,-0.5887178139207054,-0.5887372023528334,-0.4876728123619322,-0.4735230288414629,1.1119662787396947,-0.4890899107790252,-0.5318566593832282,-0.42488343472973816,-0.29944533710987453,-0.3744013000594479,-0.5462156836135328,-0.46635393302023104,-0.34556331110549776,-0.5262988901905675,-0.26568527937571146,-0.5885800184368811,-0.31134007036409456,-0.2623055409627785,
-0.6408543501243334,-0.6188800155059946,-0.5689964807014825,-0.481124188284078,-0.27907613239818374,-0.4602330197948011,-0.5649193731917386,-0.8257454518642794,-0.4753450423326895,-0.17247919954958946,-0.6929059742592603,-0.6174622716535151,-0.5773505147191433,-0.3974640930501227,0.8375229405901926,-0.6123547948503365,-0.30003144299609064,-0.3342767323097943,-0.4546346863592125,-0.45737266783691444,-0.49551124152679127,-0.6356330604628081,-0.412380770033662,-0.33153138747194183,-0.5907079505796224,-0.3105912285682864,-0.39413805757371156,-0.5795558564131005,
28,12
-0.027391438741734293,-0.09233492133213063,-0.03684254438042778,0.016110609306456965,0.1853522222953262,0.07925994225902575,0.0983248542135475,0.04326040577080431,-0.1731597910448685,-0.2689146048535696,0.069503567837137,0.15516088104667056,
-0.3362750755764348,-0.2836146637658472,-0.17791429986206084,0.0422477702467612,0.10565986394026157,0.021580383598784468,-0.057682616244583665,-0.08491142015605013,-0.17334221667437527,-0.059028082769404626,-0.14382180898549826,-0.28553674872385254,
0.1372261910354834,-0.005854274977635614,0.09157455728826679,-0.06510846234350665,-0.15321516726448606,0.19100918713908097,0.17260019818144018,-0.016155805795549077,0.11913971038263481,-0.06927658120567085,0.17480170931426117,-0.24332800766608068,
-0.08081342129901084,-0.07309347854704736,-0.0036576066359642542,-0.30807559751097174,-0.1248140541935594,0.08821375701599485,-0.03511903364491007,-0.33312824163914084,-0.3398419175028404,-0.3716065115364984,0.03729045225487297,-0.07371820254299798,
-0.2551550043476908,-0.17744201326486042,0.02566802265817809,0.11434664871169191,-0.13178849061544956,-0.1509322486588021,-0.013723555502214041,-0.35787072653878566,0.06180558168956789,-0.31104510579506595,0.04234102230071695,-0.20710315504761628,
-0.3068154320826624,-0.11368159226984967,-0.007965395722604107,-0.24477132795758894,0.1360402466511663,0.01614198563611511,-0.17695981714647802,-0.23778840805701804,-0.1851307749253227,-0.24774485503798413,-0.1761041815270082,0.04295316997440818,
-0.02241459780861892,-0.33935359656412284,-0.12416257979223913,0.10504469150460591,0.11478511390248897,-0.12167613984261136,0.12457635755675588,0.1785170883627631,-0.20378895352850854,-0.3414180739789902,-0.25879013159261594,0.07562472119811427,
0.2610155567120181,0.012368789632635333,0.004310719081231941,0.08446593604415506,0.1935387874004666,0.12091384300057666,0.1101618668529374,-0.1989278864420799,-0.033469532035521686,-0.017367149904619777,0.2610670369887075,0.20962730549019054,
0.08489455115090687,-0.005345017795736378,-0.018267935760526162,0.02466645457985963,-0.16668744323970267,-0.24909700528297926,-0.03613366256789379,0.09518457360826921,-0.14553707552368958,-0.22833919108827966,0.04883028737186215,-0.27867878453759826,
0.046339887564057776,-1.8209176211550406E-4,-0.16444612287915605,-0.2716078993087806,-0.07674588049569743,0.15084441709413515,-0.23946060619318207,-0.20735882891473403,-0.30767201985909476,-0.19447029028195478,-0.18836735961023765,-0.06633341658100264,
-0.19445034309433276,-0.005735116996372533,0.16394180750856455,-0.034187215754432496,0.005971415816801709,-0.1596677353513734,0.19821626851399635,-0.19858734363316166,0.16112080368538353,0.12336245590548739,0.043167314870925476,0.05616907441834136,
-0.055991998699543806,0.19174940726884426,-0.1919283764697781,-0.17083652206860872,-0.1604611242443658,0.13710911810121965,0.018919788574634777,0.059450976790658944,0.050445489225505145,0.17447623249512065,-0.14916897732857726,0.029336370935572426,
0.09531512339058706,0.10642070380572867,-0.1632302808792944,-0.07439676537166556,-0.22986330054236387,-0.259468363409888,-0.17401767246749614,0.11707397200449045,-0.23633400030896132,0.018806891046105376,-0.1327534366211959,0.019675872619245686,
-0.31048980070397436,-0.1915231138298759,-0.05522806657749739,0.08481332139997781,-0.16194603437183214,-0.14881255128163373,-0.10823179226953529,-0.20439394154805052,-0.20818954539326,-0.058417572399603206,-0.1256823770110061,-0.2231944025503793,
0.8238424503230308,0.7246577079726597,0.7613735210219026,0.755257685370532,0.7914568913349954,0.7805107367804675,0.84182618690702,0.8562357927596214,0.8701456056811046,0.8661921505781824,0.8701890779668768,0.869599415206348,
-0.08891406322535085,0.09187657505986273,-0.12194265023072813,-0.20694811098372093,-0.07698629355039073,-0.20340201081306447,-0.008651708086888405,-0.1599169016449026,-0.15483716459667507,0.08903309503149938,-0.10491772154316588,-0.25426512503910303,
-0.0949176927045218,-0.012577587508679643,-0.19528555054261545,-0.045014344470005324,0.029034573751434763,-0.0029337272356927337,-0.3820256683304861,-0.0505881008578521,-0.01806701487362815,-0.04107076088547211,-0.20070785234047803,-0.10590598872164247,
-0.1694786161206485,-0.17072257376372782,-0.027817708815179826,-0.05671233037869403,-0.10524852965305964,-0.21592690962507383,0.09109417401860986,0.0908214781945603,-0.031357964758549614,-0.06742851025632217,0.02593481903071796,-0.10008114010822229,
-0.0961758047724339,-0.15947352039771948,-0.08209363516531966,-0.033708167830455854,-0.1538918332411913,-0.0692357918739953,-0.2976177292370201,-0.021650902756550374,0.014642915306584214,0.06336552894204818,-0.02496522706734141,-0.09590938239617668,
-0.04933756757452128,-0.0800404730334239,0.025586294625778428,-0.355021844376888,0.01719685737882472,-0.09557383883043288,-0.36753755362965584,-0.004175140918784392,-0.059497162048672954,0.004653727292031108,0.033507840963701505,-0.30163873035810074,
0.13906255922650732,-0.2046318447759297,-0.2248378471371982,-0.11518944153400029,-0.14114718027857986,-0.2616230445315878,-0.04784404614802705,-0.16375270886428783,-0.282266061464444,-0.08531558299988783,-0.06724329922516709,0.043955008346207323,
0.12869707349089332,-0.25115976577788257,0.07958465918452726,-0.025212580768431782,-0.10274872866467279,-0.2507742583184114,-0.048173515707298026,-0.22283224816336736,0.05619375949370539,0.053610727711885915,-0.29311419988644993,-0.19252582312825334,
-0.12261127616396487,0.15867684077825867,0.06157015403598802,-0.0755923660397858,-0.2383342843061797,0.0223482335401958,-0.17320671069622623,0.016203363655371998,-0.02696713259953259,-0.15744470688108186,-0.2660437212472668,0.050229346011494154,
-0.1544969861693617,0.030840770878401296,-0.20184530144688603,-0.2578284468684701,-0.11115286464942968,-0.14481356253485972,-0.09227480343701923,0.06409316382047016,-0.05079234868853646,-0.06290040611235108,-0.17788196400386258,0.15823744065474088,
-0.18691276642856514,-0.09880126148815337,-0.06329924673441004,-0.037435971430387724,-0.1680844690106378,0.043182356941451464,-0.2582298110510583,-0.10381609247052213,-0.14561215060382118,0.06924656187015096,-0.05702510450342733,-0.11267181538055689,
-0.2224168624301059,-0.18801390940747043,-0.02512947581179654,0.05763280976671184,-0.16411612256345817,-0.13027565071888397,0.023395060715115712,-0.16265524133197215,-0.037029920595095356,-0.06359136512400831,-0.18557114249460738,-0.1686333637461633,
-0.04169053168432459,0.17117419006521717,-0.22754990054902044,0.05023630167795037,0.07610145547242728,0.023968769569141003,-0.3197071268997785,-0.27175095177061526,0.18313558649670383,0.02679703987383401,-0.06202689237954327,-0.16519526784571958,
-0.12737670845910967,-0.05907725508719872,-0.08336015341843585,-0.06032234224816918,-0.2163161711515194,-0.23885844162383799,0.02541401675855084,0.09662441890496479,-0.08236580119239516,-0.17198191308423993,-0.1427874860612685,-0.06965765433584807,
