# Pesos da Rede Treinada TxH=  0.9999999999999999 TxOut=0.05
12,13,12
12,13
-0.4480086523055885,-0.3163536289767611,-0.5077694142707737,0.46741338081914807,-0.20065056695418196,-0.36271407594834465,-0.5508641437369242,0.6054251290864411,-0.5179443363922274,0.16369941323615225,0.3825367874468887,-0.5315591030099233,-0.42985322710550705,
-0.0653005382832885,-0.46740662838675656,-0.40042262835290177,0.5041230845288917,-0.3061288351121157,-0.5069010493980572,-0.5714613795634235,0.12953676140055564,-0.5111330511641375,0.39189143997721376,0.5763988825973624,-0.4479989825368676,-0.2514132517272219,
-0.159970342038895,-0.3281810388573188,-0.46034288800758,0.553477563273373,-0.6289562371110956,-0.4930019057481603,-0.23979668022525602,0.19297029930922865,-0.23528956347335586,0.387053575445883,0.4944944007677515,-0.28647582904727326,-0.33549301062069226,
0.024099259555991594,-0.4531334487220075,-0.14485248327449965,0.5323764536310855,-0.5575469406291744,-0.18939395212606266,-0.18852598049371597,0.4790547003230606,-0.46347096710858754,0.43377930494051437,0.37057661897422645,-0.303664202248915,-0.29221085525640345,
-0.21333323975639443,-0.30482748203488114,-0.3659131589716305,0.16756457044229717,-0.47645538151163663,-0.49461449534346386,-0.38796606876113543,0.5119228650516034,-0.2666421087241047,0.4405813770872054,0.5349850923594448,-0.17204130778639226,-0.33376121580381923,
-0.04025819213253168,-0.41388173446072507,-0.2521144553335627,0.3919811043337919,-0.1915347873806797,-0.2623332538776559,-0.2301885651716477,0.25803086407538617,-0.13761417781018404,0.49053866975336563,0.05886354192080612,-0.34400401256907426,-0.4959645213875078,
-0.37424249567755863,-0.34320330815585637,-0.33659060638373095,0.2188568181082862,-0.3112563793188253,-0.5662351805780205,-0.19992772770997128,0.36038348913488066,-0.3508212622153638,0.2729846518940589,0.2591396231907613,-0.38155348044489834,-0.452675632635809,
-0.25908033642041817,-0.6692592537960378,-0.322296212885734,0.36300121854688855,-0.39318106050938495,-0.20308842699646742,-0.560616339960666,0.3593910522843183,-0.5959523372946972,0.4498059031285728,0.17917741761913653,-0.3286339202117527,-0.40800203718458705,
-0.06063414031989569,-0.5487578017587897,-0.4842274124472614,0.291376874778097,-0.5753388669553751,-0.3767828337573179,-0.24163670159054015,0.2982092053489537,-0.4666855218939187,0.2171551677232733,0.09890888680560095,-0.4414723354760257,-0.2699917761334805,
-0.14148856466769488,-0.2927941131849224,-0.3641274035748255,0.4730437465943135,-0.30400050199628154,-0.26104206961172954,-0.36895626088951256,0.2855478761145112,-0.5661664204030363,0.36600397585668865,0.4656209800398059,-0.2041169698456006,-0.5279295460807091,
-0.06451707923672936,-0.1779247663954896,-0.2566197800296056,0.22471967604973708,-0.29229486135874233,-0.5526000308656099,-0.6185945511497956,0.505268679247015,-0.17939366729022607,0.2326279357767405,0.31293506120753445,-0.33023473546864945,-0.2388768564930403,
-0.4880776567435481,-0.4143856089148447,-0.565627736849462,0.415611609968944,-0.5471713564782857,-0.431933669791861,-0.39163728207449156,0.4117476137516958,-0.34478357880931865,0.5050765909171514,0.30286954714141384,-0.150220989690142,-0.4049574682214716,
13,12
-0.19771412462466537,0.20003196639734383,-0.14442883979937154,0.08804731246627825,0.03172888662173873,-0.08359853958355586,0.11786891048165783,-0.1701942609172461,0.0313589616782844,0.02501638311700896,-0.10995072984200126,-0.11125821505634109,
-0.21655591804542548,-0.035206710448081636,-0.16134561173057976,-0.18078723289829896,-0.10089735265786813,-0.1672863973861336,-0.37942460042830206,-0.3391901374862902,-0.1750903204526803,0.0541077981516204,-0.12307864327260967,-0.1378384732071347,
-0.05011917634342234,-0.2686576445823891,0.00689603699990157,-0.07905316359014047,-0.0902492785447276,-0.0015389907759799809,-0.2722644684437338,-0.3117428740346733,-0.046729408364256035,0.04738808121197792,-0.21555814806731985,-0.1745849330088406,
0.3261774574886064,0.3185884604805853,0.3412503467297576,0.0876797288291995,0.3925019601537989,0.23015583915474128,0.30164417347650874,0.38184636696519025,0.2832164174482142,0.29887740414894537,0.0901143586077286,0.26410437478601745,
-0.21682692153875713,-0.15209483909360863,-0.40431926026275944,-0.11165879337766506,-0.32018148468123364,-0.21897607870495156,-0.0032442227260770407,0.07742180126049913,-0.13320210503678886,-0.07858122574823677,-0.15682326063933255,-0.3288901032016764,
-0.13327026946582965,0.01740397274865626,-0.2257941717059889,-0.23764832974591987,-0.2629176533649627,-0.1973681011915337,0.012192505882147313,-0.21262483854391262,0.02858786091154357,-0.3411025817447474,-0.08506848580143306,-0.04080241469624653,
-0.15871691222607162,-0.3071859446551138,0.049193988078999294,-0.044828953659590956,-0.12207109248241357,-0.2840629557905532,-0.05244725246619798,0.0956403264559581,-0.2205874250479984,-0.2565294000164388,-0.17699134830510851,0.04532737112887513,
0.2429058657434161,0.1931607312140662,0.20440156318816594,0.30381140483637725,0.2107836713501931,0.16387405691573104,0.05777557806027901,0.02758864633900767,0.17309316681327971,0.20602080197832215,0.30731864007159354,0.2735852388397373,
-0.3165579607635709,-0.24557874024979692,-0.35289717387623193,-0.05600401473798882,0.15068978415217849,-0.277263662923164,-0.23719904159519203,-0.21564803251618037,-0.3070391787014427,-0.3779927762706918,-0.15923612143996235,-0.1825623190860268,
0.28854503639536866,0.012793647381058872,-0.07529676408874593,0.2905456603317503,0.15363243289002795,0.10473223301178143,0.4633200121911763,0.19325205560848158,0.24912760152123237,0.14711731686986365,0.20927270018032854,0.03714307294792184,
-0.06624220622347865,0.13575202519177657,0.3223653251820672,0.05880296425692076,0.03103362525109708,0.2793209083736568,-0.04096650605875564,0.2584433562970765,0.12430864508775641,0.19734808571497192,0.25182730014500976,0.27669918322298764,
0.003168290229486551,-0.07751957755283966,0.08923649221210356,-0.34518756147720053,-0.24711710902024253,0.23880699339990136,-0.2145233509088452,0.0983783821496654,-0.29014154106868295,-0.021444964299549105,-0.04481659540169603,-0.12876862736471714,
0.0768892726212467,-0.058441774690172275,0.006364355606709838,0.013084563892501797,-0.10510843332786297,-0.23258858393873044,-0.11638239157530986,-0.32021939958994855,-0.020142147262529945,-0.3705233796820133,-0.17011152467604415,-0.14581439546597477,
