# Pesos da Rede Treinada TxH=  0.9999999999999999 TxOut=0.07
12,25,12
12,25
-0.34323898608520975,-0.5746216247308285,-0.6978347096547409,-0.40885282961762714,-0.7644442565156693,-1.0443968613753898,-0.45518974476089163,-0.9770575093489918,2.1325167965823018,-0.6970759716730307,-0.9641624759099539,-0.5065597206077609,0.056590691065975175,-0.583466687325989,-0.6461205725205021,-0.7290041394941005,0.08339145514480378,-0.4363324106529608,-0.5008888244879922,-0.6424397713626455,-0.6424396816172864,-0.5929724982121256,-1.0016846963350565,-1.2379464944232612,-0.9478116120761746,
0.04855145072433338,-0.23594646121787366,-0.11062127885949954,0.09765960994412684,-0.20485416442443222,-0.5057388860611425,-0.31909110649638966,-0.35877504233817265,1.061706499121802,-0.08806958374862475,-0.5165266372476442,-0.023015878538595023,-1.1371950153873227,-0.1077763411443624,0.03743757123695949,0.018402970225417533,-0.50481695434155,-0.10663325468288941,0.17555506568647788,-0.23110996295305503,-0.017604191812118208,-0.1547702706530953,-0.46905029137122245,-0.669275848054924,-0.07404745761520357,
0.037453855385450215,0.108420027069802,-0.0337636665244237,-0.1802811585771224,-0.24469589065139796,-0.3916354582353743,0.12163158678725752,-0.34076082742554475,1.3977403112205222,0.18948670264844406,-0.06482897663232702,0.14255506751260694,-1.3801472542288062,-0.046936038965419716,-0.13878517872817903,-0.008373775677621126,-0.3071055851880683,-0.3459088208225214,0.21615743825731035,0.17519513784278817,0.06847656873053178,0.22948009360682403,-0.2997711894307361,-0.6101218963193495,-0.14688784095357094,
-0.2630878628031553,0.1040704808589138,-0.31596068326023974,-0.660355118111274,-0.7015993476304694,-1.1750792547154194,-0.5898127349534031,-0.9341029208600685,2.184391600268535,0.017346750870410394,-0.6581662654689284,-0.3361475010980018,-0.1194243982221106,0.020181812499233336,-0.4526072482391131,-0.3152317877778556,-0.2653297362950571,-0.46279890150024083,-0.35101995243444745,-0.6467604065267005,-0.3775915497070631,-0.2646218228814778,-0.7037064286502239,-0.9658616828268485,-0.6093912441855508,
-0.25859845256466607,-0.19039111798408598,-0.6685238804894538,-0.8162819726784557,-0.7502321139266515,-1.405170668525413,-0.3234546954184516,-1.0300318910657267,2.568116919139409,-0.28131062535430523,-1.018681073788092,-0.4538836109121525,-0.21063089224818973,-0.367730540108484,-0.3745436723223885,-0.7825957795117349,-0.12140106615853907,-0.580158407354862,-0.4246955722772342,-0.37916413431767276,-0.5529324851698394,-0.2898349582679658,-0.7130758336012928,-1.2859983787378977,-0.41341424599616283,
-0.36373706368016706,-0.263650930185719,-0.32765759870186545,-0.4695506664820661,-0.36076548024667654,-0.9696233473676367,-0.6919693743447091,-0.6024854314442775,1.8879681320691228,-0.29392271668496106,-0.6370629684924691,-0.3287256805673594,-0.42213670704238465,-0.27331373634510336,-0.3537225854626012,-0.5576364366948108,-0.13802027164530717,-0.42099938474101983,-0.6476304640753812,-0.3820662876158018,-0.3430863833778356,-0.6645893330933087,-0.7144106092168093,-1.0495709103565736,-0.37850326422999325,
-0.5916734134196993,-0.4097328405741426,-0.7064803486347184,-0.6248024147659369,-0.7591851669209082,-0.8778700782086675,-0.7708565896268006,-0.849892147984107,2.256164408146453,-0.6994624632968868,-0.8472148584430417,-0.39509384286372934,-0.06498326407589258,-0.6878058877559838,-0.4840958074474131,-0.718154051583108,-0.06647694734717298,-0.37502661998049663,-0.7214076319616818,-0.7043302187891368,-0.6927188874104935,-0.7129810814953893,-0.760251368555613,-0.7667479627001564,-0.5033378700475976,
-0.21832647490150672,-0.3081861422410658,-0.22017478345157476,0.028728064268522886,-0.1857129787535363,-0.28384087810240827,-0.03889354017560654,-0.4699024091209221,0.8310983282718437,-0.39395217114338676,-0.3648187180890656,-0.27528816296394515,-1.4066892788582042,-0.5192607401321183,-0.3254530230058188,-0.32546553259007405,-0.7052475204969801,-0.26418594250080385,-0.4196194851739214,-0.20722910574239217,-0.15063450619047203,-0.3259345032099731,-0.4167625569672965,-0.2187507626537245,-0.17107346430619214,
-0.6846900416319899,-0.4832766910441078,-0.39523224457523437,-0.36168291100323324,-0.27001440789443676,-0.4982648344905316,-0.43206109003995813,-0.5263481826475586,1.2117096611152731,-0.36646960335269196,-0.5577288781856296,-0.6118357989437176,-0.7782865618814877,-0.30415861429832547,-0.3256604015666869,-0.13462149923693756,-0.5712556373270888,-0.6278362223309008,-0.6029471848338745,-0.20666163440026764,-0.3912888490224676,-0.46473740724250756,-0.16359713886045724,-0.7533319453155796,-0.4554002781033903,
-0.8595583050492116,-0.8189700975112482,-0.4922142711570004,-0.3676949345124111,-0.3781608962966408,-0.5552806759496933,-0.44592614486705545,-0.49121908778777484,1.5208445862907316,-0.6060486851937477,-0.34013193261242536,-0.6624407991860878,-1.0756314046744604,-0.6742137409114403,-0.5018140498870958,-0.23600000625480066,-0.7392099532308157,-0.18951902882060284,-0.26012328657929773,-0.47628233779834517,-0.595730196921451,-0.37617921224759665,-0.1974763692668626,-0.550272106441732,-0.25492996235977117,
-0.5867805985770603,-0.8401042844628641,-0.3619349809440054,-0.3703078075197853,-0.20542588934064265,-0.5061900669459988,-0.34204112455896957,-0.43708073329983615,1.3961867889185315,-0.636943601229992,-0.7185901094391511,-0.5261953005749016,-0.944601756803935,-0.6019300218617972,-0.2763564171519993,-0.34883441246999725,-0.3026421185193086,-0.470055772508187,-0.5106476036105665,-0.6295862503320142,-0.6682320602759677,-0.3357442950672104,-0.5045762765698822,-0.6145088415898736,-0.29399582396593404,
-0.4167828151276504,-0.5347348220743929,-0.4665421591036302,-0.5223252253623969,-0.38366048386476687,-0.46795932138779467,-0.2974901328138754,-0.6580006478172188,1.611568115292364,-0.5911549643428864,-0.5621683000781568,-0.48161519435087197,-0.6911716143553691,-0.31373301516634816,-0.6543341665144684,-0.5381734742796651,-0.7541735605940809,-0.4376133448709958,-0.49126175636861585,-0.3918058472836927,-0.20021251897721548,-0.6733275628968023,-0.4034632071639763,-0.5210443307838684,-0.45620603656819403,
25,12
-0.024323537900629248,-0.09608266021858368,-0.07861648796296271,-0.07184845395994767,-0.17435130060900278,-0.24936179482959656,-0.21400927645944698,-0.04071815042704981,0.06460515911459865,-0.20907778706042487,-0.215660099254737,-0.13177628185084092,
-0.24879316729751347,-0.10161882581668175,-0.12531771067860922,-0.16008415674678617,-0.26452272161395096,-0.018856230466655167,-0.027209073923224535,-0.13362924535852408,-0.1365338953814383,-0.057079684545534734,-0.14205560004646006,-0.00674699197158599,
-0.18638285622700979,-0.19678856248018725,-0.24065172963174833,-0.2029857739621018,-0.21802544648558786,-0.2973748574798326,-0.0783912511353899,-0.06880095362737813,0.029999295840399346,-0.06643725913552705,0.03187529123146898,-0.13752833765344216,
-0.3084064515625423,0.062389838216573526,-0.16895611080553385,-0.09388820437353315,0.022457051296924865,0.04381536195692975,-0.24600043456643977,-0.24518494758667575,0.0192764385659598,-0.252740657974421,-0.06456746031459933,-0.05314798543574775,
-0.25870162485580916,0.02243433248304131,-0.19819989125919615,-0.12121498835540141,-0.08401507007730322,0.03462304802611093,-0.042240950247678447,-0.20804013086709186,-0.3667239937043686,-0.18879078557563989,0.12693134934069564,-0.06775319632318506,
0.14730685064162088,-0.25181053887912824,-0.31685936968613304,-0.06805158265927867,-0.25905765200531095,-0.07243976915421299,0.06677694399493,-0.12056212782998872,-0.14912639241634348,-0.26738789786538997,-0.09373560712852431,-0.16100806299680887,
0.11897571039398795,-0.02203659378781115,-0.09630770893920854,-0.1701322099167162,0.056515978134536946,-0.0842062157928956,-0.30062744560906757,-0.01771563017599955,-0.16414098452539952,-0.1913423113642487,-0.2256183552155384,-0.0470961963306837,
-0.19437519669157613,-0.0020417306183550124,-0.16192179109303514,-0.25486636791166833,-0.11828657993427334,-0.23692132365967045,-0.26772158577210736,0.07458269041902106,-0.061144292780209955,-0.06450998404776818,-0.005129794129699979,-0.20494374632589518,
0.743037132616934,0.6568356967535621,0.7516950082803864,0.6965352651821342,0.7756552921182468,0.790386034916914,0.8158888746801854,0.857418965913919,0.8156197025888603,0.8698583169887618,0.8480288148153519,0.8541062889791556,
-0.08013597551271066,-0.00255954053204776,-0.12662149069650214,-0.013303372394740293,0.05835868691460848,-0.12608001748301575,-0.18271746955963175,-0.18739961867162463,-0.05347346025987156,-0.1713865238437834,-0.26537160797059894,-0.10909850390847296,
-0.23007487644494107,-0.24240528358158783,0.055550174607415924,-0.11505177941838943,0.07497898567242257,-0.021378545028439014,-0.21412322746476317,-0.19391627976066855,-0.1074545728862854,-0.08496337155165577,-0.14813950262366934,0.09922085542537769,
-0.10618360809860124,-0.09198277474066732,-0.14992149427466367,-0.18619763904479736,-0.11684155540725973,-0.11160021026688581,-0.06188659528836365,-0.20200840295984468,-0.20155550096920505,0.07862331806318315,-0.0901970142537802,-0.09415442605827627,
0.040231513896124116,-0.002478413020308488,-0.1303789958235338,-0.11110801250780272,-0.10659708695485291,0.03890456223706217,0.06988180816585876,0.056596138268255325,0.31446796740968835,0.15146121842695062,0.06981049940310063,0.07004389841266613,
-0.024742061052784793,-0.04872239635050846,-0.06617983156112359,-0.05327358529799816,-0.14763510343213262,-0.005359781196021913,0.06645188763544665,-0.18870818289531244,-0.18266257202317748,-0.30515827458563943,-0.025898022378388272,-0.2823792479236885,
-0.23139674089040976,-0.0021130841057351297,-0.27884569742218973,0.099434548089617,-0.0035206124101106,0.06774658629526914,-0.10817928514067857,-0.1185529680500255,-0.08155818002945472,-0.24887634837874476,-0.11907116360999356,-0.1206656435842693,
-0.0921191143095924,-0.21983252181667712,0.11045755751902116,-0.017567833843995694,-0.2663703534842406,0.08384215158626092,-0.0882781340205683,-0.21520014222683886,-0.14428981236744923,-0.19317354925359578,-0.21979979394010302,-0.07489740673967528,
-0.11002335456273002,-0.28209832358894693,-0.12140432857838884,-0.24773893285770127,-0.10809669847997767,-0.03277699438521108,-0.08752004104788405,0.004729249185679909,-0.12920286366246608,-0.015235848546773534,0.05262147913995904,2.0715746818218478E-4,
-0.1693905532922086,-0.2675043619621363,-0.14089712088656448,-0.16073518448453386,-0.06130859096498804,0.026090021469969516,-0.10913185271359839,-0.04653738502996938,-0.18899801041902897,0.025428896621556833,-0.1683159812055649,-0.02309076506427529,
-0.01789077486009935,-0.07073058105246387,-0.15393685329056758,-0.03145008295919549,0.15364706479961124,-0.2114314030867874,-0.11842760824495281,-0.1754213064209196,-0.03000075160331061,-0.09662645761626018,-0.2543484176264118,-0.3482545028356862,
0.13631326919042033,0.11333409323502988,-0.146609274237708,0.019566392030374715,-0.20882276932021177,-0.3626876050943939,-0.0426496755139955,-0.147039392451029,-0.15404309030220542,-0.30204547725860637,-0.2891960593779398,-0.06671826286729263,
-0.06188789573883298,-0.22867682932493216,-0.028052367272471627,0.1303490361523982,0.08315167412247185,-0.3926316985588848,-0.21256288803447812,0.1509959205705668,-0.21006233527211063,-0.009578484777360872,-0.134592742313187,-0.15494730042582625,
-0.07832240909647377,-0.013071758963445845,0.058366669101981156,0.0664888948209061,-0.26308023281304754,-0.3891821520416877,-0.05099941201973099,-0.21821056109550865,-0.21532677733940758,0.03323058541944797,-0.10205377586698328,-0.2622127749837534,
-0.30336609098122036,-0.006766147861727442,0.09114483815179643,-0.22303349359507274,-0.23616065489500054,-0.11391679568376675,0.1088770066013412,-0.24074177747287473,-0.1152287536269727,-0.1078550037422331,-0.1655285744476638,-0.09192365689452119,
-0.11850472809060643,-0.19757948049648688,-0.14198228521653236,-0.13797146146507575,-0.21532776128783254,-0.14306048382241357,-0.08587729978353134,0.09480123781383061,-0.19686030177300567,-0.004710460404450925,-0.18311059452833003,-0.1581287863338334,
0.04846094389636965,-0.03477508068146544,0.080999017800366,-0.21345311202586123,-0.23910877451393506,0.04139703432358692,-0.3031136729684499,-0.22698833027134255,-0.05006403517218787,-0.18456624392657253,-0.08305126142285467,-0.266889996200019,
