# Pesos da Rede Treinada TxH=  0.5 TxOut=0.09
12,16,12
12,16
-0.64432472008193,0.21724601746069064,-0.4050043285278591,-0.6929812491356591,-0.7615781839155195,-0.9191248945602674,1.3166657996442885,-0.7112430327553373,-0.6887556246234056,-0.46849333712474006,-0.7495935335920777,-0.739527732900332,-0.5874002362851067,-0.9827005142340898,-0.5481639516322938,-0.8115976561616695,
-0.37525896560915123,-0.8619951655102386,-0.6019380583907857,-0.1912478313476512,0.01523781653917657,0.09119088045605235,0.4706397036791407,-0.005101289999931005,-0.025773597402329193,-0.09480075074429548,-0.3516056825792715,-0.18377872632868544,-0.12435032087085819,-0.10663873718209999,0.1282227197093047,-0.08800922624344171,
-0.258378153791965,-1.0565649526296397,-0.2982927422674104,-0.16284836482127804,-0.2500622394980508,-0.08361069943610122,-0.06938044653985746,-0.07352140877921967,0.20806579491740104,-0.16105423622676276,-0.30502518077320684,-0.018299105839369986,-0.08101226226092004,0.03744318700953015,0.0010685346933990685,-0.2685371010547022,
-0.7010416991167779,-0.43938932816478504,-0.6385486962938124,-0.5298198098955026,-0.402717011108669,-0.5912357338502408,1.0384729964543593,-0.12901723355274483,-0.18612675480793434,-0.06751060475435744,-0.2328728417691525,-0.3127945349572389,-0.49045386273378794,-0.47250489373371524,-0.40767510437931936,-0.356082609548047,
-0.8231901714601205,0.14821199403376145,-0.6155173395286883,-0.6457508646477192,-0.6709330380354288,-0.64822550867776,1.2244211565916754,-0.7173698553940585,-0.7000424822305623,-0.16813729560398438,-0.4105625235706641,-0.6976604966753477,-0.6223931207121755,-0.8642884572657937,-0.38837421370819175,-0.46815495856293804,
-0.5884929286359777,-0.2579978819738344,-0.3957668521398061,-0.8402002045683339,-0.47595513874650863,-0.8743585249804599,0.9813204352984666,-0.8239244603863242,-0.5548941801240567,-0.7335629748677286,-0.7253080439061369,-0.661023221510522,-0.5250219224153729,-0.7443628485888617,-0.678623731679341,-0.45970566751815534,
-0.7736770842507955,-0.13004103321489938,-0.5963058262416422,-0.6917540429477449,-1.0057113492816656,-0.8146294470992513,1.5617563423387646,-0.8651828420265869,-1.0160887068712297,-0.71104744909128,-0.8072153974513243,-0.7385368032753736,-0.745171640478849,-0.844290021151331,-0.9370107428901334,-0.9724491511027394,
-0.5764015190341369,-0.9917230292746941,-0.5939804260689192,-0.28592352354507505,-0.3055508806631704,-0.13465452968829195,0.7104492281858529,-0.35857010209862505,-0.57036350559723,-0.6385093217251474,-0.2436586055125055,-0.27911682146637157,-0.22329971894020645,-0.35396504605408224,-0.3867109769609913,-0.5925499309961625,
-0.5824130585693782,-0.45934249106814506,-0.5205626910219564,-0.441732900698844,-0.604105187468373,-0.5639511502739308,0.7832784366916866,-0.47681831218197446,-0.5894449067571492,-0.5545466740667068,-0.49789810358524744,-0.7275224601091138,-0.725866648950838,-0.8579075740469905,-0.4891931952971303,-0.8087058408163319,
-0.6313196409648689,-0.6594824550481851,-0.8046441499873744,-0.49985265758590874,-0.8000336747309056,-0.8805556630664968,0.7356341429260782,-0.7482748259158591,-0.7946510031009265,-0.7554486057380462,-0.7678163317058826,-0.6258328576016738,-0.630365812351188,-0.5542958902815881,-0.9521304160272896,-0.6545688581592622,
-0.5380260799015817,-0.39810829307932943,-0.8267180904293364,-0.8393906081966027,-0.7829903509975165,-0.5000441836861543,0.8051737143822298,-0.6581267770979062,-0.7749413062721612,-0.8920998220197239,-0.7523120591744796,-0.6674936056878178,-0.8649285578131047,-0.7377060349992822,-0.9109789313840214,-0.5119891523713251,
-0.5912080565147949,-0.6609915596841284,-0.6532986712142258,-0.7841560064158752,-0.8268861115251499,-0.7335844549087456,1.1487627618697274,-0.6034268681239237,-0.4956413841354468,-0.8302490404805464,-0.5207758249491575,-0.7658837115433359,-0.5307173418872284,-0.623071619126799,-0.7070795071004298,-0.7152150705609411,
16,12
-0.31892004068216606,-0.24773211994313954,-0.3215916530090718,-0.08360054162106174,-0.4142884384199327,-0.11532716712529299,-0.18302871185968714,-0.2058269827575186,-0.030400347230518363,-0.2975199487014385,-0.3089987231079321,-0.1300748963775832,
-0.19028969219416622,-0.18176641427503512,-0.24392771783598438,-0.3065467317844469,-0.16726722331328006,-0.053188131110828235,0.07148701926856033,0.047359232794918195,0.16025417879786502,0.09529661437385031,0.09321622218459455,0.013442955807086491,
-0.10118577476317327,-0.5021695246112435,-0.29084745749243207,-0.324081340601119,-0.527965060758136,-0.09219259444199523,-0.2794917618104399,-0.08308797916945895,0.009435794134217445,-0.20354255864197265,-0.1115390788445418,-0.09707894211073753,
-0.28436711292065686,-0.06654626813207222,-0.10104716505053403,-0.4212779946833117,-0.319280473567442,-0.2811531811194073,0.019106929330514166,-0.21625816554125482,-0.3524947360422053,-0.010109711136723815,-0.10931431320895234,-0.3463506941365396,
-0.23348626807325162,-0.30555081517065674,-0.2328016606591211,-0.39019986057948075,-0.28999605310544496,-0.23949770808303594,-0.2580416705368278,-0.16294201452119927,-0.28468277284797905,-0.006985734337517366,-0.10515206701613522,-0.2907998974776625,
-0.19614971941949644,0.10779802683691085,-0.06067341247751349,-0.20250421432044544,-0.2296684128385081,-0.14584407959988538,-0.21989686482281862,-0.13231302186480978,-0.42366018020445095,-0.36006420932057204,-0.2338558442614458,-0.3828731419083637,
0.7001217911104674,0.6189274405756571,0.6918174546822483,0.6546767591882928,0.6976804253034095,0.7340467715874047,0.7510047136302704,0.7782074311571127,0.7869545988573237,0.8219523385628791,0.7873007437910561,0.7942128853913465,
-0.12041918409852687,-0.1253330157139257,-0.21256042098002328,0.06926816306328272,-0.02568865049526548,-0.26188246413857613,-0.33321410796040196,-0.018494529821973135,-0.06868763502925601,-0.43814687607682823,-0.3877921552629278,-0.036107117304899836,
-0.1985689264435449,-0.2186017930377479,0.06796781532006749,0.0023711067784045743,-0.3353045697017548,-0.08142872900564486,-0.15335065314344049,-0.03305238914291926,-0.25349777078753416,-0.41825706596716467,-0.268289311471587,-0.17901375551508494,
-0.12390209287042528,-0.2563846661151442,-0.18294627070559005,-0.1449252295722117,-0.18123129060121318,0.10722512544899236,-0.30949476448556273,-0.35882254226048566,-0.19497376411413772,-0.037625235772039044,-0.2782530763209288,-0.034249880100485096,
0.049075049019518945,-0.27716725683770455,-0.3148091600299543,0.06139295070701767,-0.0795722575928072,-0.3112214254713982,-0.19861634480989013,-0.038586178761157046,-0.17181246648319684,-0.3327234549884475,-0.14148490768066063,-0.38059376812633067,
-0.3006156787521336,-0.10615175448445313,-0.13712168126005098,-0.17526754796177996,0.05785129379889096,2.8030751559307457E-4,-0.10577368677552614,-0.39001700875178863,-0.40542016858071356,-0.13323182196504058,-0.404748920887315,-0.13291949741963374,
-0.08824079373122988,-0.03160557739838686,-0.10768364337371865,-0.2812060354956644,0.021188684773033706,-0.33270271102970445,0.026508953423185207,-0.3504433562192749,-0.2768692376288794,-0.22691965766763153,-0.04335823214513898,-0.369890177596101,
-0.2795030797779861,-0.13883228757387367,-0.20909057529776282,-0.31332519006920784,-0.20067951163335712,-0.25786367643870434,-0.26243482254534267,-0.4550796611765067,-0.2368495239078336,-0.23447111742719098,-0.28367940437394246,-0.0055540985897336095,
-0.1141974075503688,-0.2070204381221099,-0.03796977737838032,0.029611620173898838,-0.15362287534071264,-0.25797070571319236,-0.3814249578340794,-0.3166778988756268,-0.20426678381592575,-0.04290781391554223,-0.3136603179913785,-0.2312770650487958,
-0.3562576731049992,0.0770026858699892,-0.36674844108584914,-0.23291399606068092,-0.15798349853253282,-0.33593109636344265,-0.3454895408224291,-0.2279551803482845,-0.07629514304866107,-0.34816497535620516,-0.009224649697343514,-0.16430109166656648,
