# Pesos da Rede Treinada TxH=  0.4 TxOut=0.03
12,17,12
12,17
-0.1983130984682078,-0.11713428409602682,-0.6607803097390381,-0.18175721680294732,0.6822636896719204,0.4950182343217176,0.008752305400954652,-0.16671283271201887,0.4401318820739307,-0.20476054966280097,-0.19519892803833472,-0.3090412245312661,-0.30042320215209245,-0.30415387969051344,0.533047838285818,-0.6583862018804983,-0.39960202666961686,
1.3300875051384322,1.607899640158087,1.5159846646529545,1.2584862677691062,-1.893967103092134,-1.8801600882074097,-1.0178923750775482,0.3227382562663852,-1.4067135373452222,1.0601498508886267,1.3372052264649634,0.8474661597031766,1.821021347022462,1.7295444991143338,-1.8554201773755987,1.2444690943335033,1.3131793754982863,
1.6158652697142593,1.4794555132042353,1.4503615289199618,1.5095706476334307,-2.2012758030106707,-1.953273457549244,-0.9755555380970509,-0.08198237904849319,-1.8493196715842861,1.3142939543350325,1.286377646177739,1.3530685670926559,1.7385903830713232,1.8974140184860275,-1.803107144867371,1.5778656600434993,1.5691043176311144,
0.7815979422361335,0.469279615260757,0.8116825703245317,0.9355069230256545,-1.1168638905430692,-1.2399939542044,-0.8927197257718814,-0.03843881665387666,-0.9015765302507225,0.4885858305618387,0.7331868163388886,0.6174879037934015,0.9024597311811875,0.9700847955856606,-0.7227252692609328,0.5800493009658689,0.8888579815067245,
0.17116504074804276,0.4153836998458814,0.2565141229800845,0.07041814423685572,-0.1103650247390981,-0.33634510969854176,-0.7923381012737517,-0.4326023434766238,2.9872124513289234E-4,-0.19962263426773744,0.17267850499559553,0.06387276689522293,0.4365642291360107,0.2642776665649886,-0.31174538428313414,0.3581592687060587,0.10034994657178521,
-0.732097333028802,-0.6244155074824972,-0.5428084194304911,-0.6044878972061423,0.6979532629993458,0.41626240175537177,-0.35985098604592586,-0.5245385135274034,0.6516955648550068,-0.6528571864578264,-0.47748082044292217,-0.5672542155937539,-0.6625968546774091,-0.4579677027120089,0.8794874660755708,-0.4983924367889244,-0.5444143709691605,
-1.209149273927091,-0.944909805743006,-1.1376093605968682,-1.508509834560884,1.3869682248033117,0.9935854660331299,0.149568844530398,-0.666449341037392,1.1255500608511908,-0.9949439734133985,-1.2993763088469483,-0.8424765969434613,-1.301051453619072,-1.3204030257958557,1.4761358094141455,-1.119185343697981,-1.1023644788445262,
-0.17946473780114006,-0.3417197830742882,-0.06807237425620885,-0.12181521876007945,-0.09609531877786923,-0.10209017491538894,-0.5988332076846353,-0.08278992610786877,-0.4428066653740406,-0.08940715207656405,-0.16871063414452403,0.10188634973504127,0.02038380504049107,-0.25733863958395875,-0.18812076084884521,-0.044027235470660446,0.12506879817239736,
-1.0577579325461417,-1.3039283632159349,-1.006286486239609,-0.9739030968450301,1.342047746209417,1.1593169135288655,-0.12995467670041044,-0.5376235580346044,1.0035534213181143,-0.6966732107981214,-0.8946922495793094,-1.083654651266167,-1.55098597125741,-1.2847348782250003,1.2138620315189645,-1.1730126627132496,-0.9349035299866596,
-1.179348462093675,-0.9173984618846089,-1.0169409249816133,-0.959941714342652,1.317149143931722,1.2367536779287054,-0.1455597361608216,-0.30273803198320204,1.029417487254295,-0.8191072032046748,-1.203611734029756,-1.072970511791489,-1.3231856199274856,-1.4649197300738255,1.0960168583530485,-0.9326558423339436,-1.1665887668977333,
-1.0913914579599497,-0.9574229430367649,-1.1819613630499444,-1.0458990361069984,1.6358142779512614,1.2723679822866143,0.23416996554309727,-0.18725840666858673,0.9227589841745143,-1.0387783858467745,-0.7801079655623874,-1.0552866192727937,-1.135859833592192,-1.0254010849324526,1.1328240693147884,-0.8989983434162772,-1.3457522799516874,
-0.740196849846672,-0.8933315905671605,-0.8865942700236338,-0.7441744804028987,0.9685174301811088,0.47880683208837765,-0.2925558812908008,-0.29887760653677814,0.6003432172005345,-0.8407665929739091,-0.8203404429615334,-0.7530441815838118,-0.792299038378876,-0.9767132733237649,0.7660733377163521,-0.999104477495492,-0.7802424356599866,
17,12
-0.07740799818816556,-0.03194115171257032,-0.008494022191931294,0.09104997662519389,-0.21856851126059648,0.02458609693465373,-0.11545785939829627,-0.254288312944698,0.08394994691593197,-0.2936359617305484,-0.2563056812144931,-0.2255848157749053,
-0.13210786816034017,-0.030855793292142636,0.0416874998950592,0.22017862069859295,-0.025290915756455885,-0.25041785483659756,-0.23505197557051175,-0.2400437619863497,-0.2991267074190323,0.06266197662522133,0.014233325831659932,-0.17493228702043168,
0.023652767262468167,0.08837192101833194,0.013917041732217798,-0.24004220092473694,-0.22421237590956408,-0.19207473748305795,-0.17635466672341676,-0.020547751442757525,0.07509719270749411,-0.099749240131428,-0.28349553832332663,-0.3059873771691742,
0.06881945580526136,0.0121791742970378,-0.030473665848835173,-0.1670720131838899,-0.27578878078873986,0.09202620728921365,-0.1882614071284988,-0.00749304894032781,-0.22979415245185253,-0.3208042692232078,-0.014291265445690237,-0.2519474053532278,
0.2257194617367031,0.1730576409214343,0.16546605839200576,0.48033075308864054,0.37865787519784283,0.26501094997773994,0.3717496987049017,0.35480700797958054,0.20445865820838371,0.46931086658318627,0.2270268896531778,0.39912384311296045,
0.18763585591602827,0.21342503606540442,-0.056222306058883155,-0.0606222566040769,-0.01255220068826,0.34211918184657014,0.0797374092052254,0.31636325164427737,0.32812097742857044,0.39045283590216995,0.22243203411226503,0.41056254110159807,
0.10191218210173808,-0.2085863545945186,-0.1558065369651123,0.12262829671996943,-0.033795140684152715,0.04737088988161381,0.09930916691666002,-0.10674287289139435,0.05552138288408046,0.19982808127266088,0.3661714984205734,0.12209508923309521,
0.006645915771786888,-0.10246622233721897,-0.2059189359004156,-0.32117641986178036,0.08571757783261806,0.006580088449074752,-0.007041349187151972,0.07038668509301442,-0.14382034220215537,0.0015624441692644615,-0.10739349395381886,0.15436853595257388,
0.246667679414542,0.25993525191119315,0.4045224788224919,-0.016334716138644696,0.44051453734305585,0.022160822978541644,0.12807421939668748,0.3490361315659159,0.38969005281653357,0.23173275823493192,0.29037142915205805,0.09887891862764042,
-0.24898042951057653,-0.028657993992489424,-0.14122432675176236,-0.16726893676725899,-0.3280442963928071,-0.1277123927800133,0.041759600258916535,-0.0866633241437623,-0.13489291618072538,0.0072066444747334755,-0.006705667352046149,-0.05371813710786035,
-0.06062774480069602,-0.06340438969488782,-0.2247962964366234,-0.2544320787551454,0.1289763857120801,-0.12931809323619145,-0.137282941502801,-0.07965650173662794,-0.058401272071060606,-0.2945254544740974,0.09101462820459125,-0.18093265408255677,
-0.11036605094839105,-0.31260593204580983,-0.10475654313366396,-0.1460806184180298,-0.16687648544687453,-0.06772063382374911,-0.022926652923669813,-0.10256147764139315,0.04436278090121121,0.027786740573781846,-0.2151418743938711,-0.12684025619903222,
-0.28467369042775575,-0.1336356159988008,-0.016768967883271903,-0.0897404410112162,0.05781818696637939,-0.20386352459485718,-0.1414066589886693,-0.2009638981574799,-0.3704156040463203,-0.11662591307743848,0.02979057378389289,-0.03328789727874999,
-0.22717073739477828,-0.07816908024304636,-0.03340242554175292,-0.13772152356247253,1.8289502472924773E-4,-0.03205450579913967,-0.037083852884131886,-0.1157900158987724,-0.3104568719234741,-0.12335200540105841,-0.30646992786400795,-0.019342255596089163,
0.3863332153712404,0.24961572682898028,0.4277977444040137,0.4515295862597309,0.19230386828222504,0.40817023366871635,0.4395912202283014,0.10220473892751718,0.23373152296989158,0.09937523601234115,0.40292234852979064,0.2277353249075527,
-0.18358003120872063,-0.045620402650766986,-0.025234595440792637,-0.13729331192236852,-0.10995762689864234,-0.11140711308882054,-0.010127926733981316,-0.10437332435856302,-0.053088147964992935,-0.07924989182841047,-0.3359574596153102,-0.13770830778021137,
-0.08130358817255505,-0.11624597674504505,-0.20591928500379603,0.22081318858337246,-0.04979371812656694,-0.2153162277960312,-0.2404563405515861,-0.042407169080320585,0.04833709371898068,-0.3050072669823767,-0.23370392498215609,-0.020779875204864483,
