# Pesos da Rede Treinada TxH=  0.8999999999999999 TxOut=0.08
12,15,12
12,15
0.15742551495386767,0.5138079089270463,-0.5225729591994204,-0.6260833279250608,-0.5873185011573766,-0.16518435498244438,-0.36786315789054097,-0.22895343377787275,0.15495336247968455,-0.0843861760214701,-0.3062537628075236,-0.30578296964133517,-0.5305846166118311,-0.5936915043246408,-0.5345479894373858,
0.16926846126374476,0.230146521259021,-0.18823358373094046,-0.3026311496795134,-0.3485510579875071,0.06751994286694254,-0.3704668586010348,-0.606899701539798,0.5782359521290444,-0.30758635393949985,-0.27408376498146725,-0.21532483410680378,-0.41174070425617915,-0.37612822120084566,-0.4512745907105517,
0.22474044101746796,0.4127977335900396,-0.38508044883690035,-0.28550909389028123,-0.24032847980310157,0.0034763411441471673,-0.10578709540346196,-0.5449221532971907,0.33531327960340185,-0.09594973828233369,-0.32957373194548234,-0.1723783851032924,-0.49309711260913147,-0.275426239772091,-0.5539256881432753,
0.40978324539050764,0.24492153079998807,-0.2100973238043149,-0.30783063126418736,-0.22675785842850363,-0.09061401491578623,-0.12324327914665575,-0.445231438916848,0.2131661938148145,-0.5043777892370696,-0.7676546901024457,-0.14958556037803947,-0.2298797321124593,-0.20568716573868837,-0.26543677907489543,
0.1060432584997004,0.296872791104289,-0.6564305774032966,-0.6232057444486878,-0.40456801811501736,-0.20939528016636375,-0.3080766098882894,-0.24180040468977157,0.6306881382974252,-0.16347346098438614,-0.3804986171776508,-0.5941189829793639,-0.4963772647208707,-0.20220234049052455,-0.5264800574593909,
0.2777115324535478,0.37731372792823603,-0.34652924672699126,-0.2416250104719692,-0.40665641553341775,-0.08696435137243141,-0.4501859834576592,-0.4081117289726129,0.4107914743100741,-0.5349993359375923,-0.5223488138770465,-0.1616510056361009,-0.4655124267335144,-0.4421297241074813,-0.5035595176694824,
0.1232283369733626,0.1892682282548178,-0.4699068056112076,-0.3039576420472397,-0.528102448670183,-0.22878580382563973,-0.2445356999231401,-0.567922575781475,0.34105566856528696,-0.3899018265714899,-0.4008851395311656,-0.2626520562196947,-0.48892079135104227,-0.5460388559564209,-0.30320425368989934,
0.17265747860726666,0.5022965177855002,-0.5662692221918068,-0.4093399852248707,-0.6178261525832046,-0.03901205714218374,-0.07451507825026911,-0.2602289776488396,0.4395880985978446,-0.5501416456807106,-0.4411703326023178,-0.44672498175737413,-0.239043424969895,-0.21937546971880423,-0.5300262427553862,
0.28946934861896345,0.4470452653272759,-0.4264059442674328,-0.739112610695364,-0.4398124273220075,-0.35718805922682983,-0.5944667215593078,-0.3207983261490115,0.4005852506645969,-0.17695637447684864,-0.4034112230398173,-0.5224630715603229,-0.5584154303033878,-0.5412211481930407,-0.40989447538830487,
0.29359447795176263,0.6502942539787576,-0.45108436848598354,-0.3539885540577227,-0.5284025660067652,-0.19110422403384883,-0.19354160757635586,-0.5354673718589759,0.554071796788535,-0.5301949231442049,-0.5224003076598647,-0.32364392417064436,-0.40592807053868146,-0.4338672767480026,-0.2101663205144333,
0.2754736305262021,0.21814260353457046,-0.46970737709783433,-0.3404006598359262,-0.28580059118031226,-0.3708300624422118,-0.119131350382852,-0.5955531055518852,0.48926675007502646,-0.6122034635408629,-0.6571664575773667,-0.3652166382755145,-0.16197063552430413,-0.4257635623744955,-0.16269827089798167,
0.12949577978486798,0.3305822528933751,-0.2869885174955502,-0.36685712141653903,-0.5406295876138904,-0.18368864929279827,-0.13844119783352934,-0.45794715428734173,0.4854380493439221,-0.15722886981686873,-0.4345382283887703,-0.6351624415594666,-0.4337675111214433,-0.5628755773051923,-0.32624662477334293,
15,12
0.21703796722921095,0.13907125382465554,0.08341008257272543,0.17979521193864603,-0.005735752901272161,0.2737420890513983,0.2015710529398805,0.19135480347754166,0.15986402260222313,0.14133460014486238,0.2384264975825411,0.02971341866478235,
0.25074902718842323,0.08459943805373284,0.45194379357148223,0.03194749233947041,0.2364308513856316,0.062175204832947646,0.23230640855657947,0.23578270513080005,0.2699373262216434,0.4051652481354717,0.29475026638239127,0.15291374182451237,
-0.26241957406327104,0.10911201256153201,-0.24099340476743664,0.06041616137817878,-0.11330681854768213,0.03756239522900109,-0.07755763838524145,-0.05506436829093276,-0.21934145509793035,-0.28652851240107186,-0.3044627428580685,-0.17492778072944404,
-0.08792471165159575,0.07298062052138157,-0.24690471205355835,-0.01630442751938711,-0.22156889334131571,-0.11006126807700656,-0.08681139868277858,-0.23683951943242076,-0.2710253091134055,-0.06668282040016103,-0.21324489631428187,0.014732557812191132,
-0.07666319137271731,-0.26383182333311855,-0.18688026978397204,-0.08999576500854485,-0.258196810910963,-0.0594170070145957,-0.128558120339885,-0.17142106219023592,-0.3162772848003254,-0.22505275301818153,-0.023970650807686268,-0.08920642677214953,
-0.04815114399920851,0.15996655693704226,-0.17482470002091838,0.07885652665152569,0.06280586810000423,0.10847918825471652,0.13396787875991176,0.06544756850478145,-0.17946386854186638,0.14732399823597128,-0.0434227200303544,0.04956053928117053,
0.06787232894249053,-0.166551291796875,-0.005611218238629558,-0.04547206476448792,0.04021089050342572,0.12698793394888014,-0.05681810922814468,-0.03450976419530174,-0.1091471314705206,-0.22430682706827368,-0.262839764605947,0.10764924400220913,
-0.0048538706118410645,-0.14165893695731385,-0.15368252108738376,-0.29372479312257244,-0.3621945479195119,-0.21842334038613404,-0.2687746757964901,-0.010693646940054325,0.09951355128196959,0.09809271417429657,-0.22168254850723476,-0.05766283324099615,
0.34234487541003167,0.4237165469610825,0.2509791173558267,0.4933624241817684,0.518583858066057,0.42717976759653087,0.36655648135009056,0.3987443953882051,0.46285517282487143,0.31755251748702745,0.3550349380460987,0.6326016238543258,
-0.1896270765356876,0.10722684016469229,0.011284392787452887,0.0042123610275386315,0.10572002272922505,-0.26683724742404663,-0.18595121031223813,-0.07787046976195952,-0.18908256252964403,-0.18363026242780228,0.1030479206519475,-0.14612017958646228,
-0.15018086953446555,-0.1765357463732956,-0.1401535840320461,-0.28516815757198094,-0.29710834448527534,-0.2511744626055586,0.025907432326947196,-0.2981691948564361,0.03139302416398886,-0.25738549048933074,-0.17672023498090875,-0.24562710000496923,
-0.14262057899073852,-0.2225748928669229,0.04538360859089911,-0.2728063540796998,-0.10734211371060105,-0.03772726375314042,-0.14180819755231958,-0.03953363798968918,-0.08146593734333173,0.14835585085104536,0.024014287228466963,-0.08189443326116039,
-0.04728841393836108,-0.13651748505043756,-0.024366264429868646,-0.022548644148526538,-0.17638000329393902,-0.19019827949399765,-0.15416934585261277,-0.09546104267238514,-0.23979321578799873,-0.18069813414444189,0.043658238643929266,-0.4000048500390821,
-0.11479395369653266,-0.06296554535464688,-0.12107696270033483,-0.22347149865623891,-0.02644425727576253,-0.1676135356164176,-0.01540929954905633,-0.20026645375968735,0.08421077484274227,-0.2765972661643048,-0.19309018673541134,0.05023657747929799,
-0.19650595673645394,-0.23505468600050008,0.02150273797869569,0.08944661150118463,0.008143126173033938,-0.10581092311977114,-0.2537712700996011,-0.1365865351718313,0.016407418947497865,-0.08565817309386131,-0.09639152009848957,-0.4333198336600481,
