# Pesos da Rede Treinada TxH=  0.4 TxOut=0.07
12,18,12
12,18
-0.187819281597504,-0.14966606991642503,-0.21042729517254252,-0.028787116147695333,-0.20401500095639313,-0.4792367617651846,-0.1496701031604363,-0.28190391913248564,2.041784638707376,-0.20709758228856065,-0.4657901467480641,-0.34003864831392727,-0.45303308796430164,-0.28471983570413206,-0.44847874843253516,-0.063717015393239,-0.3791539506484385,-0.20006754270783367,
1.2258112585846581,0.8429945158475156,1.2080996417389755,1.0703440187476545,0.9076784842543284,0.8198560281842787,0.8854164890648697,1.0084904586255266,0.7188894197623781,1.111684399371494,1.1150204777576032,0.9529560766907506,0.9073336659893041,0.8425464659069302,0.8429230374523565,-1.8540739814541658,1.221386316826472,1.1884277306881827,
0.9170187829945738,1.314468358531521,1.414313859444012,0.9964583340522009,1.0188884950753452,1.191856704430419,1.0279791267206244,0.9180930802539596,0.7185109499553609,1.28351710919472,1.5223852724768745,1.07963778709139,1.0004392123506585,1.0690381975295222,1.055803700721697,-1.6709719337589124,1.4972870702169965,1.3537843400818088,
0.3780104941920056,0.31793785740483,0.3582359961343157,0.431412452218124,0.2983115775873809,0.7121931714561627,0.5047221072504267,0.32105779407564106,1.3258538417732544,0.4482305547137388,0.5309832882194835,0.738000879418245,0.39393636426570444,0.28350569331976466,0.6937555988277435,-1.2182875662020827,0.7556090312454203,0.6657387333083697,
0.2233135452508124,0.09655280382213746,-0.06124540711339994,0.12661276667991536,0.0039195430464703035,-0.056809064620989294,0.0387690496696883,-0.14328103396393085,2.100360034598694,0.10226341559811228,0.3381253381393574,0.10715115962392023,-0.057955276779733354,0.21687879255276432,-0.036284909060693836,-0.7941835175758476,-0.06193018176131297,0.3265598339541479,
-0.7262071621425455,-0.603959138420737,-0.40171462801099933,-0.6702631938303986,-0.5038256489385827,-0.38411948420038544,-0.5596307765631298,-0.4230367656235975,2.6031846654234427,-0.5409294039774842,-0.697158437128751,-0.4060264844328014,-0.43792451895196927,-0.5548512727912243,-0.4108777821806365,-0.13505924278306794,-0.7591310732938583,-0.7868349572235742,
-0.8433594116531852,-1.1430566531066515,-1.0204848560429252,-0.9697801141474574,-1.0872713190390668,-1.014854396243146,-0.9042640686239055,-1.1490403243589467,3.21546722545298,-0.7869153258210627,-0.9915252193345341,-1.0013604437274142,-1.057272248168323,-0.969780403687399,-0.8746746215334938,-0.1255884348598927,-1.1666676211894582,-0.8928925965286525,
-0.20916050057896807,-0.16493035737709116,0.06325351966841289,0.036021511140772275,0.08327171802898824,-0.33508437201652247,-0.20531793029628878,-0.23431367154676316,2.189661440111141,-0.10921200778557204,-0.03262687980510619,0.061303517986377835,0.14337886305821826,-0.34147151744965015,-0.18730715314684845,-1.0495389997574898,0.008672363160099852,0.06577421937062647,
-0.8463870937777961,-0.7555332683789263,-0.9148379132456574,-1.1003879857535914,-0.9948688420070042,-0.6714853894734897,-0.7956576855543965,-0.9550762547565774,2.774514936255404,-1.0565314909717163,-1.1005320704356605,-1.1652443280780034,-0.6732561835208579,-0.9458025652107491,-0.8889769353414064,-0.3565810056209409,-0.7986392578112586,-1.2516008089445443,
-0.8597116190578342,-0.8974046108772736,-1.229097153755532,-0.9477895659557432,-1.0237321016971273,-0.8002326994907252,-0.8205014935237964,-0.7853173055756268,2.6081268652822507,-1.0049194406194533,-0.8314442314778454,-1.1007126331942094,-0.6927295209861573,-0.7752817453706513,-0.8992040855735778,-0.0933470248654302,-0.9897811399137205,-1.1730597113706078,
-0.6267809865304766,-0.8049995737917499,-1.0270893762427895,-0.9620014275532862,-0.7576121333379875,-0.7821395933908131,-0.8569481901478544,-0.6151849606770422,2.865544825791558,-0.9490221891102177,-1.0365977552279768,-0.8918459081423988,-0.7825247848128407,-0.672720277815642,-0.7793604090709636,-0.1752585420017234,-0.9637489235815102,-1.1290428865179465,
-0.9004373983422259,-0.5985753548485238,-0.8019199737054534,-0.398841514255886,-0.4814617699215549,-0.7460766078835339,-0.7157638194786798,-0.4302767696537123,2.6339786971064507,-0.7755276607566925,-0.7947086547406815,-0.593681363629028,-0.6629803649296296,-0.6811379683374887,-0.6650316079121358,-0.438942046670258,-0.9261167443047117,-0.8348147818141249,
18,12
-0.20164957933262223,-0.0540616160016424,-0.26614729817880706,-0.06227837674691623,-0.13518555447278127,-0.13738819723110718,-0.2953961774405544,0.047783126706856915,-0.29195730460216457,-0.15267742777780613,-0.11663470152917074,-0.11191038085445622,
-0.10541193102409306,-0.08444650856617261,-0.001998693395288145,-0.18174760143521845,-0.30498848355353814,0.10513555269848143,-0.3602728655323591,0.08010144526065544,-0.06057480765175729,-0.3231814642684975,-0.355265220802155,-0.12783787431086518,
-0.12485848821243171,0.020358646352287662,-0.282573927655317,-0.13073963299959232,-0.3554348765518129,-0.22459343363725087,-0.09334947047162086,-0.2234413028482587,-0.1700262443272562,-0.0900562523813527,-0.15165887902771655,-0.19561174569138728,
-0.18494732851940904,-0.03197872131830072,0.03730433780714374,-0.1840062984566586,-0.043752021330544316,-0.3567875328323472,-0.1603089632770655,-0.02584335014170241,-0.157188073123131,-0.15526274872804494,-0.02966664998269979,-0.40588422407652797,
-0.319934174377099,-0.35098545156050476,-0.2000112954921192,0.03977893009511688,0.012507619708053287,0.02860574499874027,-0.06958179248530098,-0.38905275340911916,0.01868954383546592,-0.17602307580556578,-0.0730127107663546,-0.3449853615652264,
-0.14709557775035487,-0.07973601533687667,-0.06336252335319192,0.005426610363803917,-0.19377512198427638,-0.3185084876800306,-0.24693199364942048,-0.37542006180714854,-0.14571324983946088,-0.1408602534057772,0.009768041659134103,-0.033872939997642994,
-0.2926116350975575,-0.07472154659429092,-0.15154718875338544,-0.15701219776556963,0.020687103765646774,-0.26593252672667755,-0.1387757800641173,-0.07307750972258949,-0.15747429537184554,-0.18347190529589674,-0.0021214707909185918,-0.2661256506585799,
0.10691999673589582,-0.32562549805851837,-0.2850105452499722,-0.15831212298023353,-0.18609878825005344,-0.17430573630190702,0.08858179774170162,-0.15718460123182398,-0.23760437653635494,-0.17163293853021597,-0.3886387193077519,0.03328001046351349,
0.9846583636287971,0.8359735127461488,0.9127216807626327,0.9022013266944252,0.9743744900587744,0.9789630373141646,1.0255851604373014,1.0382569156053476,1.0372718669128578,1.0895784452592627,1.0643420093299463,1.053952763760136,
-0.1615521941683444,-0.04291681111147393,-0.22921368714348128,-0.007802845806748417,-0.13527105884660268,-0.013410337293840877,-0.29503492264518366,-0.23073347675942837,-0.07982924157309418,-0.3242846893067796,-0.1516528926225148,-0.08982041125931761,
-0.15934143479410984,0.059028153803233605,-0.05730050183566807,-0.14835218250142784,-0.31205749377193953,-0.12160877576779547,-0.13520681249035538,-0.08786443886357395,-0.10340679351252074,-0.13691976041218923,-0.36449129514229767,-0.3010219763165319,
-0.09960737759894826,-0.09752381522680671,-0.075132411082869,-0.2614429983429715,-0.12847813684941087,-0.07426981317660199,0.01268852053861012,-0.26603342325158,-0.2936115584279124,-0.3883606967556557,-0.08439010283901914,-0.036348489178352865,
-0.038021547208693184,-0.2081320143072955,0.1033363743601862,-0.05373420129674442,-0.04464997254053339,-0.1356715229517512,-0.15874439762430279,-0.24131052676067413,-0.15517616664232445,-0.14632189266373977,-0.3551033414843032,-0.13615477644188043,
-0.05253574855681126,-0.3096162553560635,-0.13567476928130764,-0.34596247955193665,-0.003667672693996039,-0.24990100762067438,-0.24099982826983754,0.02279846847642205,-0.16908939479219912,-0.21575435383548164,-0.05886727102388908,-0.1154305272034949,
-0.22019472750728378,-0.038512130252408204,-0.056870885993165365,-0.10079367434650813,-0.1413184107790732,-0.11440105934697736,-0.212414759346551,-0.2952181260443024,-0.026250423195750425,-0.0018050391446258992,-0.32448435924196534,-0.18615363985253053,
0.5198562788871011,0.3310164146514034,0.288373373962135,0.2594620894662793,0.33316658641671937,0.5676961629175441,0.6595985240519382,0.6730783794531899,0.7499289693952633,0.7948730770267021,0.769039645769199,0.6637606278790321,
-0.19797850435170838,-0.32085411084286974,-0.20459586062832869,-0.14826389763342707,-0.13661542065884186,-0.33693858278513394,-0.15058415088109373,-0.16234506247488995,-0.28013813978007246,-0.016374548009521067,-0.10870371508260256,-0.11160136522856126,
-0.2413132049673228,-0.04782817366510285,-0.2620877397816387,-0.2003754545236716,-0.19952766256691945,-0.006453558451115423,-0.10485961386613543,-0.20564606244005346,-0.3204761459789011,-0.14293860516800388,-0.1390261819216344,-0.15827012198534765,
