# Pesos da Rede Treinada TxH=  0.4 TxOut=0.01
12,21,12
12,21
-0.4395434123243978,-0.3698525887585393,-0.17708929182688188,0.04239129430452947,0.3239219463303042,-0.43793591732355297,0.10299720459933583,0.025783877080689747,-0.12175079483076641,0.2372123259772282,0.058194442673805205,-0.3299902255691512,-0.17244471069056103,0.2510224841114672,-0.18712485138229398,-0.14500428534895138,0.14140397795157478,-0.06024405536487958,-0.17854598520734508,0.13451490403092847,-0.10155568553869736,
0.19637695327926702,0.783549004248368,0.6345056959944002,-0.8372331029169081,-0.5234480436491356,0.5460469473244519,-0.973889548859775,-1.0197874666294622,0.7711984967823682,-0.6549322432332487,0.46118546396317234,0.9434292543240209,-0.20695941637006615,-0.6797303140544051,0.6409591335660152,0.48989658345568665,-0.8559842596021667,0.4023124940749102,0.7671642841937357,-0.8356016603792803,-0.5571444138879719,
0.33027492194939634,0.7591305579544747,0.6486974002711927,-0.4743388904869209,-0.38124811022613164,0.1217329945105154,-0.6786541433357957,-0.7278545394618158,0.6175297743162863,-0.408129187921119,0.46209121660225805,0.5379781229993613,-0.1529039994653748,-0.2732872256451093,0.888219611027026,0.4326834036443465,-0.7574716312634354,0.42658685159284954,0.5138136455460393,-0.8546037466727181,-0.6310971211452648,
0.46241400167621843,0.8972229117815659,0.41352304429319364,-0.2662443332246871,-0.2959440753311102,0.2705282641852061,-0.960080449739479,-1.0743451454378758,0.45811749867188434,-0.8356152663840613,0.27650742934557837,0.41697520908609254,-0.05416985369603583,-0.27899315453262635,0.5148738215530616,0.6383653584918839,-0.8436510864930542,0.5607770041407987,0.8701870793194548,-0.8296309583142443,-0.7639005152874813,
0.30412069131714203,0.4595533278207375,0.4920971071082798,-0.35626914092493406,-0.2552371478328179,0.24696206855833108,-0.3480381333477259,-0.45700467747285684,0.4398328288540949,-0.557265139904505,0.41057696320272674,0.2755194577380911,-0.2556801747041724,-0.37440431585349937,0.31296383926624655,0.40440643773960244,-0.6712612259111062,0.21391218279415775,0.44763526960640854,-0.5526097300738406,-0.4322237170059023,
-0.4137209640698422,-0.21963952825393931,-0.0647959616558121,0.3866465335878419,-0.022478768424305594,-0.3043493295355133,0.27990711971701066,0.015196301338392892,-0.3276705658162916,0.33653589732400924,-0.2394013339845941,-0.36801591059590844,0.0825626508144713,0.3345199312525525,-0.02727895334941092,-0.1621653044242013,0.13149649408856323,-0.21720095990593646,-0.2610514818926094,0.15518024009978962,0.23475969012703762,
-0.37008913127982285,-0.6315546514662035,-0.4055043954682663,0.2103665299246038,0.17528554565605212,-0.2446427068756655,0.19489392591204321,0.7314052602904698,-0.5001305490131827,0.38198289395791607,-0.476730684336044,-0.3806545726448587,-0.06785406881115105,0.29243208161851914,-0.41398882783418917,-0.6513146038734355,0.5357050940904156,-0.278708296612907,-0.6502157323468413,0.3155711037993832,0.661135976961626,
-0.48838845004091497,-0.44798259952034475,-0.246987786770791,0.14903940869030674,0.1224540790129043,-0.4803810450680091,0.2651696044400874,0.4990827654106966,-0.624126976881575,0.11912070163504818,-0.4901491810394562,-0.3239316656036502,-0.1285456783499096,0.12603501476165846,-0.3148982065122539,-0.4901495932851206,0.13690614838947704,-0.4768555523601752,-0.21750694402346185,0.06018591966148879,0.23582558324704894,
-0.43651499088251167,-1.0649482805161923,-1.0365729833712616,0.6532400258522347,0.3918157669154009,-0.5395860473541162,0.9064056829023835,1.045054644993387,-0.9911731647124642,0.5064792125335145,-0.5978506317204281,-0.8824344514635866,0.1562579266252183,0.4050567767109054,-1.075059177076508,-0.7733704552912524,0.5594492751592464,-0.5874732565925314,-0.8703047849326337,0.7451712414497992,0.8658667504369443,
-0.5214557230586119,-0.8551002087867461,-0.829841904613461,0.6312393635769467,0.4145262234011102,-0.7421509619589405,0.9157003869611263,0.9410368690476116,-0.8774349709496969,0.4671147400824333,-0.9178170969540165,-0.8998420726393479,0.24661576206373503,0.5779038676928856,-0.7507502838032398,-0.7474728670858893,0.9938753486091952,-0.7812152352461691,-1.1019285031872776,0.9403090102251392,0.7461250366658914,
-0.3394159406231642,-1.1723861531026183,-0.6741014417568609,0.5788304854719457,0.6002851452724042,-0.5372645380738211,0.7457192854150937,0.661906970422374,-0.9640998300000958,0.706161538906333,-0.5421435072139068,-0.6617528868474698,0.03860018594207667,0.5929590764895721,-0.8691900932706128,-0.45694251997628044,0.6856104921025974,-0.7198478124541258,-0.8515883578794701,0.36174715432268983,0.4322955212466117,
-0.5951568210654368,-0.717001834838706,-0.6256942957928125,0.3103372295747566,0.11137237565342359,-0.23228330678410805,0.5836456913620522,0.44972551966796204,-0.635183620378484,0.15535310688057716,-0.2942271931043865,-0.4100732310986455,-0.16031777271997918,0.05987354743361652,-0.452602533210862,-0.6714192449394442,0.613585516730213,-0.4797572368289366,-0.558235340396983,0.2290895976843216,0.46861968203789245,
21,12
0.12006970837504086,-0.264509502400081,-0.23348040768923192,0.013561171965901217,0.05663964885575787,-0.26958618065172085,-0.13368077688986868,-0.16291932242794874,-0.055945588085715654,0.05626937589819521,-0.06976652359190098,-0.19488912354663854,
-0.30859502618935825,-0.12094170375370278,-0.07341876961327146,-0.20596972948212416,-0.273698475790709,-0.17868546081940553,-0.08263630873174481,-0.012708343698047537,-0.3574356831116729,-0.24322027297876417,0.0473196762581456,-0.1939184183386639,
-0.043989002380064465,-0.11962362114950982,-0.08945594709727706,-0.10469444236352085,-0.029461729531767965,-0.3093036544268828,-0.12966258356065483,-0.24281884546277135,-0.17244506923201758,-0.2849790959993467,0.04956677013365041,-0.14580261428098995,
0.09056407745423463,0.24411904331894485,-0.029257893709857482,0.2741527529264945,0.26877069596254477,-0.03695084210449243,0.356581340672432,0.344362466452187,0.2307288153472536,-0.024909790300404338,-0.11033335913850183,0.10013872942064954,
-0.13194288744609525,0.18651043807302228,-0.005036216941239997,0.05054481552153152,-0.10201855724018755,0.2339949898385483,0.11285682071996075,0.281026144455175,-0.015751194186938232,0.23110128507200298,0.20237732175259898,0.17692853407640943,
0.07581458009837336,-0.03266079023187576,-0.10060454717486572,-0.2718966327227654,-0.24212370170686467,-0.28127153063089105,-0.007064088663675615,-0.06831907564838703,-0.03753611040231235,-0.09903903333401717,0.017590781154979276,-0.23614906425637602,
0.30911509892136463,0.06521199442860674,0.1372899802306315,0.26146002519718264,0.3634042685155767,-0.09308108909391673,0.04992004396732937,0.1917384826124487,0.31112641489738635,0.33865057270799803,-0.04873598252842008,0.2534934570053008,
0.16362444992147487,0.03159787558340795,0.20150268673272212,0.30333309406514397,0.392006371835761,0.30741278596458,0.2795487461211051,0.009744805220234522,0.09037067299715912,0.27406273000534126,0.2197407500183135,0.1063136878915406,
-0.3048706857561599,0.01709671741768082,-0.2839313324634429,-0.17480833245295962,-0.23164196352542005,-0.3164260581355662,-0.27893752117599196,-0.13550872128137217,-0.18635150547693438,0.18358732105338862,-0.2939315419670188,-0.03314065627417426,
0.07514241620532656,0.007376936281396103,0.31654057157766113,0.29921380717540047,0.025396157455976887,-0.1634175429505054,0.28029803663463265,0.06448433030356525,0.1975856479546804,0.3403199645529834,-0.04641944459389724,0.3379071229297076,
-0.09602259324975791,-0.24058634557930098,0.024540450418880456,0.08395431404673791,-0.07178014243364324,-0.19484304985228115,0.029407848420794403,-0.3226238759957983,-0.1425430232061319,-0.2029644306399741,-0.1723702711779719,-0.016054881130901987,
-0.30009390609931913,0.04463237251250351,-0.3275038232496499,-0.14216759539713356,-0.0831990535675891,0.09742890728956347,-0.13596410116141827,-0.03878480496897194,-0.0754298205483353,-0.2140901101018541,-0.39458570313866265,-0.09501887024101016,
-0.09694191637774072,-0.05195424138092932,0.11169524653954706,-0.1201668427564452,-0.09178140639654225,0.19102634404488045,0.04140440035727827,0.19719113970890373,0.24106521916250812,-0.22086244930041574,0.17464960759082893,-0.033554541085531055,
0.08070670168135596,0.10353006497490684,0.30887361184892587,0.07564456963787816,0.18542601776576703,0.25501253156958137,-0.027547464411683983,0.17036549916575078,-0.03379784311194327,0.0626984781643081,0.2246742055320867,0.10717047153920266,
0.10757961538701609,-0.07136391176947028,0.03259530428799046,-0.21788318804602083,-0.02459305479824793,0.05795343513671055,-0.18242495388592922,-0.37701062676759195,-0.3512241278871414,-0.06287860688506117,-0.2858059201620594,-0.2653553205712024,
-0.12400780577145486,-0.17688199503143767,-0.07001772379136671,-0.24810829528748649,-0.07289763669433891,-0.2017989790929086,-0.26697682634929853,0.043227422860334604,0.00984717894322887,-0.3028478905962478,-0.09566122799320742,0.009145519790772653,
0.1720701384007376,0.2905292103339522,0.2511209320434525,0.05308831151695264,0.031021105128337105,0.27860824115369964,-0.08302617248827301,0.23284499593918376,0.2971450523001633,0.23766868302361877,0.28009676257467436,-0.006050625889421673,
-0.19204594207935383,-0.31486872478584277,0.07288657375323816,0.1651697221594858,-0.14762065126132315,0.00440348386277747,-0.22543775736986657,-0.1378029700719929,0.05156300378985208,-0.19116321722161675,-0.1950671543414412,-0.04701773568351519,
-0.29095067495332766,0.06952524784395328,-0.283735571425042,-0.07684106175836602,-0.15318831823086546,0.11828318415800056,-0.060703837743141496,-0.17571066771618968,-0.2879898056496838,-0.11044825734933879,-0.25047187289587947,-0.26739516349962295,
0.3625636583209874,0.02515776430137185,-0.1752272499373758,-0.13006201890677788,0.10056933610061253,0.2776519164857423,0.21993725290204355,0.04807427604546219,0.14739945998322296,0.15473433046937002,0.31858030158833567,0.22544761117572645,
0.253737511740937,0.2751947559059835,0.16515270450401692,0.06550378346220265,0.04511158549785119,0.18197938706794975,0.19136484869410902,0.04947113266873602,0.08057141390307994,0.04379548924664065,0.3737609024038798,0.20247302510810505,
