# Pesos da Rede Treinada TxH=  0.6 TxOut=0.03
12,24,12
12,24
-0.4558867627398846,-0.5754819299596954,-0.4567537286125502,1.0577916882552443,-0.44012884299485966,-0.2508645541389868,-0.657794664690636,1.3292988103851342,-0.5536993210689273,-0.36055859816566377,-0.6127956594697956,-0.47049896671497954,-0.3938330629022074,-0.8548640660147427,0.36637385023443003,-0.5486045956586837,-0.28275987123026597,-0.501759113889753,-0.06604231133554109,-0.7170346641400924,-0.43096172954492423,0.242661713026976,1.2937448489800891,-0.5712147039352619,
1.8130608847378276,1.702355951864258,1.1287761704959012,-3.2532840753581507,1.9744420608447915,1.6386632672255463,1.7240488428405112,-2.555410975267498,1.3564591865807272,1.6224492302768574,1.5349193673943304,1.516742762438434,1.604221334097243,2.016040669403627,-2.1823315828185446,1.9646930842569799,1.6652411892384595,0.21207608048918702,0.2678850829458805,1.7535323671439524,1.5729265249985003,-0.6284849957737337,-3.1668986962449015,1.7592368090852348,
1.8732958904440182,1.7402533966245715,1.4320846688181124,-3.435258640411676,2.1474970048196833,1.6618510414192174,1.9408641081880071,-3.0107544883769783,1.429627210620391,1.7461984422851686,1.7617224232567612,1.4208940906047351,1.4973310032336173,2.41157985565716,-2.0718602729480047,1.969014647895214,1.5478176516175473,0.362873435668261,-0.07961747494331133,1.6259712807981874,1.9369367250370375,-0.3833239185237906,-3.194513656673421,1.7443009075425657,
0.8560744956119842,0.8901263801902306,0.2791609117511373,-1.1034050580820969,0.8080972849838423,0.7725837045047532,0.5166609178124634,-1.3037168909034496,0.3451280405347082,0.725759023679987,0.4166251974973392,0.43109847090441705,0.5692763621422676,0.7283067419697936,-1.374269736014932,0.6751985295538679,0.6392681807008295,-0.144808344519063,0.05346728276316585,0.7066084681115437,0.6120503311065671,-0.5628563276102991,-0.9343120021571789,0.5936095442634318,
0.24924601344616418,0.054070044432756426,-0.13801896162465954,0.1598816093542279,0.2422336958139751,0.03026871749658072,0.08916628938340439,-0.034922990093524536,0.09865491964550316,-0.14263863949115105,0.1490650684507681,0.19867094109509056,0.10234992751667321,-0.21559056343346208,-1.087251154116088,-0.01544839849283767,0.3281716364056544,-0.25016154813970565,-0.21915379301352414,0.06558777553008224,-0.2663623413830835,-0.08903872651312594,0.44713581210927944,0.013554246553258974,
-0.5538559555791902,-0.5845625507971535,-0.8035602150433004,1.2133304982683688,-0.8331474070871382,-0.402593833391505,-0.9258101750431098,1.1010544118723342,-0.6202037209824175,-0.8069306634972016,-0.5777702567906997,-0.5991752295640451,-0.5548606914003408,-0.7471241307901867,-0.2677045579087298,-0.6683594271199835,-0.827458965685357,-0.5638461075983945,-0.1781744420270622,-0.8721757578131188,-0.6534058084037384,-0.35823284352680795,1.143113524451216,-0.6560405333837732,
-1.6976020041497641,-1.3265074478712746,-1.0669319273170588,2.4265725553746242,-1.8238661496365152,-1.296218463892126,-1.3369057027689797,2.023798665518363,-1.100384143736686,-1.303913353196721,-1.5682134131004861,-1.1581076688526308,-1.5185210481616216,-1.492333039827667,-0.05384569990728181,-1.546749456160225,-1.4094218732280266,-0.45561542773617986,-0.30884542274099175,-1.5306675920016628,-1.330209414969134,-0.33242215795445884,2.5535028087386507,-1.4119191711427623,
0.1666277606088379,-0.006364758101900894,0.21168037545962679,-0.4958571427627171,0.25129113413420834,-0.019565182445503662,0.25489529271342376,-0.5276243978954505,0.014511285069498604,0.08615008312424147,-0.03628731627353771,0.12371321591595467,0.07935455745835236,0.45439692942179627,-0.9439503284508359,0.06451535223029947,-0.06896578417496567,-0.07573264814076888,-0.636075990430046,0.043612537773942125,-0.011007514650757966,-0.4020914895095349,-0.9444604547222106,0.36896783270518224,
-1.067232397975849,-1.4450195356765099,-0.8610895374114401,1.5975211508877845,-1.4547948325887023,-1.422401187756173,-0.9553807958882269,1.174773889459513,-1.1205513481722669,-1.0016192299717483,-1.0632136201308575,-1.0281249857803283,-0.9908406701914033,-1.3083800139644106,-0.10469845040887193,-1.1265984737587365,-0.9881950330393794,-0.2599922844240186,-0.5391212434513095,-0.9571098336644828,-1.129126744537673,-0.2509428875774358,1.5298210071638232,-1.3975403882148507,
-1.3188809521298213,-1.1507370606417653,-1.0789826912638845,1.4658909147483878,-1.0568813601271634,-1.1219212837318313,-1.3528008381908263,1.4186678483845563,-0.8270894149286152,-1.3441737945913783,-0.9650663903911696,-1.1725072455182877,-0.9314483819255327,-1.405419721105652,0.06775585614622116,-0.983879567469559,-1.1545136374162106,-0.42197716501627064,-0.6128747147314256,-1.140706667715863,-1.3996736094503588,-0.34729545398390976,1.370817432885528,-1.041569784468662,
-1.2093107495021433,-1.1032922598108479,-0.646850459862293,1.7980320627196198,-1.2207964268265354,-1.340513228809167,-1.2347473978870822,1.6119545164409514,-1.065646076174162,-1.146698595412415,-0.9599455518583068,-0.8740199712826494,-1.121233473490851,-1.2489103385213005,-0.06303615110034995,-1.1664107305951272,-1.3308520947796114,-0.29358961702563596,-0.3493142294778927,-0.7738391012995521,-0.9275995691406156,-0.34752394757867144,1.5058630040928551,-1.009760484518149,
-1.126885637752352,-0.8298111201462879,-0.7765948376273266,1.4166076934474217,-1.0818074798364234,-0.6921795156879228,-0.6676918996634682,0.9796564321410188,-0.8068237770098563,-0.7516549905519013,-0.8087183456074614,-0.8328336819316161,-0.7965338880314213,-0.9484910439414503,-0.37645950016329593,-1.0913007804817465,-0.6444767350924294,-0.7202950500322405,-0.687841222267176,-0.8869492230563443,-0.6746248238195972,-0.3748376962277304,1.2000889705160138,-0.8787021407197785,
24,12
-0.16351182162261713,-0.10472233199270747,-0.16875454981765164,0.17059035716556453,-0.0036442674065168827,-0.12388109474836313,-0.1494620935420044,-0.17262869686900387,-0.03438413045751493,-0.07030005238577097,-0.0358690078218047,-0.0011949647489739295,
-0.09802305414844764,0.07092953738158532,0.11460543070305897,0.1793920540191641,-0.2711436614449383,-0.09981317122413717,-0.14960317831058856,-0.12223622013542852,-0.20321410569238657,0.15961898746027928,-0.21662002186748744,-0.09088335299740279,
-0.35340080280004005,-0.18670543665206907,-0.2385505927359136,0.10287227175472209,-0.0520136905323856,0.04354386916890648,0.08475144136337336,-0.13063341470265102,0.11212423085401434,-0.04672929905957277,-0.10363559630370132,-0.12555712100604663,
0.4780681927574751,0.4047508018403179,0.26134836177173115,0.3781053611714624,0.3819280009536959,0.32156650671273224,0.421189283153848,0.3877774638271052,0.29591531258812137,0.3186762302038923,0.34548431407014923,0.41925190922303096,
-0.04792477446107431,0.08674828494213552,-0.1520988450113724,-0.13853256595893226,0.19484235970542738,-0.23808858309365308,-0.054629912709418964,-0.2090810263664912,-0.06876583550356678,-0.08715990878208374,-0.24428638406733752,0.11558823944782688,
0.11283998257185367,0.16419679271547014,0.0719955716886904,0.005206592772235405,0.09478458740152713,0.002140417910867727,-0.1917981868053732,-0.2723053043478978,-0.04739740427812051,-0.0881165593324543,-0.23690306482598886,-0.12327736585640237,
-0.1845754061325303,-0.0760873121285348,0.09004731258431958,-0.08853278051474923,-0.1071827526626449,-0.048599165882688755,-0.15917877082621498,-0.02754296335513809,-0.15732137548059708,-0.21894750105400174,-0.0024198599613465244,0.0811633349594286,
0.0969893311464919,0.23500574743511765,0.2369144967035378,0.06686055805676985,0.00956451833344489,0.2977038856655214,0.34905349426213417,0.23893920556592244,0.23040394388786656,0.4064487408469581,0.13555541841527025,0.3831439971777297,
0.08556486956546941,0.009933157765093202,-0.08505452362825139,-0.23500817253706255,-0.26767040867737146,-0.14569176440261733,-0.22943762594200523,0.025747579348251653,-0.009749720714570176,0.10472241418887673,-0.022062595348753555,-0.1618755116303213,
-0.16336171038557679,-0.06740703169979462,-0.0782227905042384,-0.07765227284755753,-0.03650710684590523,-0.07873300506179655,0.21762800418436534,-0.09177387619797767,-0.143537629994384,-0.009844776025340632,-0.160858168829099,-0.18455617545972522,
-0.10974303847089585,-0.08223865247038255,0.0616801773302075,-0.22080668033178835,-0.1773684699235175,0.12660299895223576,-0.018938179199600117,0.07179705025522831,-0.23882746910544428,-0.23829016843344353,0.1027916225348037,-0.15660708934173756,
-0.05638773510152509,-0.28278643973970546,0.11019986404768611,0.0663357539224799,0.12844826070729026,-0.12831877341916098,-0.1580730757995938,0.14484405043535578,-0.10813114939313767,-0.28459145561482985,-0.16269528027214342,0.06241676984408787,
0.15733689711090032,-0.20701600899748981,0.06691744784028915,0.061516788591774396,0.06925010735830596,-0.026777743990544084,0.047462050843621977,-0.22319669689785693,-0.23712469541927733,0.0745041602716874,-0.21440455310582165,-0.22888136727848457,
-0.13005389076505702,0.06231852005603447,-0.21936027438584502,-0.1589431237053144,-0.16851491330397234,-0.0919939164327452,0.009653867957919135,-0.1835326156198585,-0.03556158100620468,-0.21198670920207002,-0.05493447432086393,0.06583365154377427,
0.15830985119346822,-0.12390168305917551,-0.18228484059591235,0.0764921985554296,0.1668708544640996,0.12091057151598059,0.1454437851392512,-0.07530116894102512,0.19274921194576541,0.11945042881547212,0.15814482049305156,0.23907770670172943,
-0.239546672448591,0.06102400649428462,-3.435193376024235E-4,-0.10506065214644184,0.11674827992632748,-0.047439172669495794,-0.15249319403234515,-0.03675710835595124,-0.049657910333394825,-0.28201824119933483,-0.1282880670231141,0.04819287534925419,
0.07676251218662895,-0.07882405991394356,-0.07180944330472988,0.14759864320546157,-0.05663261726375555,0.019166129378022832,-0.14464713780387092,-0.12259448393840167,0.038571160503257956,-0.29815328961739035,-0.09483549282565394,-0.06946333422710574,
-0.20024225516481506,-0.2578096874358079,-0.07850815473950477,-0.13490424437401993,-0.2317058800378269,-0.348248601098023,0.13801713533960097,0.07797133308688001,0.2005016604836107,-0.1838419913542821,0.172789110361337,-0.006772272624409429,
-0.05522133472453783,0.057232514514214246,0.00981829497380137,-0.03222965948284919,-0.21589449285411755,-0.043364364933927195,-0.09550676325455448,0.11041079861167298,-0.07528416285320591,0.03947643094217511,-0.0765083435564894,-0.02278469912753837,
0.06747945264830177,-0.08084920048941792,-0.24910722390177534,-0.2015458217184776,-0.12169075807640552,-0.022320990914099188,0.10760362477100649,-0.045618358345972,-0.33712612201555126,-0.12548986982284083,0.036947352847968025,-0.020992514759600362,
-0.16062001975892368,0.0038323427868927674,0.06816582573779659,-0.1754546065194617,-0.12988499507333168,-0.0988294926650451,-0.1656400504540323,0.044330352812269894,0.02475475395741498,0.13149836035351742,-0.2746898273229064,-0.1883097315000741,
0.02137567920243548,-0.016556675249705482,-0.1268947117478444,-0.3877539768595758,-0.0749371713094301,0.06684215708595553,-0.09593035028703777,0.0885393413643856,0.019087011701017318,0.14791886979231242,0.14766839331166684,-0.17554898743809613,
0.35257164355617965,0.1640366465314241,0.36959119268059304,0.3951004399656428,0.5213698376615198,0.31484891823990474,0.19688371011027947,0.3653827897447289,0.46763959144571005,0.3289982155018645,0.5331540679425189,0.19817566978228326,
0.06382986405969453,-0.08397093755492259,-0.19820882899993297,0.014919718374816992,-0.03768376969981883,-0.012418873551093718,-0.21678130691402986,-0.213336325281842,-0.08990400096719282,0.020091453434853527,0.11922059458472453,-0.25786353710513493,
