# Pesos da Rede Treinada TxH=  0.9999999999999999 TxOut=0.03
12,21,12
12,21
-0.6383390958911203,-0.7325114013437873,0.42892935057445764,0.7623352606228546,0.62360708969487,-0.40325245012099104,0.6878021294841715,-0.6596410322898095,-0.7596638946528705,0.28993590344457404,-0.13941886516708082,-0.49049280484606467,0.6589893815426087,-0.6186656477750118,-0.3806070408529455,-0.5189413775563791,-0.46879463611234223,0.48077275292718125,-0.7189907926908837,-0.6551325722726242,0.2814752861434075,
-0.11873961767613554,-0.30719486733886575,-0.14160264451552895,0.1529159369166705,0.17050979675850317,-0.2336077528729506,0.047826230462114934,-0.03428351826524997,0.10366333785414053,-0.0730204192346726,0.19810624898706458,-0.42107150524488646,0.146690792442142,0.035701073140971595,-0.27909656217954015,-0.24540039449638384,-0.03701109379654798,0.029383537427781076,-0.2208462615794369,0.05337912175961419,0.20681793764590084,
-0.20538614436822686,0.14198254636943147,-0.0457423847161636,0.06242863623404559,-0.18076471251406223,-0.1109687000329462,0.45701651868389204,0.12137404570104221,0.03011229881041557,-0.15822941582491304,0.28691180792993404,-0.39378400373045597,0.07686880544118883,-0.2046765577042521,-0.31427094765656655,0.04187861734016836,-0.2503978522053583,0.032934579692810675,0.03877989756037033,0.06077179911749869,0.028824319873585455,
-0.5741797526662741,-0.24308320029357017,0.4395295678555192,0.3295338332739249,0.4028882039111722,-0.26914964683190074,0.3481622827645758,-0.6223003503136999,-0.6592719530786669,-0.11116965272083408,0.08352464345971455,-0.6583705743941259,0.3506185876788205,-0.2598069130841367,-0.08335177698434201,-0.46211948254783153,-0.6353417572556738,0.37615789962816426,-0.6082997049773159,-0.41067045766233423,0.22627761681072533,
-0.30602955849157226,-0.7822310408710317,0.5001321148872133,0.47680716532371237,0.2685147891146254,-0.6697790263822153,0.6972412193852368,-0.7903787605966754,-0.6696838037384587,0.02101573269097402,-0.1584924273784504,-0.4127445633160094,0.515708388556151,-0.9030841884901468,-0.4284993959762086,-0.8714824965004151,-0.7100413811016383,0.8578651830697762,-0.4476533655255132,-0.671143993465787,0.07926407281336954,
-0.3128670842328758,-0.5487552732146276,0.07021960526359261,0.31686982681457465,0.5092173470314704,-0.5624521779940919,0.4125617904364438,-0.48394241022749207,-0.5560159675199392,0.22726382565794753,-0.2228051303177062,-0.5933668354868517,0.3403514512495651,-0.1926969507899247,-0.3269320683144531,-0.5872077533548009,-0.31533954859909763,0.3084992785848189,-0.41572434906307654,-0.5005855332650342,0.11309112481906101,
-0.555268070740963,-0.3449135250325967,0.4598924148989569,0.7451190489971663,0.364536498030261,-0.4452114592348987,0.21931201770400746,-0.7666075574721963,-0.72592116185637,0.13474135284827263,-0.7376278795597857,-0.44532354373773714,0.5021796531524567,-0.761536793141579,-0.6264800547507178,-0.6669325111236888,-0.7328179877115437,0.5029666549636247,-0.7412217878746452,-0.704349175497507,0.1180231428180173,
-0.37295691678053355,-0.27272334636092216,-0.05007127958879656,0.011165970811017216,0.06968074979547453,-0.26346610394266246,-0.09153018975458695,-0.3367154264354884,-0.07349236922720975,0.015298243590996593,-0.41697392619380047,-0.05010441767968851,0.20242515588017174,-0.24244714151948019,-0.4892801076206308,-0.10518506483364709,-0.2535648244929715,0.051662391000506576,-0.09356155151387034,-0.21209337432610398,-0.22794184773269768,
-0.23996041054214515,-0.5443314664849483,0.2557609783573649,0.3161583357966714,0.2796197320250585,-0.6186630512398088,0.15875704018908177,-0.16888938691504923,-0.24548878014516007,0.20622161365940314,-0.4958649800725791,-0.46656160488921433,0.2302642629627916,-0.44711437264178583,-0.3817340886185685,-0.5692733932981653,-0.48698822354851046,0.3295112091929211,-0.5240286495391597,-0.2572945825678383,0.2519409489120233,
-0.36212358656089266,-0.2534919363448954,0.10804644153982094,0.25117392033655445,0.10809341979374795,-0.6008316959228508,0.024578623721330885,-0.28919418026523985,-0.3457615654076922,0.04941923030678008,-0.3545705947746312,-0.4890866422611358,0.01159834046245714,-0.1882360772179928,-0.34573574387572276,-0.2789579547725267,-0.22592344033397319,0.4083376945666962,-0.30921536340909966,-0.3796658905471251,0.1297680092699078,
-0.25455379159367747,-0.5538529964345082,0.2637465568569837,0.23869019618459922,0.24191247792213252,-0.42853832623525784,0.2127377447827741,-0.3166277235782218,-0.32274360432902893,-0.15768369609231384,-0.2650193342558026,-0.3479680254719467,0.5111414956874535,-0.5502708760686613,-0.2952707109310028,-0.2024264705489655,-0.3006807904984455,0.4774968590703461,-0.22798690807542638,-0.602207096473431,0.22624121910491296,
-0.5645761826531741,-0.4483920969277369,0.03082477557371545,0.18289954880171458,0.22972157888360556,-0.19289351433587704,0.3018989777105979,-0.6176168127428784,-0.539946676636608,0.1615565539642128,-0.683775182549021,-0.21067923910991126,0.34006166316737185,-0.5521683363421896,-0.617968775812949,-0.5405142763274076,-0.5560111794982857,0.36519440336728776,-0.3816958538971881,-0.4576149084698292,-0.09806456772660975,
21,12
-0.19717234031385528,-0.2577229159346134,-0.08615649143170549,-0.0631135017405139,0.19444686384673832,0.07736095321094398,-0.32228922699622936,-0.3554044894344013,-0.15298597823977816,-0.3041921732742932,-0.126118352631884,-0.08803722312169161,
0.0036646698730977024,-0.1272811880856956,-0.22367412308748816,-0.3472783663439349,-0.27687061511526223,0.017069663762182014,-0.20177563886974167,-0.09536741339285448,-0.1122508898279681,-0.38664492855623395,-0.34464177920242844,-0.25387771606898096,
0.17586942749661005,0.1026413472308095,-0.01540189489878804,-0.1845673924583847,0.17857902536153378,-0.006668972121415796,0.28266349600867247,-0.05187658899098141,-0.005489553267166937,0.3216770413170581,-0.17561468696645308,0.20744614879816792,
0.007718728551711998,0.18071408771444147,0.08754847759550735,0.2686533942520277,0.07253220146470415,-0.14519333444231772,0.3155784058908891,0.3075675936036369,0.09560393736830561,0.2720713385524726,0.2779436030588271,0.15189733761774976,
0.19844978578740716,-0.03208109803294653,-0.05887531357233814,-0.15946783796211553,0.29482451544136595,0.22052611282705953,0.16121255725983735,0.28934017477060114,0.16250598263177654,0.026666060699422556,0.09688471465121033,0.05083975156892325,
-0.010777445825150915,-0.173063078284099,-0.27341361920286705,-0.16579459875854347,-0.2028844870664491,-0.23022855356225724,-0.04450602753131938,-0.39808635151042354,-0.15998291286918875,0.026612021861922023,-0.315670218917446,-0.2110506272407617,
0.31574044523844524,0.2767098681823478,0.04685074933440895,0.2689198310692186,0.10702626848666531,0.10222244019925338,-0.043190479206126425,0.08016713042221715,-0.03595286673045989,0.036648865967530114,0.26894864672032887,0.09178005046190665,
-0.279365307807185,-0.32331308953610566,-0.1314160062423631,-0.14112846102776025,-0.2488652094592473,-0.3000058090452943,-0.19569866954140705,-0.04405758648073896,-0.3146768529804995,-0.04918131150513518,-0.3205455091626892,-0.2322351666559878,
-0.2912389169912077,0.15314343071234082,-0.17997479374188877,-0.12511151430536033,-0.26274315471736553,-0.33088306876506635,-0.2894506853728267,-0.231410030756377,-0.16713291541901232,-0.14528756960382672,-0.186606701012748,-0.07619789790090163,
-0.043366755289392274,-0.06460869125564171,0.15970910044574585,-0.18061351904809708,-0.02313351604907618,-0.07549992645666587,0.14899178330673146,0.11344079564918882,0.24051831303334012,0.03426203815884424,-0.02308281978844632,0.04712559560536132,
-0.1863522197439002,0.1926753864326841,0.16140401298103932,0.09485364760529352,0.1679254917227181,-0.17667146849171322,-0.13997856201816933,-0.1285384902114927,-0.1830031016986159,-0.07476928944750882,-0.04855430801348836,-0.20391148460542713,
-0.17629380972424072,-0.3110437394557267,-0.4850169469653122,-0.1805508755412939,-0.022876101879403938,-0.17053473500996066,-0.3232937389812918,-0.2099095901450907,-0.06721250761909828,-0.1764209334743038,-0.26646860710174847,0.07802171062979682,
0.21707537811890612,0.11822857565285168,0.26049977379025696,0.23396779996089717,-0.1342933486811874,0.30765203295901566,0.03173809325824711,0.31344908048146675,0.20048201877633037,0.03951443549137623,0.3103268441683885,0.11196512334557669,
-0.21914902312923346,-0.26742127512202246,-0.08731198803130998,-0.27763174594008744,-0.1265772331287597,-0.12987492849812904,-0.24453565988726003,-0.10895123556260897,-0.3546506961841258,-0.3872811376820434,-0.19814880454430575,-0.07772996997712929,
-0.08941074492907565,-0.09372985763727171,-0.052638798351385324,-0.09565031965322104,-0.31137488363496907,-0.16308119099329374,-0.08469284899415279,-0.28445028203522554,-0.03262461556687956,-0.20532466215431155,0.04409836276377517,-0.23755916814133649,
-0.28833765304211867,-0.029161007055371127,-0.42062833942301225,-0.2849158477239195,-0.2493240896941858,-0.11440189204045133,-0.03149281057158677,-0.08596923595128507,-0.42342203659520583,-0.03796469367625309,-0.3745782357694095,-0.25401547869818586,
0.04411217540997238,-0.33582432611955854,-0.34384465751734905,-0.28740985148842463,-0.26120033107549917,-0.3188663727817591,-0.17067440293331987,-0.1633633846501041,-0.18347783679731564,-0.30691633205749635,0.01992931825667889,-0.1878725793887365,
0.08797381575413225,0.018770568058655276,0.42174438031003114,0.33357473202939536,0.40653879103715423,0.31025884934936754,0.023379409739761006,-0.0725093123426029,0.25296109619826657,0.19101388714703785,-0.043317904727889926,0.331003274738094,
-0.19949287254876333,-0.10590190926549224,-0.00549186242825485,-0.24409427149518953,-0.2971564281006573,0.016244459107640993,-0.13853433416777766,0.015029028631549514,-0.1942017203949797,-0.16292512790770572,-0.2531587383394081,-0.19409271166244055,
-0.28303430617391057,-0.21858296634684635,-0.05472262360701573,0.13933626894615914,-0.2453811693589151,-0.3376893372999858,-0.16147260305260638,-0.2604040851652318,-0.1528858430905236,-0.19609336802827074,-0.07466342865695798,-0.3092929505309608,
-0.11722330398806761,0.16375828950240762,-0.07045842548779943,0.125519960067788,-0.052530932642832984,0.1475640477423975,0.08932176176182748,-0.03193854545615755,0.10812856816519259,0.057100311664797815,0.21020638163943792,-0.06994962376532957,
