# Pesos da Rede Treinada TxH=  0.8999999999999999 TxOut=0.03
12,20,12
12,20
0.7271595755272657,-0.8069564803509521,-0.6022059431802115,-0.3380538682732839,-0.6173851145823962,-0.542105988084525,-0.5640482997586775,-0.6962844338293027,-0.10663940178693945,0.34039930522096207,-0.4293012265121633,-0.49438634370281803,0.7683040282388384,-0.8958861650088282,0.7767760445333222,0.7199972207961517,0.43244250650952176,-0.796794293935301,-0.432516080436998,-0.5848558225728874,
-0.2604358520134719,0.2858567720615115,0.33205843627065823,-0.07740502863831615,0.34216970324382817,-0.12227397386505993,-0.14702484103422434,0.17392259270802185,-0.4245540288565435,-0.1471852870792133,0.13824334434019647,-0.13850831818785647,-0.1630925367186289,-0.008883061732001334,-0.06054496723922813,0.12968936316265967,0.13328885684695693,0.11283048521006109,-0.12692806037847293,0.23384076039477045,
-0.12487668023885927,0.15179444361751737,-0.027879307362109737,0.09719054958738697,0.251986726311281,0.12833705243931037,-0.007735564306037057,0.29938877386789114,-0.33210899452305814,-0.01032878568538583,0.10758639751685493,-0.19369911333299014,-0.4935780859106078,0.3040023456819347,-0.4608130401142847,-0.3956545250664483,-0.3145425458730883,0.013686195054932765,-0.25658477881101677,0.1842434236611838,
0.050389224728305315,-0.6293095930565663,-0.49586607779677677,-0.055489203507894935,-0.18100389184126586,0.02365019142962603,-0.2922410330721914,-0.5161953154656552,-0.08774342128762679,0.14198979630912756,-0.453854301876141,-0.414903481093232,0.39227350738825584,-0.5295898470540115,0.398044489987257,0.10744591894878065,0.2982894144850775,-0.09143788996974991,-0.17753217192586507,-0.4127146006345948,
0.5527990555314876,-0.3995640280995133,-0.5505796564876878,-0.46844795579336346,-0.6600062672782,-0.5205939044796265,-0.3523665763647161,-0.4145815964695083,-0.10896664117996906,0.4151340174020716,-0.5494700900502518,-0.7009943725699725,0.5927674568672524,-0.8599279696761355,0.4273257609183955,0.3255839243786379,0.5807239642030254,-0.4662565604482573,-0.48554093931758874,-0.6265042129836051,
0.4389623238650779,-0.36242793156242564,-0.603263803056706,-0.5937161995244515,-0.2967041340607934,-0.4674397304390653,-0.432014188035338,-0.32608188366468194,-0.2363289290786538,0.22422510102338278,-0.6984357250237472,-0.36395085897637913,0.4942678246982391,-0.4825847263100487,0.3088040042838617,0.36039449352830316,0.5412884847507065,-0.4230952161566781,-0.39776724748759884,-0.5783919154945113,
0.462439247104867,-0.9727194003692992,-0.7364613759576879,-0.9166579816903339,-0.8496977511896372,-0.6727619343353544,-0.9005242291663932,-0.8557371559996582,0.18243060997191424,0.5589544438430545,-0.9391495826977558,-0.7960673553524799,0.48451563488401406,-0.9318974299817805,0.7016960296681422,0.7239501620993056,0.7967765571081243,-0.9008370925300769,-0.6652592386349515,-0.8359606191285042,
-0.04560777374259363,-0.3115464069120013,-0.3186113425793621,-0.5163007378479736,-0.2838001513419572,-0.07042776694307665,-0.26453695726400916,-0.30847432404588104,-0.28508881421987775,-0.09338387904541627,-0.18764944253831545,-0.018844907172471614,-0.0807001078359778,-0.03036527526801821,-0.14078194928302984,0.0657079564313797,-0.044814780783288294,-0.07790775896033716,-0.1731872843017951,-0.27145428495766266,
0.27195115219837807,-0.45219367279712636,-0.39170596963500565,-0.3434103061449152,-0.6307236812043944,-0.6599186508301942,-0.6332223943314641,-0.42223976010400815,0.019892418190313597,0.4234881217329458,-0.4748248109519236,-0.5374798868218772,0.38277366571675103,-0.3772605416273374,0.40664090747064324,0.49139174211882286,0.35403941583515836,-0.6103764800550208,-0.35229112435967086,-0.29554208184785097,
0.3991384085429579,-0.48624203005068584,-0.43756548697040726,-0.6669035033138034,-0.5012681275705404,-0.5861074866886723,-0.4344563975907082,-0.6831053648687824,-0.3724810151933911,0.17907968673089172,-0.317923224782266,-0.2701558806102701,0.20025230457212373,-0.26121755515810813,0.1889840989218077,0.5889805208079223,0.5619040336598998,-0.3467547930592847,-0.845425425708301,-0.5949270740025682,
0.3000984247704947,-0.3409026226942624,-0.5989923414210407,-0.374761492531169,-0.7710602707304998,-0.6569840191433418,-0.4056541172653339,-0.7296537302423174,0.09458055171507598,0.11581812872442276,-0.41094796607665834,-0.5068168583620016,0.5369123433342553,-0.7109348790361731,0.6686529814430576,0.2490088125398126,0.3719754591831265,-0.6339409729578823,-0.5378409258079877,-0.48886557740205006,
0.4708294763769148,-0.6094686886095745,-0.4102843806898585,-0.4526705523836088,-0.5087457258275573,-0.40008172049378415,-0.39650462473820197,-0.44700407099386763,-0.3225875552196457,0.03424075308543971,-0.723584558349109,-0.6124558779488161,0.27448976934872105,-0.2411696519882942,0.10097597946513218,0.1716375907005543,0.28488180501221816,-0.5244233706043108,-0.34094483275488496,-0.6061927563926403,
20,12
0.1380262255153224,0.00834587001678199,-0.06352646352095556,0.22649134982573269,0.27756002673475777,0.36114056003878525,0.10466618453462792,0.12201688318140941,0.07871210642642434,-0.09550603358018735,0.19452634972798197,0.28140255151157195,
-0.21320900103127202,-0.26430870658576194,-0.16547891805853265,-0.29679539011622147,-0.13133001013936532,-0.21550531981550064,-0.1308150356716179,-0.3434726777626523,-0.35536978725018153,0.04691971873009484,-0.3527339346800072,-0.042202381609081706,
-0.09559203268648642,0.014881549985060609,-0.30128601844806285,-0.19506534671629788,-0.188502547704255,-0.29210026326453187,-0.010127588716332516,-0.3127441055489064,-0.39368835038727445,-0.37338163766139704,-0.14463544612130674,0.04672007092018791,
-0.23817919659492853,-0.14529968720035102,0.1318626589676104,-0.0933607163186419,0.04384717060094877,-0.1593377462962024,-0.36899590941541455,-0.28481100432865186,-0.2688937945662214,-0.048447698966668125,-0.14617811700891456,-0.3216266538676973,
-0.23262027530098314,-0.23858689581519205,-0.002644566105440849,-0.03609352896924861,-0.1084361073041639,-0.22468599857289406,-0.42269843136918117,-0.051226116831497394,-0.09068187910160165,-0.37905033577199,-0.3036524921843209,0.020141812972037796,
-0.0663482568004094,0.030047618918328325,-0.11179887843106545,-0.07109421138244909,-0.24738771788201186,0.08998391540915829,-0.3564303056062651,-0.06133044529101806,-0.21466874609914982,-0.2767934403977671,0.03564588716146421,-0.20158063373338558,
-0.1385124151667886,0.005723741354935766,-0.1637552347447614,-0.08212844006670376,-0.23871066365547142,-0.12187113880270548,0.020111762544678245,-0.2735468237811129,-0.1745749030098546,-0.21350662138216195,-0.39566209941455266,-0.27571574598262955,
-0.35805516205464183,-0.2668210100025144,-0.32150046609842725,-0.25216388609209156,-0.18773194960075398,0.054070114733505155,-0.22783505550531286,-0.09606852102986833,-0.16890938104972011,-0.29143773534245904,-0.052099173075129034,-0.3357967333300147,
-0.09707339116661672,0.05057677452704619,0.018854293600408384,-0.25774559704324856,-0.20427670499625528,0.0580689083782936,0.14096156585904082,0.01844567190125623,0.08996879662177523,-0.0715129727594012,-0.07737812523026755,0.1551053410818631,
0.17827281770102948,-0.08238379977737348,0.06305447409115764,0.18671764440002772,0.021677482280820625,0.12815850507893548,-0.13105751089188067,0.14519903554412794,0.22014190443524667,0.10954368534805735,0.13810732168384066,-0.011609308283861957,
-0.24309669359266345,-0.22253517213734975,-0.4067602087555544,-0.068912131010745,-0.16983091210795237,-0.14665624503218083,-0.009399162245327324,-0.14187313084536438,-0.19346602551248332,-0.2043063034320389,-0.3947173564522523,-0.27998245871524813,
-0.34472182367481646,-0.29493472017948386,-0.30837714585445125,-0.3183082663585032,-0.09802038941192687,-0.3833269352553739,-0.026796440588350467,-0.2374737728160226,-0.18343688145431045,-0.07320880858519102,-0.1709194693385461,-0.12686743282869656,
0.00305784446857756,0.20806358498318747,0.3095229471382111,-0.07066400045787277,0.06657258577265057,0.07178860939128728,0.15421547562271515,0.1757800818825395,0.22132755875230556,0.19960857814532834,0.30879325558929643,0.08822577318905317,
-0.3366179396278117,-0.048347100620397016,-0.4022006686649122,-0.07796567078648732,-0.33229486081892534,-0.3607442007935722,-0.3538771819153258,0.0011288354297677963,-0.07140530514756076,0.022480735316164537,-0.29887267939587797,-0.36878012710863695,
0.17998627123314848,0.18393827663604184,0.07123307646472203,-0.04206806534715403,-0.010238366893711338,0.2360287575864666,0.2679152401509045,0.09112024390133673,0.03741664531880229,0.28055758872534564,0.2642441173737013,0.10604075811863434,
0.11301500560429867,0.19167926779044564,0.03803064432377541,0.31210505021304946,0.15731396538729464,-0.07916769189628832,0.2183566076003481,0.16069290017647828,0.3256271495997153,0.15336256993443204,0.030873802721782882,0.29370428735998866,
0.23843654736846365,0.20345791976074387,0.38037527537836374,0.2539394590889135,0.38712174291363394,0.13190842711558107,0.21463406979523178,0.22809014239671024,0.01608016220977584,0.3006199695803679,0.0014385468527063306,0.11472968902784651,
0.04261899481883543,-0.2630305150554409,-0.19290533849876487,0.10747857439313607,-0.24883443419254184,-0.07363281807893562,-0.2022499779765276,-0.35297806113984853,-0.3724483969138581,-0.014785520385288685,-0.18198189134300308,-0.19972462829375875,
0.029986089364776234,-0.16074401319473836,-0.1487319514421659,-0.2509576422278294,0.0010960881575527162,-0.25674028386370534,-0.15721366986510163,-0.2765222410664856,-0.09827256346784789,-0.2779536404681277,-0.10190900979518572,-0.29804229906879975,
-0.16214617145937749,-0.2745761934555286,0.04164683963127369,-0.3113852265514458,-0.19336960422524116,-0.38592257613631537,-0.29777594629075116,-0.06487338454605504,-0.024533074255202618,-0.39237865488127116,0.003211031036187682,-0.2929876707979353,
