# Pesos da Rede Treinada TxH=  0.9999999999999999 TxOut=0.04
12,24,12
12,24
-0.994346190004479,-0.5844437942666021,-1.0023250222464786,-0.6421755716040923,-0.2946185949104269,-0.05491439496063049,-0.4788972469017422,-0.6852581362025355,-0.5776001251734136,-0.7611766661473794,-0.29202141856583597,-0.517147153396553,-0.8143650656630227,-0.5770897784205401,-0.44866955204378156,1.2612383671665877,-0.6163693932223154,-0.24876648196690454,-0.6826500544408214,-0.6103062508243645,-0.8792350811607691,-0.6069185573102347,-0.431387774284142,1.5380261354457727,
0.071941994614672,0.26546691581565646,-0.005711771896079407,0.24393128235342618,0.19329890322859442,-1.6682794619478531,0.1885029124516678,0.10199533388812179,0.5444228724437274,0.5520078974678301,0.3300458432516406,0.3580050551878245,0.06165989182142795,0.21269728630238738,0.268958775329918,-0.3862101120328707,0.5491292168478311,0.4589308858788498,0.1740762829958823,0.1494725943059425,0.08167761007404624,0.5567647224053239,0.2021148567975044,-0.09926633381577292,
0.06069399835602527,0.67617876696634,0.35411773214885367,0.2101628680947895,0.30863051177758927,-1.4771430952661537,0.5142439672877797,0.405463336114339,0.42185844434430814,0.4401706815026566,0.3766085985259072,0.3369837946776185,0.25026115236653385,0.3934788744688449,0.2364252086024164,-0.6401167496317095,0.4061208806159123,0.6692699499042594,0.47657636182071444,0.6158799559020962,0.1803477094292877,0.34557098936684044,0.49010247368515053,-0.5179306609815743,
-0.3632056295461649,-0.11570180171471833,-0.5012350668032789,-0.04323931117001871,0.23385151632487572,-0.7878891857264043,-0.20076512409881608,0.10029576898795162,-0.017518561719390827,-0.13674155785525943,-0.34663612860954335,-0.016871386550606784,-0.1883734191525683,-0.205413202190654,-0.47566318147407316,0.8928663275152108,-0.021319676853714276,-0.08701720212631517,-0.34925276266767546,0.00624308734015034,-0.855608008480178,-0.30836862598523074,-0.14169963801290988,1.0574676507189145,
-0.7911769610098904,-0.4364380073089977,-0.8124188065172468,-0.32390586135197685,-0.3724864718826752,-0.3656469411360639,-0.41548831563975885,-0.3086587663266439,-0.06565176022181672,-0.31228530178972663,-0.4239974712675048,-0.10808323659959913,-0.6419916200875981,-0.5341904915750981,-0.7445931160846636,1.7147224408137334,-0.2993901963183781,-0.24572216599379784,-0.7866160435116607,-0.23502080656472396,-1.2087818609372945,-0.17599035804488758,-0.565132664345019,1.353027208199687,
-0.7324683904065916,-0.40780829770976956,-0.8695956957321652,-0.34470139645355663,-0.7233215962684798,-0.3951416188303191,-0.18787149131238393,-0.3217090499982513,-0.49741076346916085,-0.5546652336089897,-0.5080647416796537,-0.7275687510379921,-0.6040641324092814,-0.2448601436350336,-0.666384802776891,1.214576140029006,-0.4487448286175524,-0.339484500333219,-0.5767742168092205,-0.3648383932352575,-0.9503489926339881,-0.43267791974523945,-0.563301341224345,1.1674607209295287,
-1.2390955032156319,-1.0544763802224035,-1.3192593780867492,-0.9246015639866754,-0.5595972020993527,0.10469851809459099,-1.0353401265858004,-0.654486922683733,-0.7855817472851021,-1.2390028721448612,-0.8762198997555813,-1.0372836473009794,-1.0116015316088975,-0.7509116269118146,-1.0324239481261173,2.646731236798265,-0.9192905204791004,-0.9183179867522947,-0.872954977104586,-0.6116927774052265,-1.4270387753631848,-1.0118759996858246,-0.7630336264574032,2.2226639801921086,
-0.32911903604035764,-0.1675534404233417,-0.7586037126712536,-0.44188340488602645,-0.39350435039825554,-0.9639864821455411,-0.3325568659690269,-0.30045769999799593,-0.16053579713347782,-0.4531924641279621,-0.06584321744784058,-0.09797484855654193,-0.37914316447099566,-0.38496949896980925,-0.28580699569671986,1.3669001123038158,-0.21363634421652647,-0.20794825032063974,-0.22145921789091255,-0.3123578616356219,-0.4504365683872074,-0.09445219636859205,-0.1387636274380954,1.2497495225915443,
-0.732870460524269,-0.5230327944250848,-1.0040630838691096,-0.5683037733310268,-0.5733772465762996,-0.3516710663668907,-0.6594017516437748,-0.8078476689554179,-0.8099930916679693,-0.724556694502655,-0.6415848327923444,-0.7210842780537459,-1.0061260389582787,-0.7252303887815517,-0.7146081705192293,2.215498498635075,-0.6645046991328377,-0.8105883672938171,-0.8657420168156371,-0.846534297934832,-1.2475960625934446,-0.6355313161361514,-0.7834632400498205,2.1294294901582713,
-1.0176512452654316,-0.8523700341648012,-1.0161212340282542,-0.6063899223071545,-0.5259832238958386,-0.38910617120503244,-0.4886672087933343,-0.6275212895742374,-0.7986472383468791,-0.6632625127522095,-0.6017611091300226,-0.5133094904003423,-0.7595113617968731,-0.5804287129823944,-1.0928245232797873,2.3949880427604198,-0.8101481105637267,-0.856207429685387,-0.9632222412588127,-0.7089381534457027,-1.282839670387413,-0.8837364772630447,-0.957178760255164,1.8542537570925461,
-0.6962966205469449,-0.6062941079633957,-1.0568809157468138,-0.4127547490848783,-0.866172394433595,-0.25084825494578655,-0.8176726850317192,-0.8236756335872584,-1.055943647071187,-0.8928434558507731,-0.8502899135887078,-0.6267107217564838,-0.6932402074856197,-0.4339757410748693,-0.7132234704026889,1.8303098631938273,-0.5371746259972435,-0.9043370298389806,-0.8058080689969541,-0.7591723569010832,-1.3830905867339018,-0.5799677520087061,-0.5975493027408143,1.761043601822147,
-0.8991023139153606,-0.6243930913547528,-0.9288253970462865,-0.5640241759386676,-0.7006798653580655,-0.553774524089384,-0.4964887295090801,-0.4199505606061301,-0.447524070537466,-0.8215643187897277,-0.8179499068805359,-0.7733184615235014,-0.5376661303490894,-0.5591768725606052,-0.6053681354396848,1.87071732651441,-0.6682530515175812,-0.7129852732823119,-0.5109866341525598,-0.642293908155408,-0.897651657986998,-0.5382954029996856,-0.46303435250883396,1.638902862641532,
24,12
-0.33736089099765754,-0.2223851709818697,-0.15450479580266147,-0.1271429626930307,-0.056954626838312254,-0.1645341905045864,-0.04880069704934835,-0.1254873740896952,-0.01604622375332398,0.024462811431927276,-0.07466053690351852,-0.13919518974014983,
-0.18385575263450418,-0.027684530739912852,-0.23714052333365693,-0.22396754000884983,-0.09575153949970337,0.05489426046617954,-0.10415510108371606,0.010621914658197557,-0.14067714211492893,-0.14003704578726536,-0.1266099403273764,-0.22784827539700786,
-0.15707127626919037,0.050934604021971475,-0.12297031050859902,-0.12367434634860022,-0.20749873814694245,-0.18864706644158405,-0.021356578806029817,-0.24158703601678194,-0.03835204515283807,-0.1728753095507649,-0.21070731593823527,0.030959650009904607,
-0.031768726882933446,-0.28304085093509235,-0.02858153373721886,-0.13282660962234993,-0.31432081971521136,-0.06743589401375492,-0.06575770492482734,-0.17592042985184425,-0.11351223078215777,0.028066511899863023,-0.1392764354356774,-0.12987888077351095,
-0.11361521154698548,0.004003579339315184,-0.2832420742793145,-0.0465085019770713,-0.11470452606929243,-0.13475950306643977,-0.14960323116380334,-0.23299467213761862,-0.07453503733119898,-0.034228837999338596,-0.16893384095784825,-0.06451712238924547,
-0.07699905735952146,-0.06346980502726472,-0.05269584643116645,-0.0563642326171203,-0.03832989610196459,0.058054628385212435,0.039153507918801365,0.07888273952339742,0.12217586728142289,0.02779964388182566,0.06958543663987843,0.007327220110724968,
-0.14329802324315935,-0.17638475639054868,-0.0449546081267103,-0.12258721424390037,0.06164640529512947,-0.15336201781577846,0.03298215999221177,-0.2394012952711461,-0.18943160738831807,-0.27196846762793503,-0.05919824524335974,-0.029651426935545427,
-0.09384750214041865,-0.01990715189815976,0.07180388348662677,-0.1647801975518497,-0.23794795767823987,-0.2138216764866096,-0.18499986702749882,-0.15338066811522164,-0.11061467994519648,-0.09472734901270562,-0.19501021835368826,-0.004091949600590072,
-0.18153561021836265,-0.06255265710579369,-0.05191081927333753,-0.1967710868760151,-0.12711082488882,-0.005842788253952293,-0.12746060496228775,-0.08081265137352726,-0.24370447835107834,-0.20229970538909386,-0.03455936031318269,-0.1284778136937118,
-0.14059375977586544,-0.08408698603578559,-0.07896975479916359,-0.17110558000459025,-0.025058820335203194,-0.013420519510839163,-0.31484740442861,-0.23547843584609993,-0.10650643774274587,-0.015581753659495903,-0.24053150262858417,0.055430155062982635,
-0.11411717463631423,-0.19951179466439897,0.04624694236473912,0.018314981439918634,-0.04250834764794205,0.05813077003228815,-0.21375149549258893,-0.04954905078167644,-0.2719797939830716,-0.19932995857515262,-0.1508068775747746,-0.15317901395366976,
-0.01488878866017737,0.046841360055883526,-0.04739321281671002,-0.07064631689889292,-0.17261416666539658,-0.21231696335088515,-0.2681701490235287,0.06415206703176375,-0.01421153011182803,-0.2978810697506347,-0.21717528034823574,-0.16928915171092768,
-0.15398961844067793,-0.1139876959601542,-0.21688549257365708,0.05272675974465317,-0.1369515028980824,-0.2031005682494067,-3.22366311595361E-4,0.04156434807482563,-0.27241470290640174,-0.19980258482159777,-0.08821555078680098,-0.035750483746250956,
0.00818887930992199,-0.22437860453009778,-0.22249518730071277,-0.16537713468700882,0.05373169537220332,-0.1686848126638395,-0.06793558648177847,-0.012303661675871224,-0.22068488396008448,-0.023458925165423184,-0.19221059058039075,-0.13849814995972318,
0.046111290404692064,-0.0028240929932061326,-0.18587010482773753,0.07958099253124151,-0.16244770558207425,-0.16857527164194788,-0.2321685182864079,-0.23347210321382453,-0.1690313464034054,-0.04078481916417168,0.043364851265917506,-0.22876283813978016,
0.35423352967567945,0.3385532360197806,0.44255095235628605,0.4212686746108551,0.32382077271791193,0.40996628455245626,0.4044923071112748,0.45120678083936294,0.4461013086334749,0.48628182836305517,0.4533520870428468,0.4029694935638137,
-0.10613247614439564,-0.11264640995262595,0.07984276716369218,-0.010060570543001966,-0.04263430394220095,-0.253166083198074,-0.12243146460104057,-0.133304866549305,-0.13610006383525788,-0.10988466023322853,-0.21565932007475455,-0.19798608551366897,
-0.21947108028288437,-0.11684535001837748,-0.09254362462465904,-0.02260433472351236,-0.016094974775682096,-0.22330223388980946,-0.13535700304596235,-0.17052828656253044,-0.12122733727242814,-0.22533975856996893,0.013126311292828409,-0.1137254448597375,
-0.003691006312486628,-0.17144301995801045,-0.08375627499666306,-0.10416465394577602,-0.18203538016864254,-0.06411254852993768,0.04042648168709663,-0.21992100576686857,-0.20938728824444516,-0.07454802539482192,-0.12215206574753387,-0.12284163999878416,
-0.22998912448363307,-0.016248248289886344,-0.19885752617121913,-0.21170774515103072,-0.034865624667039505,-0.038807861338284004,-0.06176350153271138,-0.03440216403185191,-0.04009486890241112,-0.15949318027206053,-0.2934450904395507,-0.1352095892494823,
-0.2642161111345529,-0.13595314814323511,-0.16098619577594753,-0.2141658556935332,-0.19992185929822498,-0.15931980971860038,0.01750665352738266,-0.07466003126052657,0.009509991273817686,-0.1723047983112238,-0.006570657874557662,-0.25791370414521,
-0.08193199956721715,-0.08634522685067905,-0.04984953929639124,-0.15504882393917935,-0.14490474603642642,-0.052178143801141684,-0.24847862347110813,-0.25290686563847625,-0.02339877854035762,-0.1896826993882623,0.07228410626013253,-0.20579434695856538,
0.04028145477508339,-0.04072620413632889,-0.21936291989445764,-0.21638402119240813,-0.2270858868757663,-0.11379029504258197,-0.12817889795532814,-0.06285551098417584,0.004508521232946399,-0.1274532786866213,-0.17559530269457893,-0.15179539467540612,
0.3870194197787195,0.3284385720597449,0.27709026733037156,0.3463634586804583,0.43737619261935656,0.3436478949061556,0.41789486336255643,0.344299454221976,0.36140113698459875,0.38294026853016355,0.3861430443765921,0.42941261152586485,
