# Pesos da Rede Treinada TxH=  0.2 TxOut=0.01
12,13,12
12,13
-0.1329164294209555,0.13041511613752957,0.14473638105187278,-0.015570416423116375,0.028120244053660738,-0.04557422286070434,-0.23311263289412334,-0.1599082398419183,0.22887503011981145,-0.39158928751233046,0.2843091983953619,0.19392798125857638,0.21265799599382804,
0.23844979627131777,-0.1723713784206186,-0.170832348744185,-0.25621957178759874,0.36577670994808253,-0.08903645640280895,0.20047387368579644,0.3067056181495767,-0.03702588013287401,-0.15950258245841753,-0.22338055886635688,-0.31516387969282006,-0.01813392814817466,
-0.05162822032854912,-0.1138807725858971,0.16255359492060367,-0.24863516216058765,0.2794714114441536,0.1364592410767454,0.3940730994154319,0.3013112037119799,0.017251431261428998,-0.16395122943218088,-0.4031045797416193,-0.02629327253414902,-0.08091763450360143,
0.26885907205271636,0.28981002473832373,-0.1829414348118703,0.0669725720924205,0.487516108943372,0.21677165183705435,0.4881558234899118,0.4911309883165649,0.01191535435192796,0.14365618390025237,-0.10486141225121803,-0.15917779898608073,-0.0648102093255324,
0.4848617174264593,0.05512219954453634,0.2138294717391055,0.01288189778694725,0.6891244686967937,-0.03042954760227748,0.22757008963605013,0.1091101341842937,-0.005404415937274849,-0.239848648516822,-0.21637206352422994,0.09856507638292432,0.09676453329702786,
-0.2970840446995014,-0.021905515498843627,0.35976522463437766,0.33067472159129385,-0.23999899513411374,0.3319519321582881,-0.15022065073940108,-0.08779252548512682,0.12291007113583138,-0.03827454935613004,0.061994063389841605,0.20308354927883668,-0.006064623734640658,
-0.30924299312117687,0.3252001622387168,0.12388725389324452,0.20747470574403154,-0.5076861800464161,0.10644090832162525,-0.3711890804242333,-0.42655275927249603,0.048248630147836036,-0.29977434226393446,0.2640400025421003,0.4203457228101836,0.009280147124397307,
-0.5605059548131728,0.13221832332908107,0.2092670474215406,0.36423627751527593,-0.581623627458008,0.38391283609507043,-0.44921089255066593,-0.5387407746276123,0.3491680508843008,-0.031442904757731226,0.40877502964419016,0.1335491860285312,0.10622001035403464,
-0.3130294660249258,0.2607098211720266,0.28016411641521094,0.11052612864158341,-0.49057784374767677,0.32096907877240377,-0.6412065300534809,-0.5399494724902457,0.24187266474293334,-0.42265890756232866,0.6257507105009796,0.2719194211449921,0.5432128846797428,
-0.699342162284913,0.49720736453340214,0.36754389721313696,0.5664651146389567,-0.9183685136389316,0.42989296499809515,-0.5694576043018593,-0.6654120795996393,0.22284428364599254,-0.20912736086381928,0.7016999749425217,0.7529750206136654,0.4214079005817673,
-0.4935697479610566,0.46537814173029635,0.46497659735399127,0.5586568799263022,-0.7259907673221027,0.26611826823455276,-0.7129128261314811,-0.7026170762114868,0.5803096813653494,-0.20417383643064949,0.23346596618066126,0.3307988189514551,0.365588780278191,
-0.16115685110804048,0.14974623714094218,0.12405084383906431,0.2506429548365566,-0.3880723894102714,-1.2626317251669466E-4,-0.17942155273039637,-0.0610016930682551,0.29013115108582826,-0.25548585047405814,0.3507112339584959,0.10788135552278456,0.3629319548769864,
13,12
-0.1515487030742969,-0.1787585643865978,-0.20057645514873323,-0.03671688803396635,-0.255347398901209,-0.23938419337455408,-0.24941453283508128,-0.24647444259716345,-0.4496195239886304,-0.19101586552196065,-0.317290394787295,-0.3834182901727901,
0.14849321967061618,0.16189909404691627,-0.05078672661838848,0.08283546655964834,0.19572831151464348,-0.06971476447539661,0.014159963735692855,0.17511408054115687,0.004498194600277976,-0.008540000609083116,0.40033062213451265,0.3127479350596396,
-0.0779226910185292,0.16353697062369554,0.3212817531098657,0.3315340575093727,0.1332245229093804,0.3186951009074114,-0.051361131290582444,0.08135927597947828,0.02257972067274586,0.07419857696447625,0.043852697586256616,0.24954513216332563,
0.16953318426168237,0.11104339988693672,0.03834360978164416,0.13449252727116437,0.19691695381204724,0.022365458516237165,0.3197321728978676,0.23004580573116165,0.2650563542858998,0.0010664553306480727,0.29610191950198694,-0.11498271901013006,
-0.5054899316293796,-0.4568189097838992,-0.39451428808897565,-0.14030335103120847,-0.4737475605851039,-0.5288390906882451,-0.10545443086765151,-0.3904495276300123,-0.33147331021059373,-0.2902273026466558,-0.5325624049464827,-0.39136887918271807,
0.3051512059050921,-0.12561077739555215,0.09998849313527199,-0.050257301455156916,0.1508984461636512,0.28093418537230724,-0.13457278871980602,0.010748988343809192,0.21295738377090093,0.2966150085946556,-0.04578168568599019,0.11440028912739464,
-0.34636208145566716,-0.1739647032492956,-0.2576889650717677,-0.4441157636251557,-0.06743010698384397,-0.018259908050696477,-0.38975826679187164,-0.38709520014813126,-0.06939466091737334,-0.4848060112039295,-0.3551689443195293,-0.15225745374430005,
-0.22491544015254558,-0.07432078636853197,-0.329136624921416,-0.2112696150662594,-0.17654856876266548,-0.4050143594044854,-0.3115397656868672,-0.4437819589895227,-0.3483000566255537,-0.4871312264233464,-0.03323892755718589,-0.02359268119035796,
0.32646452000788156,0.03386216385763498,0.33804190186103067,-7.789635138320646E-4,0.07875916151729606,0.3023624880417506,0.2555040340762715,0.15177180886560043,0.22925688567889171,0.025913715958630665,0.025278926178022017,0.014684774009555916,
-0.05895429548495207,-0.24856779476698593,-0.06849168974295923,-0.37006394019684336,-0.31219679423741814,-0.040561778510180696,-0.23906969029323039,0.09424384534777522,-0.1270525701633078,0.04694117143406725,-0.11741078764610399,-0.35181004403587657,
-0.06637037389131265,0.3477016600666055,0.38395179291772374,0.09553719811662992,0.37625575046308324,0.16988340022263315,0.2649508112226852,0.15338061042730594,-0.07235772098598357,0.2562055568611203,0.33292081409605484,0.315222880843876,
0.2092966296783545,0.22786913455192032,0.07620496215226684,0.33654788514387657,0.10774122763337345,0.17119050546376238,0.2776869353486061,0.26042595652808437,0.2893242388334293,0.36578963523881697,0.033872935775327746,0.0057615564335851835,
0.1341515979002026,0.09883730067380188,-0.07600326584357267,0.16314823735834763,-0.07440308083284182,-0.06646842924916149,0.2250279052674243,0.1718102353065728,0.24659240952021858,0.25122601722773613,0.1344817534317731,0.3068502232526764,
