# Pesos da Rede Treinada TxH=  0.30000000000000004 TxOut=0.03
12,23,12
12,23
-0.04912052081867898,-0.39191468697933246,-0.07291110258390393,-0.29258719540564626,0.1462150693121633,-0.1368835494971237,-0.028084498895673174,-0.1827529479943882,-0.28874081984210814,-0.37795546095696386,-0.2906204164056291,-0.2484210897177989,0.1080865802677676,-0.3658411885761363,-0.4259663408161207,-0.4205641842714162,-0.2530612189646108,-0.30138355961286245,0.22955166894944676,-0.3386096707713164,0.16593799088128552,-0.12420051027698442,-0.062343217326190865,
0.9318541265328681,0.7286086670885887,0.2594149990036996,0.595406240587109,-1.2767932207417925,0.4865106629389065,-1.5294794391343307,0.8562610804762979,0.6236572242060829,0.7916683048590795,0.6578551400305518,-0.8845285389511097,-1.2388111139340816,0.07577106339403299,0.6284353157482842,0.9669732746415938,0.8397890112480251,0.6425698640746276,-1.318421043645059,0.6922733745522375,-1.117634724802952,0.606172079934446,0.3749246657487492,
0.9160982661021904,0.39722096389950196,0.34991458260973,0.6238236711358015,-1.2227543901539553,0.5816508977708005,-1.3159342175819506,0.7308519832373352,0.6537576207187162,0.7432092722498784,0.5370922901519153,-0.747167196915291,-1.675121604879865,0.0599694092141342,0.8197036361281245,0.7876768466158205,0.7549142510661088,0.851277562405626,-1.3243363994726594,0.8399331731376382,-0.9971248121194333,0.7708371610227124,0.417409824863051,
0.5166417297410675,0.10660716522793012,0.18204973376733885,0.24424584321569265,-0.9895231465009467,0.47122292690744527,-1.158199247042457,0.38360337232823943,0.4302678211078522,0.5018315203557707,0.2674355153818839,-0.8018403863086271,-1.0533619801096803,0.21691725427373115,0.5306745354990201,0.79850788668582,0.6528216856801521,0.6752623159326409,-0.7797882404140594,0.3958762970530294,-0.6666392320751077,0.35185690317776663,0.22269628474709516,
0.4539355031481597,0.296492256478755,-0.14565401150349094,0.45144628889747446,-0.7230265433080303,-0.03752065598776869,-0.39294507793942746,0.32213723814599593,-0.049790468612281015,0.22722420210307737,-0.03968742913386491,-0.4396825913015654,-0.6360587316292341,0.09407375766038079,0.26971660726954894,0.14339339027002634,0.29242780132355994,0.2657557780129267,-0.487781704176512,0.46398020695954545,-0.4417181672911331,0.4817709364840312,0.27583247636209796,
-0.5969913268149329,-0.5298561346225343,-0.35946178426140424,-0.2868523077431197,0.3750076658080461,-0.6252651956755287,0.6381041752715895,-0.36941649131712795,-0.21647381408791694,-0.47996772852046704,-0.32723591015897385,-0.4256411272033927,0.8690029833062977,-0.2580249444021413,-0.4550545622662005,-0.43249418034477016,-0.6781018816436747,-0.5341575445992384,0.21590322773923878,-0.4699935148622893,0.24838945891509415,-0.5424236142964775,-0.38834427383849757,
-0.7217943043422506,-0.3906330951506495,-0.4621216416911531,-0.6817299807299927,0.8954121119900443,-0.7141010192667748,0.6185457303586216,-0.8721778368470083,-0.7460954772631926,-0.5346952669084623,-0.679061005436543,-0.426868971138194,1.1679127123405975,-0.5848014328150497,-0.9151728903840255,-0.7577917970353922,-0.9138522395010813,-0.773962477247126,0.8741943713160915,-0.7006644829031476,0.6463534507569466,-0.6347219008105026,-0.529525473241513,
-0.4062688223904619,-0.49333088361999994,-0.1264075183509977,-0.37663487806656143,0.010909843797391256,-0.4458128434507728,0.26623547316288076,-0.1003430597531765,-0.21471929063035333,-0.471867965061359,-0.4240768654885256,-0.6067531222559792,0.27907444091163064,-0.41175745839788835,-0.01899479785871023,-0.04697013026825087,-0.2774269508376611,-0.431320591456089,-0.020121050976256983,-0.3137905127216941,0.039873616111377796,-0.4721778908004716,-0.2528375429928648,
-1.066400481537124,-0.7666367005043423,-0.7055803962252003,-0.7678983150828421,1.2199981888118139,-0.8078644109285559,0.9789366537261842,-0.9409192269710331,-0.9157449460977714,-0.929690547991078,-0.846039626137953,-0.07412042858061374,1.498032785598496,-0.39831677328272486,-0.6862694253247856,-0.940404367907147,-1.0922506811855424,-0.649723840958842,0.973194663956769,-0.9500242077105768,0.7502899546290023,-0.7543698849293261,-0.9850711949415825,
-1.0127846400770821,-0.9447199536612914,-0.7083804710829679,-0.6116926981814946,0.9249733840501229,-0.6487911439290562,1.1425124598928407,-0.7114410073658913,-0.5051700663987543,-0.7763722967237632,-0.619071588334525,-0.4639378599236807,1.009743480141914,-0.45289933226834306,-0.7055337458001045,-0.6281416118978373,-0.8705242546637364,-0.732658649160668,0.756797020134158,-0.925519021657361,0.7278863081504464,-0.988338522813874,-0.5112272028090425,
-1.0545479086439231,-0.4666112750913171,-0.6403405374506357,-0.8492818936301406,1.1613059655097395,-0.49227596887332514,0.8898905947251142,-0.9943212308164574,-0.7645850212395648,-0.9165966929078255,-0.5282970167540806,-0.42712585526168306,1.2810771982615825,-0.5562318999542278,-0.7398491002254258,-0.9974000064379445,-0.6244827640444116,-0.9837604923175696,0.7667187097515243,-0.5837081348916795,0.6533290864444902,-0.7804901885959523,-0.5693867008639296,
-0.5551964715332207,-0.44165145351487967,-0.3017943634921628,-0.6520274236978741,0.7101576082441761,-0.451085394109823,0.376028143738922,-0.7175609474669014,-0.5354827333465153,-0.41073219192683197,-0.530668348691309,-0.5385130986767326,0.6591179121487832,-0.4828539437433945,-0.6285089495662197,-0.7977110504903562,-0.35215649831611023,-0.6297854304823507,0.39502607967421877,-0.4565888305783638,0.5454811630832936,-0.5242728544153146,-0.5023714004388239,
23,12
0.022182440798167023,-0.24177237931596254,-0.2533293857206194,-0.11265276792337077,0.16530214516683076,0.1609945661330426,-0.20695369731861762,-0.18639334381839937,-0.1068037305369136,-0.22440801509265557,0.004792105920231022,-0.25413567737333204,
-0.040019612345816934,-0.053997511817721146,0.10487955909999411,-0.3074885110853097,-0.35917844376032737,0.07570928911272982,0.1166598517909653,-0.24453440354376674,0.002829137954378278,0.13452475229180708,-0.06882390128480058,-0.34492714583780965,
-0.15503373672842574,0.08913298450613824,0.08944522264897667,-0.2357321438286875,-0.11719981046376243,-0.1661737271953026,-0.15346462966141097,-0.01850572587698528,0.09302741839247711,-0.08015375151766255,-0.1313036182852224,0.09557535258009607,
-0.06244708456681813,0.006246229626821431,-0.20557249711887676,0.09463768751247512,0.09610089386317991,0.1730434757396395,-0.2588630143488757,-0.16290833375687758,0.09554864807880542,-0.26609524827013686,-0.18907286029358364,-0.1266035683987655,
0.3162613091668342,0.05987049652870734,0.25331124025934254,0.3936860200325214,0.3767077958557346,0.12927697307820774,0.3820319448855037,0.09254735595715365,0.07070223073955773,0.4845111267661427,0.170902644734734,0.40027078450989756,
-0.30983814189471404,-0.3049610120064381,-0.07801474907944576,-0.03947415904412327,0.025700866368879104,-0.052694299114756246,-0.051027174523543405,-0.05255852289929729,0.07496972854801878,-0.13171452093030123,-0.09497946210851523,0.008403617492574776,
0.3879363258497869,0.2776212961368596,0.0662824181811345,0.020111692738250322,0.20372791160066311,0.17222024036891256,0.1579833443193023,0.21436340717067315,0.28665574246271663,0.3463079288006438,0.2972408890500182,0.27403623737378746,
-0.11253964854670147,-0.045268206039618376,-0.10659479840811743,-0.21583512565793317,0.004906310054903052,0.16757568976547432,-0.24715816274243102,-0.0869964426672758,-0.004099500233755956,-0.18520847805844012,-0.11304474279229319,-0.2050174307430915,
0.004297969566900793,0.09264066628431694,0.022955395847029065,-0.18314403738176951,-0.09978138816628493,-0.14119003015736453,-0.21310424238358697,0.08813287376055748,-0.2721157804334846,-0.006924366392763864,0.1314440712359939,-0.25805279651110646,
0.023854027985282585,-0.2628910641894769,-0.08576836888767946,-0.1557328557091023,-0.010175574851839545,-0.2500684941970783,-0.06840750622614157,0.10702477598982373,-0.23712057432968717,0.01045764589051883,0.1106222844065941,-0.3127738125795124,
0.12777083759483215,-0.01330991009690522,-0.2516188776898409,-0.02107028890810162,-0.22410845625070244,0.16663376106246627,0.11991000231289466,-0.2635912845625256,-0.14357237573378778,0.05316424882175641,-0.14611424848137855,-0.28417073968935236,
0.16949110552592486,-0.10554380954826516,-0.020146018323033695,-0.10305738635200855,-0.09056060820726834,0.010668706889208119,0.2582559257561636,0.1658618129529133,0.061445916662047295,0.1600829921913836,0.27468403441053396,0.267285894663009,
0.13339918205035425,0.2529975051843997,0.33262788828875794,0.39432507399161026,0.27283728939133006,0.308780178116873,0.345766310053122,0.30880984559123564,0.2729670633109571,0.22352649001779307,0.40654500883064537,0.34349443824584924,
-0.3041203901041174,-0.26132278969790834,-0.22232821291769791,0.13461552295826112,-0.08874996117950687,-0.11116596059430267,-0.12211448642462831,0.16782437503616748,0.20575919638649953,-0.01656016450512391,-0.15677090027696286,0.09112303872353542,
0.033598366497231205,-0.07253317066319381,0.18062838847179716,0.21822475300744182,-0.25980697123565294,-0.15645265387651505,-0.1173672216697717,-0.1328239068883985,-0.23810645966909175,-0.09327301862433454,-0.0770797881016742,-0.16559504526103141,
0.0548183397976336,-0.14722887573138838,0.07904812961609323,0.11300447990964288,-0.21371867825357027,-0.20628589602378636,-0.16880175289502747,-0.19897249149816193,-0.17696921882349606,-0.01122481658021833,-0.2288953472103011,0.03506854916652676,
-0.06737982730429562,0.08196713113081015,-0.23356732281988057,-0.2825666760847072,-0.14989876142687666,-0.29721549520785573,-0.1677204457331725,0.031447216450430034,-0.2854217139268374,-0.14523828876317876,0.11294621483916127,0.15065539510666978,
-0.2308333885505144,0.0031746123068415147,-0.033330613344219155,-0.11506657099346373,0.14714925637672363,-0.1877066146093976,-0.13013975955970206,-0.1793249852703123,-0.15040379817771005,-0.11299569152050935,0.0842590952054414,-0.14370767764876888,
0.33258871079759456,0.2462466512342146,0.08688933013485206,0.007442638623766625,0.02281441002657171,0.31065129129799735,0.07669310517880298,0.24662772289324517,0.3990813539082222,0.04909530595082318,0.3888249941030103,0.2142813985404796,
-0.1710441743333477,0.09081640581464036,0.1307130128608227,-0.1110610968160236,0.0851878956582072,-0.15941828071096914,0.11231614086698516,-0.21270706556244975,-0.24211540647917257,-0.061394366331136235,-0.2589628108780126,0.035714907810826854,
0.0683616862434843,0.1719106419385715,0.3294577938471,0.1557125494777228,0.24634743519052316,0.2794452442974582,0.22825242127869416,0.44580350358752246,0.2961734679812633,0.1818217226089311,0.01745780505363279,-0.011245080036785999,
-0.14620578500676562,-0.10880740704276078,-0.1718439752738369,0.1246884921256862,-0.28960172487141783,-0.1714242490878007,0.057149247960066096,-0.11948515372644145,0.1611883640401865,-0.20905718416692612,-0.2951167662005488,0.12004654776774977,
-0.1323128190455369,0.12212455203724477,-0.10897205099141542,0.10158515862837579,0.14311544832384968,-0.11125565042787164,0.037569874065915325,-0.04713924794015672,-0.22035566411944224,-0.14249706201844525,-0.25495961073691575,0.07985546497541406,
