# Pesos da Rede Treinada TxH=  0.8999999999999999 TxOut=0.03
12,19,12
12,19
-1.3563092715247906,0.5873608024647244,-1.043724083422671,1.9957675901342935,-1.2505905449933943,-1.1605130495065585,-1.3851898436453096,-1.2399769962875504,-1.2900300284572386,-1.0735173010713315,-1.2489449871705554,-1.3104576627687259,-1.2165569448475344,-1.171394374744426,-1.206315216884932,1.8064413384471678,-0.8655051356937199,1.7305434060751668,-1.3015549760568166,
2.6365526562417707,-1.6966506468580465,2.2363633294247887,-3.9284221931479424,2.5949801964166768,2.436418883325447,2.7198619621090843,2.5194845192528144,2.850828099626212,2.3474834895119545,2.529206411887023,2.5253110390235323,2.905899255293387,2.419132011402141,2.594306788767562,-3.7147978791650345,0.8926898112314623,-4.340040178171415,2.421294193848564,
3.044294220104994,-1.7680353317275288,2.7153701951296245,-4.488044454108072,3.0519893473681137,3.0570411333062486,3.085020963211901,3.2825585570061846,3.2124929916096785,2.790399694721711,3.1208348965184594,2.9533398931866657,3.550996064757037,2.8663183131149714,2.7674889154352824,-4.286038218992481,0.7979939141649225,-4.81949450137721,2.5891340167897057,
0.1102353296961994,-0.6334771307065078,0.2738729804830462,-0.18458169967242896,0.18806928749387472,0.20121380001769198,0.30396310352465133,-0.012906479980670718,0.001056567248995894,-0.03734936131486162,-0.003344637797743392,0.19546552971496334,0.3458883619137285,0.220530930086253,0.19617576374561607,-0.2161939814411763,-0.23476135649502922,-0.14233402401840256,0.2722132034319974,
-0.9655782138066936,-0.41500894426659246,-1.138752548729295,1.167625220310094,-0.7900932980978485,-0.6806401027701358,-1.1318855810038804,-1.001783633731132,-0.8202135831376799,-1.3654071570378141,-1.0274841459521384,-0.8277056819672007,-0.8008829056482467,-1.0606894512143046,-0.6303260262329986,1.1749132839110645,-0.5591850876869378,1.3152271183560111,-0.6671805765130282,
-0.7090074973502181,-0.18920222041444773,-0.719831502155747,0.8159230374094176,-0.762986553659748,-0.891797177292579,-0.67385286323866,-0.5969189521300634,-0.8826215574173687,-0.6320185775442198,-0.7075549713064547,-0.7362961488645758,-0.9012569482644616,-0.687225252084009,-0.6792735647831674,1.1541030137149166,-0.6198414319185314,1.0993288032951762,-0.8146256222992796,
-2.2332616672266177,0.5628958700256462,-2.166085394473339,3.2669800338881068,-2.518547993087447,-2.186721395844785,-2.1295458184758984,-2.5837192518484953,-2.2532215708716437,-2.3762097119629173,-2.382393621611786,-2.419094732165647,-2.786153663054354,-2.154451881809867,-2.410248217438975,3.384207471334601,-0.9824774353948514,4.012719400636911,-2.235799840514134,
0.6490304513505943,-0.7316239225277261,1.1242001944379714,-1.3587400800071567,0.7918534288001,0.6762718410089993,0.6965216755165752,1.0986074561969366,0.7395680599115232,1.111499739753737,0.9598853102565114,1.0393998913147988,0.8317960857580308,0.6693626795091477,0.8871427065902867,-1.6004282114307133,0.3845086908084682,-1.5432560256173942,0.7691553256086935,
-1.1313534868780104,0.10328887094683609,-0.855944944012366,1.4008957580356722,-0.8367065592904597,-1.1974956926892046,-1.0731683579195235,-1.1042058137388682,-0.9287843809641573,-0.9315956575602341,-0.9403387324768862,-0.903886001037347,-0.9683481191056693,-1.0597069884281491,-0.9734075511652984,1.4670748081224474,-0.4942297943501331,1.739101341432098,-1.0061745484947957,
-1.13918536164982,-0.003937880834513077,-1.2826497874993366,1.6199558510598018,-1.3601559439981967,-1.064963786442629,-1.3001630263502943,-1.2529854132284812,-1.4168027025863377,-0.8732829027146705,-1.290031443203094,-1.4188377883261407,-1.4737217261383497,-0.9643050422112703,-1.082150203299667,1.5737349727676033,-0.6079055809912836,1.9270988715055402,-1.295072247603616,
-0.813919799891692,0.20334538108059622,-1.028647661232918,1.2818475454169493,-1.000366160343193,-0.8535812970236226,-0.8209998750482227,-0.7628360987085337,-1.0691680388504934,-1.160537844613091,-0.8540002421328993,-1.0120299068974652,-0.8775071012366075,-1.131483754758411,-1.1889597195658341,1.2217523313669587,-0.3292156564149,1.2828196880657972,-0.7734271769210151,
-0.8552723505619955,-0.2299787727890661,-0.9968154394291976,1.4526607952354897,-0.8343440701013215,-1.055563781993728,-1.0803052154902355,-1.1496269013792246,-0.8511792832338823,-0.8559245856316888,-0.9634864229460077,-0.8362896866007714,-1.2031185405998133,-0.7400054969412508,-1.022595002852218,1.3496071133937133,-0.7412420847860127,1.71410036607459,-0.7586755266213533,
19,12
-0.1216506071005488,0.02791903680690741,-0.004105618174178384,-0.2877291121782301,-0.09808958316954494,-0.1931588351695303,-0.03633239445286416,-0.12496177594969707,0.12049215143524056,-0.2487933175755332,-0.21989677778872846,0.020464547333206635,
-0.1418930481491186,-0.228257237286739,-0.11580426649446984,-0.3083909540556489,-0.17031318024010128,0.004474577795289468,0.024072076358689836,0.0431540852909914,0.18481071945319555,0.10141114098004814,0.07484325681440934,0.01750176822451896,
-0.2831782584009867,-0.24122463708624417,-0.2317914991722647,-0.05097491179629367,0.0636582182973669,-0.16926382539474463,-0.03048390957863204,-7.54801983122969E-5,0.16134907273392135,-0.27557807568435166,-0.11251213590478142,-0.0773479349786595,
0.2116830747388915,0.279845154873007,0.09568637193369953,0.21156018256830578,0.2060569328426738,0.18892756517251735,0.3227545138885122,0.3510750127661331,0.2866632072135399,0.34207144605740947,0.26710859260746334,0.34578141514838895,
0.0769248447561111,-0.10906755675926295,-0.06232812256402246,0.13653408231840933,-0.09296860331332217,0.008046984053707672,-0.265232622234662,-0.060972244340916006,-0.1018280440147116,-0.32002350393102313,-0.18884914911429945,-0.04793314540339862,
0.04636237882241735,0.001478487053714195,0.07482212478788423,-0.16967381967214423,-0.07142859984640755,0.05807237445011395,-0.09303750623293158,-0.2820470838294354,-0.1060063822286552,-0.07537614211346375,-0.2212843198313801,-0.17446404824015704,
0.051210451042765656,-0.05817331117382173,-0.19820035188963964,-0.11398457592559753,-0.08059023378210785,-0.16528245868332483,-0.05603517547519225,-0.11446294358433581,-0.232506276369891,0.038880372881152474,-0.2649811509482594,-0.014441268394081289,
0.020393976582794553,-0.06522525088800371,-0.19967282946658219,0.05385071137990058,-0.13575485254136685,-0.2447627996638328,-0.22112098209461883,0.047950537860060004,-0.1565210445207364,0.03333888506995121,-0.15857238029346366,-0.1891221341398868,
-0.12218095055572847,0.07029215211622535,-0.21634819262645208,-0.22602940573010868,0.18289303575614502,-0.017310486707545696,-0.2831828385606266,-0.14338756081614448,-0.13066582510919025,-0.07274105527614247,-7.09295856620395E-4,-0.1923620285066981,
0.03924651625676104,-0.09587316444895994,-0.20968809032424454,-0.14049218467993496,-0.24932460730038758,-0.23115810539477913,0.07026081251985758,-0.06985715683450036,-0.2977216189815054,-0.19294145616601996,0.04197817688968786,0.002652021435830333,
-0.24386046472348996,-0.19057740167624793,-0.014451473165825204,-0.07498610357066961,-0.08546954275267886,0.06814251552385048,-0.24013442812377217,-0.17240034049537062,-0.2112363223266104,-0.02722843828672485,-0.11358375279260043,0.08452247656420261,
-0.08816743233586258,-0.22125182895176337,0.026591319027526084,0.10985247089387772,-0.142095876472057,-0.24941131256583857,-0.07534476075810162,-0.14364969348232237,-0.15461420872804543,-0.0075174002993066485,-0.020846981021842556,-0.19533572193710486,
-0.25638471955907066,0.03394258983320742,-0.03293990047605507,0.07355811364107695,-0.12394972883558268,0.028927167682795837,-0.006272843134553635,-0.12873206605388274,-0.19309200041994454,-0.12371113752423578,-0.11641640885924975,-0.2560911604284264,
-0.03165045891997389,-0.06212123825871316,-0.07818349298892713,0.0030535729493378194,-0.06918068614315266,-0.0326422201392806,-0.2111170565860587,-0.07475951969731967,-0.08107179743784136,-0.24573387820990963,-0.2099167587539506,0.04891459917376513,
-0.1451243283977027,-0.10676274427787259,0.05342580718776417,-0.08696096433293732,-0.051251580676379714,-0.056013206455334356,0.0077104180139788,-0.11422927707246198,-0.2665639869441589,-0.12619613537287735,0.06073906303079241,-0.25880312822108065,
0.3259954404690142,0.143170673732866,0.27004070659173235,0.2751886565247409,0.3254724011207868,0.30868402458827754,0.228866436701292,0.24804442855619876,0.31121031944286515,0.42501060306703997,0.1981874082000372,0.27759533793557123,
-0.08978553310373932,-0.06573445873791336,-0.19632098304453532,-0.1348818755568554,-0.09822567840535266,-0.09056770478218336,-0.024908721275606126,-0.21530908225002268,-0.004769404715541878,0.10761649485697307,0.06608301419746364,-0.2139973769065517,
0.3596582225453903,0.3599720790144895,0.4995718526493079,0.3506940403570764,0.3778485648681529,0.3961053843049688,0.38778199101342636,0.370427025654561,0.37368753608008637,0.2515426674087903,0.5085321995622176,0.34801364533178675,
-0.16174393124783285,0.06390808774868796,0.02270067697271994,-0.11071117297062709,-0.21810327482480027,-0.1260643123786737,-0.05301485235147458,0.019528969966830994,-0.0779325615304173,-0.17870969844932846,-0.17558539025889613,-0.05930577478059548,
