# Pesos da Rede Treinada TxH=  0.7999999999999999 TxOut=0.060000000000000005
12,25,12
12,25
-0.45650870244026054,-0.5802974821526431,-0.583290960644198,-0.5708974330591388,-0.22898188223073215,-0.3747067697853265,-0.415347638505871,-0.41188174332521277,-0.6531222056056744,-0.3269888442501542,-0.37709214033496435,-0.19488514507170834,1.8007598093140538,-0.6231256203622233,-0.49457589818265457,-0.5726506805510989,-0.41721102790694575,-0.6271064559053061,-0.46405257479912126,-0.5547423738869849,-0.785614185448673,-0.24771484486021159,-0.4450023267458498,-0.4304296843368651,-0.1670722059461975,
0.490169329559206,0.5032586610167435,0.2922803504328541,0.3945844018138549,0.2518007379218754,0.5511458202518567,0.4804436758166428,0.26101058968501945,0.5350143226366672,0.15690780685214079,0.3161918252033044,-2.267106124829952,-0.0429900958908454,0.4234560441461628,0.27546686777041435,0.5567001483424294,0.7569809380973559,0.36434136669263467,0.4515504806856448,0.4509096867388722,0.0058567769792405005,0.4448895661972025,0.5427452904866948,0.7206113898110155,0.07955547329313752,
0.6278872919531959,0.5511382699538723,0.9416017676844016,0.815567778272872,0.3765214605293319,0.7997828586568405,0.5665268641404682,0.6508052327669902,0.6039701704516615,0.47978081787512805,0.85297321055599,-2.966837156603168,-0.37462970054877115,0.8036439046254303,0.7039463522729666,0.4773500901909913,0.43364600021984195,0.7639764936888438,0.5720626854563915,0.7607883693864412,0.31416201357435686,0.5766946421335539,0.4797990026947903,0.5704650437966237,-0.08687444219747827,
-0.4168941250753228,-0.15280067784134527,0.23466340969112576,0.05182803142896631,-0.2689473224017122,-0.00858486787973955,0.07884556288774526,-0.32829368366884815,-0.17660235130055643,-0.06450783528107588,0.06624317916162589,-0.9219348499011255,1.724615537043289,0.009409551152979445,-0.039678546002044825,-0.02207412983752517,0.21601212731907687,0.16918215453043584,0.050447189725982805,0.1438854874469642,-0.3050358439203577,-0.26122253469826157,-0.017627925734037903,0.009932523997232589,-0.059377749934821665,
-0.4063825839940207,-0.08636543171175665,-0.2937213726803182,-0.40915418558662264,-0.42778338053953774,-0.37402302884994193,-0.10983456893187764,-0.40852604199434966,-0.05607554469473217,-0.2993500368511759,-0.3030549430276628,-0.6277484200031085,2.0262310482701453,-0.1766660439699709,-0.43482431533200316,-0.281822386792641,-0.17767584197484818,-0.11154789163015844,-0.06486156140772717,-0.2851032464098564,-0.4967683400966202,-0.1475362720671125,-0.43133321013931664,-0.1543136534068724,0.0706411738784227,
-0.647523070919108,-0.35698675077710024,-0.6660622396327496,-0.44715824865584075,-0.3001517819465874,-0.5758195945687704,-0.3006331025120702,-0.573522064312101,-0.5162537944432726,-0.3133332291931601,-0.404207649599468,-0.6363211766559913,2.1791592926884835,-0.3156973239430667,-0.7461141589246523,-0.33755611365996935,-0.27632394665499754,-0.715770920454205,-0.28098468286254674,-0.6305938545243017,-0.5803261592970711,-0.6092488851624775,-0.6323813912608637,-0.3162210992945698,-0.39981168989533905,
-0.7415206670430541,-0.8121977012475721,-0.8093532916291077,-0.72347470191555,-0.9189605929336657,-0.8213684659875875,-1.0459781483933275,-0.8485140453433229,-0.9113918089700173,-1.2054574243806102,-0.9460181522381489,0.312054830389676,3.1054626861645596,-0.6772187811602919,-0.8240818009643265,-0.8554183718537568,-1.0857136639800842,-0.9605618553966236,-0.9929273201547871,-0.9399746168958196,-1.2635436281058696,-0.8464038491204859,-0.6112455471027667,-0.8689173363168307,-0.5783377940188454,
-0.11548352002796215,-0.10896397687680827,-0.18480002348877644,-0.27976192412928785,-0.049435611932794846,-0.11898420290200107,-0.14782229304169014,-0.23840986583788115,-0.16681057775067556,-0.2973620188327896,-0.036201244079108796,-1.154833712690333,1.3013416165514478,-0.271506167696258,-0.08156550656720156,0.01030929030566248,0.008411525208309147,0.11785334542564666,-0.30688651986641924,-0.4065948935956507,-0.07149184150133099,-0.3415950189419068,-0.44882694482544655,-0.4133305076122269,-0.2554142699736073,
-0.594015088092754,-0.7583554513664016,-0.7809311896283538,-0.746530235697387,-0.6925533966456485,-0.8567088268325168,-0.8174959265812123,-0.9680815190901317,-0.6024067704459621,-0.8637914026531782,-0.7356841805393225,-0.09590741619135225,2.373130039273314,-0.8129570987291711,-0.7626924945382103,-0.8939656913282291,-0.8449648548881764,-0.6041133997280317,-0.9161554868883977,-0.6039974633744176,-0.818725481349348,-0.7007181274322445,-0.7786603748303388,-0.7310727482652916,-0.6147527958044828,
-0.5204950044052862,-0.6946294399935589,-0.7690250770985669,-0.49724694385342816,-0.783813016230512,-0.9009049993193989,-0.586556898542547,-0.6167595698726144,-0.8033403985363161,-0.5905905561461261,-0.8250272481241777,-0.10592263987327294,2.48331015776696,-1.0021493189643789,-0.5593270618323217,-0.7498844136882218,-0.8773690277604531,-0.8795731311623478,-0.7612210316528898,-0.4828478613269417,-0.9775097115741518,-0.7491160508875969,-0.4941335733317759,-0.9894372223986005,-0.758593522379952,
-0.6998716976950328,-0.7682604932230552,-0.6298295093864964,-0.6731865618591967,-0.571156693042831,-0.6726921231911868,-0.7676792925297065,-0.7012549598251465,-0.6642544494980501,-0.8443746618385946,-0.8934361891535124,-0.3066077767112563,2.229576473794598,-0.5882787014317765,-0.6862115744848928,-0.5935569764058655,-0.7989347430718134,-0.6082374369178811,-0.4957667569146264,-0.7759326604351675,-0.671646442476056,-0.4753738816471865,-0.49957104151039267,-0.7265129337700837,-0.34452433207727806,
-0.7267107667365198,-0.5728683311714374,-0.5564575752839597,-0.7422542278410712,-0.7169153208750073,-0.4371455463049323,-0.7570712468525422,-0.8010686071702057,-0.36793632290349276,-0.5896824716318116,-0.5191787170372223,-0.4745873697734293,2.0714406697912646,-0.5486497376648168,-0.5857792686235749,-0.5511317337962726,-0.634983085509397,-0.7816115737507783,-0.5986532054892933,-0.4299948712890826,-0.5915778615378886,-0.5273378144231244,-0.5055779433777626,-0.4071026907892405,-0.8026879571990023,
25,12
0.02330823211844963,-0.15958706215792653,-0.174097461618809,-0.21544339038847524,-0.15348134476231748,-0.0388431902407361,-0.20717734059423262,-0.21632707897223874,-0.033715109648927176,0.05763277483285832,-0.048808235976430435,0.03520004269605356,
0.04523670985413501,-0.10546452690458631,-0.0447589962920586,-0.12459621916396829,-0.162219953914997,-0.18133347540522893,-0.02826787508024497,-0.17897952663694613,-0.33457512212806667,-0.04634420230752069,-0.12578175396625518,0.010102168176848983,
-0.06637477066893895,-0.08555224140300449,-0.25532406052037454,-0.0022776052961962336,-0.07613007327671836,-0.11834834163823822,-0.13084346556824092,0.0548383953180477,-0.168620382204608,-0.3084267272121724,-0.0567977774881844,-0.08870140186224386,
-0.13369503261678226,-0.005438406139003685,-0.12285592618396086,-0.058709291996580155,-0.05371803809207034,-0.21719349219571454,-0.18810512661376683,-0.1634548309364625,-0.006657270248995785,-0.10538903796990269,-0.0874453870233147,-0.11785603871587323,
-0.07810917180923284,-0.06961962253349986,-0.016947805260925528,0.13253860859259334,-0.15446049531915682,-0.02072613573888635,-0.1587630103211714,-0.15048917039745022,-0.12247641534533366,-0.06280739929219202,-0.02245865838954746,-0.14413785436968218,
-0.10112536957722179,0.018730521877160615,0.0164818443096874,-0.14518069014780585,-0.10108784754232537,-0.13670533392229867,-0.1285846629308474,-0.18846275884984492,-0.17645937303309553,-0.18878346073233693,0.006787549988348043,-0.15974435114584176,
-0.2475933357728744,-0.16169370021466048,-0.07764063825880825,-0.007221441503206119,-0.08131349560194946,-0.10670179704480061,-0.07475744231520774,-0.1444507501092706,-0.13864731312628217,-0.07693932486006753,0.0359935457703131,-0.19082505457635,
-0.21600899005029867,-0.21333877127059575,-0.17232572867659068,0.07972837803517463,-0.08061929211996048,-0.22394307746231118,-0.11899175825713927,0.004075403822603661,0.08676374316936893,-0.06221402476790754,-0.14897171275926382,0.11416219188247645,
-0.16030477876167432,-0.1729871166952484,0.024183278285096872,-0.026671739314036838,-0.015455945050978493,-0.1782173336749767,-0.018283664762781326,-0.22092018789784748,3.8784256986078075E-5,-0.23736314050191795,-0.04343462992720261,-0.1890110323667891,
-0.07128225737275345,-0.18948875827724732,-0.09253524224688885,-0.08147417031864258,-0.054547845049956405,0.0825534241032275,-0.09519884016561611,0.058685809996223186,-0.14730210094897248,-0.0649857549297589,-0.2284408133531715,-0.09399262630884976,
-0.11271716121535233,0.1197259023763186,-0.20853594751842225,-0.03715000824745424,-0.09263106396288633,-0.10081094414867729,-0.17294642590867587,-0.11796771025041322,-0.10336277208177809,-0.07674994160670193,-0.30534624707651226,-0.08168429495300182,
0.1492797731454761,0.1509715709477521,0.07234974161344096,0.003516757964593816,0.16107972335180834,0.18060242823739298,0.2240621800649401,0.1677487021059829,0.17228853777205655,0.22718226606641415,0.2042317506873786,0.18499189004216976,
0.8106337154123049,0.696072767998357,0.8108022088640736,0.7845575097691277,0.8074710334321015,0.8468608503703634,0.8331133030019304,0.8810575490185055,0.8762743891107736,0.9066516194199084,0.865513173196966,0.8987813685074811,
-0.01564727870280915,-0.04361319963724292,-0.005491877065385417,-0.2617226889017043,-0.11650613816223868,-0.2031713640665974,-0.19591872408658795,-0.24571156377336134,0.06312692080425752,-0.07092275409466914,-0.08810825561904656,-0.21699652428775829,
-0.13874551011692524,-0.0685959043062549,-0.04922589821348757,-0.21348240935346863,-0.1809061603556124,-0.03350734226125623,-0.12735247991081725,-0.0013700633327285142,-0.019855547162413955,-0.12380773892816631,-0.09142487073938058,-0.07894086622746471,
-0.15584752637283303,-0.06888747490524888,-0.18431496182603424,-0.19075848613544283,0.025346874583603036,-0.1200786131473952,0.0541663569333078,-0.10350789848723313,-0.10045703374128355,-0.2831188726943822,-0.14038505684723576,-0.08140162676182372,
-0.19353347718708946,-0.03491690931015054,-0.21569159026355306,0.12305219742398918,-0.08625880160520283,-0.06451611344661096,-0.00202235712660007,-0.11657437579744466,-0.16383196908005362,-0.11094118696051435,-0.31959745909000536,-0.16064916167127624,
-0.11617336581083955,0.02702420811538623,0.12884632847472055,-0.17064052140006047,-0.10525756867466896,-0.1793280914703473,-0.15584310019465936,-0.12888985157002544,-0.26958121651248584,-0.034142288527477985,-0.14452585785593353,-0.09032918962505405,
-0.12631597737840075,-0.13120007253675908,-0.076022756996798,0.05007700159761312,-0.08760659762005267,-0.23157308695185,-0.09024917905276822,-0.06226511179841481,-0.18904040855617157,-0.0635993722979063,-0.04824633827176079,-0.19309075605107393,
-0.10715326770073702,-0.09334271517847005,0.06190276716800054,-0.003493847784219484,-0.019560609693339902,-0.1294670869988407,-0.13116389240729617,-0.15470692594084057,-0.10090911911095182,-0.17952268462626936,-0.23093141244656742,-0.1282207055427563,
-0.07449130553203293,-0.10238027268446828,0.05393838560876037,-0.13075675869710787,-0.22257054835674384,0.07301922032467253,-0.021845294344806372,-0.12641114739727935,0.008351284865039924,-0.12371251026176597,-0.037585899739574415,-0.06186531154970026,
-0.0185341395240688,-0.07402535485119646,-0.07008811354239096,-0.20490909786507097,-0.16545623191650338,0.035012613244605736,-0.0043557964427085516,-0.13238246517822774,-0.2981183045363752,-0.07755060530835536,-0.021077562582693752,-0.20286434760469343,
-0.0336014513783856,-0.06492219091873593,-0.2983545337575,-0.1478232949131057,-0.10038796245342131,-0.21726301212775123,-0.1214323158603846,-0.04546685458714964,0.004146314626450393,-0.10940596759973942,-0.16700899256832977,-0.05847604927199007,
-0.10163918225898089,-0.08763470275600764,-0.09328268568294043,-0.24534121516481194,0.02069184501019743,0.029502796629382398,-0.10816114035146841,-0.18261624443093294,-0.23465308900278978,-0.1763652703525002,-0.05730450348938133,-0.1721069604957362,
-0.09898306173792008,-0.19816878689377854,-0.3145359340334854,-0.23243965888950852,-0.20823060015298023,-0.03424126661595157,-0.12383628630601035,0.10590616719040838,0.0261822797559282,-0.055265100605606465,-0.07674589042842031,-0.11229062506514499,
