# Pesos da Rede Treinada TxH=  0.6 TxOut=0.04
12,21,12
12,21
-0.5940525050379838,-1.0100420390337395,-0.544192206530534,1.4435755723454815,-0.8093407041059074,-0.6349963899887011,-0.5627891455459328,-1.0308831303045158,-0.8286421869921597,1.3755494292647827,-0.7010411892470881,-0.6075604280563812,-0.7289452217024351,-0.10326780817393108,-0.4212379618050955,-0.63506223012363,1.6044393666961005,-0.6996774203538292,-0.8186769112033622,-0.7298777322466669,-0.950044513711646,
1.630763218635675,1.6033803327318392,1.5145183027069395,-3.0492936971234674,1.9316415962563993,1.783318383838735,1.6671813243354991,1.7600511662512182,1.7294047804847186,-3.7941924994701997,1.7857723855687135,1.5644951624240182,1.7832286117780078,-0.5445166907806492,0.8421774218782081,1.4570622388229362,-3.4104913777447887,1.575870353789731,1.843270323572294,2.023432858506067,1.677525495360402,
1.7303036351958778,1.861248968431683,1.8439348616502207,-3.3010232178783485,1.9986381294538937,2.271712767341817,1.8598898060434983,2.166568084488953,2.241899379754487,-3.8870143464550346,1.9870028091975167,1.909243957158083,2.2733171233018847,-0.19479736141391202,0.8408932329643556,1.8228430574527643,-3.7577291987619765,2.021245500400932,2.0057063884295165,2.3325980813563842,2.116362226536631,
0.34428184879920204,0.3232502836436926,0.6197758538655043,-0.9279029054353805,0.2835341051721625,0.8018920417531424,0.35090625814026183,0.2549113601416013,0.45149755514302686,-0.5599242249394275,0.7015231601072718,0.5575191773433712,0.5184681785265026,-0.5669381513124582,0.13990603954912387,0.1933899994029592,-0.6217509431627577,0.5957979453647886,0.44066637053955965,0.21714803044855868,0.5286734357513273,
-0.25529050889523514,-0.554641683470142,-0.13855834460907349,0.2817908989374911,-0.6801602304504597,0.11024784779038777,-0.2668578003758889,-0.47367343966350084,-0.19121392877057217,0.920883561618491,-0.1648485060313938,-0.5235248138904227,-0.0667343095414591,-0.2785685209483392,-0.4002290980022662,-0.5120658348852446,0.4757512616431085,-0.48046925987244987,-0.4964314231563449,-0.27058457000631286,-0.48147769682238517,
-0.5966099790914937,-0.9907737220343519,-0.568484310931135,0.9856234432218942,-0.8230043380228835,-0.8849504981107066,-0.7215689043473611,-0.5342545922435568,-0.5313382053624288,1.191744731847068,-0.8338605589985892,-0.6932988775570593,-0.822480653187256,-0.3645820847229487,-0.47003738105181686,-0.6541776977401564,1.1885749684534732,-0.9252131854913754,-0.9380995871360586,-0.7101548698645167,-0.6248339452665165,
-1.6228358589196263,-1.6224860748258019,-1.7882012829019804,2.173402908705428,-1.8161432816883636,-1.8515374964231204,-1.4250696503814044,-1.5937408524810175,-1.6702713904384807,3.220521692726008,-1.54049807243185,-1.5006682214984737,-1.800740763341783,-0.15984489505851907,-1.2339242789576823,-1.6458390096869293,3.0022047304024215,-1.4912405434061575,-1.7288587946080036,-1.8219363334446357,-1.9346872977016445,
0.06999743137776919,0.3323768062259746,0.12970147722510633,-1.1927704460855029,0.48393512105052283,0.22243789147381582,0.2532148284157632,0.23389832759508822,0.51625020330393,-1.3231637502613498,0.2640722823457574,0.38615894753940916,0.23857976369497452,-0.3525135455075146,-0.07400807697941417,0.4220128844865184,-1.3933599163689978,0.325350776395018,0.5782703151888403,0.29845992462459187,0.5263946579750527,
-0.7967638874402581,-0.7651477760555949,-0.8346922133060085,1.2180878166528297,-0.9086578338163809,-1.1745041665883102,-1.1945688243108625,-0.7766267646389585,-1.1951912680693502,1.3047797569071544,-1.1017275835686007,-1.0487119389764095,-0.9346659984074859,-0.5944467648695895,-0.5622387689154098,-0.8599569196906551,1.6417620160610475,-1.0212289034281243,-0.845005028263316,-0.9387876709995281,-1.0118884021335175,
-1.0294402441353607,-0.8112397744415606,-1.3005744530668535,1.3551370922129735,-1.02712120436957,-0.9618779481511253,-0.8783496572023267,-1.0574967789540046,-1.1484281919057542,1.3223369899589246,-1.176325292378654,-0.9507815576469701,-0.8480467473630311,-0.5170563453688288,-0.7924091385806113,-0.9547338547242171,1.2080534082571013,-0.9011303825275537,-1.2344158687917628,-1.17871897261195,-1.095838262567145,
-1.100064253847264,-0.7897331903120078,-0.9845121579390224,1.0258884411528726,-0.8166367459671959,-1.1626754812596516,-1.2126761273397535,-0.9472817282595765,-1.146755815575391,1.5443453825104128,-1.0074450713337524,-1.277225831608946,-1.2312768278633692,-0.0799211663449274,-0.5225056684606825,-0.8306345169684015,1.2944896654614695,-1.1606690130690174,-1.0190654921266826,-1.2229389800961712,-0.8724267602197218,
-0.5644590437675259,-0.6232391402078176,-0.8809259354130972,1.0162368163945534,-0.8675019500703712,-1.0213111036001918,-0.897729973432538,-0.9470047921192943,-0.6767676178977463,1.6305187432416566,-1.0287429484766857,-0.7135383981625555,-1.1511184501872243,-0.34612846262730507,-0.7675999658399614,-0.8215998132251882,1.492464286871834,-0.6194268234367922,-0.698883843665034,-0.7476358167397725,-0.6433880293181923,
21,12
-0.16030561804138718,-0.18626284739630275,0.05010049340200562,0.07538823336873197,-0.13377582551182524,0.09787365834249147,-0.05485354414024528,-0.14932560046460355,-0.2385900143946059,-0.0893125024555083,0.12787222913023322,-0.13850225429480945,
-0.11204996713078262,-0.05532267139861105,-0.04277825847581478,-0.1938633507128302,-0.1793239003361011,-0.25270398561667473,-0.14477672593170252,0.05290810053518771,0.01621947719062101,-0.21152367096174396,0.006421599653014187,0.01874074874300918,
-0.05552452913737022,0.060485361332593704,-0.14553042995028337,-0.16111218159757393,0.14439491255663695,-0.014469939694206962,-0.16341721851750368,-0.22347327446550266,-0.008321671643147035,-0.11830991673480737,-0.0725740501284201,-0.012602736612295735,
0.24904270797041592,-0.01495527718020852,0.08474240946995858,-0.011329233386879313,-0.007478530392286912,0.12031033946252782,0.24599096880050333,0.2401910693991286,0.1380592606930756,0.3513485992090112,0.22239884884413558,0.33030285392913084,
-0.2338031169384793,-0.20840610739340915,-0.11685960713088488,-0.18560678253661744,-0.09453446205406207,-0.24065685448779547,0.05384558424773938,0.01939749168461602,-0.05461626748263737,-0.031689016963067675,-0.09419496081592778,-0.05721663115303721,
0.027920380997952625,-0.011072552301737268,0.04246905135973227,0.10747690657591917,-0.05523455826926948,-0.16299236190724425,-0.056483647566618334,-0.026362941915904877,-0.11625735753488059,-0.11142443129596925,-0.09765274423431154,-0.2165529521551169,
0.024828354888363314,0.1117990628438247,-0.1544389656432567,-0.09230835603847155,-0.1304072858325434,-0.03792001551877338,0.0362176339434471,-0.22531662321398788,-0.12131838871844158,-0.1320087318242347,0.08738286807874875,-0.18345677704506202,
-0.05169718123758861,0.04367347668160066,-0.26445100338001887,-0.11053176889695823,-0.15680408555898584,-0.0060688037662264575,-0.09030935339624575,-0.026464527664667534,-0.2767975520553255,-0.026724832746902277,-0.06722051605419663,0.01214119162392056,
-0.08756197129228328,0.026381810878534803,0.1798717160977549,-0.06960461509596534,-0.01574453262000527,-0.011540226887780303,-0.13121726616587687,-0.0926886959548138,-0.041338317985370264,-0.12118915594319601,-0.20217310807273262,-0.12917019155186163,
0.361390366667432,0.3659343978859696,0.4609320543153946,0.5210413866983056,0.5817066036337292,0.33899130590253923,0.29993915099033325,0.3069768640882483,0.47059411812205426,0.5295969045486895,0.3933672994248542,0.410309723771991,
-0.12513312787194328,0.07068365125147177,-0.08250225540050744,0.013638999994176315,-0.04087078876282732,-0.28485305104968145,-0.056413695542046366,-0.15082571461890226,-0.03014133536543848,-4.6889925353162126E-4,-0.11609003384723068,-0.016040492041627663,
-0.06285235823394977,-0.00922846323463213,-0.10974916707013915,-0.2562264370508922,0.02298161184839444,0.11583722022277942,-0.10735208895529702,0.020339397021216312,-0.24704893915835713,0.03561296849444792,-0.18939567965028214,-0.097556376051775,
-0.04481943670106735,0.12375579881683382,-0.1565820299393332,-0.06703634496280901,-0.008209648130093452,0.009341725712390836,-0.13485614571933763,-0.09017875047375742,-0.08544993395877665,-0.0902901825856024,-0.24296457463492954,-0.028756674014451755,
-0.11110063001999601,-0.229803360016631,-0.22828236487763467,-0.3325679428999317,-0.11067573683440206,0.049899163871113,-0.018888461034037893,-0.050382907847440025,0.1917781958356493,0.06740478354188469,0.13430881768364866,-0.09625608682105968,
-0.07079642603339388,-0.059937424708478695,-0.13668102744525049,-0.10292270934500776,-0.28559538210636665,-0.09813531358999154,-0.09176294876299741,-0.146397139973518,0.09188971683746538,0.020039064735979526,-0.014994595626791389,0.008243080685793845,
-0.0068449950035439945,-0.03706163304634448,-0.08636320914155123,-0.18175205177142637,-0.16023103155262886,-0.03007720464279975,-0.10429878944096478,-0.0820778029062933,-0.004640024503257487,-0.041142604421838445,-0.2655480965129016,0.033108613870679204,
0.35650475304241935,0.42787070147492096,0.33867931184634603,0.3302019086294225,0.3243301069952228,0.45712384218906,0.4412440808010818,0.4706766196838561,0.3458359378051611,0.201471211362679,0.3845964252364144,0.30670689609691687,
-0.004631895459886064,-0.21805032317125572,0.08966564194153177,-0.1172783307970757,0.047508428687666394,-0.1617132545546725,-0.054777365877466844,0.025432110078811042,-0.07671812857588547,-0.07688048471448364,-0.17794926759065713,-0.13893004330227351,
0.10567016366971434,-0.027353220108014525,-0.19758837510043953,0.0467805675364668,-0.1299226479993405,-0.19582480168836758,0.020658156365597976,-0.19735043099555694,-0.12427908380730589,-9.246363565862513E-4,-0.04923991897413215,-0.23183777364691405,
-0.08808439851888832,-0.14995238055198024,0.06215576857499972,-0.07783360341295066,-0.09821198887556308,-0.05033376009796505,-0.25035443497040133,-0.03725683478559183,0.008020214465672129,-0.2277892706086511,-0.08031344941197928,0.06362967415254124,
-0.2250214858818589,-0.2758848839482925,-0.13709408072730953,0.19301398053746058,-0.01051893510772368,0.01136423876324851,-0.014684809724566627,-0.004385044496949097,-0.16789579097259522,-0.19155850161032664,-0.10475431114476742,-0.04909872445788426,
