# Pesos da Rede Treinada TxH=  0.4 TxOut=0.02
12,28,12
12,28
-0.40661397894408985,0.2201749533536315,-0.6980040853992577,-0.2517063053966298,0.19551070481810462,-0.3240680802161502,-0.5403105700391276,-0.2793293420115315,0.06541283230184615,0.43233930145306376,-0.4646833452047044,-0.20936469677206984,0.08084483054138104,-0.3649024638309246,-0.4484249632306156,-0.2766334759615951,-0.20521201205345777,-0.36436263893798215,-0.35539267156191723,-0.02504043340759566,-0.3194341974150656,-0.040923352042661024,-0.42839322546445724,-0.6416221534977774,-0.16413431926130453,-0.32818234541453756,0.052205642585301276,0.19554527438404015,
0.9110863534332819,-0.6398744215156614,-0.5660992911499945,0.6365098609236248,-0.8014113677180484,0.5665069581178485,0.5392061491359942,0.45424413198859753,-1.0291679541192995,-1.2976703714814335,0.18561049763739593,-0.19958792880590856,-0.9827407836558608,-0.5159550622896791,0.6133316002138602,0.47853196647170143,0.3978736138757248,0.48611057960684767,0.7201064018381892,-1.3143632672418584,0.43505650839974735,0.39086137785828173,1.0429812463101238,-0.41171184710901004,0.31319781977418154,0.2392299175652566,0.6891847977993746,-1.140797243590989,
0.9090712835684099,-0.8800140821960231,-0.7706029839943012,0.6089525976127591,-0.7493366835665657,0.7316806284253363,0.4819644694502489,0.7583139283731171,-1.096603727671007,-1.1863780271958433,0.23582754867806854,-0.21203260452533707,-1.0011345991974347,-0.4209603600922969,0.5676688656198252,0.6828654223377595,0.3684102589327784,0.46945987671648637,0.5536633658544959,-0.9169175110320914,0.35124713660050494,0.018344135982960315,0.657926386139443,-0.4986431259730077,0.486330011061127,0.16992228601920045,0.3237541455257677,-0.6326537121461079,
0.7829198720960628,-0.5912013120421,-0.41405162014812125,0.3285171030126785,-0.6623406442894577,0.33473237820209023,0.19771937922231697,0.28942840846172335,-1.2013070045798424,-0.8022806414733906,0.06255913735250553,0.13617966723598657,-0.7324824113259463,-0.26548957760605163,0.22183352002172385,0.5642588838937965,0.2655609932614367,0.4380265765203259,0.515334349887305,-0.7064571005669922,0.3675653324140242,-0.05633801156010306,0.3731105725855254,-0.6861915060041207,0.28954855872660956,0.013230776541734296,0.43835622717517925,-0.8915899327971281,
0.4635746256739901,-0.7044754862328387,-0.7826497091934049,0.23657916021757283,-0.4407537989432444,0.13583255372524877,0.03387264078540577,0.2404237592555494,-0.9207330220955137,-0.4487716678273009,-0.06523239548870584,0.05304717292058404,-0.4087936573380883,-0.6461917832357686,0.3737639350760081,0.45443363563219014,0.281685285176044,0.1872798272560976,0.3439708837425799,-0.725032690564233,-0.03840362674462667,0.14205540973740874,0.5852947344605081,-0.5736076154129478,0.2660508922251202,0.14875715692987793,0.11292184541825599,-0.6483762087050856,
-0.6098956059190508,0.12670313040471873,-0.31419534918018555,-0.5352307335274994,-0.016616711276955104,-0.39876828357712263,-0.3063074126553104,-0.1925146384483109,0.06722681676931933,0.7310967382157315,-0.24873722593860745,-0.4477757901245879,0.5371424941334176,-0.37730730994340056,-0.6122352933964229,-0.5472204139532814,-0.4262283713715371,-0.4612953144889474,-0.5986172666417998,0.24327795507441066,-0.3951744586426316,-0.4856522212349049,-0.6660785958261046,-0.7452003118959993,-0.3953151143715115,-0.5772185747879987,-0.42205588508521147,0.3140310283612824,
-0.8900399392889684,0.5666642917888184,-0.7144217593908739,-0.4174896401126901,0.5479441825595287,-0.6828160747885195,-0.6525499490167316,-0.43669818120657944,0.8304584183113547,0.7522469647953395,-0.4002189276305793,-0.5338458310147155,0.8209632165425124,-0.5898902317274847,-0.7320346232761097,-0.8254696159570198,-0.6636144692648569,-0.7330672097917867,-0.5307926733523665,0.7708520628608788,-0.47482052381448553,-0.676189574382733,-0.6411763051707089,-0.7709117226806198,-0.2907443883723735,-0.542075513111094,-0.7587383625364256,0.424373233089798,
-0.07840069322265653,0.058076955285567666,-0.30869586707575053,-0.08171486812556597,-0.16701771490333184,-0.4913609186966326,-0.2797172122629952,-0.03941953854449741,0.25901367465259173,0.4731486530282052,-0.4094845613963449,0.05014558986585238,0.15420148387644114,-0.4693940192465317,-0.09413333687991388,-0.2429511353125862,-0.1780875704008917,-0.10702106684077993,-0.5460229159523837,0.016914303302438587,-0.17463648188352757,-0.1922990311732628,-0.05734888980435622,-0.3544283604113191,-0.4674622582758294,-0.1333989679962526,-0.17523106355467555,0.15128580524769752,
-1.1818336204024364,0.7331389852319726,-0.3000650887374732,-0.8040420964529292,0.5819450796861177,-0.5949005788696824,-0.9074448770469464,-0.9977059272784102,0.8799037964716065,1.3947643475658846,-0.3487966614007174,-0.49894851595864065,0.7637574724131394,-0.30729021677740237,-0.5252809100137641,-0.9696181117262772,-0.4773727629951633,-0.4741330639271684,-0.9261382237874914,0.9072348571517589,-0.6608313787708004,-0.5571740566437547,-0.8308632075446067,-0.3498433488293414,-0.7206933017032716,-0.5505873647555383,-0.5586695526431493,0.8615145708181536,
-1.0958677363149423,0.5762328696352723,-0.5480566043456871,-0.7883788180574872,0.6534129075921562,-0.8261061577452941,-0.46466620669332076,-0.9105596605108142,0.9941431421037292,1.1004968913730842,-0.5620827487480404,-0.39521299351753675,0.6851001027115946,-0.5291536049698962,-0.8542755211742388,-0.8744309057185289,-0.705061021098747,-0.791650597252732,-0.5448528099667862,0.947378011407318,-0.7116925422244463,-0.46180712202115265,-0.9596310158107376,-0.5402660332748213,-0.6351731293662098,-0.4677788577504399,-0.8126006112194384,0.6685697467968568,
-0.9507527929130819,0.6680046510536595,-0.6761715873009496,-0.6702636979160982,0.7351861577157378,-0.5622135550657306,-0.6394417192569523,-0.5450745870379967,1.1126978249039223,1.1450488554441407,-0.39882978735373503,-0.3756942248702705,0.9730567010302937,-0.34431178400769963,-0.45199890070098997,-0.7452616613577355,-0.8159711765572466,-0.4641217136624729,-0.5404577216925867,1.0324633368677398,-0.6731962437543368,-0.6406426217606292,-0.8803985776794765,-0.383270721703171,-0.36900060321631545,-0.33369703471088413,-0.45148248047986644,0.7022894136493654,
-0.7112613025488811,0.027913005377092754,-0.4171241347861452,-0.50069813622434,0.5045113439595525,-0.692902442810646,-0.4239981201200157,-0.4495705738641777,0.5239454704766201,0.8534538384329764,-0.22272363053332142,-0.4339642557985207,0.44038484257099497,-0.39944194074514144,-0.376721726831174,-0.6929817212164991,-0.496055423074848,-0.6849138318994316,-0.4234921773835539,0.4722148081836588,-0.37308316057725704,-0.262884895407495,-0.6110863690041427,-0.7830728892030594,-0.5535928038739935,-0.4189754450581472,-0.49499137461010406,0.5566180975581981,
28,12
0.1630689406554297,-0.08883003957101455,-0.15342945002931738,-0.2250338526223535,-0.303762024929275,-0.2740873240330694,-0.036202650702936885,-0.30753060911178565,-0.1258548432838384,-0.19224456618577168,0.06356976929717,-0.21096459607782495,
-0.1041824306993395,0.3351277407136129,-0.1548588353922149,0.31843873310722165,0.11432922167071599,0.1510890987178515,0.2194025020762217,0.2424792572747236,0.009997190277780368,-0.004208927863685821,0.24572317164073837,0.24604206702431242,
0.13701350662052375,0.04450218494495575,-0.06821320318990841,-0.06271527543396896,-0.013918126030107536,0.0556478152004767,-0.12744324045218394,0.2655125839860059,0.16782137027945512,0.057372776884694054,0.3839133570900623,0.07200401099203319,
-0.03547678602555869,-0.10769076914465033,-0.22557709134923537,0.08043535072092052,-0.14638506493360193,-0.1487274022310009,-0.2427953416868639,0.09394379425714111,-0.2738139567209501,-0.12232671409529365,-0.05183661580184327,0.037248322213126094,
-0.010335361902142296,0.02885071569501753,0.3118461684378524,-0.05586817016319024,0.23601286719697068,0.049666405308599545,0.1150173320951428,0.008279729975619174,0.27023266098034254,0.2662805517603471,0.2621927516161004,0.11284335561616439,
-0.2986201459999838,-0.004203293298302432,-0.008053543278389544,-0.058228956678869306,0.06907025945266777,-0.24310316479396166,0.024939266971738327,0.057046437631465004,0.18571887714449795,-0.32108538486554916,-0.19062867818596563,-0.33349182547691947,
-0.33659859632612504,-0.1538446657020351,-0.22373445376085827,-0.18333384966980373,0.057928402467928145,-0.14592291031409785,0.08224523580698245,-0.2699365302453382,0.12978107507500303,0.08261965886221144,-0.26195608814106275,6.522024877590517E-4,
-0.16047077248850616,-0.1191974144443712,0.06726247682128618,0.11695517716486474,0.08058531870568382,-0.038642916485253705,-0.22743063003858632,0.090182827051707,-0.23751080005970712,-0.19600971020368815,-0.2128286164368715,-0.05534433624019306,
0.24224128906202622,0.1777190547600842,-0.040210280190046,0.19105257077952323,0.015508864790515567,0.1032834918767351,0.2365677182389149,0.18730266201814702,0.4458602628038934,0.15372133240430016,0.044389059822165115,0.32062718268489315,
0.265502666448109,0.278237773376221,0.18580466733808768,0.3337849013127614,0.3142808925017284,0.40580243620916545,0.20835176374730924,0.33354223563841306,0.27466609819542265,0.16240884337165457,0.2666698019087502,0.1542667579338124,
-0.03142201798287399,-0.1680522228259006,-0.06533911290874138,-0.06160102611759187,-0.06077349170010719,0.03338268811109754,-0.04653069294624379,-0.0899620139524913,-0.1393618397435439,0.03703811375224675,-0.0945404366314943,-0.041092484740327104,
-0.1836403298819184,-0.09956192726440477,-0.18471379822580433,0.11662586696051501,-0.29632475332479935,0.08058824743578624,0.13027701841411,0.031104639159312147,-0.01930943660753706,-0.015449020209024594,-0.12000191039295938,0.09574681978840976,
0.1947085037306516,0.04525041559396955,0.3154196241106945,0.30012926741669343,0.0652925837239962,0.07232188974593651,0.19908657013233622,0.18111148269680485,0.04828650701503804,0.38569646592510126,0.15058171390397532,0.2742301543036439,
0.21237173863597655,-0.133149003204893,0.15100743830753566,0.013775768082928396,-0.21831172446492192,0.04005562146722441,0.024673517137294213,-0.033797750025128366,0.2036134531319377,0.2996078919378799,-0.09224119321413764,-0.04796202329020723,
-0.035187629428361844,-0.06558294601001932,-0.1001219938382725,0.0790150913076573,-0.11127897665255865,-0.0017936955531366273,-0.08093371523829027,-0.1535658500656703,-0.25055297837156165,0.05147748949541922,0.05033968107840459,-0.2504062755105507,
0.10356906350498804,-0.14262061056892136,-0.07221774159443664,-0.09608564105013362,0.04729839174242909,-0.21095920467050644,0.1745502781677363,-0.3350621647836942,0.08983763545815249,-0.3525941974282214,-0.21327954627062273,-0.1860379186203774,
-0.24264723984653722,-0.07230746629474138,0.1296226835872147,0.029485135772418472,-0.2693777088031561,-0.26173490031448016,0.010952256540251505,-0.017323137461612195,-0.15127082341993425,-0.23634112858101644,0.05703314792387149,-0.013683746308727443,
-0.1563029494915573,-0.11830978439577815,-0.1178744056043449,-0.18215844328895747,0.10888886665659335,-0.059950152491119124,-0.10636420602657974,-0.009118977803679797,-0.231037611989341,0.08631366296507421,-0.08814721476123298,-0.16357146081973958,
-0.17739411015183815,-0.0487113979388782,-0.1853832037487768,0.1354780327213537,0.030086968851688385,0.014023083596388928,-0.09853709410832041,-0.15930972757134312,-0.1696864573309591,-0.15128996955469062,-0.06374013834181551,-0.03239948748914048,
0.24317248388823928,0.024632789757710407,0.19447210745368007,-0.02586762784320388,0.2524113502865003,0.15468673092854432,0.20895933470018907,0.06925377695319535,0.05451950281512124,0.399939515245408,0.2616521925496364,0.317349716917791,
-0.07380929504245276,-0.12101165825784062,0.03889495094490539,-0.13543645154237777,-0.1015698557378924,-0.17402201735195844,-0.007576297649746341,-0.057485846719337645,0.01575140683929572,-0.24668452026026802,0.034372799488718755,0.019595511360733304,
-0.195687206497407,-0.10234099305633985,0.035963538983221716,-0.2568100789818371,-0.014694731237628392,-0.04372205394948907,-0.01576446879132563,-0.0599591671876791,-0.07355360486806395,-0.06979969331949445,-0.01231765653742891,0.010488896956836913,
-0.045100798248306574,0.06759288448341323,-0.18351645884271545,-0.19594290341384052,-0.11363457374344953,0.15985964691995289,-0.28073020020650513,-0.2873543961352277,0.0722455701479279,-0.22187897857617359,-0.18453909663746032,-0.1816899227492503,
0.11813691392731761,0.02162194792096961,-0.09625039826935579,0.18979961683866664,0.19924993422104348,0.22747350352034232,-0.124668275109486,0.0826243422146029,-0.07238345452710507,0.16724342327939673,0.052426790688110174,0.15400628937360883,
0.16739206030558582,-0.005098757581409869,-0.2657453623480535,-0.00424672129928346,0.035778965730247615,0.12905004954768098,-0.25625959378702967,0.13671039134259588,-0.10401115092466728,-0.013957817356250785,-0.24108912705974758,-0.1894601270606509,
-0.2746732486251543,0.021883621170313033,0.1618920405628225,-0.32424382503590865,-0.10830838625035857,0.010706526951143115,-0.06705315434400748,-0.08254748601043241,-0.18015545286586093,0.09172430156288257,0.09423935580150478,-0.12555619676581808,
0.17322039426392075,0.26205758706007737,0.1312433798169861,-0.11123126613884729,-0.12617687133143096,-0.2903428353206435,-0.16475327416962535,-0.16460563171492712,-0.2487084076065428,-0.08565485266545016,-0.2621384746019209,0.10902614166420002,
0.35577892296967706,0.13181504645324096,0.31199678498751016,0.005662836587960315,0.17320729767107898,0.21641004166168404,0.09204402754482861,0.23593668508979473,0.31224131076103456,0.031129998373038054,0.1582270088597715,-0.0893314730469761,
