# Pesos da Rede Treinada TxH=  0.5 TxOut=0.05
12,15,12
12,15
-0.8841002452088922,-0.8371782355471776,-0.8564698656387435,-0.6424035024114324,1.5084910858612834,-0.6161501309751877,1.6438057070196754,-0.6770506372476128,-0.5855012699355128,-0.479684676129292,-0.7322885988960083,-0.5642651267999786,-0.860616703769502,-0.5522709121153818,-0.432441786397322,
2.024618954660675,1.2990379595155475,2.180345364239097,1.8557168479914594,-3.70888567760841,1.6431820678582836,-3.408171900682926,2.112869933927032,1.7892770775792732,1.6733849050431047,2.1062386667748045,2.0218171213789633,2.0584003777137774,1.650964890127152,0.7454725755392659,
2.3553731041242085,1.2932420087233292,1.9280964181929756,1.6382520269401843,-3.9433147180876307,1.946302133585277,-3.6309606325111377,1.8157843480435174,1.725412061587436,1.7863775079556439,2.3430001461195737,2.004458907816929,2.2771461247196325,2.280091832342571,0.6623831994558346,
0.7723490735252591,0.2720000771998654,0.8064914072210138,0.32073435382034393,-0.4330444280025315,0.8057804199013392,-1.0339435274240658,0.8779717952058111,0.45605014830615137,0.7953966313247226,0.6474893496098192,0.5779298312307954,0.7039306960254589,0.43377583654302093,0.029362368113319978,
-0.1313394394560049,-0.3592325390097013,0.1275628990650234,-0.04291835500216334,0.7699418353438033,0.06771921510386586,0.4370822620026387,-0.15033803199159046,-0.12392058735020288,0.09733091006221486,-0.0926602264979088,-0.011234444892480138,-0.23074005747220405,-0.16768302166440016,-0.6315479377668226,
-0.975692760519371,-0.6205338287017523,-0.5962819030377816,-0.7262870144259055,1.5833274963089357,-0.8200543756477108,1.2499981908413231,-0.874732078287506,-0.7185533780284244,-0.8926992857813238,-0.8817464497589653,-0.9782204940627504,-1.0349273468445266,-0.9980607426888688,-0.6693703484999922,
-1.841046093395888,-1.2371731216674802,-1.7619826897665005,-1.3341809328884218,2.9602174108391295,-1.8035816265848268,2.346807398218588,-1.3782653411729748,-1.7873298930290318,-1.4027049530324762,-1.889412050864696,-1.4722452247019204,-1.5760663905984433,-1.5011511405246818,-0.6765370373615441,
0.5420297691081106,0.10782565707748902,0.21706205101303444,0.16036019591947623,-1.2073697522967148,0.40650409868289883,-1.1952887126706113,0.08977474234080164,0.1535609803984682,0.048127118095715356,0.3599866226034217,0.09490157646707054,0.4709063093271909,0.20030573604958113,-0.002754038733257745,
-1.3286647532215794,-0.5659345441006322,-1.3102672014938634,-1.0165391122791503,1.5248676399070542,-1.0985852937545109,1.240543867686282,-1.3789284125384693,-1.1089764546239003,-1.392189397781213,-1.146066917222829,-0.966067294449205,-1.1484494776234744,-1.103712562093172,-0.6641269451618175,
-1.3669132105416664,-0.7751912906776157,-1.4423660047861293,-0.9543146693636256,1.4583612320387556,-1.1322166988947886,1.6755324276736698,-0.9806020292908045,-0.9292934682363923,-1.2318967795752638,-1.1060816180296125,-1.4014939558206772,-1.4839720575137694,-1.1673074361469749,-0.5171814136689228,
-0.9774310990870252,-0.7239421686232346,-1.055996215931914,-1.1099933535493054,1.493052369657116,-1.1621134250174698,1.5476606746612043,-1.036246535902058,-1.007440438983408,-1.0053411590410894,-1.3651111501483568,-0.958722505862624,-1.1095408071221744,-1.0376185476177575,-0.6347153744777742,
-1.0745310514517958,-0.9658860471210913,-0.8150912733493282,-1.098528555806457,1.7904569187430075,-1.0761294725662385,1.3618787331200484,-1.0189674049951905,-0.7728857439932892,-0.789226991656683,-0.8119091826212272,-1.1321149210994552,-0.9080843392341691,-0.8102130871725157,-0.6654646493761832,
15,12
0.018966932310376255,-0.28069148712511666,-0.28347939442677234,-0.17948261102819957,0.11194157858318478,-0.09142818674465505,-0.39284393829301545,-0.13932817592290006,-0.12635104941178962,0.0012898999707121137,-0.26096650023602924,0.0034945421004333233,
-0.03162815611268144,0.00414320349412495,-0.21733307257919351,-0.48058551540415057,0.015551604786696493,0.027398169552375423,-0.03600370649393449,-0.05084046400008661,-0.11939660757513694,-0.165576410651468,-0.0644353679134314,-0.3205849022697637,
-0.3424367021394399,0.0968281168099906,-0.04714776169199916,-0.014117032903356027,-0.10436689893342865,-0.1583600958132025,0.00763143408001489,0.02784097595862682,-0.30910949307255453,-0.21778313902564977,-0.08395332945285104,-0.010744385366438278,
0.03058428548464726,-0.26520441448617216,0.020682874811091472,-0.11920548722974508,-0.20493267361479156,-0.24520928085011195,-0.18754022419359695,-0.0035378643970139898,0.02268841846410086,-0.1459141251877126,-0.1999527838184493,-0.09226080034267557,
0.6151838250510793,0.7119314533109387,0.759608358792125,0.7002351526055066,0.7655560924645364,0.6103984115599623,0.593903155680092,0.5734218715844631,0.5310704804005678,0.571290511416102,0.5183781962526158,0.5968716430003359,
0.00452817411410908,-0.16286174365888287,-0.11304959980217864,0.007308608484579438,-0.15511348034323702,-0.17203180386754383,0.017367125745534236,-0.28959471858900737,-0.21839549558447835,-0.1499474024260933,0.05983516409096348,-0.14466449417827854,
0.31144117215435513,0.07455449671494649,0.11774454300712714,0.15523795763740117,0.14854612014297094,0.31524675547683306,0.36469039154069866,0.4059776921060803,0.45238845478542933,0.4603498340733405,0.4895944795747108,0.3931133610461706,
-0.09567460017520057,-0.052735067349526286,-0.01690267057098262,0.10324025439099244,-0.1378606514117641,-0.09417141286663815,-0.24829086842043963,0.10761159962899046,-0.1274356092928796,-0.22739723101041218,-0.09054766308425866,-0.22592284664618087,
-0.13605459084452,-0.06377571063590019,-0.057483250284962394,-0.04143934477174194,-0.2862340859325176,-0.1819312380452525,0.05952922494587544,-0.21123745894925877,0.0036697304800887842,-0.12780010226982977,-0.24410731799091498,-0.06805446585632745,
-0.35258554448510754,0.06754373398666852,-0.22440560061066314,0.1077356822030452,0.03550519957926671,-0.18155967651200913,-0.08277155528887799,-0.004451267133585991,-0.2138420802296627,0.093552159633537,-0.24852053010691427,-0.08000445475534636,
-0.2480041294510816,-0.09663573593766596,0.0763900261969731,-0.004518275549736316,-0.002308102648805916,-0.08543556400640426,-0.18136519057331177,-0.08621472447799876,0.010956319555202309,-0.1843560310400429,-0.27395411504906136,-0.16826341778603102,
0.045555845068340206,-0.013236781161756715,-0.2752921782257078,-0.00550633646314431,-0.08843333925426321,-0.05697773892311526,-0.22178624325383364,-0.22751742698595284,-0.2858297672231428,-0.022298236942317647,-0.11184419935893028,-0.014627275410297031,
-0.08052759411442853,-0.24846214076852535,-0.01477732563362281,-0.17172057077838368,-0.21751707417084232,-0.21530828803757002,0.03182691386893042,-0.19128437460218484,-0.12949916929106048,-0.1958268767809936,0.01832044816728213,-0.15276217085516103,
0.05581334678124281,0.053990410923971235,-0.017303192192839115,-0.27538618904712614,-0.013212399119495401,-0.015607130577209805,-0.24668707124603487,-0.20390722015400867,-0.01585496231084678,-0.26129892464943544,-0.10923902966119081,-0.16986297917948492,
-0.3193787798290806,-0.296094933717936,-0.20432203904333335,-0.2745871070062081,-0.38955301549880955,0.06785172647086168,0.0038834187957999637,-0.23751784311076166,0.01054543789325798,0.026476511959931347,0.07795329853068902,-0.04231429937349462,
