# Pesos da Rede Treinada TxH=  0.1 TxOut=0.09
12,15,12
12,15
-0.5615336489560935,-0.12803720539441593,-0.28709164806423615,-0.12640010499793689,-0.22091690909188216,-0.46474887948435667,-0.29703326633638893,-0.20362617339907077,-0.2458490351911996,0.061264130159087764,-0.2585300372110491,-0.48524507769494235,-0.26437368260794786,-0.5088612397074918,0.4612529498224963,
-0.3109488985703862,0.06778362157434982,-0.2691100546517335,-0.28221898892239333,-0.35625791917984817,-0.379434520574278,-0.058833362380548516,-0.46926166917629847,-0.31625997952541574,0.05369449952973599,-0.07961910413832499,-0.18683418229759552,-0.5448827756702398,-0.4595452560791231,0.3800841476279001,
-0.21433395010952486,-0.13615188584139867,-0.2627001399525395,-0.25769553464802464,-0.31805252618971064,-0.041215038277856775,-0.13063567318376743,-0.25783578956022235,-0.23104033120763784,0.41392137740213736,-0.46492166014082664,-0.3359146766668469,-0.585206973256872,-0.07760137134077015,0.3302084265519869,
-0.5633435422811722,-0.4113198955556216,-0.3905218259979825,-0.19708127622428032,-0.24357799842558542,-0.3216852825903691,-0.1114425603618098,-0.3465537971710324,-0.015762541978447668,0.22333339944277467,-0.15468311084184536,-0.489611027482686,-0.30353377353486805,-0.2684923490479867,0.09871453424480416,
-0.6328439064957079,-0.16362812578152156,-0.3885762528443798,-0.19319176486499712,-0.5130747570249332,-0.07373667227671704,-0.39764312014935094,-0.2985075125081956,-0.37920418009515583,0.1624998215583754,-0.2521647999554168,-0.37519568744813614,-0.21517171771943516,-0.545494318821722,0.46733706173905754,
-0.43077660476112173,-0.06063993909151698,-0.06918898281925823,-0.19926383583166712,-0.3161774829157281,-0.37381970772712964,-0.3967324363138637,-0.3953079768975358,-0.07291711044515695,0.34355302306295177,-0.1908431850852674,-0.4100658154080872,-0.5900390598607541,-0.12816257406921555,0.33582127082492064,
-0.3530887324069049,-0.47121992176432226,-0.47492292978741085,-0.03775041154906374,-0.13386411590403288,-0.295709362010607,-0.15953698906311733,-0.5298308824527477,-0.352408389549347,0.2501998142986954,-0.46197358024744667,-0.32680516508822993,-0.23678738855207723,-0.26570109333599895,0.10040061682155785,
-0.3617181427549755,-0.2662788335852069,-0.33151777149979844,-0.27089705776536455,-0.42257391138998346,-0.38831624405951654,-0.31367781713049153,-0.4050647106830175,-0.41487074579470096,0.3110503662730638,-0.3234088781482981,-0.43429046431091445,-0.6339730860590634,-0.400368829086881,0.20818767675562125,
-0.20906742142975734,-0.3937517145241651,-0.09774996412612288,-0.18049726718665615,-0.18399279025132914,-0.28689329196524144,-0.3814665185114132,-0.08001635395546014,-0.21385751885014845,0.3356648890941673,-0.4439070515391468,-0.26532851966889776,-0.3507390631670665,-0.4003637413224913,0.12337912176365595,
-0.23641450471357098,-0.29907463864599154,-0.08338278816813241,-0.39309069525924084,-0.5583606871594298,-0.5385302997775231,-0.34972968460077025,-0.48630270529097364,-0.440132236634528,0.262583592246261,-0.24773914501217204,-0.391299925183008,-0.5683781895653082,-0.18415006513598609,0.4202145830505978,
-0.31035858767803837,-0.2788478987269005,-0.5147444687477042,-0.005310320889475861,-0.5105277567439216,-0.22174356834364564,-0.2648411400836026,-0.4897449877210315,-0.26724458345748875,0.45329837540686146,-0.5144805066648619,-0.5115592153682357,-0.5673527135722227,-0.5103949574342656,0.26533753748427347,
-0.44917075931282596,-0.427496761034727,-0.5077742656843879,-0.4742016766384328,-0.3216046960513249,-0.4361230609598641,-0.2605593351731667,-0.2452524602616683,-0.0791743021295579,0.3270556475883976,-0.355530358827464,-0.4324960462044733,-0.5579930099648451,-0.250549742727768,0.10005501981426261,
15,12
-0.25629157024635774,-0.12968115176695053,-0.3682610705078186,-0.3167065593199952,-0.18805733365753632,-0.31779547337790737,0.13197776982962492,-0.12807749125967832,-0.25113659095963825,-0.3234424285742734,-0.1880984768118462,-0.15237231453200592,
-0.03614112326597249,0.02625539580496143,0.074255006731965,0.0843946822809377,0.17625344134614507,-0.02296552855039203,-0.2241561326492951,-0.020148310734271285,0.031138631196375784,-0.1917669849388234,-0.02738232039406452,-0.1673955234855513,
-0.02902785217496956,-0.14711092456726185,-0.019827073329605455,0.035491261130343725,-0.1437405627081062,-0.028895539794381222,-0.25468645230495884,-0.2629392422949536,-0.22645236522792073,-0.056147991201907256,-0.02633346040209285,-0.007480565795545705,
-0.13393667067327045,-0.02610183991096063,0.07626722065862822,-0.004327324001668063,0.07417570871858059,0.07986831629288976,0.28267263171777307,-0.0805596301050479,-0.24892574858982142,-0.013572321572426558,0.04063371399188498,-0.017630173902936606,
-0.17736765282627528,0.15395415253093453,-0.3610216278364805,-0.05176461888075688,-0.2101656914932004,-0.12879269885952205,-0.1391413014616833,-0.09181137705859767,-9.190099971828529E-4,-0.23746005707977308,-0.01816791427608781,-0.3658991285593579,
-0.2616502985065985,-0.17970016611375858,-0.08084200394866815,-0.2300016848479804,-0.051972532592146244,0.05406567142179728,-0.24319853543277092,-0.1979470002587838,-0.1253831136940869,-0.050685142697420145,-0.05324882888191251,0.03896329685098742,
-0.06944497567122562,-0.23396147570965994,0.03776753380957397,0.017551232800029036,-0.022998757395697112,-0.10757933960529603,0.08908518783013103,-0.010325659480422716,-0.14085716519419905,0.08525387223810386,0.0638095654097242,-0.2578165318506745,
0.05950057743533261,-0.035101433657397686,-0.05386909544584056,0.007688993463139964,-0.22164633586255492,-0.358541386145949,-0.09795354654978329,-0.1326065274789509,-0.17819590737041469,-0.3281670372846001,-0.3264541560421028,0.08020783656032222,
0.14756899338466903,0.0017537731444273036,-0.2938847040978023,-0.19087438561731238,-0.07663229729070302,-0.01623501316226735,-0.14114159600023862,0.09173489412461679,0.04711323414128377,-0.02221397259020344,0.11262734524314688,-0.01945875802129449,
0.2559210047328343,0.3830469682585669,0.3373559249709793,0.49887241820403555,0.36450999605328244,0.6047827753402525,0.5187887396023938,0.49389779318574034,0.49701176193395613,0.47206605696056825,0.40467849192039657,0.47210774265386557,
-0.17172045585592297,-0.09256528997365597,-0.14268948888301058,-0.14512664166885297,-0.07886332821832928,-0.05499100364078894,-0.21973913261931513,-0.06590456157618994,-0.10489033194904367,0.003992304424420997,-0.031118411996513093,-0.19562408648576277,
-0.19542108651299023,-0.25654118325933706,-0.07064801289370418,-0.2676901395572045,-0.11028620934058543,-0.1808232451001868,-0.23516678198032082,-0.2700928143471179,-0.11169800463736197,-0.059098408443708283,-0.5014752101321305,-0.1676988601752124,
-0.3782655724709648,-0.2297044424962444,-0.43472550940034815,-0.315243030911485,-0.4242593698419475,-0.3881147944703321,-0.36145808369721094,-0.3769384575395966,-0.30972768844869236,-0.22005519418324604,-0.4066470788386615,-0.30605409255013943,
-0.09067728420558424,-0.1793043255135672,0.012141313011560177,-0.11973878682392487,-0.1717440553213067,-0.109257577751351,-0.1951415904090878,-0.21424924150918104,0.04365407687342602,-0.1683030092533041,-0.27699698821787977,0.05639221021303658,
0.6349508816820573,0.42672733677917724,0.49560100229387444,0.33024489980245164,0.48590424285451206,0.23190005367705097,0.4038210559252913,0.4368582943382564,0.4686133900616175,0.5025020730170859,0.4546146755205043,0.5078372299456665,
