# Pesos da Rede Treinada TxH=  0.1 TxOut=0.09999999999999999
12,27,12
12,27
-0.35654239299483104,-0.44188901038890865,-0.733981142077005,-0.8434715987550653,-0.519544705773706,-0.2484317701499124,-0.5064348423293986,-0.08432032154810974,-0.4226245549362018,-0.5829069261976719,-0.629850836766674,-0.4826835877885382,-0.47435516205900397,-0.44402450672104904,-0.49662621832123227,-0.5810579818704628,-0.6040859436404239,-0.5967819876784176,-0.5411900373293383,0.1558443657965397,-0.5895004726829968,-0.060331185568736845,-0.1094830218915616,-0.2948843091743864,-0.29670456432706543,-0.542275503699885,-0.43147874193695307,
0.2245814060949308,-0.6552755385330331,-0.30101359982801756,-0.7128483535339862,-0.11150721463957397,-0.5415223297573803,-0.7968293833279148,-0.3959761496270278,0.14601822911569493,-0.31893407445608835,-0.5371274202075592,-0.21129290846642207,-0.18948924060477418,-0.19027323877415042,-0.49556373985744884,-0.0630896806921944,-0.7177310791699436,-0.537432169422165,-0.24609861731411106,-0.8145597768871944,-0.30889219390143124,0.0021656331020932394,-0.2262180449184591,-0.22941002054561335,-0.44555464781716075,-0.5542868344462455,-0.6162595607312863,
-0.09187562759169476,-0.7144409473293704,-0.5933632203011245,-0.5848696914421233,-0.40365547059853,-0.6127894579211868,-0.5651620073940957,-0.05567623527582174,-0.27654363590272596,-0.45002196436795305,-0.2294615047190726,-0.09030377566082304,1.4981882973262182E-4,-0.27384126044036905,-0.648775840895986,-0.38464561813160325,-0.6594761953344163,-0.6682650524951698,-0.22090726216063467,-0.923475699965603,-0.19914284730833895,-0.35592728040366584,-0.25042016280238,-0.22262937052433066,-0.17367404347880266,-0.18506235494829235,-1.0724974511772583,
-0.021837118110818367,-0.634962909410958,-0.5680932835962639,-0.7288710393090398,-0.1638522429359327,-0.3912180397675118,-0.6716408505953768,-0.4109679087649689,-0.13474531199655895,-0.40743395608289945,-0.17917642130001982,-0.002912375080545667,-0.10688106540830812,-0.3626941349306238,-0.20690007757056686,-0.4181117202942124,-0.6307583506947165,-0.657658648652283,-0.3045950820949277,-0.9630668551831871,-0.3895327036985444,-0.4155681360317406,0.08308345636203383,-0.1685539755003037,-0.3177757984171736,-0.2788573174230795,-0.7832942215853669,
-0.2878494708414454,-0.4590924195467109,-0.7006734436846015,-0.5882018434518592,-0.2790604048905493,-0.3088886972622568,-0.640279210897228,-0.3442801981403944,-0.05018813441167909,-0.4619864433231753,-0.25688770709446407,-0.166615443211856,-0.42062797583486045,-0.11804116129377037,-0.37878433529808575,-0.547991058179079,-0.8408252465298758,-0.5493774685246388,-0.2962843802813093,-0.3879054683484893,-0.37395648036958795,0.019633957201314084,0.06869809611142147,-0.523886656947123,-0.4197828896075706,-0.2909129882230877,-0.7115461503889938,
-0.30132342543906776,-0.5712758334538511,-0.2986104138581405,-0.9198894826636299,-0.34468662485287865,-0.5374112277049147,-0.6708718703657102,-0.22731583454156126,-0.31452883806421955,-0.517213757382473,-0.44177573299146533,-0.2438313461897104,-0.38941322764608977,-0.5287760488827251,-0.43882189779919234,-0.35925073940228724,-0.6461023628534412,-0.5320366492133113,-0.5005563235727162,0.46634676131596164,-0.3162011103358171,-0.531377830918331,-0.5186560280281347,-0.5295053722616339,-0.4800730884547388,-0.3569463490879551,-0.5529535118976961,
-0.4153229415466633,-0.35510633115700885,-0.3762631564564929,-0.5977641163845775,-0.45202470033710107,-0.680227310931783,-0.5177408130750207,-0.5436762620482624,-0.3544178055779325,-0.8029104538677149,-0.6114303339423502,-0.42996395979119034,-0.38664892046869376,-0.3037997359143836,-0.3215739571975505,-0.4032788629279011,-0.6426399529539812,-0.45350564067675936,-0.2938007884279893,0.30571122836147463,-0.4986588922918289,-0.5537647287935744,-0.348339595038111,-0.32622544424998295,-0.23356688208500612,-0.6199880603647259,-0.5256312062147381,
-0.4723420798188,-0.8519038212956693,-0.7526742387527078,-0.5602985417121366,-0.2685606441785786,-0.48040301588413203,-0.614537497332395,-0.49102552458506404,-0.3234570398939716,-0.5246721346767086,-0.5448388438483839,-0.38803581259895314,-0.10386159692571217,-0.4353567398071314,-0.3711978778698424,-0.2648083627351819,-0.5550745425026317,-0.8057973546928971,-0.11128392505578799,0.43556967396983853,-0.5606004042062485,-0.4906386378549447,-0.4983134663021816,-0.30325506583831896,-0.33645859876585116,-0.3035684670629462,-0.7278374957371122,
-0.4471162995781347,-0.8340122666354114,-0.6042000754211585,-0.5050078239412487,-0.35403617032527235,-0.6990295155896613,-0.5664879709065046,-0.2487670705485851,-0.5919003267514861,-0.9006866404887707,-0.6604444382268376,-0.20229273294853414,-0.5703541411337593,-0.337907433691984,-0.5106247909458537,-0.6185654277340454,-0.9228960426106212,-0.7368231567435619,-0.3281494526376677,0.8924464288489052,-0.3635550167934848,-0.1600173071650526,-0.4786776765177116,-0.6491003467854566,-0.4319990778209286,-0.34157866047285823,-0.6323062900985651,
-0.35201138139674154,-0.82196790251685,-0.6856367330394458,-0.5716376722001182,-0.30839325922693217,-0.6496356849595339,-0.821710219821071,-0.4758146642298344,-0.6687973330788304,-0.7798421836951561,-0.2306949035375173,-0.5936056137249033,-0.5721637180562906,-0.5238174403624777,-0.744938726988163,-0.4529833453485572,-0.7141940623491064,-0.564861396734245,-0.3628535667749888,0.8567738400673993,-0.48399398113954406,-0.5540636259075478,-0.40024727002175164,-0.43262037699961964,-0.5079123312693782,-0.6523549048146656,-0.9590311108889128,
-0.6126816777495632,-0.38447660539043915,-0.5590783203341748,-0.7348681642884071,-0.4624017824639995,-0.3444775340889419,-0.6095745444708885,-0.6112469536034789,-0.21841562276642087,-0.6803734451694045,-0.6163349805424991,-0.38754711370681394,-0.2720322246770288,-0.663202509328872,-0.41963817227933164,-0.24545663460224104,-0.5561002708162173,-0.8114263149733596,-0.2632081032894216,0.809739548213375,-0.6150537807173471,-0.2784856943691924,-0.4693031925689078,-0.6300133381786891,-0.2783765152716975,-0.4444916422450361,-0.5013053445320133,
-0.4098967707219163,-0.44055710483709976,-0.6053851466767505,-0.7738244001460108,-0.3826769174299334,-0.34047860912995004,-0.9771284854242699,-0.45223786116973286,-0.41800392564937133,-0.4586384899113508,-0.25580353915566684,-0.5645519848433322,-0.31244860510136263,-0.2583451705042976,-0.6711525414428172,-0.22745346786259607,-0.5992134143641703,-0.41342308006525824,-0.4268511164361894,0.293040904591825,-0.21553798760154871,-0.5489589539921508,-0.5308958999111573,-0.6354853262028184,-0.5543988943955952,-0.5461293977037937,-0.9161931950394935,
27,12
-0.3183473297495307,-0.12832865214498787,-0.12068108349764839,-0.4706798943771434,-0.3137374894044493,-0.24378762759323402,-0.5173275086525808,-0.23190296179184766,-0.5944378669449951,-0.5014677213858874,-0.10577174807210662,-0.4343496562095287,
0.11414545114088509,0.17129164227463267,0.2772819375830691,0.2818330867073231,0.1974987443213864,0.4400668131751352,0.2704349704326646,0.30485245687589296,0.07364217652934739,0.3992642296223539,-0.09103986513525092,0.01802361817441541,
0.3550105095719879,-0.09176017857914902,0.12052176828807362,0.3136484382563126,0.26049059942706776,0.3174176560489336,-0.01794573791320438,-0.08314741646986322,0.33920979759669606,0.14633060161882228,-0.08190311255738594,0.2905872295991572,
0.40928495059216785,0.41852103687709985,0.18234102296379867,0.0902992017153538,0.26048263510987035,0.18226892979075124,0.6426696733967342,0.42601242908331677,0.28244557172645246,0.5248857928451945,0.4396105280767492,0.4094072427369187,
-0.33971779144344755,0.003172325865970822,0.03567470133002004,-0.3063713797647845,0.03022084658936964,-0.09442729218141806,-0.30235149435555797,-0.09056241310485069,-0.18417859947582915,-0.29302084973849213,-0.34792593640932407,-0.23202164581567258,
-0.033823751354795144,-0.0532462550813154,0.16881451698684025,0.1676276608211258,-0.15165764983098032,0.07098370354936008,0.05974280440122976,0.019382833281253745,0.13381882547136686,0.11450015346659732,0.055952670478215595,-0.0020428078504299467,
0.42411702264829526,0.2553501431937527,0.10018231161507204,0.27528411062281904,0.1644102106805058,0.38202418327810256,0.2480713039103242,0.5327780133421411,0.3914690933191223,0.5112841150738148,0.4958396622897279,0.11847702636140413,
0.032698440180299736,-0.06726773145396418,-0.14445418801329982,-0.3207188520393377,-0.051608489437519486,-0.264591985552821,-0.017610783859376995,-0.2640601776195685,-0.09641239019011638,-0.12446377646162365,-0.18242303256377837,-0.0635318203045914,
-0.4782546402971385,-0.2151993711263988,-0.17942641760708386,-0.3007398216188092,-0.18242886953372717,-0.30215226622604746,-0.434570270879384,-0.15828607283193735,-0.061082243320279346,-0.281020706680661,-0.48606336691460567,-0.3968175614471344,
0.318801620850488,0.2929698682704519,0.3031050616823097,0.0025491805835161554,0.32886223365312084,0.0960803815121513,0.11519225961749519,0.2123393442395019,0.07795397473088533,-0.10990932136275097,0.358906807122398,-0.009389834634572826,
0.035197003685526265,0.04079922996964012,-0.06454114126195022,0.06153833350505582,-0.14678216827667734,0.003085550863735927,-0.030028583274508157,-0.26873802417362896,-0.26841848585865535,0.18906512560979905,0.08325136205139672,0.03556270003867933,
-0.35546979475065105,-0.17724784585452114,-0.3819774626771965,-0.03584957304379761,-0.3241278814392734,-0.2972329901270397,-0.18729555759370567,-0.17424849205149875,-0.2710092295730479,-0.35950105925437,-0.3897365671804792,-0.14006289260146845,
-0.13857888248104985,-0.2750561406692559,-0.09772597364699863,-0.06350903880659955,-0.2892910877242943,-0.2264625089010965,-0.019374960850326882,-0.32914133863258893,-0.39906934541893746,-0.355520971382907,-0.42315614102839866,-0.30815391211772325,
-0.3518126899399184,-0.22154192934100905,-0.2484105334395198,0.05558232913204374,-0.23073740436985418,-0.06977509296278182,-0.13830016983555016,0.10626862402430988,0.028680333467407837,-0.16736700301828483,0.09840821342507906,-0.25333073006546675,
-0.20115191965397175,-0.0036132324989132853,-0.16995525931943822,0.10606649681324463,0.005306000281662264,0.1492961503787563,0.04631788602591131,-0.006121356707478395,0.26043636405750775,0.09003404960392186,0.02693425919063618,0.07095387114116113,
-0.1661983039655579,-0.11677373811743182,-0.06354677362154153,0.08745172526632009,0.07833263117192232,-0.2743090326511999,-0.14045086748108496,-0.1195811462463633,-0.13554579326794491,-0.19779579711595066,-0.2167445301656374,0.14952366288963115,
0.4238792810095243,0.021739697367453015,0.4889684529525795,0.21844745994523543,0.4099121743284489,0.24070552060273437,0.35032122930560367,0.28322075468354363,0.5268079899320047,0.2537814831087003,0.4994206967100731,0.5082666500941418,
0.1523945127391535,0.2951398208438005,0.08505561896472216,0.32097858140871577,0.08350440343021959,-0.00770855550481651,0.18303938446361628,-0.031245149260997803,0.4371382674997488,0.36817688634571605,0.4411760196607068,0.35747273880551417,
-0.012211269231102617,-0.37530227748626077,-0.1805499099324726,-0.43711688797330245,-0.24120341833005235,-0.26714144179805793,-0.3075444529338172,-0.34154022799427797,-0.3181649152620523,-0.24557318878523957,-0.05576976807403174,-0.3165408769276461,
1.1823085310167123,0.998430205656357,1.0889303372407293,1.1154502329773608,1.152488620574388,1.1522264248477008,1.187096236834711,1.2094444666758597,1.2564761083677467,1.3188820487895918,1.269241841460693,1.2194408699603974,
-0.04501370171462266,-0.19856678026918417,-0.25610498031314965,-0.3013274545808856,-0.03559575248311139,-0.048986278726030695,0.04909846722554611,0.065154222550795,-0.015064124275534456,0.102753953843974,-0.12594311494387264,0.010060983311290336,
-0.22131025234789084,-0.1185031659693069,-0.22794699901333282,-0.1931823566324874,-0.45123334172282675,-0.1256371169376942,-0.11985103497312875,-0.3504105372131585,-0.3317742928652054,-0.12482707803753228,-0.23852360573304632,-0.04246670119518961,
-0.430551504253243,-0.26859067667751385,-0.08582942465144945,-0.24262455604290534,-0.0739378064967077,-0.3888418511103388,-0.3671925857518993,-0.18443307230574085,-0.19711875346291613,-0.47499581297581317,-0.4118957056068902,-0.24032346962599146,
-0.13733968339664845,0.07563249530864798,0.007251664888076057,0.14352077677852543,-0.12392876238770055,-0.16470507935933862,-0.10642044346609274,0.059508980414666436,-0.1581079506463428,0.02221339183997626,0.1774569192516784,-0.3136691345142141,
0.11457001839060253,0.05293670911192065,-0.3381406913086828,-0.038829769335274225,-0.0345206053654888,-0.06879885599626002,0.01235225286335425,-0.2750555396055488,-0.27506966374416547,-0.1886611959557058,-0.17653240466910955,-0.087566109912712,
0.2657896973687304,-0.16395105285826564,-0.2085502822495365,-0.10441158105935167,-0.16603512780462176,0.0793142032271278,-0.06894629451687534,-0.07753025548031688,-0.01348350863792458,0.048351344276203884,-0.11784369001027989,0.029904787878154728,
0.3213202948139053,0.4109363112232855,0.4726737210824491,0.2771546121729091,0.45481205564194277,0.6314296289219158,0.5775614048866774,0.550081759178248,0.49836602519166623,0.418788056266093,0.5940719409664947,0.5790734677877294,
