# Pesos da Rede Treinada TxH=  0.30000000000000004 TxOut=0.07
12,20,12
12,20
-0.037586670628373224,-0.4345097618304518,-0.3104807144723278,-0.09162011582029651,-0.3089947342747338,-0.3602879073693897,-0.3015320972720288,-0.3707976284440261,-0.2940129001982197,2.253775580133048,-0.11969888723864615,-0.05494640905906784,-0.20792113829067743,-0.2912159984688758,-0.17941023916391347,-0.44519377567388396,-0.40212890407741453,-0.012730340411785994,-0.18229877864833888,-0.21808252054709423,
0.2702133462583618,1.0023506180029258,0.5459418059559501,0.5284681455298079,0.710096821639886,0.6187992329038432,0.535178074495877,-0.8093689272981737,0.4870002848147416,0.8085863116095683,-0.6740914016504639,0.49246731927831705,0.8324887378040601,0.7803721784556668,0.5318159510630953,0.5176438860480959,0.5173566270580005,0.8353273904896448,0.7927750997879932,0.40495917306771234,
0.18240211396739053,0.9997824477691123,0.3846031123327344,0.4231059581823363,0.8713844061228652,0.9675691827502642,0.8327699513673863,-1.1365058224504547,0.5636625258013827,1.1558260756418302,-1.1080652165798004,0.6329052809201007,0.5119691486892785,0.8732328635438573,0.40627965976657426,0.8022465464798615,0.6247272349116912,0.49205738308903085,0.5851321429340535,0.3792421653909334,
-0.00566969817998989,0.40918743570926724,0.47759441490801674,0.31351763096115004,0.21209831910857666,0.17165491065636937,0.17264632514340605,-0.6228596009610904,0.40331837750296345,1.496709835813102,-0.7613779102909799,0.5502871059695905,0.6018797031128492,0.3161583810938653,0.17177588314467596,0.43581768630342316,0.6295491298568968,0.6463757472429188,0.5106633806199954,0.19747786773727294,
0.1922514720336289,0.32521259236687,0.2977810996673703,0.04008693197932885,0.37126221659574193,-0.08912360274367363,0.24860000018494968,-0.3229729347043536,-0.01968722465325195,1.903762315531239,-0.5320310693225941,0.3544959011865418,0.16625587482124127,0.1080865197696958,-0.03667874580636229,0.10401581025238152,-0.015812299342862175,0.09914069341501808,-0.016317454037513873,0.19224777207204982,
-0.24406340607029123,-0.49083756735724576,-0.4707789046697658,-0.3140862760839247,-0.6641571335215205,-0.6151697478619851,-0.6429419514469279,0.019915783599884166,-0.4056530718998004,2.3056035387693736,-0.3901581579311227,-0.4035631768285881,-0.2915231548856361,-0.6392401007662816,-0.6218660905880119,-0.6299248451887496,-0.42287388733763376,-0.5208973635819506,-0.6371576772110135,-0.3567177911408177,
-0.621209973354802,-0.5949018251549671,-0.43656184558142114,-0.6441479650902903,-0.8113330750440785,-0.7871611299911024,-0.7375791594370994,-0.3568169411032421,-0.36431064673085173,2.6769073714237033,-0.28332066137965034,-0.4478842592990324,-0.6902377826402397,-0.4919002970767219,-0.7906429794853008,-0.6129063249123585,-0.6713060044136305,-0.7905636731025143,-0.643249082177141,-0.46106437154134655,
-0.5341450404716048,0.023662475521107878,-0.27144429264457065,-0.08954172753036188,-0.13063742922154858,-0.12978143095921646,-0.3405516450035767,-0.8264183430231915,-0.16802012694193275,1.8718414056447814,-0.9457686012899825,-0.29615065249642125,-0.07278477924860066,-0.059929829298164886,-0.2247665576151203,-0.21684147962728126,-0.0760926154340488,-0.39794131017619144,-0.07808920349123175,-0.20131767586011934,
-0.6588555387729312,-0.990513062602355,-0.7592134718048195,-0.5930822879534591,-0.8246262867382479,-0.5383640597296339,-0.5507315679607752,-0.5145970684270594,-0.6560182668624195,2.3783129086946397,-0.6198385528175469,-0.9430050864091614,-0.9256720506377981,-0.6776122557420604,-0.6402035028078886,-0.48539378239316466,-0.6982324033892036,-0.6822970734755762,-0.8056372451406361,-0.9601446129450586,
-0.6554045702100143,-0.7830897392984848,-0.639322175850446,-0.9184399884812752,-0.7688785349913374,-0.6122629044205066,-0.667328289747504,-0.44367431390421996,-0.9135389991162284,2.2959114255432524,-0.498315491123808,-0.8945978652813252,-0.7240488692090056,-0.6703444991049392,-0.5932017408219854,-0.7999537198330189,-0.8597265784364652,-0.7510249363337372,-0.8058583342155304,-0.4825982684627993,
-0.5142453951846474,-0.887142978839415,-0.774001290867809,-0.590599862565588,-0.6090606176086025,-0.7724009628055296,-0.6168865827662898,-0.2368316959581709,-0.567574095297569,2.256074136606628,-0.15891082748499025,-0.8514932997738134,-0.9428641109774303,-0.8392407110200307,-0.74028754808695,-0.8264623414362594,-0.8748116694696993,-0.7025120606338616,-0.5406799329166466,-0.787099594985673,
-0.2538303284322146,-0.6576373450299666,-0.5076800816039031,-0.6064712310898844,-0.4333298576567875,-0.33441378147306006,-0.5468248819514985,-0.1646405488455612,-0.6400703819939197,2.2851290005860263,-0.4391562752228566,-0.6262530584212124,-0.5210045937152727,-0.8085827028457362,-0.1914976995334054,-0.32279148988187933,-0.3675547208502626,-0.5467752128795041,-0.6078547630557721,-0.4857582642143107,
20,12
-0.2992302799199229,-0.15619598888959504,-0.4617007502115084,-0.183912686092652,-0.2171632909908653,-0.3010630561974145,-0.06723479869443924,-0.06226149836015151,0.025665523149991928,-0.020013971611518126,-0.18419622867988503,0.015856064181145192,
-0.19499556473799914,-0.0015731374627268309,-0.30084158283375534,-0.2933709577946701,-0.1333742316268131,-0.37836881809981276,-0.14736826084862498,-0.3431081616663142,-0.10954853162956668,-0.18150127426527246,-0.1993640502046782,-0.20987565579530604,
-0.19865976446587827,-0.022040343499973494,-0.2648580815928948,-0.2998659683748395,-0.13891407251073654,-0.0635660117777393,0.0060858341045814356,-0.12379434879995292,-0.22035341155676805,-0.21086462876683046,-0.4476418055067056,-0.013013964775309316,
0.005822772175867246,-0.1059640307380571,-0.24708675666920454,-0.2294315736383793,-0.2651749428922662,-0.15306898097672422,-0.2887887586746165,-0.09353344933076657,-0.24415098099062152,-0.20520725618274047,-0.10491975660279897,-0.03860959180956536,
-0.13002820629046494,-0.16692873262835253,0.023654375238095087,-0.019832620434338616,-0.047897682160694184,-0.11930361118096566,-0.2922312773537326,-0.17159345745881874,-0.38238954741590936,-0.27872660650508696,-0.17939594625927632,-0.17151088925687843,
-0.0814191570493802,-0.2377027036224727,-0.10740040666520728,-0.027979572226975703,-0.14438646198119454,-0.07381207477115301,-0.3038564372835493,-0.06602940780594214,-0.10943110265946085,-0.2469920412432407,-0.26391789422467316,-0.2890879567449255,
-0.15589740151280446,-0.25121574623472603,-0.2790315066267725,-0.014409586499903385,-0.14720273326580385,-0.2609212363988516,-0.1510618488933035,-0.25196045246584564,-0.10606920536502404,-0.15299652003910502,-0.18392592601078117,-0.17850840135229828,
0.42807568424715897,0.2956023704996157,0.40661612605398334,0.43016303636207465,0.4109581268057115,0.4436350483527479,0.5589578557333432,0.6032035069688741,0.655698995358852,0.6381438196400601,0.8110334298229895,0.38445639624999883,
-0.18675298329195944,-0.19931608132203657,-0.12751398280871393,-0.31896642463698155,-0.2662643669697594,-0.21967618930120386,-0.2697417482073271,-0.08157180857870393,-0.21096663846789948,-0.10178845358115661,-0.051874182054862834,-0.06483606172495907,
1.073602160035246,0.8880000802545867,0.9744463052449489,0.9737089964225969,1.038844969846427,1.0637973797672797,1.1043719107013377,1.1365912423197235,1.153736028394707,1.1954571791286273,1.167917690423973,1.1438042602763714,
0.5359047047851372,0.28055914154806055,0.21053607938679167,0.06519010519778115,0.235430731240498,0.5358133161595646,0.5071043199260472,0.43008233577372873,0.5151215502337363,0.5908249265340095,0.3415039531318038,0.6888170291849498,
-0.09989133951625284,-0.0093861927222462,0.08679191053135772,0.07222845788731769,-0.07651292143064498,-0.2715544971323143,-0.13850408169282824,-0.18624438675000396,-0.29363198777044375,-0.4046074164743815,-0.16184728260963394,-0.3236589834763379,
-0.29041189550060853,-0.22245924826081906,0.12328874937145794,-0.15451964825749762,-0.17706307415252082,0.01971345159625413,-0.11609578163595835,-0.27264361413650123,-0.21771902051318912,-0.21496666623573746,-0.27035703591651533,-0.3275578126564681,
-0.31593201114100744,0.046417308203074555,0.014269030717344216,-0.06202791489484828,-0.11251402331474716,0.015047101818597874,-0.20453042458128706,-0.12660492164807635,-0.2811570192301962,-0.30700344762373183,-0.22448482709808099,-0.35946506354724395,
-0.4044490543003438,-0.4285649897617042,-0.37215038958433716,-0.3050235718037415,-0.28054966012210353,-0.11129614377206513,-0.038000727472018776,-0.333013844067304,0.10023684778387275,0.010777464434696866,0.042273712449671486,-0.25551074082545094,
-0.2349865291513017,0.00954211169064286,-0.06359311484459143,-0.15909840934533911,-0.16687343859270734,-0.008700955921998718,-0.2998060639475035,-0.2618822670921517,-0.281346144606257,-0.05273520608444103,-0.32185116793741575,-0.1209453305985123,
0.0152040603532723,-0.04473602915285327,-0.3594149523678844,0.11126465838647462,-0.06087220909382623,-0.34054978519134327,-0.3455149027091885,-0.07550670183286282,-0.22249227868344637,-0.19959974074263498,-0.0952017463816153,-0.3474885551074371,
-0.02973809724935559,-0.05484388787705924,-0.10964134245716356,-0.24883045792024894,-0.1852646035729325,-0.2836131476665492,-0.025319427020943336,-0.2604188853954411,-0.1736939819635355,-0.12516146948453188,-0.33084205353064255,-0.2713526961266756,
-0.306406099951873,-0.3185339252108813,-0.06118749213841853,-0.3262406906560899,-0.19071059174927663,-0.22249517004011635,-0.11138781819034184,-0.19516931218888658,-0.354952092723819,-0.2397548878013619,-0.01526263746052829,0.041663523121319136,
-0.034111909359351156,-0.11090182325731748,0.02288543517418155,0.051786603654399396,-0.03502825328474136,-0.10706506164915462,-0.2543171384946954,-0.1744726372571113,-0.11674319353709298,-0.40597747525768385,-0.2578161122750981,-0.1598150797715567,
