# Pesos da Rede Treinada TxH=  0.30000000000000004 TxOut=0.02
12,27,12
12,27
-0.3896882664292534,-0.3100257316089143,-0.45478271760531186,-0.2084869215546094,-0.13402381656112838,-0.1827210763341991,-0.3070920494680096,0.21261133540879343,-0.07938266793263739,-0.30370163075444917,0.25225189170610024,-0.1877327975902642,-0.13727105133055836,-0.21532481978177903,-0.30964409760457196,-0.2230652877691964,-0.009087243101434031,0.1645748750331648,-0.3066248409932979,-0.020874858301270373,-0.02562015829022046,-0.24240500948893595,-0.2897374078006987,-0.3987069972079584,-0.13886273008200203,0.10592451183863058,-0.03153831748902729,
0.25978187534192126,0.24147611523795934,-0.4290163407399465,0.5493754936972643,0.47371015571237035,-1.0056835554980172,0.4241488091348841,-1.2202350114680653,0.635968042037202,0.26186179761305095,-1.1560587406828344,-0.03290917742494759,0.3739028938104748,0.09683733121989796,0.8799486622685787,-0.05988349148038522,-1.0188240952961178,-1.0351464046234176,0.03351312336662589,0.19799997560707902,0.24885349472298443,0.44937430821993946,0.23676196283571413,0.12682310440658157,-1.3491981922225207,0.4266515294334097,-0.7986642532269761,
0.290073619176833,0.34356800311090946,-0.33508966045738353,0.2569108106978868,0.33310060557641175,-0.6732676930033837,0.15861440974471286,-0.8454921975635258,0.5358142808640612,0.5093723126887092,-0.916985094705606,0.055789770362910836,-0.04328375950915572,0.17005390328506775,0.49390717825024677,-0.06755432164781562,-0.8709967412556275,-0.9003218179574206,-0.07626214057623144,0.28561727342041743,0.5974179640638904,0.1137894368661556,0.04502315988251829,0.18155508423041944,-1.0571327188802102,0.31908532949454965,-0.7759897317638608,
0.47538534689874345,0.27697299142873727,-0.17595876216435904,0.11502498835730211,0.463162210078975,-0.891783537365113,0.17566513220998797,-0.7167601396172516,0.4515303123922183,0.6363247793593264,-0.9241794680494994,-0.010128237574237848,-0.009603879116401422,0.09336880178609472,0.4847610904735149,0.03905943934725192,-1.0883595754347286,-0.9185036324308598,0.19647322738986026,0.4726979639975777,0.2483147620429189,0.08314310749067688,-0.15551805237967628,0.3526809092112203,-1.2521650265117028,0.2754382328231519,-0.7972794943138919,
0.1836807461622803,-0.13489663451560693,-0.15370769979247512,0.3922247521975642,0.052985567853879645,-0.4498632915809314,0.2256715061791045,-0.8008160432733384,0.020284605679441844,0.08674286178018993,-0.7501444962059277,0.05937305194096304,-0.0804681232423461,-0.004931670690051162,0.45530152520906175,-0.10748072119740665,-0.44263775471415784,-0.8217603716572615,0.15061275475850167,-0.09916053195689833,0.48585220416520813,0.08451095826769034,0.12279786811965164,0.1922954588251269,-1.123467883887749,0.5910513094837958,-0.7301704314124681,
-0.22541494821467603,-0.15291358176178738,-0.33312462957038874,-0.48547352595769266,-0.117938618150287,0.14110807614958376,-0.3846520121426958,-0.06691377070177766,-0.5442139640724828,-0.1551084807465577,0.28269771665075427,-0.41959833397717444,-0.3583537337249844,-0.402633122995092,-0.1675625535942561,-0.2031926882270581,0.2326230921794932,0.07774378605640468,-0.5313837898463131,-0.40104999430191074,-0.17630850814079968,-0.2455406512545142,-0.13316361969067173,-0.4731444647073242,0.4490058392220045,-0.2747746136491112,0.03325922500455948,
-0.43910249526883377,-0.43515408798288846,-0.2384668655322308,-0.40823550240432144,-0.28146467417399357,0.3073695970486161,-0.28475821487112374,0.2910789001287225,-0.4595978242257204,-0.23393255832523044,0.5735314786114633,-0.41842473078352066,-0.4295975411788752,-0.4278628573623673,-0.35029017587391437,-0.24536054674399466,0.6372050541301264,0.6223670564344251,-0.43077501200805957,-0.3180471745512896,-0.5813421546945556,-0.5873193130061263,-0.5275794915280003,-0.3436324602540254,0.874190464945805,-0.543171411828099,0.6207758345818966,
-0.2171129813525523,-0.13316221661628713,-0.4595845833529649,-0.15306349077123557,-0.3806156199640052,0.322717352114999,-0.29648925606174137,0.32185065242226946,-0.42435760817040324,-0.08459622609810387,0.2620476183909066,-0.20616123740909367,-0.40892518445787573,-0.3651007697379408,-0.16419535121362844,0.06647517481204812,0.3254533664994073,0.34603469513435203,-0.01337704813356655,-0.38391050765707546,-0.5036197720697587,-0.2245288613440284,-0.19863197990758866,-0.11900985517308847,0.1404665440721618,-0.07790950519346494,0.20929137812224596,
-0.5807737342820062,-0.5826194686183596,-0.21672819865143542,-0.6604978524966155,-0.5423581706762313,0.7786461187263074,-0.2900893462820128,1.004052216016286,-0.5840791341569301,-0.6762366271671544,0.8412724621421473,-0.2874303142369408,-0.50803704432995,-0.345236249776935,-0.8974514451440863,-0.2250821988922455,0.8353810191440991,0.9008688501759974,-0.44214881839146664,-0.6791731259244796,-0.6505379595073439,-0.6597634783820062,-0.3195228373922493,-0.8095343448717609,0.9720607287847551,-0.5001024229423988,0.7828009851617999,
-0.45197504259821314,-0.6415201975501968,-0.05457551964247078,-0.621705103850071,-0.8696704658473376,0.886027219692468,-0.6849403003277967,0.9238107452382518,-0.5170227478066667,-0.7688043659121903,1.1127382106619828,-0.4945101617066865,-0.40291994230952577,-0.338874143958772,-0.6584393388628752,-0.584265832384284,1.0876963109777977,0.7649198109222297,-0.3450048362932594,-0.6714002975050426,-0.8455445475553179,-0.6346602517779633,-0.5709916985110531,-0.41725375494057804,1.4052968788403581,-0.8680877530113009,0.6303504151217616,
-0.7969293148211781,-0.6609416399188056,-0.09220085049126046,-0.78319880824421,-0.6254035730877766,0.5039320573740426,-0.657396879789411,0.7655723068181883,-0.7139512803456879,-0.6272141012978076,0.9621021904407028,-0.16526679788142787,-0.4375646857026664,-0.34986886584405213,-0.7242804549436075,-0.5405805563620676,0.8822297304484237,0.71611121760429,-0.5875045700219278,-0.4613783497457457,-0.4628812921357329,-0.2942865194159992,-0.4856354895902775,-0.3119574647712973,1.107658503995893,-0.5999061203755988,0.9352695056200973,
-0.3516184487219076,-0.4644441104742548,-0.04555564289769167,-0.5042909815806895,-0.23819319242203865,0.35727366455124493,-0.49644717599694704,0.4197243858818646,-0.42318145399420354,-0.541410073855441,0.32843922357799465,-0.2808529208873851,-0.20370184205622263,-0.2099207542386145,-0.6562557635150972,-0.39302924617641205,0.7886039090278283,0.5119971937667289,-0.14167452210932344,-0.31686095122459956,-0.29906124901256687,-0.18872272556117614,-0.10673774437207004,-0.1953986992974451,0.7499831376077216,-0.4933138269074521,0.5206814497819772,
27,12
-0.2811850388391216,-0.027746469790490266,-0.2664177352586187,-0.005010161709208579,0.047051133157099204,0.05162422205492993,-0.11265473172672197,-0.19170404934366533,-0.2818218127785104,0.16293410814367634,-0.020891359850140897,-0.16706720953848783,
0.07864083690508991,-0.20069337032149986,-0.09024786806192234,-0.2536988417674148,-0.32843421851869337,-0.33896069496286635,-0.013000187519276382,0.01348770661990215,0.14539106924215794,-0.08177541394152935,-0.09803326193936135,0.011857334249065243,
-0.19909731412034518,0.043737028004090996,0.04012197963662325,-0.15134853636920642,0.1119793021791258,-0.1847200188338197,0.19865658100771438,0.13640021381978423,0.006835774817118381,-0.044944525762529434,-0.18235814325287067,0.19016640618472133,
-0.17255194427726445,-0.2086725071837475,-0.12356005950930074,-0.1373710244874044,-0.27067152820723905,-0.007837690356569905,0.025511353002865923,-0.14153370352808006,-0.25277742372966827,0.1530966843749728,-0.15402587160498427,0.05307746685459973,
-0.023998361335343662,0.07925383126882804,0.15904829731347345,0.10050047208396758,-0.14281263375271136,-0.17379714487857134,0.0718189077704566,-0.2622180987508123,-0.15746344244879903,-0.20223266370196957,-0.0036533612847177454,-0.25069958460324854,
0.25888451589641176,0.11472976707559134,0.010671126284571945,-0.05654087533168403,0.09484774949242723,0.2537035376672404,0.23855869573716926,0.09060498683724943,0.34510711312626036,0.16085808252451572,0.11819424816714086,0.15516096117890021,
-0.10900887401011518,-0.18944410754451244,0.03410924367767819,0.11373224781162668,-0.270375281882652,-0.09564415832800238,-0.12049612435009192,-0.27056287053215095,0.1282039989578087,0.10369157783707997,-0.06721078460377426,-0.24964418029928917,
0.027325043139202202,0.13608425581458086,0.27658663870706,-0.0759147741613327,0.24796505579145073,-0.037104507969207425,0.006625538545794768,0.30165621060312114,0.22564283595640694,0.3111696903684467,0.21940694603132274,0.3743125574431641,
-0.0937602464063845,0.045132799788702514,-0.19382874129420244,-0.20361239533074543,-0.09644058197068651,-0.1545615154165589,-0.07414440396928787,-0.02646983814725017,-0.05036334240434256,-0.16109503861322635,-0.199117886121353,0.036697420502428996,
-0.04863152845839889,0.15872976020656124,0.03948946384744299,-0.2524081580450914,-0.08337469648125087,-0.1841208253648735,-0.0043011725745740245,-0.18736844803209773,-0.29113776414287845,-0.1835641125220217,-0.08501120639237375,0.13561845496220956,
0.0016989662359776121,0.2623478119539315,0.28980139099820573,0.3827600533946334,0.21878463775919693,0.012732292647453755,0.2786165750005417,0.22449682530666812,0.40641749654198106,0.2506766646067568,0.08911009965973804,0.21199395256010486,
0.12376637866296956,-0.18275748049353355,-0.049874386406595146,-0.09276543261360802,0.06954616454635466,0.18635333839872611,0.017337541219972646,-0.09803310885004507,-0.1552234004059106,-0.1662280953905578,-0.12423135984725163,0.018637442240409585,
0.13748746904858122,-0.1381570766426301,-0.1321751290154741,-0.26613280149489804,-0.1315025455036434,0.07712018695334755,-0.06796535027113244,-0.06859771693121643,-0.037909377750727134,-0.182915753971893,0.10532273373739423,-0.11468813555183414,
-0.16888252447041394,-0.05838830268820965,0.09929633764683725,0.025497334996513688,0.024320065550919746,-0.1471596788825359,-0.11783023897060427,-0.05407075449225248,-0.147528948158515,0.09286143053646807,0.07734437644912252,-0.1257679398999359,
-0.3543738423957867,-0.11796112722649493,0.13598353496935922,0.11570549128916809,0.1295084938550198,-0.1871056496651784,-0.14190210588150337,0.01670978173048281,-0.04227511072139108,-0.23566060598125033,-0.19112871057241895,-0.27958540381515373,
0.004585810335960703,0.020455256837070567,-0.19065033277439883,0.0012896937147767378,-0.10793949028394981,-0.10809108791424746,-0.23945399239846477,0.018895386347746762,-0.0424463776223434,-0.09017575652801565,0.11314121497251979,0.05084178433187095,
0.3555932697381578,0.17680333544507765,0.21759317994926114,0.20402423757968308,0.23003354329575226,0.38542205105753025,0.18749962999612593,0.39371077724478787,-0.04480792150828493,0.04815699671351971,0.12162857774488187,0.4226719717949482,
0.36894044498729756,0.08866938999716154,-0.11680997684052451,0.29186901315275454,0.16661021938825035,0.36828454032606045,0.22447936032619584,0.1038565517889808,0.2226007003403272,0.38063876623632276,0.19613194760355768,-0.06624640490702464,
-0.08225448573139464,-0.21027901444114125,-0.20454178820109953,0.13646360983821937,0.029300809356770863,0.026770260009247312,0.05795850202132009,0.09458632278630998,-0.06460047009611343,-0.26994043265763135,0.015907922503928407,-0.127081598621088,
0.026115484951317276,-0.21721000530568008,-0.203398041586393,-0.25559979487545853,-0.06131571339026808,-0.010545934943624408,-0.274775853044105,-0.09658817162273145,-0.2190979312029347,0.13364970034610893,-0.08362602569853364,0.08808953430766035,
0.1007358367970231,-0.21885889651001403,0.10636002045764237,0.09648752279150294,-0.05077047387111269,-0.16208982707364872,-0.09868991505983586,-0.20421624724671555,-0.07985146899850254,-0.27214843900366925,0.014113587064589352,-0.18947115974207476,
-0.2849329978707331,-0.15689947557123463,-0.17127014169252147,-0.20258357500079976,-0.009125620130066629,0.11238719326926738,-0.21064096935681106,0.17485881673375356,0.025748612044264586,-0.09366951047805565,-0.1895561257547114,-0.06232255199842179,
-0.09944550722440464,0.18247204992274013,-0.07220510147578788,-0.28009032165487435,-0.06419984129617935,0.14201206570579294,-0.17019816188929823,-0.058402119917663406,-0.012841464689542786,0.00689171005989599,-0.09257650510030971,-0.049542330009303207,
0.1259139504882812,0.1270256015178156,-0.18839144918893835,0.11510396158611198,-0.2018822978305057,-0.192392750949531,-0.11560798690481355,-0.05912651907782517,0.0893289282212028,-0.10840887064782974,-0.12487491276786901,-0.2807686984498223,
0.03445636395144869,0.28443569839284427,0.1987405433234527,0.3360339865598076,0.2338642523964464,0.26662532620968826,0.21749314001527448,0.1892423714964136,0.358278428923566,0.34115794104831015,0.425695083545012,0.1542264659553252,
-0.15192706018007232,0.0975867256764863,0.008631670432911064,0.21961487179036093,0.03762329631892895,-0.019295931217433955,-0.04997703991059623,-0.22672713430749303,-0.10436542741494555,-0.1907280250244096,-0.22747403905637664,-0.17214181227567818,
0.3675273000185395,0.06182414945003282,0.34706727763842604,0.03647229059459538,0.13351281207189078,0.09864564215731085,0.24941111478833844,0.1594842842722951,0.00480489414292428,0.10871985652197054,0.3098154376330426,0.23490065799227933,
