# Pesos da Rede Treinada TxH=  0.9999999999999999 TxOut=0.02
12,29,12
12,29
-0.7011178799354176,-0.9697698991246374,-0.9651702371224654,-0.4400159182878507,-0.8101186355872838,1.492639461031662,-0.6786229884839664,-0.4996160184237594,1.4642831142430985,-0.6270046184096485,0.18008758032905134,-0.48775072176363954,-0.8861873643292099,-0.4794794511218535,-0.5192511974741636,-0.5891019814876371,-0.9367127650843791,-0.7476921528767759,1.455166240510679,-0.5462457098779642,-0.5190734550557916,0.35768651693047976,1.3274207098555963,-0.5926120759151551,-0.8151235773409132,-0.9084056868631613,-0.4670917638573839,-0.7351995722662044,-0.4275373609506415,
2.0151161282947725,1.8886134464523068,1.5018444929396848,1.9164314130019118,1.6547814832441372,-2.804565584602831,2.156046133897753,1.9321283150833124,-3.6578952912739875,2.1727464123946305,-1.8618935905764964,1.6086925596398773,2.1370769886899774,1.5978961365355178,1.9061988758151422,0.6880776770113686,1.6287788381683321,1.9044868087783469,-3.2192373099187717,2.294277228698668,1.883059356406466,-1.8916406566067565,-3.5119719873625663,2.039000290924559,1.9793906288561218,1.2475689750288197,2.067097155956907,1.6676604513978248,1.2468553381057284,
2.2691794066203217,2.0559651604181033,1.6545893464521773,2.022249782212332,2.0008914558724076,-2.888518270115274,2.3166071355365356,1.8189531664486795,-3.5114344949422005,1.8910234975966553,-2.2820814848006488,1.871478294369697,2.430138375143766,1.754884875988536,1.7594328404403425,0.7908454694252237,1.994105543569899,1.9864067031623909,-3.740401616557978,2.7776015458655174,2.5256494127944435,-2.3578324062008904,-3.7146824552958577,2.4303012833360067,2.2023406251776496,1.5579579992910282,2.2571204585926368,1.7333520545508359,1.1451524243953228,
0.2956382779788089,0.5290182167931035,0.6602899553629888,0.4573385964819446,0.3009301498140425,-0.6543570329008638,0.7739428297948273,0.513495905724723,-0.9886207266421129,0.2830535960190485,-1.2632716710227894,0.4794773090440653,0.7070445626835444,0.5746981364558311,0.5249540458646687,0.4056433418589491,0.39431431966014513,0.41529366934390766,-0.8258860918894732,0.7103932942979239,0.6454562466550989,-1.147183908367123,-1.100188912212727,0.6281908876501177,0.7285176815522304,0.4234295651257111,0.6869094286702586,0.4365716746833821,0.4065238248178417,
-0.30977472378330095,-0.34907493576935195,-0.06903233691621452,0.21424933052108774,-0.03329236211980224,0.3833177198221376,-0.2695092090832788,0.16317352183448308,0.37305738934688304,-0.1904382602919089,-0.7898508283967144,-0.2473893091827194,-0.12296304591610636,-0.20324630244387834,-0.3211221753637968,-0.3285150989402396,-0.16158280950683482,-0.3771662801661615,0.6028541248470461,-0.3890184006479301,-0.3005830572486244,-0.6642346505575538,0.4368899883267368,-0.26315246831833206,-0.03355758845041282,-0.44416100592232877,-0.14823815051019398,-0.03793882149766567,-0.3468104034646574,
-0.6769631404798963,-0.715093412639855,-0.6753487559938479,-0.7577795456119789,-0.6722164304619719,0.8620839359401874,-0.47267506268709253,-0.6434236720383691,1.123226045250713,-0.7890742155215464,-0.17159064972737495,-0.6410068272966141,-0.47629682267987167,-0.5378666670249521,-0.4908102598919963,-0.5970828318642698,-0.7419521307856275,-0.5194146923185495,1.351595695996017,-0.5713827755646661,-0.507799440901523,-0.2740840904221598,0.9236220403380853,-0.8245767164425729,-0.7232018118173106,-0.558323336026078,-0.7329517957682378,-0.7206088321080563,-0.46553820234621424,
-1.5966942525708836,-1.8167579420694016,-1.581483483614186,-1.8690080148577233,-1.5472308816336768,2.4237903511782717,-1.9648766769044494,-1.5823561949286176,2.9759207525350235,-1.8797215329569752,0.28645691801050216,-1.1843736359968533,-2.026023456309496,-1.5649346116427698,-1.6818930393456528,-0.9019693818907975,-1.6508079360817023,-1.5819720631653456,2.939997734627266,-2.113766850028459,-1.8692818369155133,0.4174335232939475,2.942206522716206,-1.6984878448209875,-1.4543519423734546,-0.9695187887034824,-1.896421116574172,-1.7024873697940082,-1.0039604651961054,
0.46876459699486694,0.5224455567636784,0.10214414602463118,0.3191863780934142,0.397892336688008,-1.0377375877599908,0.3570083400973411,0.2453924285831741,-0.8948077872882376,0.1283580428050343,-0.8894991035309051,0.026133114585287828,0.4829548328517338,0.14268292707527175,0.2688339916234035,-0.06964914487120154,0.5378156813012326,0.5551712740892774,-1.177140214488146,0.570616593309288,0.24074775351297686,-1.0786446848163942,-0.8502848103120357,0.36659206041305087,0.21453177438805374,0.2688720036006567,0.2825641587827605,0.1326936807250737,0.14294984219613388,
-1.4019408537647706,-1.1112061731039486,-0.7393309579595255,-1.392763443957009,-1.1511960205610152,1.3043465186044747,-1.2854936337416591,-1.2675496899212964,1.5101922471624105,-1.023687891111157,-0.21350964213242166,-1.1951595077620447,-1.1554000457479925,-0.9080394452551136,-1.2647752046429352,-0.5271941456650637,-1.0035739259484198,-1.3971056415808967,1.549521083165594,-1.385773556088525,-1.1554647270404799,0.04837218278630705,1.4911183266902939,-1.2180311657716312,-1.126203202768176,-1.0051032674793607,-1.161085555961909,-1.0326549629869741,-1.1421629161053506,
-1.0894380295041948,-1.0104693627154273,-0.9129064765578054,-1.4095978380475853,-0.9921653295485717,1.501960818113683,-1.4689671638256432,-1.0466341261783152,1.7234738379368582,-1.2610830189773299,0.02319047965570492,-1.165515816094221,-1.3976168028445535,-1.0152905321764472,-1.144536171234029,-0.6582299473049341,-0.9565822987907271,-0.9619164150623959,1.4880189929663652,-1.5721424386724003,-1.2185267143147134,0.22733964017621433,1.6686771040563715,-1.4392496702997084,-1.391475548741145,-0.7096914707690557,-1.4212393435293407,-0.9065235419426642,-0.7962183543252384,
-0.9371448209002073,-1.2120420668574121,-0.9751528161022089,-0.9733424732685522,-1.0101858654995926,1.104648181235458,-1.0463038054035942,-1.281446990544897,1.5328793449642653,-0.8097614851514772,-0.065540099434192,-0.9315938144463786,-1.0635324110636195,-1.1425927542996133,-0.8474916329016762,-0.5120711265301706,-0.9567832868894209,-1.0435871413549076,1.5348211923422637,-1.1355479741595826,-1.1636837917682448,0.10913493009269049,1.6760354028879658,-0.9737297262326591,-1.0689018739261251,-0.7579887474023933,-1.3012519974589432,-0.9223385639586767,-0.7213048635061993,
-1.1026179911418317,-0.7253968720771453,-0.8179095958104746,-0.860379524770469,-0.8098716421463129,0.9082451415134731,-0.9876550456002708,-0.9263477971511362,1.3912831503459973,-0.8025209691307034,-0.3667673583112935,-0.7350737081703882,-1.099440684616374,-1.0597436003761929,-0.8968072435355338,-0.44620873540340095,-0.8657760452645389,-1.0095631054878615,1.2230460030291386,-1.2510136436137138,-1.1719571126587953,-0.2946695648781908,1.5836350935522339,-1.0914180337624888,-0.8690092818528591,-0.9090854868039895,-0.7984210437987207,-0.6925807878999105,-0.8672298077699437,
29,12
-0.11098594474315371,-0.10779191037991817,-0.14854744239998705,-0.21723730389698986,-0.2066756180340248,0.07796704804500476,0.005094699935911881,-0.1356319453059629,-0.004298756218815574,-0.11408857821271245,0.009065443396021658,0.027061051215266745,
0.06757217445945853,-0.172423036171509,0.04422974968725503,0.04188629603965184,-0.17573163173335601,-0.25900390010447083,-0.17503055488597494,-0.19842152299029744,-0.25310761386023867,0.15611240294369283,-0.05428559563785063,0.10474696609214197,
-0.014762103903382277,0.04566683519339814,-0.13287477563259129,-0.04654444747655274,-0.17244507973892453,-0.12655744918780815,0.011398803545544511,-0.038478754470127684,0.12992156798700139,-0.1275288833452395,0.014241682404540004,-0.25446139430603304,
-0.09211837366231483,0.1050675726385971,-0.041115676109471457,-0.014097972074461814,-0.023097023308156103,-0.034388220265485825,-0.10720503326472773,-0.15224378465759328,-0.0317205019295084,-0.13655835439513822,0.13727528759461846,-0.21831291697740635,
0.04069930735701328,0.004918428092126711,0.15465100106200916,-0.028816912341409633,-0.18436793279740285,-0.23901665365541616,-0.09774547525790919,0.09133390371135476,-0.10156056414199793,-0.17552403573665107,-0.07857342483294424,-0.006788723672252651,
0.1544200413833799,0.11979654694738409,0.149709451078818,0.13541373229036285,0.12780167476655216,0.052445975410088636,0.2566135766664293,0.08227511576331241,0.29334709810621246,0.1729434616046994,0.3067200503759813,0.218994616763766,
-0.18454060598204475,0.19117169304419393,0.18054333082222532,-0.18845826558188603,-0.03420134751667976,0.10658739125616501,-0.016381514749871973,-0.1976648297520042,-0.2179732266691037,-0.0029596230610396857,-0.22134891979133645,-0.021434005129208986,
-0.11152386621256945,-0.04087810712776642,0.10498614782780173,-0.07599214322422786,0.017876235761039864,0.12371347296653877,-0.1568660315552712,-0.06673256941549627,-0.005343760500845717,-0.05758186847038626,-0.1457552088237905,-0.1377437459006024,
0.15551841051907575,0.3079353740785759,0.1827463121398306,0.2625725405806837,0.3540270925273588,0.33586992144125366,0.17875695887469253,0.16534456493181454,0.23911359334017684,0.29568825371311847,0.36127705139364874,0.25025710147411717,
0.11208453558530462,-0.19748852244649942,-0.08934728736969699,0.010292042680066924,-0.19748852889952087,0.0587689710437873,0.09187510827745274,-0.27564559106119446,-0.03646711434664141,-0.1617539644289957,7.596065055970569E-4,-0.14229598165657267,
0.008549174533482235,0.04674773026370501,-0.18984731777345598,-0.17191059289334476,-0.11425853175395884,0.22249362984379503,0.05298608033663532,0.14087815685804508,0.07403316590605172,0.08859294549680194,0.17258830723197738,0.06089903639148268,
0.08505993548997488,0.061886294846127655,-0.1326206910405567,-0.22012140590221577,0.020046520511356462,-0.021678632371329006,0.13200296782180737,0.11902067190470526,-0.25019891002434175,-0.07547961365686082,-0.018234210538719608,-0.2664456805325419,
-0.06778875671071598,-0.10396310361103082,-0.17717683581292545,-0.05311412195483541,0.15996907609061847,-0.1194037294493611,0.038151837942413974,-0.02077860537058431,-0.07672294965800222,-0.06313724016537615,-0.17839012839699545,-0.07671761079852232,
-0.2279702647357632,-0.11153062669431307,-0.004150451548276492,-0.07761951000483382,0.03996874279102649,-0.016664804354599196,-0.12955427960513852,-0.26656906781459705,-0.03656295692747457,0.0333721775528316,0.015090980074328363,0.04799151795829565,
-0.020584698462140453,0.15214465550428438,-0.20878527195889562,-0.04519122046023918,-0.09040020701893803,0.06600996580459323,-0.17472401651103708,-0.02816973238758509,-0.23095437246064393,-0.1512158220863475,-0.004271164309393599,0.10378521817275933,
-0.06686600596881058,-0.05224785204617233,0.041753529006192926,-0.06773109841370147,0.06465684350670586,0.11290071173414402,-0.17324333286783306,0.026723243222773058,0.09130222756411865,-0.10678337704396958,-0.1706301950267945,-0.1633251614154138,
-0.029307493149636713,-0.16468778964259692,-0.18731900364392953,-0.028216502898073613,0.11791751657030086,-0.1282391280012107,-0.009866655428753979,-0.08065704297406241,-0.17015858508905826,-0.09308321707816901,-0.133615387736821,0.15458061947951038,
0.02794906432320654,-0.15248072769995327,0.0038193988830618393,-0.10440833813410426,-0.1361596120984234,-0.09834449898269748,-0.10610997583020783,-0.12587390208214766,0.06354563064013742,-0.042047499525736415,-0.01349432895050817,-0.14912833052619773,
0.32801597362413426,0.09870936722476117,0.2854196083910832,0.308213369721185,0.3042130021803279,0.3196299613141923,0.30710839829455805,0.3739112203141319,0.25063363645939196,0.24680665536410976,0.058597443847251504,0.24127227874604198,
-0.09670427434520941,0.0031444685199707827,-0.12414207257404719,0.11127490116951849,-0.1519823684733584,-0.15614528855896145,-0.004510930863592717,-0.07947986841982853,-0.07763076607426603,0.017412399078437512,-0.21923652989048767,-0.02023640154130163,
0.09583667448635108,-0.22379500097207033,-0.16339893155475244,0.03325827377436811,-0.07773920569425374,0.09428533550908406,-0.2004691245318258,0.0288123578892847,-0.04807743073351713,-0.04584459220033326,-0.19203494214398223,-0.05175162944759239,
0.03348949253614917,-0.211454508440638,-0.027082366214134318,-0.09210518240335555,0.016257341077818375,-0.12729435338205286,0.09426902397665743,0.11956219552501081,0.15251286108509263,0.1569200033661252,0.022064202043359588,0.09961658256069372,
0.26792808422503617,0.24242110648143703,0.23079773551364569,0.11642676124077557,0.10042241614479946,0.19553326224001022,0.20982522970567863,0.350713977182505,0.19309929655671496,0.3046468759483391,0.27658634667450044,0.2733974970990457,
-0.0066083117280074455,-0.04365706085703626,0.07006414582158323,-0.07398444032672255,-0.14464706342208686,-0.1296782464329798,-0.023413321803464338,-0.03195234516921931,-0.11153031694842669,-0.16760201469042119,0.010164105902393802,-0.06282602600363353,
-0.09948866360778585,0.01243948104183445,-0.043458631850054476,0.0382410615732801,0.07329263261177246,-0.18546169363166656,-0.23459948323178847,0.16273253068937002,-0.008979531916166407,0.02302724671248741,-0.1861177098567243,-0.12018975501465422,
-0.25155672374250637,-0.20692785213995424,-0.02347862392399061,0.020532721863258326,0.02688928411903518,-0.1283532806387884,-0.05325537989903994,-0.10819462348765237,0.13519329737567237,-0.15534545552538268,-0.025754089630348104,0.06313841893506907,
-0.03314940616272989,0.09156159213233075,0.0580352161205618,-0.2045319298869838,-0.05253127653519221,-0.09592670067842696,-0.25632665872479793,-0.0639204376525713,-0.09827948689829377,-0.21749134378804477,0.11621317497666238,0.09146369163777858,
-0.1677736294629363,-0.12552318978837296,-0.03693110728567896,0.12579064838891404,-0.11494883425601264,-0.18172222025008516,0.11677884683157679,-0.02347512469827394,-0.15572644284366485,0.0755826972558947,0.03436505130821225,-0.25716857024504786,
-0.16358600018420402,0.06984632676103984,-0.19281650736145248,0.0830301150772759,0.03686323399594492,-0.022079279473034834,0.0951004938395159,-0.09741223598034146,-0.026087755933441845,-0.013188814770858726,-0.2014268621712587,-0.09044466588612379,
