# Pesos da Rede Treinada TxH=  0.9999999999999999 TxOut=0.09
12,25,12
12,25
-0.20542140979698648,-0.34677653261385677,-0.5826190677187052,-0.5593478305424375,0.27604565658947045,0.39814458710715156,-0.5977874103961291,-0.5399969599721833,-0.2827804645671088,-0.3716101041353871,-0.24536193067020287,-0.3424738300118536,-0.41237402431760667,-0.40443285926660616,-0.26174257911123955,-0.44243032507829677,-0.044562315159434644,-0.5926874869318088,-0.5249088399241826,0.10764548396320393,-0.3195356655757058,0.02151598434932526,-0.32048044429276606,-0.568003519178178,-0.640343775488786,
-0.6134860382524611,-0.23762079836976605,-0.26464983363438604,-0.4942015081962619,0.2514228023013444,0.4446246405299986,-0.42543223335377867,-0.35917945028291265,-0.3516628224912808,-0.5534875249016317,-0.33983584306294945,-0.18630106253270737,-0.532449410253713,-0.3379284221157169,-0.1955988722511748,-0.2813400367174167,-0.38801938835694644,-0.496439245853535,-0.2673360818970232,-0.3240372416489187,-0.4735791148083885,-0.2454709328016554,-0.2617084613380638,-0.2804902911293889,-0.29183584767032544,
-0.17500252825672433,-0.48814948334939434,-0.4163419345579003,-0.38647495019290873,0.20781084286733392,0.3018265903967122,-0.2342369911191421,-0.16012051997873056,-0.18229144719318263,-0.1882709432815989,-0.2851948075443939,-0.5436161416541817,-0.2595774197510389,-0.19403798315543852,-0.5484639629720064,-0.2993763973399586,-0.05468371177382885,-0.3051860664797458,-0.5450112723643045,-0.18195367478635016,-0.5190644069521277,0.23202845633273245,-0.6761617662633431,-0.6573018754878304,-0.20113091201161754,
-0.5344751720308999,-0.37969750431930416,-0.655965736996184,-0.36406132112567274,0.46524600283938367,0.3855786473765209,-0.19931322364563908,-0.4222664136568833,-0.2387275143794225,-0.3427366517787742,-0.25058160672051094,-0.2483708941946644,-0.4429148587842917,-0.19252080461101212,-0.254738830512341,-0.6887230941419108,0.04829817041023344,-0.3847257318913806,-0.16379263115170262,-0.34701650510053883,-0.2889417683988331,0.011949134216394527,-0.4144967336233585,-0.3478581101491155,-0.22225245570270952,
-0.500391768047412,-0.6026815453083458,-0.56694190547018,-0.6774609807380941,0.5388118639465863,0.3818518969273206,-0.46694184647077935,-0.3770887246501202,-0.558281061511032,-0.3317676203953586,-0.17512489587585783,-0.0733227803372269,-0.2307124312155189,-0.07570574367575783,-0.335401892097055,-0.4578189234996961,-0.16585486498797697,-0.6133238313335312,-0.27260869342695604,-0.18668930004691536,-0.2796328919368072,0.2184219388710379,-0.6555467426078497,-0.3320090032316155,-0.3256162657230333,
-0.3517690006136914,-0.46836086567921426,-0.5503535535008904,-0.5685177587873459,0.11323294720029277,0.33805831088981586,-0.2463174425159052,-0.312385610825325,-0.11674733793838199,-0.4253962429853634,-0.25333208716104627,-0.4584537174147071,-0.3496929622554965,-0.087804465804424,-0.29296587067245405,-0.2778715288393287,-0.23034017293004297,-0.3359785103761558,-0.5011494635214424,-0.0780293511370152,-0.4115978048241582,-0.0348258432110527,-0.3386694774695924,-0.4273973463743613,-0.549973863867145,
-0.18199529528437547,-0.5141907199067349,-0.4060951571050301,-0.37280460548873856,0.15184269172905493,0.5793092084906539,-0.49486503590379516,-0.39909227714578377,-0.4761519421174116,-0.46476320195765985,-0.11259994527009598,-0.10005484457250786,-0.4859407182409639,-0.0975085230173121,-0.6305833695528602,-0.28199684358891125,-0.29694185771693904,-0.29820916399568037,-0.26629716832211925,0.08193347560501227,-0.2728322321773961,-0.16193852324401115,-0.221684356563356,-0.5910074415770612,-0.281704673559967,
-0.5494335782666803,-0.4535016229535284,-0.4019293448460101,-0.3211343243268705,0.4258790928246895,0.3435780763725427,-0.5102672980728823,-0.2130915671626387,-0.44935253848215945,-0.5574791283518677,-0.02677178734792979,-0.45312363890287183,-0.3354393515934135,-0.43975080009228007,-0.46839164496150365,-0.748126377505062,0.006830255566855495,-0.5376582581884677,-0.14826085333192177,-0.2661272386294832,-0.5523767653684637,0.02311060872102438,-0.595801254579964,-0.3740068170147581,-0.43431104067787707,
-0.422290843017518,-0.39510900501008994,-0.6481838798813588,-0.39553082282765556,0.6101745411370179,0.47915674348951565,-0.5473979936798662,-0.302932939514131,-0.45907692516534165,-0.2529373558087713,-0.22616570502329364,-0.39223680419209184,-0.5248004298947295,-0.07881399710665737,-0.4613752908188277,-0.35693935866112175,-0.05213076741987033,-0.49989217726493007,-0.5796301148797733,-0.05560083607422972,-0.5231115359296122,-0.176979177791814,-0.4184080483142948,-0.4348788257783615,-0.5113520172923147,
-0.5611706631176253,-0.5641104944058087,-0.5477280146891221,-0.34332895855603296,0.40717950320470925,0.5254305589257049,-0.5154266219166187,-0.5901591690381536,-0.5155991135622797,-0.46982214840856634,-0.047976308788186775,-0.30495392826550105,-0.29582618628762947,-0.5391781114308788,-0.31299613878914984,-0.3959176467548477,-0.06775069292411989,-0.22150320104165835,-0.3684636342633283,-0.0019061591727089029,-0.32530240806551974,0.03757548928794979,-0.640921852448302,-0.3846980708423708,-0.5767408601077337,
-0.6480725110551514,-0.5638387026451877,-0.39810068344627925,-0.32544309477856936,0.2449539077660751,0.5402760927035724,-0.6468815575469683,-0.5242959229956254,-0.4959015678681869,-0.43844063505213704,-0.40167347838488676,-0.5031450868252034,-0.4579167787597339,-0.4281550175672085,-0.37783269679791875,-0.5988404041807172,-0.30606771315728604,-0.25346086414297325,-0.4079301654264739,0.09180795689589863,-0.48407599345913177,0.06320165974187046,-0.6881022068589394,-0.4593796628672653,-0.4548966911202218,
-0.28107663222571777,-0.39221408544121894,-0.6652778803181613,-0.427180198310143,0.5260894294604257,0.42135830428652965,-0.2753810487321762,-0.423428057233065,-0.42067180121694947,-0.6189984054791132,-0.508572905263048,-0.36671374737648926,-0.22482586504170676,-0.3812731736086808,-0.6950088706836947,-0.36993340186559415,0.014490572781553098,-0.5009574914792554,-0.5024491354119482,-0.02073897637767983,-0.5183332403079327,0.010382868348399514,-0.3784313829388298,-0.618809865000702,-0.4755046811350587,
25,12
0.018458135016652957,0.09051052591757583,-0.0781708949808784,-0.26681847832002537,-0.22712984650488774,-0.1407170767704647,0.15433856935842447,-0.32104315729337035,-0.12201452656584774,-0.15461096413526593,-0.03588888108427307,0.0432642362764864,
-0.07937097723260242,0.0789286484602658,-0.1218232959789655,-0.16220423311836538,-0.11119932949289595,0.20372619671449863,-0.10885052163998091,-0.146645791897656,-0.3177571078200898,-0.06794317148969146,-0.17566865249454117,-0.2719633023165426,
-0.226989027672039,-0.24324416153128728,-0.06425716229373282,-0.16764922215451744,-0.10259386234262617,-0.2075873254148489,-0.31574690911418263,-0.2822472081232099,-0.10247917331136543,-0.03457634876022936,-0.26287048962492915,0.04958886799426524,
-0.28058293410760055,-0.03780800800596488,-0.14472075738205745,0.042707535999898995,0.19048985006160385,-0.24854129731882443,-0.051107962571400906,0.012319324968266925,0.03359204602652392,-0.21848674550506003,-0.28933253071895626,-0.17494520462205218,
0.21345655396622024,0.012036569211797458,0.3171672673781025,0.03083492711367429,0.27318809111918907,0.22291768216775598,0.33269381946878895,0.42759081012819145,0.3221465640041491,0.16694349448372497,0.3702931696695287,0.23479345367377102,
0.485736816331268,0.5521263205094734,0.45986626044466233,0.49412263266482137,0.47893803265195567,0.47437366412730825,0.36623765659903934,0.44256643371086546,0.554491440606209,0.6577791058684564,0.3625636695913809,0.5949003779470083,
-0.19439198411762668,-0.07675944479658946,-0.0355606252992593,0.12156544368191133,-0.07640689625023821,-0.2235164404496519,-0.08486477171701301,-0.10148423508965955,-0.09855573551947985,-0.19866674137896728,-0.24572695587838947,-0.07210458095333276,
-0.09842592282355453,-0.06918590957734305,-0.24416692588488928,0.02322310493822696,-0.08571846526463317,-0.011468385410616056,0.04420892978950691,0.11621748595225039,-0.34108965814627384,-0.1641896786176176,-0.10596061375302707,-0.059368396352907964,
-0.09032935994731828,-0.10901021362070075,-0.043567495615041744,-0.26154352483723325,-0.1736325246041768,-0.12529134987246576,0.1508295940959184,-0.07472224614886834,0.00650710231117452,0.06250522912841742,0.1112308420554552,-0.17453565410265973,
-0.21982623040142898,-0.11880338575405992,-0.07466017087493355,0.13887716172773387,-0.01365056789306972,-0.03599225707437563,-0.3042007663801141,0.11511410138366442,-0.08209059137569862,-0.1839144842454439,-0.13867908503642284,-0.1678517649621219,
-0.1403959168805803,-0.15389019606510332,0.10965887927062352,-0.18853908724158533,-0.20893305782667365,0.21021311766161113,0.2544206414189132,0.04599191989905608,0.042448411698401245,0.026948535541096604,0.0384352404331325,-0.21676156903173446,
0.1407986102578928,0.11327196522101826,-0.1650095715610309,-0.0035085688664784295,0.005686292194944068,0.1700742319154999,-0.06187021731892827,-0.23038751464905202,-0.11334214414628578,-0.06472885623077822,-0.15470391860379798,-0.008443839010751868,
0.13564577153005994,-0.1922848422666789,0.14068104418250738,0.07536261581149266,0.19785606840832384,-0.27059990992958405,-0.20351083294468392,-0.2114849445576361,-0.09660270191446584,0.1740367197635106,-0.014088793577609175,0.0655823764033585,
0.2073711154436124,0.1411914318210203,0.19748315780189654,-0.16002495321190532,-0.07700257891936353,0.009747234460473198,-0.1461111993214946,-0.08750862428794574,0.13256569667005225,-0.13899696329007857,0.03196099262604549,-0.2095807378225534,
0.016102226507787674,-0.06851643321172178,0.08303043387271468,-0.03641364188054358,-0.18068533639376255,0.21351130247213182,-0.22342577598507127,0.03403102294104174,-0.19012308176067663,-0.2660614854994957,-0.2762133746518444,0.05537153338516588,
-0.17798273131709344,-0.26379166052242187,-0.1735908097600265,-8.460117960518895E-4,0.0463113797777072,-0.06075691477687817,0.13891053574502826,-0.10366002694246075,-0.3339423382708721,-0.16995970046842548,-0.14146379165473288,-0.2757890615948266,
0.11452239929382821,0.1094796392698108,-0.1554718217279849,0.26454460495454296,0.14303959331586433,0.024349526958082804,0.11240749865434006,-0.11458469026442196,-0.20371347438466073,0.032588312002841714,0.06567016302654932,0.07782543516348157,
-0.1788361158149021,0.1466767746491061,-0.252335326638383,-0.18745828943351325,0.16451775764008028,-0.25032938019295703,-0.2595200863935416,0.17656034189448142,0.07454742981530693,-0.01235601607798064,-0.006454490889430436,-0.012062649050052809,
-0.20587650139491184,0.07110719021761984,-0.05156943367616085,0.010741556688317753,-0.27341663514271897,0.15607948098199573,-0.2059140199873683,-0.1316905139525831,-0.12204481348831199,-0.22945249920261024,0.06008383963364246,0.04980304240652751,
-0.09373516193177704,0.2261315720314034,-0.1874166666829267,0.013173056594703367,0.054591805271670346,0.16133713760102483,0.10470543690229034,-0.19091615097255335,0.2219327088231239,0.06089117937656145,0.1091675690079124,-0.09982142179256577,
-0.15372511003087638,-0.17907259866384306,0.029282463482808684,-0.01829936623169559,0.013236648947749171,-0.31087088733604923,0.09046045456416574,-0.20668007208298392,-0.16007756621768096,-0.2754324284195113,0.08638751523445805,-0.08133994551016163,
0.14216276900881775,-0.046105441423945306,0.15872187334397506,0.1026076183775254,-0.07774612074564598,-0.06471814399842409,-0.056888544141275296,0.16753146552585807,-0.059029871608415746,0.1787411259511506,0.09554794778739982,0.1588294319109732,
0.05664900122813946,-0.2689666080889453,-0.24275168729626,-0.009548594341595353,-0.12792513765340774,-0.05685901966237954,-0.10901850467177468,-0.3280810659218939,-0.12780323358809645,-0.11772870323218804,-0.28405481141028094,-0.08682293496478594,
-0.19820069112956978,-0.09302505157704478,-0.24613866854864458,-0.21239309082671184,-0.24880217672922877,-0.280549883888831,-0.03718388975469907,0.030216536446771438,-0.021785985392578824,-0.23445673044308032,-0.0603697548276244,0.06406720155236709,
-0.0769238569307757,-0.317884503831829,-0.07633651086206057,0.10098160514857958,-0.18180419533054262,-0.31381384190893935,-0.15436789481647897,0.12964383281540515,0.07303724688602543,-0.08048716353121009,-0.01893142001554624,-0.3411906799048701,
