# Pesos da Rede Treinada TxH=  0.7 TxOut=0.04
12,20,12
12,20
-0.27975054323785864,-0.6582067637245037,-0.2647579498655727,-0.2976176727479082,-0.028388555288271174,-0.5493233664944503,-0.2163986393070645,-0.43899270593253437,-0.1950160879205528,0.42067087143347903,-0.1818691841552274,-0.49126698926240997,-0.27322585648505654,-0.2492040950821235,-0.19941795925637285,-0.41274904426827286,1.4677775295413997,-0.27031642825298247,-0.3349314764443942,-0.5789047613675958,
-1.04741328542455,0.09853788745734252,0.24571783365962102,-0.0736280172973371,-0.5075689269260095,0.2620504156223692,0.462081459519201,0.14316871784113985,0.3537802749426764,-0.8885427935150909,0.36882137990510605,-0.10705315960327294,0.19813641080229702,0.31256045068010396,0.11370760488780363,0.307956168668118,0.2624116354185711,0.18380431133816835,0.48855085752704297,-0.03344367644036708,
-1.0104282296579565,0.5541158023710293,0.5258508998512438,0.07730993738924259,-0.4706565664291975,0.3298083234325118,0.4062543162798677,0.5686701522593599,0.5702442506408882,-1.0467641260419194,0.3480177348028824,0.17932163529967995,0.33448643459324967,0.05267893546052831,0.5496167013973174,0.13114860125002134,-0.07998801719113707,0.3398182956665089,0.33513964383782907,0.22405811402040446,
-0.595414992528644,-0.030337785806264596,-0.23134798367852136,-0.39567052666213876,-0.3324938130437719,-0.02635444931412153,0.19132717502517652,0.2364305003851206,0.036271988125958776,-0.06808370388120247,-0.25740831852143303,-0.5552462055304357,-0.2642368884223294,0.021805010688165934,-0.11227103978326584,-0.38266678492970907,1.0307563234070993,-0.2394224468086989,0.16396529872163945,-0.10190263540201044,
-0.9316670082315577,-0.30928250753325665,-0.2826039914272982,-0.3679460761362693,-0.3668512600538406,-0.3288444847860823,-0.4201194093636659,0.053174324637407996,-0.39140885026225847,-0.07913194682534652,-0.2020937373299295,-0.6366617368640685,-0.08688412206405625,-0.39601501733682715,-0.38574115903983786,-0.5350151596770901,1.4915536184506764,-0.16372898738291222,-0.2655320460194978,-0.19660747054496722,
-0.7066309794435988,-0.7001064792612552,-0.6820157589323259,-0.6247210614258357,-0.22267287823095688,-0.29834195805972547,-0.38201654924688216,-0.33553928437503555,-0.6057139409180488,0.5334898303713504,-0.36332734731038757,-0.8134359282325164,-0.5515225700674296,-0.40783614862665013,-0.4030339964287966,-0.671755067459425,1.4757162142129274,-0.25276075241923857,-0.4277198719333238,-0.42148189441164957,
-0.44338002483446637,-0.6142247842592836,-0.6615003850843584,-0.9826248268152797,-0.20483960175040952,-0.6673036950972228,-0.9046681694473443,-0.6096565876302199,-0.6368209810811492,1.2163771537560364,-0.5292627561085674,-1.136135860756578,-0.7355267407235478,-0.5854316181861973,-0.6190858847436002,-0.7303187866574633,2.1467257184634705,-0.693287142972353,-0.6611420071896612,-0.9130618789137529,
-0.7312495256391961,-0.348168909618801,-0.15494925847473012,-0.19300323219121182,-0.45173099136194,-0.20440126697978211,-0.5016848764966068,-0.47734929880775545,-0.48926482201219257,0.10574063582170186,-0.43818223652743127,-0.6921466545825535,-0.465775753906526,-0.1152300088116771,-0.29938821602313376,-0.4456587277805473,1.2683875937303921,-0.46673174407287366,-0.17973486771798466,-0.2255597344834553,
-0.5474923820429713,-0.6898558543505704,-0.4545720936507193,-0.8678542096686458,-0.3655855224816838,-0.47184752007529496,-0.7402849593093324,-0.7226053091755813,-0.5856445556196366,1.0170970206248517,-0.7045132252505595,-0.8402494492000306,-0.5006626315629428,-0.4891161955047117,-0.47692914271410153,-0.5786922819093528,1.9994222293040071,-0.7769887445575565,-0.8562816626854272,-0.5313606653075457,
-0.5775113319212257,-0.639794507608289,-0.8329488107681989,-0.738190163927466,-0.3965077044419413,-0.4979698512462194,-0.6552554458886282,-0.7376830520121879,-0.5796327975337553,1.2387300447960141,-0.4506631428790676,-0.9563136470242004,-0.7858451854721262,-0.7110116306080156,-0.566888499114562,-0.4779844295985396,1.9026338348837135,-0.5521768347449862,-0.6781871543365929,-0.5627762623880356,
-0.4909316123934523,-0.9019272340095236,-0.5825850606905858,-0.8114311856392102,-0.05610077863022747,-0.7508887044714802,-0.5912224075727776,-0.6270502989182632,-0.8636904536293731,1.1280955527441483,-0.8303919955061865,-1.0893473925033692,-0.7389290071459022,-0.5701291401600665,-0.8012398140609548,-0.5400698842949638,2.25126279202903,-0.6502192272943723,-0.6626820101674288,-0.7765511490684284,
-0.6695387910648336,-0.6842392061981327,-0.649852789404469,-0.5622793961022189,-0.46088674263933943,-0.5889346284987548,-0.429159664635401,-0.8134691048448615,-0.5683502181106062,0.6658551795028725,-0.6856580313013521,-0.9100003223092502,-0.6875624754823636,-0.7677025869826808,-0.6243943816911475,-0.6424412647332223,2.087209074463066,-0.589237991296678,-0.712580296403959,-0.8880428730371649,
20,12
0.14206465815227595,0.06713029542576697,-0.06756312671500497,-0.13256020719295317,0.11486552539357954,0.030741509681503642,0.15103458161593483,0.08301587996006901,0.05412544551094337,0.09476046530868573,0.07473904729485499,0.09785614296812951,
-0.2828692582635629,0.10295611761654898,-0.07733124794977964,-0.13477021961390312,0.03124212480064095,-0.09582917599689296,-0.16289959408585208,-0.08206939686084133,-0.17765470754417934,-0.19040490636146654,-0.07069256403247345,-0.2164023559133334,
-0.0474295911156743,-0.22676197924511016,-0.1192308710709178,-0.2911500246373921,-0.09516502999504894,-0.20355705116511047,-0.0046885653124850895,0.06025782641214432,-0.13250054069507056,-0.19635661549120043,-0.21477448284975725,-0.0816316716352403,
-0.026610225116874896,0.02418524020907647,-0.10188545806897445,-0.07312558423896144,-0.29937116739633163,-0.07878858294722253,-0.3293758920325193,-0.05180147296031286,0.022207133133693983,-0.1999716316850473,-0.12449631901479054,-0.045485198499467056,
-0.016089899489745426,-0.10070302715873344,-0.13413272639931753,-6.418564897053931E-4,-0.3256508455653184,-0.132421295752613,-0.07815860162692662,-0.07895285895881565,0.051548745460821596,-0.006548999130648393,0.02961802467832685,-0.01914976374149001,
-0.05755799448825123,-0.1061443729243099,-0.0983651351510684,-0.07573129553253964,-0.22177968249484295,0.1513521769635245,-0.20467095409719696,-0.08286587161251963,-0.08830128188605293,-0.12915516757145,-0.31215266793172186,-0.17031336860388344,
-0.11008419937398087,-0.18855662702933487,-0.2163718942573944,-0.21916336033474076,0.04848962265492663,0.03307425412406455,-0.20311771456084915,-0.19256345230715036,-0.31122205204356324,-0.12108081052013556,-0.005318341697408637,-0.0905793539490235,
-0.1695199758679477,-0.12755863634435013,-0.19246568317952698,-0.020395281173170677,-0.01805564896494448,-0.3294718706863804,0.0896968779049912,-0.19156719596612037,-0.07508305812618263,-0.31954853066688793,-0.0342433654768625,-0.19590529604666762,
-0.19612152149337475,0.019952392036184097,0.03869871657390735,-0.05457365023236632,-0.18338017481553945,-0.08100956452325311,-0.22872431137716978,-0.2517670824202984,-0.19992616830646934,0.03735475338031771,-0.09818690966053648,-0.26910063203731366,
0.35688637984447763,0.26633826083286904,0.3295123100608548,0.198396995846806,0.2811915948348212,0.19596732989179577,0.3328265403116911,0.3813732552589131,0.3050842559720454,0.46027123572650297,0.38341341315002003,0.42624113321802803,
0.05002031509293317,-0.13722223252982874,-0.17503428965882134,0.038156693421278275,-0.14032681034650651,-0.32115274935799815,-0.16785105772397577,-0.21711940649711856,-0.24226672098825913,-0.0329924341617092,0.024622842626616792,-0.1737132701376072,
-0.10528108694824705,-0.26694787867010505,-0.11913936952774216,-0.21911616932669103,-0.2504648646499714,0.05300606408573775,0.09674176745793904,-0.2902540623492369,-0.023069309637529165,-0.23238776962864138,0.04887094796193905,-0.09531303112516994,
-0.16964250377504297,0.08771162274265606,-0.043973018671326865,0.01469361914759418,-0.10066089180645886,-0.1851925352200025,0.07726478382219912,-0.12346917357500957,-0.24071840591021085,-0.30265778613050953,-0.25301404200647404,-0.07851212459264209,
-0.21542490131994424,-0.23541865439049,0.05695420300517,0.020375379817463894,-0.17849901767693443,-0.10138890784486163,-0.19445512740539844,-0.18212837589513856,0.06545474054748641,-0.09771498903694746,-0.08952610550888687,-0.2725542105687044,
-0.10800981668388297,-0.2397496180746321,-0.019999925378509188,-0.16703107851922605,-0.03430033719162131,-0.040496395004674085,-0.19247334008244465,-0.056492078431990576,-0.16233625117302458,-0.05565797707156483,-0.23684722132424713,-0.16939451336773126,
-0.31202379654031187,-0.12741715140901486,-0.28960781931891016,-0.14701458377631602,7.671068536162525E-4,-0.07640812891040319,-0.011604086048359129,0.05252463840315772,-0.2942810792980519,0.052231944062460615,-0.10427473257546066,-0.13075761548856005,
0.4391338483344051,0.4710898622712141,0.45480422630935197,0.5141696739864094,0.5115725213872232,0.5964251161787463,0.5155234544488791,0.5006357406533958,0.5343357445353821,0.4008199510363414,0.49044474549667405,0.44643813768399015,
-0.024458673918411663,-0.02910584016285203,-0.041811874552518294,-0.19437853360858856,0.048036977447473574,0.02157531284465937,-0.24059464606052663,-0.29856807540605107,-0.22422198499088486,-0.19768043817011743,-0.22987085623871883,0.053429457948226934,
-0.12005455463560227,-0.14810116949922858,-0.2717697416079294,0.021880683169566248,-0.12373765507292037,-0.2829255915175965,-0.21437867168413674,-0.26755881410677307,-0.0031050466605899866,0.011558967515119487,-0.2730559472920329,0.05005691464541876,
-0.10079954280409459,-0.1780195033916322,-0.026602080714237652,-0.2531915452192103,-0.22065146576544853,-0.24114765900881574,-0.09993041035040134,0.061943015709770725,0.01045434973693243,-0.15115503889567125,-0.10988338657889846,-0.15225341961234218,
