# Pesos da Rede Treinada TxH=  0.6 TxOut=0.02
12,11,12
12,11
-0.82661946718763,-0.4298012010639734,-1.3263209606849198,0.6797350024099531,-0.4365653806929475,-0.6755720992494341,-0.7403208858216758,-0.8113462610888452,-0.8533218089888286,-0.4605801705321152,-0.688897623708865,
-1.02730641113901,-0.2623940370611257,-1.073888842304496,0.7430899741693641,-0.5011314884014288,-0.49638407675683277,-0.4695645897601738,-0.8556313647301681,-1.1850877505462944,-0.6162262115057912,-0.48234781737687854,
-1.1421663053095914,-0.5351835425007687,-1.1928734805633565,0.3122590589933977,-0.6798076247456856,-0.5141781237423078,-0.4249915884145658,-1.380980346328886,-1.1185520047662914,-0.43071259326037675,-0.44143490121844264,
-0.9660144729266741,-0.591706582377767,-1.2106604288912874,0.6464269611707044,-0.5161626456140223,-0.3832691617807666,-0.709733580262906,-0.8668609867946434,-1.1589019509699467,-0.4605078553646363,-0.7234701170358323,
-1.1084593398089013,-0.8274461419472271,-1.1275238422270457,0.6566592160725068,-0.5799868714914156,-0.6091449139124292,-0.7483855280030579,-1.0363555017584842,-1.26186758939933,-0.6697351698995919,-0.7132069675625315,
-1.2872218637785224,-0.31817690614833577,-1.2866495128170123,0.15824680817871192,-0.4162882131769628,-0.052418936646620715,-0.30510763088454285,-1.1483673151902065,-1.2006268062868468,-0.4243237250582729,-0.35682882314687514,
-1.4359301515826077,-0.5722680629476089,-1.508095821685298,0.628140326011022,-0.23352212824463764,-0.5481234002237731,-0.1340634416993987,-1.3191638342796836,-1.092493848259307,-0.22996707635067104,-0.10451975111011563,
-1.4688269048322289,-0.20637364600664518,-1.366129750355743,0.4117423237236516,-0.15257744062504,-0.3504149035390995,-0.3068287678543004,-1.3570974631118962,-1.1329483349115765,-0.2807429002535814,-0.38363926460350556,
-1.1900070343141562,0.021269313620669923,-1.1385749778131604,0.46054895371684323,-0.1614413446633811,-0.33291131889993736,-0.32241233617859266,-1.2534274900596847,-1.039897629102768,-0.4001041156085915,-0.1969874554045966,
-1.569154808660811,-0.4060159084390176,-1.210535694535754,0.41220802524531475,-0.3310219518945743,-0.38191131635946757,-0.09306064250601181,-1.1250590842532178,-1.081648345540086,-0.07300727804260629,-0.41112180482475236,
-1.5441926131880892,-0.3618919560867136,-1.247424371105471,0.5489953571240905,-0.3282714158724874,-0.24388782127958114,-0.11248996755775126,-1.1843767326321541,-1.4615705715137939,-0.24050239490712738,-0.24536608317567588,
-1.3427169121106814,-0.12535859835177587,-1.5559924347227327,-0.2180920998983482,-0.317960363115685,-0.0667617539633902,-0.30373968378096167,-1.6531454515246153,-1.6659216251609283,-0.37946195359599816,0.06265621304785729,
11,12
0.35168818528448104,0.2199718668986972,0.02259084075463951,0.0940809018098505,0.17383027428363965,0.13767633044692157,0.21953715130117707,-0.030369443506077953,0.1619359219791801,0.2896475571136598,0.14917960815307016,0.21132137473386656,
-0.15998933103209562,-0.10594683497441659,-0.40830215517916624,-0.23023324417490698,-0.3811560042743343,-0.03423940436252215,-0.17292962006131182,-0.36215343854796483,-0.24897899612622157,-0.11934784326289144,-0.39287213889442196,-0.07986156027677503,
0.06802010748733966,0.10280559825881638,0.09976769511499785,0.39872067718635196,0.216203748336713,0.25859229716436627,-0.017590908396688802,0.17717971220916204,0.17998501327286698,0.2907726021006866,0.1746689020480755,0.08304221667349408,
0.76543948123008,0.6900844633125223,0.7601466407791896,0.7459354271597619,0.790362898842748,0.7665010774578117,0.7979830762796167,0.8319946082335339,0.8128063541480601,0.8353147193110825,0.819209310421519,0.8339741679317124,
-0.17464618097116585,-0.3281688750355087,-0.1146642589564524,-0.17046743076990908,-0.26393354449990564,-0.2501359912271035,-0.3377428093622555,-0.06320013529886755,-0.30216754371213445,-0.3929546004370024,-0.39334273162182315,-0.08624643752591116,
-0.2405902956883487,-0.06486048104327173,-0.38411609813124326,-0.3782647462510216,-0.12538955466968787,-0.12912021446224947,-0.22970686190979522,-0.06522884411742201,-0.2702514136064357,-0.4536715048091736,-0.20260932611065177,-0.49970517925970603,
-0.29001940803236603,-0.11831777105278428,-0.07906282986414154,-0.32470583326361857,-0.17002805521811823,-0.3943713575175452,-0.35772882500178604,-0.21712662233496463,-0.2950455863043832,-0.10144508974922929,-0.24402899963705293,-0.16936514469333078,
0.0836657610873602,0.11269954496102087,0.11249375267494251,0.08300219440401631,0.2822571710896763,0.21216820548365697,0.20271781476704595,0.10553750393130526,0.24411575403190053,0.07783238544045358,-0.007674008648353517,0.16345176391260535,
0.21711751909110943,0.24607802615991273,0.2674009279117093,-0.013363373358276785,0.027910650586790303,0.16307028251737038,0.2190160026705383,0.2831664267294788,-0.13154374841406363,0.06959790104187175,0.12767084793854655,0.262775901300856,
-0.15222826885360707,-0.33834395151211677,-0.17045168315873185,-0.01831421354432257,-0.1839963704906508,-0.19611249894621752,-0.06251768513403876,-0.4112748551237866,-0.22943431969580058,-0.3521981596272152,-0.23608077458462712,-0.4486675648239459,
-0.38454266818469174,-0.30293823310529067,-0.18956893357072102,-0.21613907445104755,-0.2995439038958929,-0.3596141066415378,-0.30528459152838633,-0.40649323471824034,-0.12632666892798297,-0.07777671118984944,0.002477363413776734,-0.21702154741745705,
