# Pesos da Rede Treinada TxH=  0.2 TxOut=0.02
12,16,12
12,16
-0.002670458488719795,0.28115961360843755,-0.32048894061363814,-0.33581630395372714,-0.39136125509607417,-0.13667953639132713,-0.24853408314560602,-0.0960280655152397,-0.14374511771514073,0.14246999797623255,-0.20515219604803425,0.0034723231589461963,-0.15990994783922693,-0.28783746016086686,0.11964366616671847,-0.04192409482023552,
-0.5131691919485805,-0.7038930643142908,0.33944169769939914,0.38648781844333485,0.5227110661584331,-0.040635389773002226,0.333557547192533,0.8639581058890482,-0.59494305671691,-0.9387997569872385,0.46259819503770827,-0.2675727139412731,-0.7913513557818268,0.33126893575352906,-0.5904297256825782,-0.9827181552957368,
-0.5870821856851939,-0.33615171296665647,0.6414707306657111,0.5516134984870896,0.7292877713100845,-0.4432467187179624,0.35014583262061083,0.6481931137404507,-0.40410849784781105,-0.7473786417972385,0.7243531575826941,-0.17557792661496124,-0.7563650980087973,0.20473812336025365,-0.4735408171477549,-0.7745367491895772,
-0.49609827578195614,-0.3762451464546209,0.215043382868482,0.39870953890297833,0.5476159671782765,-0.21723885142768093,0.4715887319285925,0.624572688590713,-0.5870827713505299,-0.9070566627379143,0.38186212402146913,-0.3026619007265023,-0.5535477849164249,0.6304638298736248,-0.19923082235972597,-0.5236949988362658,
-0.40859928723179495,-0.5782206255977234,0.12687795864170803,0.42762454464337635,0.3845577810422555,-0.32921220130015233,0.23718350510955855,0.14693424551274573,-0.2867667846062616,-0.5654721902882619,0.30610172610811076,-0.14552679152400072,-0.3781495385936836,0.2699326582906237,-0.12090162805964298,-0.5908228220711185,
-0.07534573577432899,0.2943711290932315,-0.3946202719553055,-0.3316722298099434,-0.5091874231373091,-0.19395367984003872,-0.09132716958552438,-0.598594909926447,-0.1296139153149157,0.2160670117259697,-0.3114224384862963,-0.05517724399914374,0.06106757377833762,-0.4307343661264242,0.051770777474520475,0.1458426541106735,
0.19600731070801222,-0.017594045615926077,-0.4262602791270358,-0.49384551960929207,-0.6101818028615015,0.1840334558784778,-0.3364264934493541,-0.5379995337507157,0.056326659973574486,0.2828037524616478,-0.5924535807998799,0.13303329051217286,0.29829193981445284,-0.7466996184084151,-0.03766457282086952,0.27944921028130704,
0.04146645500003302,0.25054150930774094,-0.15503555086287796,-0.08792830276662847,-0.19235492807530177,0.35270617654282577,-0.3339726489092,-0.1357288085986937,0.36739565283717984,0.2390021147254266,-0.32360089818199084,-0.021203190838876326,0.18410764041465694,-0.13694537450610755,0.13770463343672135,0.22433236302118648,
0.6968972978880362,0.4444030784957262,-0.5269802303634099,-0.9028128894923693,-0.6672687881522521,0.3323561616885015,-0.7534742227358826,-0.7454232792297761,0.3018893377324093,0.6127624091984377,-0.8000596294428085,0.15454967092613622,0.5220383990738904,-0.9011420828371702,0.1802954504373822,0.8140707153377722,
0.8207777117256552,0.621687255321095,-0.8026021302308846,-0.683181747627744,-0.5241775758932856,0.1338317453555065,-0.5607576970441921,-1.0549056704582802,0.36991550070442764,0.8635218018085421,-0.666367119909932,0.5434647529654373,0.7179071310610656,-0.7365489689299439,0.34619376456711404,0.47930845642752445,
0.6931326453348168,0.5855273672665937,-0.691124695162473,-0.7078230934597086,-0.638943061640199,0.30291528306485194,-0.7697118068139108,-0.9370422945670829,0.678476353233586,0.8028024310841302,-0.6490726652860868,0.49401469255755337,0.6709031868264002,-0.5752039945839076,0.1856259633961712,0.6888132224704585,
0.3818007859194713,0.21559806423361738,-0.5743178782367544,-0.7228163799913745,-0.4713709619970321,0.2065651191570596,-0.4581624160586623,-0.27539158533685376,0.30764365810283206,0.5150515350547165,-0.5051409194383257,-0.01583965687931127,0.37316849540445046,-0.36183190541551663,0.25240529468846123,0.3035101458521497,
16,12
0.3713670689753838,0.07337947499007048,0.3652311182846644,0.3208250764491564,0.32627871764157274,0.30758530267026246,0.04235926724238898,0.18462926619346615,0.0925920094963189,0.3998280654270002,0.1900935811331431,0.09849504069087765,
-0.03118796198186115,0.2618199307769583,0.2247749924324498,0.2192304736011965,0.4209837131314153,-0.04979645534748795,0.318828076784033,0.16335583871113973,0.040933891584584235,0.2771954854177248,0.01910488778620629,0.3577439158663936,
-0.24255811889569864,-0.37311854175010734,-0.2540388268188102,-0.21276364977990503,-0.3189516363226745,-0.30012535075791136,-0.11869893168849069,-0.09651838605869015,-0.21034637464373288,-0.3716346751183036,-0.30912974119356706,-0.23378944143635716,
-0.45469561410651715,0.0021673023771423823,-0.3060120040409645,-0.22542050702275301,-0.21592160201798524,-0.123805311926829,-0.3571138337951867,-0.45399542814181765,-0.06445948977028002,-0.08191888479982519,-0.05657832845751033,-0.4313860201656058,
-0.45982536055878886,0.004107999563050687,-0.04612888075557996,-0.3586917646064847,-0.025056604220914252,-0.046143412006940936,-0.1203514354834828,-0.13387510604068947,-0.3393860616607697,-0.3910278018929014,-0.37543371113973395,-0.23509895334628778,
0.09781410588292849,0.2005400715879801,0.129167488089075,0.23228798126167302,-0.09133648394898031,-0.09289631212668885,-0.047787097460740134,0.14930536650249665,0.1617899446693279,0.07643104943584324,0.24563708523290945,0.16504506525499119,
-0.053436573465166594,-0.11621505853123196,-0.30529040028697096,-0.15990148406392063,-0.21175260667765133,-0.2197806504275826,-0.22989553712414565,-0.17520375832495366,-0.16986438722255331,-0.21592121204507775,-0.39511384275023753,-0.08396421978896873,
-0.2113752585969689,-0.29838875917010355,-0.04638883857378408,-0.19494892164380379,-0.3452524791018023,-0.18102211798828863,-0.20019209196760354,-0.3837142338449052,-0.49306070777545535,-0.3838095660586175,-0.1002223803446503,-0.29503740154019087,
-0.15474632596610682,0.2584895247676625,-0.002832979301318473,0.17048303509556706,0.09202119056003734,0.08933684639731145,0.12799517555201817,0.3119498358665085,0.39387570829690877,0.2810719134698397,0.2541819216023613,0.2649152609951148,
0.3459546893357475,0.2231070382022551,0.1419865146921095,0.26155712026219335,0.36539681030223625,0.3257243761612052,0.395269650578995,0.14204166171400814,0.3712928302443876,0.14912505923453753,0.2650079834368016,0.02215600589438408,
-0.02972148927446796,-0.25439649260455083,-0.3154368829288926,-0.15513997170409724,-0.13200316147798205,-0.3530572435183424,-0.39800934439196883,-0.20250390060456874,-0.23836603827200345,-0.3142025311571076,-0.1984401123780692,-0.21403478894480757,
0.17039903652009686,0.10201937619446995,0.20467219807328527,0.23705113068625192,-0.01888241186548783,0.22604268743923447,-0.034901809123037864,0.17923448615408208,0.06824124765819947,0.16990100820143117,0.16944887151500412,0.01929690067636669,
0.17760777302335717,0.28501730221418886,0.1499045472826448,0.07394303067485108,0.18460351322825622,0.23324231931989656,0.2711063761149645,0.30281606852497905,0.09933843187248631,0.2207968928958561,0.07883476442015735,0.3525654822692497,
-0.19684341883277945,-0.365765584249642,-0.23840858448534905,-0.2024366051654014,-0.29849746627607165,-0.34550764297716896,-0.25263122503108054,-0.3039561782893702,-0.2929132760350105,-0.01117406668868833,-0.3597542166025694,-0.2604712980487688,
0.3032920871051221,-0.11374862726755049,-0.06165189033018853,-0.14807088613094535,0.2829691802952208,0.2158337835595859,0.37076158460380515,0.04073373443001643,0.23259136043120837,0.027255366109019477,0.08466391186972615,0.21502163225720466,
0.2995902011014023,0.06232872925901299,0.31937387999110645,0.10233439289078262,-0.06406185070942876,0.2841848388559425,0.17939799051670222,0.2199831297442893,0.2982235929198314,0.12077490453024807,0.4370733800807588,0.22978061310430925,
