# Pesos da Rede Treinada TxH=  0.7999999999999999 TxOut=0.02
12,25,12
12,25
-0.5100662351561528,-0.5579739705119563,-0.3938027520360536,1.3736588726561723,0.8585976882213013,-0.6449957090037567,-0.308235251332892,1.2668176470041617,1.0179111675096428,-0.4324142250536433,-0.881219956453252,1.0579451616068787,-0.5100674902089477,-0.22008571451312048,-0.47611873127406334,-0.6252234323501179,-0.7509324201415616,-0.8842725608387855,-0.5874061743445342,1.1062085253207532,-0.7848648973278757,-0.6902359754609315,-0.7691338657821202,-0.6359408948291955,-0.48732357455669634,
1.8063630280346494,1.4862608267594717,1.046734857373139,-2.5501347567072505,-1.7332369620573387,1.545846841650141,1.7424899301648729,-2.2275696806550522,-2.4935899758476494,1.441658411389961,2.396229244439403,-2.556307952432316,1.922011158678983,-0.1450011738069519,1.8656540824616459,1.314214829772984,2.097967537344472,1.7254768779543215,1.5119572464989421,-2.347586631636038,1.4594664746576942,1.9444734556792445,1.8201515338199807,1.9347597010973279,1.9963820446145015,
1.9235618101666898,1.5675887586018193,1.2629457869581189,-2.45065493497835,-1.925506793552367,1.87906174228143,2.054036597263796,-2.5003296377078037,-2.408612198704255,1.257083857976261,2.620967675824046,-2.715326758919487,2.104736001545063,-0.4198311215114041,1.8409200341558456,1.583718368131016,2.2770917179131813,2.0013325159254833,1.7196501431327331,-2.4490633457761604,1.9221223196806263,2.250049553293479,2.1981609594548623,1.7596274003385677,1.7831819333560635,
0.7289580466992991,0.302899361429275,0.16709954839060429,-0.9373871259314804,-1.0609137601876164,0.1977697026299637,0.6324881776346579,-0.35712073783164455,-0.6287987179625024,0.5250055449942518,0.7176637760090491,-0.9205649836365043,0.6465458447062542,-0.456887624423487,0.4779360051154264,0.4519491907837851,0.7255452731196597,0.5701556534282043,0.73661952912761,-0.6261506741502855,0.2333366733513528,0.5296770041845891,0.4211036599433755,0.555918135952442,0.5283111136442005,
0.20958931823422852,-0.17726191650089423,-0.1235688301883372,0.439126016231595,-0.02098519526878802,-0.20393517717441925,-0.07045993147652162,0.27234306382971063,0.23078688372719816,0.14134817383000042,-0.1832528093235586,0.15031666173970207,0.04096675592493654,-0.22227502073148406,-0.005517067800083762,-0.4381791366393751,-0.1734259491502248,-0.2923990838844754,-0.3395333049725023,0.38937664004044625,-0.33051865571356054,-0.3660076029448929,-0.22453350818549134,0.011502465112187627,0.17910487311270884,
-0.866968482610284,-0.7847712124569824,-0.3850397770298264,1.0366301159880233,0.30007616249926855,-0.8254052061787349,-0.8009189512523892,0.8141849717933317,0.5480578634794966,-0.4622209831673518,-0.8729326376916063,0.8126293462066672,-0.7133810303887775,-0.17512183165151982,-0.825430034653832,-0.6235021091152397,-0.8205469350528176,-0.7450157745411269,-0.7791239278939458,0.5551428550790278,-0.46234606757200636,-0.8881402991145755,-0.632622782307927,-0.7034126449009266,-0.7711709384071022,
-1.343623839362451,-1.4877357414827146,-1.2319931397909072,1.8093319071512364,1.0586904557159562,-1.3098812299049685,-1.4104256361087084,2.0355778155330126,2.040815670959581,-0.9327740919858019,-1.6716614096677398,2.1245431620246404,-1.5598181288863147,-0.3775990652917216,-1.2066029602469817,-1.2856014985088136,-1.7146641130922677,-1.3402745208031455,-1.5111821774516738,2.055986814628822,-1.4572473882021901,-1.3687321773494836,-1.5180501130126913,-1.226007674997772,-1.3896314502735396,
0.0931334385651464,0.18068998329744573,0.12516798426898357,-0.8660087957794034,-0.28505492918230724,0.20133813867755085,0.16199310846720014,-0.8117973844128629,-0.7427296383488301,-0.21589019914493138,0.32713009863189857,-0.771304730715692,0.550536639994854,-0.15307805223294582,0.09422537340921328,0.18927422266158386,0.17817894285861421,0.4088169930331187,0.1417547651660867,-0.710169737455222,0.15230302872742527,0.5698829398193058,0.40470835219467577,0.14150870681924416,0.041986393674046475,
-1.2808109889153825,-0.8030148508728033,-0.6143399516335382,1.1074149745667923,0.8791550630386512,-1.0870590614323774,-0.9681559938750891,0.9669595923843987,1.3048327712850427,-0.8921502345725449,-1.3724270782041688,1.5551449871180791,-1.342767461762672,-0.3380956261757119,-0.9133513368403445,-0.7143976336023546,-1.033970457271573,-1.212520267645322,-0.6926706861126001,0.8933517927836172,-0.9763904626606641,-0.9707464173664683,-1.2061029540352128,-1.051813798896006,-1.2824039157925704,
-0.864480104402013,-0.7057515229890348,-0.7710506998884329,1.264493196585999,0.6923046020154262,-1.106019157288133,-0.8854176953299213,1.0378608513946321,1.1728085810363151,-0.7046889401781751,-1.2297385709262854,1.319505838024803,-1.1383354923003994,-0.2657942872652579,-0.9406923081147284,-1.0742108398933106,-0.9473210117515907,-0.9554115432189044,-1.0954487000905706,1.2194276343658004,-0.7556710272779071,-1.2971983634299744,-0.9852508515467001,-1.1765009806298545,-1.168752618820934,
-1.0838035143130949,-0.8250956557177418,-0.9953250607431295,1.418771153290763,0.7693213860335866,-0.8579304756482576,-1.1979575978789294,1.1070160365010508,1.2271182310953772,-0.840279748979112,-1.1324304724344991,1.2763893853040957,-1.0786704943185772,-0.002698005762476377,-0.9455821824671966,-0.8319592512655655,-1.253778452334815,-0.982404702598029,-1.0805012171461124,1.222944854740262,-0.7468369117589027,-0.8871454877452027,-1.3104798819000891,-0.8354712320302936,-0.7456963489180143,
-1.0285103969455853,-0.9733382514772446,-0.795701751362346,0.8289237782180666,0.2820616975101871,-0.7570819178689249,-0.8346292651894804,1.0007655390302013,1.1087538903116982,-0.8102865986022398,-1.0985050572146275,1.1013205307193186,-0.8385510673379107,-0.603432296526499,-0.9827259820510511,-0.7501814560892623,-0.9619134319695554,-0.9888073371434951,-0.7190678785334834,1.0608321444454079,-0.9734386878299257,-1.1169559351890945,-0.7656254823763785,-0.8484747806903513,-0.8081597503283057,
25,12
-0.14773945873493846,-0.10457734970056633,-0.19281005933663092,0.09259411946398888,0.004270648642595432,0.12577157101363098,-0.08309528834849023,-0.14250185063885884,-0.24938915766678107,0.07445992323136606,-0.16861706515704025,0.03418155622504229,
-0.08549836641148716,-0.003400856947978416,-0.18052565367278,-0.12116824565150147,-0.1582263648728753,-0.0577625489482194,0.009012233783359044,-0.21189457863693223,-0.14027328529396654,-0.05186173748732769,0.026172609897357334,0.06449194318059022,
-0.11644725996834057,-0.0024460135219063124,0.112412518284958,0.033668028500484004,-0.28247698262682513,-0.045881822393277344,0.020814647698441532,-0.15448433455959348,0.034058426758161446,-0.03708443131021498,-0.035786428398618106,-0.19558202313821701,
0.2526594548043768,0.08714078476158575,0.3301830287713911,0.19948662651317622,0.28628802406087356,0.09858783648136074,0.16377776061810193,0.15455548142334008,0.23460055494955265,0.20508872735211783,0.2689033504417231,0.1186052859565791,
0.08565597970416855,0.077604901132785,-0.16913767527540877,-0.016769306957791788,-0.2819233054903067,0.07139233603355967,0.09391940162432214,0.04030645591766794,0.08750463641611936,0.10716772416489886,0.18866328284986308,0.1696983705593569,
-0.3068945020309447,-0.3065768435101338,0.0034187530244017324,-0.2955845365281742,-0.09496401539886458,0.08944979279633969,-0.11057451685246066,0.061762357081961164,0.047320920447005706,-0.04396929243767717,-0.041938323425419484,-0.14264890941670189,
-0.19387422010242047,0.07363447478635331,0.08994784428990507,0.07918508877291969,-0.027492386935438,-0.10609059743251506,-0.27095025644785886,0.13547996455990946,0.028623543906464384,-0.08097313274799176,-0.20511482231145378,-0.08988087615424689,
-0.005854273588657258,0.22485434344349153,0.3255597257140141,0.3148060288096247,0.18966198347114258,0.308228130797545,0.28274110874777997,0.18738698973810428,0.18054844871178288,0.07230244661001983,0.3576095142849737,0.03181546439031892,
0.2345519628365677,0.05947790742975388,0.1671114714490351,0.2512500464283832,0.24729554269893753,0.1358964654502595,0.027259871525586676,0.0711558363243442,0.32977806325218356,0.33170178507010556,0.12152543847837535,0.2686153963801724,
-0.22840424900040274,0.1028306136478243,-0.0023086172339998575,-0.004035466656167452,0.10859866621889479,-0.06582496848485807,-0.16968696915754683,0.06272343555858134,-0.09171784382552724,-0.18071316364240853,-0.10178965970726779,0.1454306698361724,
-0.04630058658552259,-0.13404372156203956,-0.021827127657144948,-0.15918927096224766,0.09457310079516129,-0.15057452449237874,-0.04660183808101209,-0.2632372964311136,-0.11178791029462057,0.11262406782664092,-0.18286343675656314,-0.17975640562415626,
0.21923982396496233,0.18436065899997323,0.04034346655066324,0.1260457453166933,0.20176282162560177,0.22055181151949033,0.2745928017469291,0.30301211754115087,0.10084234325934271,0.2481320083466956,0.14243200489542907,0.263781166258103,
0.14903925286392603,0.12555121120700152,0.11272507343147918,0.02650790465121512,-0.021593444841164714,-0.1923417961130156,-0.20696049250300566,-0.26436480668892465,0.06596356584594922,-0.048821807832020864,-0.20014148315714206,-0.1606455203505205,
-0.053748467208191514,-0.2267502509257012,-0.21776918194358091,-0.012777874439604311,0.03701450467227774,-0.050755622489193054,-0.03608325172940839,-0.01567704662264607,-0.07729569051283736,0.18081711819425517,7.708019566686106E-4,-0.043576476738734625,
-0.08773222532657461,0.1465309442320482,-0.12002761934003055,0.046683397216670135,0.06291128636034957,-0.11290964619175176,0.10829698295051379,-0.07811836168747664,-0.098171437824339,-0.010245266990960145,-0.21644873063084002,-0.2288265783352229,
0.05965904830016992,-0.1766930425351847,-0.24160111894004446,-0.2829546543119147,-0.054578904110434694,-0.09974030070914021,-0.10489191085664724,0.08351172468540148,-0.10079250126236325,-0.0944618228428515,-0.13975517130741696,0.12695532416370225,
-0.016835129163584137,-0.23037564223774967,-0.07883692178382143,0.037241912001574985,-0.10989296653356172,-0.11495092173227756,0.10727639218026491,0.0504071697866831,-0.0842656420206634,-0.2953688506519223,-0.07395155187385868,-0.19331763097293647,
0.01931460407780486,0.08916260229655107,-0.21259820065707594,-0.2991961011224364,-0.15816122868386298,-0.028975908629139693,0.027656598158836507,-0.014908807334685435,-0.12087062245070024,-0.25856399031611726,0.016346941986635992,-0.06958737249907539,
-0.02729357919320774,-0.08782537705685277,0.07804899658258499,-0.11352180939726227,-0.23464981807565594,-0.21910490298693994,-0.045730883000870914,-0.048044606172941456,0.08339291285193233,-0.037077366168487925,-0.14103706919760597,-0.122481562010768,
0.2468548335963521,0.2066028004923503,0.14518192195450724,-0.014592682118642364,0.18424098024959973,0.17312321477497392,0.22808242273569093,0.3157208268097503,0.13954129822599112,0.17901648513159885,0.06551923568135083,0.2638865212402424,
0.030195565466204215,0.04209854703235223,-0.05021772419843486,-0.2897080009886472,-0.08921000536059988,0.006859488174969232,-0.2308698463464949,-0.03761151481005823,0.15278553960382793,-0.19502637272636283,-0.1607311549980957,-0.08945855845407868,
-0.20616640118845428,-0.2629884321188244,0.11125008505501173,0.099720693942633,-0.1837398870042924,-0.2449814322227205,-0.2540704831508307,0.009918027247418632,-0.17695848544054144,-0.12790335317669715,0.15294884807818213,0.10589861801555035,
0.05240477689486363,-0.18746991315646314,-0.17884042761920482,-0.06983782904050138,-0.024941751429218267,-0.18807711877215544,0.009947114169620928,0.013673421109017274,-0.142462983942575,0.010572571557572548,-0.07495634400398968,-0.24056187044159907,
-0.05823473345231592,0.022780298828154136,-0.21295546411189112,0.0597199818888129,0.20801988256821052,0.10579084567134972,-0.11878432865371204,-0.2558068911367946,-0.19271645330556122,-0.13026774205639588,0.05402587014313039,-0.11809921879341574,
-0.06654210565867595,0.01642882582898403,0.10211375885048106,0.029271543557357886,-0.18947725747817454,0.08582964571859772,0.039284653325792375,-0.28849485106899175,-0.18566053922292783,-0.23912331981964344,0.05190728999106701,0.01198412709264665,
