# Pesos da Rede Treinada TxH=  0.1 TxOut=0.07
12,22,12
12,22
0.39545762494126546,-0.22153723820064952,-0.11327495761929088,-0.3645601633354767,-0.3771514064021824,-0.3152890735116157,-0.3016954756752462,-0.23287657986359073,-0.2908093504416493,-0.2620606918569149,-0.12602888035255974,-0.4693306344670833,0.17008160656867774,-0.19296346326290928,-0.2544363491852692,-0.25522865012916507,-0.32436084490685674,-0.08951289754430192,-0.4215411202899951,-0.470310888012582,-0.708943232969968,-0.16808379983626057,
-0.83520020913873,0.18698119271370844,0.24754683327070867,-0.6253493425226296,0.3494685675093009,0.2620466527554834,0.28095058917285526,0.5095962135270407,-0.20174702914162643,-0.6193785056080935,0.01894461428435596,-0.07296166243808856,-0.7478115867868566,-1.197383293533459,0.10079650991011033,0.43558842163425876,-0.006548619641743717,-0.044495938326626405,0.0691242661147821,-0.25536479991871447,-0.4983110100188552,-5.066595857178871E-4,
-0.8420492772852243,0.2382693026709193,0.04026146389381203,-0.7439181456019703,0.32629548031667127,0.26579417966561747,0.258933534273529,0.34314148628482355,-0.08966225677888502,-0.42850700794839575,-0.0647625439841797,-0.20818547195823056,-0.8182711071261313,-1.3381008599785458,0.2403077875676762,0.042962486869813236,0.08319235462687884,-4.0752231412865896E-4,0.407170769507983,-0.3041211108753053,-0.5105146104488766,0.3372291119012691,
-0.550126976758468,-0.12997403382283776,0.055567051864177486,-0.8190268019264851,0.26935822465700116,-0.11281519773311836,0.3196025985468048,-0.08241326008327296,-0.19536280549617605,-0.45279602528803975,-0.1605313913903603,0.006686497834321025,-0.522884964452831,-0.8748590437986394,0.21691031296151694,0.05479619778187224,0.12383797573435845,-0.3295732828322178,-0.05948795545141102,-0.2689893566086874,-0.7305941356422667,0.27002625553663556,
-0.27498236876037546,-0.2554317671074218,-0.10547714019286682,-0.705834336569956,-0.1263958891450669,-0.20105747329261328,-0.08484523741322508,-0.08203073428858,-0.02367526669096371,-0.6972068104604756,-0.08954118645059081,-0.31922191239985326,-0.48830863417407677,-0.667575060608299,-0.23602337609318463,0.00245733152551103,-0.2749980933893682,0.005358537552939571,-0.2563207595613438,-0.3161252689551535,-0.46451950021601185,0.13344318749171988,
0.24779851507865439,-0.19585555172003874,-0.10651245548258685,-0.49599693903374115,-0.5283714883444,-0.29105931110228295,-0.4576285958346305,-0.3633724092766023,-0.3864924658492272,-0.5774039218426378,-0.4898391048238955,-0.25422546858477485,0.48048447220135626,-0.4205252627725638,-0.5084499966265031,-0.25112051298706356,-0.4054556833429353,-0.3794146372058129,-0.22626368046633155,-0.5645757672662748,-0.6246890567684523,-0.0767808009476206,
0.4766366881776643,-0.25136227666565814,-0.4010248800557722,-0.3293656971720147,-0.25992963160767846,-0.575633825227853,-0.40522246901632397,-0.2834355769639835,-0.4672410674335386,-0.3579404758218877,-0.2103752108153132,-0.27331431352761293,0.724390803728121,-0.08342365650310667,-0.5987172227246926,-0.6244745103090082,-0.18851518513139404,-0.596384295719439,-0.6297748436184578,-0.33890427557613356,-0.4442113770002362,-0.6249157398992071,
0.08586738439934137,-0.03169023319797116,-0.23333341136197966,-0.5825129035518052,-0.1833356572371693,-0.21213314879766762,-0.10751674768669513,0.03567980254231189,-0.40751234091923416,-0.7140927600932201,-0.146694453088238,-0.21264441539263546,-0.23688688280024645,-0.4312928501323707,-0.3704564834193681,-0.13277933456683305,-0.1001692504961633,-0.18597204759182187,0.006057898508232038,-0.2948548995659788,-0.7886257913836809,-0.2066878910616364,
0.8175636816153513,-0.6487014020531551,-0.6874408057944084,-0.4472274056989481,-0.3404574869294587,-0.23698446046817764,-0.4863944827929485,-0.5860980604406577,-0.5474868489986066,-0.42885274194762324,-0.6389393561570872,-0.3662738206061448,0.38615052765049435,-0.337131238569949,-0.18732543236794363,-0.4794028826052579,-0.2518872056089282,-0.5094572775269571,-0.4982463843074428,-0.6095163329568444,-0.6408995523505198,-0.5642390346632842,
0.6507616489106013,-0.34611116939938674,-0.6442135150801697,-0.7340559595371581,-0.3509612538466527,-0.5727854603015354,-0.5453859945132158,-0.6304259628146438,-0.22015717478764296,-0.3626101005582686,-0.6128566267909731,-0.48714165516115066,0.7762496407780982,-0.14612651146631708,-0.5306573236597043,-0.2801862632087933,-0.60169220368295,-0.2300991001348448,-0.6619781062782226,-0.19343666622197198,-0.3993210976611143,-0.6359604441417309,
0.8559216538412596,-0.6476960409348115,-0.3479248257447167,-0.6020964730809689,-0.6259462420481589,-0.34637196324010705,-0.5589454529936856,-0.6570809052987229,-0.5020123546238344,-0.2939176914522165,-0.5044699774096413,-0.2769405847911715,0.8116331678915778,-0.19843619073130886,-0.2966421217657135,-0.5128248205364765,-0.5314537281617879,-0.5541503614850685,-0.3223195257620971,-0.18377892468572343,-0.5878102289315275,-0.5267854654384672,
0.23795534521456913,-0.18308203518248897,-0.21894980622721863,-0.3266374096587715,-0.47262845455712316,-0.16487259391738734,-0.257620395826157,-0.3693383802225469,-0.08208492994392669,-0.6478509383770598,-0.20036806663395107,-0.4526535666630101,0.5634843969258149,-0.29579475476796874,-0.24198699850513156,-0.5191865309916295,-0.3679306045832648,-0.16775509693186313,-0.19278714585262555,-0.38147351166018967,-0.4680167993794027,-0.4956082721967091,
22,12
0.7878350086234901,0.6467475102894436,0.7385606060628962,0.6986209479062975,0.6942145337094714,0.7241690057522387,0.9604946998802756,0.6107294555881959,0.6251464736734269,0.7252009710956696,0.6948701602670939,0.9464452338313383,
-0.30958950582283556,-0.31027827070036335,0.023304631609206254,-0.318226314013275,-0.3366781578669016,-0.301764803434603,-0.16299151879204177,-0.02336167663857442,-0.08794212187179053,-0.16784856785156047,-0.16091786694499985,-0.05140324950928735,
0.007817947966384806,-0.28732195963388696,-0.2796766010355557,0.058197717019189216,-0.27219176491424424,-0.2145271587538171,-0.22634425762300506,-0.2786024792062434,0.004107892142056991,-0.16789810782523124,-0.16522504220427012,-0.21898119402394683,
0.13557136350221283,0.1767828799791195,0.29405709953149484,-0.04806976380236492,0.027841336987070805,0.3383181505310376,0.2682924692329462,0.23790763191588238,0.19318229243628246,0.42891421002260977,0.5385856416975968,0.48235155284930287,
-0.4485760334462749,-0.03508923603464645,-0.4313565881895184,-0.3343377697692365,-0.02541343531086135,0.08023534119954155,-0.40591722397736546,-0.23185498445344777,-0.20374893548489176,0.07007438963632633,-0.13209986996911013,-0.4072308217630497,
-0.06145105402728424,-0.2857742248433022,-0.46441423964584727,-0.3404961039138148,-0.3746185319924782,-0.026352519410946684,-0.3534249659171541,-0.25382102273814167,0.04545685766258395,0.03709425326403605,-0.11843849020615384,-0.030079927798200543,
-0.2847632087306993,-0.3032582097092134,-0.07087822020377443,-0.30662319268561117,-0.07011459623637945,-0.1928188584441116,-0.08460943355125765,-0.1926210318899636,-0.21728128694772475,-0.35135011109419806,-0.07905585532374071,-0.24242161614858265,
-0.23733325304523664,-0.1822187521195715,0.05457183485039941,0.0093963409336797,0.05230745849266252,-0.3058425798367569,-0.2917986012393578,0.018436291366128652,-0.44926317918877084,-0.2556337029713083,-0.30238755410968343,-0.14630457581474451,
-0.0996753657941502,-0.2832245724051783,-0.07555048498115043,0.005751806089741542,0.056062693650113314,-0.09818806322915603,-0.1869160991338649,-0.28326566508517376,0.09130912481758023,0.0936517415771307,0.13601543104491784,-0.06896758037706475,
-0.05172021474125678,-0.040878354057963986,-0.014948784240903056,-0.12352744754656246,0.21457977249224572,0.28510844840073135,0.3377199768770353,0.31382810527074695,0.3703161410922599,0.1288805658288621,0.2720963960799107,0.15365928085104166,
-0.015382265040870069,-0.08021382084755951,0.06921819195693621,-0.22633359780100093,-0.05523973009525797,-0.3249715939973773,0.10356370565080027,-0.01198165284698882,-0.0010369805957785067,-0.14563673755564263,-0.07862471083455531,-0.053045017754469216,
0.012698864904253778,-0.08239720771679773,0.00752735464499089,0.12491221139784804,-0.22346061432929262,-0.22097139398546528,0.14486346173932094,-0.07190809123147626,-0.04677136092701435,-0.230863676920986,0.08302923598028701,-0.1550960288632171,
0.5053873976074428,0.46045596099957187,0.457919403993458,0.45689852622456,0.558641507113855,0.5648917491856261,0.4593397878985993,0.806681509795328,0.8180242293771696,0.7600676594122286,0.744551534772498,0.49270593084983666,
0.38053629287045077,0.04884595191816849,0.16839905442914033,0.25557581311554045,0.11636513015565642,0.2811381419370301,0.2691665423714162,0.18177955738224943,0.4022267081231965,0.4541834747747521,0.30114376583601793,0.5579384211900951,
-0.23895591118108012,0.17927747060759697,0.008353995299744477,-0.0822924377173035,-0.03776338885897282,-0.22677232890456728,-0.1012579733708746,-0.02214006788841511,-0.06604924735755846,-0.38037420700056723,-0.2197446055705308,-0.32942064892539075,
-0.16491828800651734,0.015796351675919675,-0.01478718551926101,-0.143120615725226,0.04368378414082941,-0.32735854150122135,-0.07103608156709594,-0.3643054911246249,-0.22542729369395326,-0.23275958878185957,-0.26045774726644216,-0.051369313249408716,
-0.0358443229223758,0.11823029977385631,-0.12297818544642769,-0.0013190747236156131,-0.23581050342008145,0.1498830985342073,-0.07246278492253742,-0.05257685080005702,-0.30020025139801076,-0.3424317835950433,-0.15779475044748137,-0.21947366712014632,
-0.08168370096065315,0.18466275128644516,-0.2697584748739014,-0.25254423056215786,-0.0725638265558083,0.036116812641392486,-0.15228036137318468,0.16974816543455573,-0.2666410324298897,-0.2208844791604255,-0.03831853817500652,-0.019373347506971946,
0.07721321843303419,-0.012443133650969093,0.025933992686143888,0.20365478582957466,-0.046724099006206006,-0.05681345028885947,-0.22058350389643583,-0.25468628651828534,-0.28827617582568454,-0.24634761054423046,-0.28977172192223893,-0.3021197592895847,
0.0156696777457472,0.05597661911247109,0.021622408545923403,0.07989159721886212,-0.09417037803296076,-0.1563462242214866,0.21465480145494167,-0.06601791685401054,-0.04320981609304156,0.13341628511961923,-0.18129779386067096,0.18680464121256324,
0.25237781176918533,0.31267343599642045,-0.011920244536185575,0.13567500370164257,0.3276584647472263,0.266812843020442,0.265885016970159,0.5168664855089159,0.4665422495946225,0.42602932468004906,0.2033148645434371,0.03816706932301394,
0.009486500673617358,-0.15998383027406538,-0.01714494169787078,0.15885038406846455,-0.10097952468548992,0.05317126002637132,-0.3341587948354385,-0.36474576580244583,-0.38039515493396214,-0.058521449004074175,-0.39844289456984955,-0.1576904317472883,
