# Pesos da Rede Treinada TxH=  0.1 TxOut=0.08
12,26,12
12,26
-0.4434689230357659,-0.3729959857531013,-0.3090634362826866,-0.7594013613607755,-0.3956952016829678,-0.3995380539571333,-0.18740644234094472,-0.6072014295343701,-0.3830051041305733,-0.2937177409162349,-0.3218557287477,-0.5016075133958193,-0.38653829804882334,-0.16964647383699943,-0.22455944542569603,-0.24636739378953995,-0.21561181891826223,-0.36705168494732304,-0.5048310102005827,-0.1681004873324417,-0.4650951117826985,0.008636736657819064,-0.504703664440136,-0.2652552056707268,-0.3111240101375005,0.3555228633768274,
-0.2938330971340274,-0.02962741741780176,-0.23794654393485137,-0.37895890869511867,-0.1271390113212971,-0.42987915241644953,0.03222342035633216,-0.5169750426885489,0.06877926942188624,-0.4705649713000899,-0.4745578515556272,0.08309360260915541,0.11572605521546699,0.010003829374003742,-0.34174495267757116,-0.2797606556710614,-0.09112114929964263,0.24049855692043856,-0.2427743269129689,0.06072363344808023,-0.5186366477626317,-1.072017836354517,0.1989239013984071,-0.3078131417198233,-0.22591560186337975,-0.852724671704735,
-0.2093186311182751,0.1757070792788743,-0.034953470481056174,-0.7120053605087675,-0.27029121116006016,-0.2778840066717954,-0.30297493573716405,-0.8135371880904666,-0.13784709704999262,-0.2688538080279487,-0.1684441162881215,0.19903007785077728,0.04055292322880887,-0.028496709922759253,-0.27176830211262365,-0.14879661892798424,0.050185180134299026,0.24245113349457711,-0.2151673313061038,-0.2711844713565592,-0.5838243135008206,-0.9429111688495542,0.14820261429223044,0.032801933584950496,-0.36678034363386647,-0.8484937211747194,
-0.054006854302247394,-0.16597379679466445,-0.21276999311799868,-0.7190658887102696,-0.3237814588262217,-0.6274701487290499,-0.28264071901181187,-0.4035752310611257,0.07064788134705745,-0.4811377012978232,-0.6038455204487209,-0.12441500750000206,0.046882393402281286,-0.20461254411110516,-0.4312201090642734,-0.11515423803848332,-0.15735383564589506,-0.07225149824399144,-0.271945669097235,0.047522400503153706,-0.3698323789702673,-0.7432446164032063,-0.18230346739388661,-0.11599770043790904,-0.23111521166455345,-0.8474303577403656,
-0.4533566385633074,0.03139426339448922,0.010203832398929866,-0.593464172123413,-0.05346920805418765,-0.514692967787446,-0.31506086207866424,-0.8168402596892158,-0.030298745625986175,-0.1365536835488043,-0.4473567376045825,-0.2775451796267485,-0.08113637722500004,0.10141540100407802,-0.027887777564375393,-0.26704955574295147,-0.20280726362161977,0.07425123484622466,-0.2110949473918581,-0.13609238016812797,-0.4643309491523792,-0.5419178095988318,0.018359999082536146,-0.2437819413899038,-0.3695482059766306,-0.724101904408183,
-0.11888078065365691,-0.2048174043965497,-0.5061569254626138,-0.45419851218065277,-0.29808161100876696,-0.44532101548827474,-0.5891419711558807,-0.8241116678099193,-0.39727841972935407,-0.4872479319090601,-0.3983937349559201,-0.2668714699870107,-0.46664539731149995,-0.38180881231786584,-0.36461036898094656,-0.4287836534591331,-0.17171156942835455,-0.5350687145038691,-0.42784936801567464,-0.3088788580139264,-0.7873806232536804,0.13437169146101285,-0.4852168908209341,-0.2419341667886054,-0.30275398951523574,0.2857609881605859,
-0.6022263643242559,-0.40240924934743527,-0.45268938063864805,-0.7913504411510726,-0.3145518604359715,-0.4159142676388249,-0.24763060944052384,-0.8010380439885457,-0.48199066582239924,-0.29401293260929645,-0.3461257237986142,-0.6004839089119343,-0.21765138705404438,-0.6548949526128006,-0.3942425166817667,-0.5291766281709279,-0.5422765472682813,-0.36047131253630915,-0.25302418631025614,-0.5278906145531205,-0.48909314628125544,0.5261947025843327,-0.5627476318616109,-0.588048089256494,-0.4938792416362775,0.3851675147977824,
-0.10955968680351805,-0.5002223416265744,-0.5195099113513145,-0.3930804826359051,-0.4120744009877021,-0.6306720403177455,-0.1450850756685996,-0.777537612125121,-0.5063501020089274,-0.3889716727059018,-0.4570934140997958,-0.3536583906724074,-0.46577248952893224,-0.5022963650854217,-0.441482805001012,-0.253456979208835,-0.19237347574422292,-0.341593950789849,-0.373371693809007,-0.3562905355983752,-0.7216501936787106,0.38712653800365865,-0.5463537711721956,-0.49063541403516403,-0.1751771459598054,0.2493605298266623,
-0.5258584941889902,-0.7189108743036176,-0.3913522345882891,-0.5005307049834032,-0.6479366833667729,-0.29261803755595917,-0.2221042967120475,-0.3814205138241208,-0.4055733061996367,-0.5745578535642741,-0.5422957951583247,-0.5731634100700336,-0.4280768553308638,-0.5089676723278812,-0.4199603925161984,-0.5483724016215595,-0.4789784260051879,-0.6856674837222277,-0.39975251290843533,-0.32837557483213203,-0.4635394233929325,0.9110077491699203,-0.5783564651456456,-0.45430306675723964,-0.5272733031910556,0.8480158953811953,
-0.38170538262815806,-0.45626786239097544,-0.6035061152755131,-0.8356233494834616,-0.6646475775925527,-0.4612379612741951,-0.7015721610978836,-0.5503070558671419,-0.7064412576372044,-0.33835999355585283,-0.73641732787871,-0.3581660358803662,-0.7051531622680116,-0.6435543523493382,-0.4079320562120542,-0.5687820879754444,-0.5883988772684775,-0.3633209972297419,-0.26614577583763405,-0.7385042808383792,-0.8412857936309449,1.0766240474776976,-0.36009209962377714,-0.436692864061002,-0.6752857175458968,0.45369300123834083,
-0.48466018213989015,-0.6470267624681997,-0.30277633452445096,-0.3879237136585121,-0.359596598384966,-0.28488222287722464,-0.42007782266083393,-0.48786362576289066,-0.5238407597681404,-0.34087103853956474,-0.5659544141264882,-0.5635873627242816,-0.5870089998522007,-0.35343696048720363,-0.4317406587532005,-0.4006070806429193,-0.6314183244442934,-0.6553248710172822,-0.4579657267758496,-0.43257605335166965,-0.8385292093977644,0.8310731484335272,-0.6759698761334166,-0.5992324429195449,-0.23918731917345273,0.733395613117883,
-0.4547233794882006,-0.3251811523237419,-0.38948348037126373,-0.7417916056205641,-0.26839381209201424,-0.6598992847242047,-0.47035659316292716,-0.6510816008826197,-0.19650294024791035,-0.48653602619584396,-0.5775255316763976,-0.2693031379261758,-0.3640237096305959,-0.294551216755461,-0.43711078346752424,-0.2336274980009615,-0.46153470252743856,-0.6342636656537818,-0.312877444552396,-0.4132300254892087,-0.8317998175190117,0.5015339056303796,-0.13525279637958146,-0.23987615834745038,-0.16030036303707487,0.5230620279353202,
26,12
-0.27112207028670976,-0.04493337488795464,-0.20233572596999083,-0.24987322820758837,-0.22474527109428233,-0.20497923207120355,-0.008660874099006038,-0.05128295631905501,0.13912120606653122,-0.10056641946359106,0.06889639512923489,0.03293824032847833,
-0.19936012587257962,-0.21743246451258358,0.03959849541537069,-0.036637593708105785,-0.13613428822002904,-0.3452305688275034,-0.15950884632556003,-0.158858570811294,0.005002571317809634,-0.12403215464557334,-0.3081001886367424,-0.21692097960482384,
-0.14544188440302355,-0.16273889139763156,0.10508913609846338,-0.3903350348891639,-0.1866303063629655,0.06571755969226582,-0.07652838173724233,-0.07815709074015009,-0.2785400311215315,-0.31329224290720065,0.12630624579254857,0.13579191549204875,
0.3278783598446441,0.16597712089421326,0.08434609220583195,0.30584123247819295,0.471018591190456,0.22865934616816722,0.3992613938995762,0.4140286767585489,0.1942437706777085,0.40644689236630066,0.5810647549783873,0.183500111492765,
0.005112855577742241,-0.02696249121967279,-0.23900154914885094,-0.28800519040344663,-0.009755166225834746,-0.18854441426724494,0.07229789010546321,-0.40436384696526023,0.02564504350155998,-0.30735296850587773,0.1275926478896591,0.10010814060901403,
0.09590179932422796,-0.020597388095589548,0.022769001651558655,0.06369592226377557,-0.17274991522967512,-0.0513462427949282,0.10372707706330975,0.25175233544982534,0.004040237331012961,0.22710025749350565,0.21820183703373858,0.2519369928099117,
0.01017494312800073,-0.089097454249382,-0.2785308183764136,0.09995959885670576,-0.1724938286353075,0.016391057403406968,0.037234067781321094,-0.3154088732802397,-0.18719890372734926,-0.07325783031750657,-0.28621518856057704,-0.07541370448851614,
0.5487460149816641,0.33707756586191423,0.5457559775200571,0.40475419494095993,0.22334946759221005,0.34184597027041785,0.5982210295998667,0.4831026892080531,0.5408152884031874,0.47965521298628,0.5391500016055495,0.5284616090785912,
-0.1375011004784591,-0.01690767921955916,-0.05786259362771306,-0.23069584309739918,-0.07046832818161074,-0.28071813738855383,-0.19731352991365037,-0.409845052222005,-0.3056841956116007,-0.18241105016460307,-0.08042302549951381,0.0028322231472568656,
0.08657185303320604,-0.11002338739591379,-0.07622354059828834,-0.2522166932258767,-0.03650735098722561,0.251413161600176,-0.0023892597395383263,0.2270868346662353,-0.07801559171706891,-0.048772389058339666,-0.11332561448560143,-0.112930014538742,
0.11217116979666697,0.015753899444525335,-0.13707697551395445,-0.061386901363992497,0.19929445388458597,0.1916596731475706,0.06444601368031078,0.20264492887691557,0.2449907551760716,0.1377833995703894,0.03476817387238952,-0.048882364828949185,
0.0034190491489229802,-0.18464817388201415,-0.276377942951547,0.049475113555709785,-0.016344646663435537,-0.3619438981580464,-0.05893956013869484,-0.1307706117303024,-0.25980579163766676,-0.008222469707163711,-0.21640639537790485,-0.20161537957793552,
-0.25654339893419775,-0.1806930061065778,-0.2856970066081299,-0.020494467901447058,-0.13257844989339682,-0.4225153169418968,0.07098228843730264,-0.012498375744414168,-0.2942651465812738,-0.05805921764769775,-0.1838443135247239,-0.24055219189693866,
-0.24521506009099017,-0.007927998163930368,0.12347751492338523,-0.11438270247114181,-0.17677441558109802,-0.14969412781818997,-0.11445720855610905,-0.2582756164756345,-0.08220358243341767,-0.18050847023962918,-0.22505801335617281,-0.3440828442743063,
-0.1256955463895896,0.16573131176474692,-0.003122898506525818,-0.005905835618828319,0.09467878757109283,-0.19624399013269123,-0.24486456702663398,0.17142739390970746,0.0839067438958982,-0.09818001645470001,-0.15355806840572175,-0.1746099746750188,
-0.22711453583755872,0.008762251971631855,-0.14231743708091518,-0.32510244267566685,-0.01793692017414709,-0.0075390295702450795,-0.13407339474191282,-0.22790369638610286,-0.09074815712872158,-0.011214666013202826,-0.11927664522192744,-0.06315380531335897,
0.03257980520729621,0.090702776258271,-0.29280913852208545,0.009923197305412582,-0.3961494409078853,-0.08989820552977018,-0.24868800970537333,-0.19457978552368205,-0.13525808117892488,-0.19408938188677324,-0.13531943990114625,-0.240799071514837,
-0.26950981710640143,-0.17412665965163993,0.0762108674814254,-0.09376036494562785,-0.010107489990477255,-0.0650292896119995,-0.37439610371420584,-0.15044508767758943,-0.3118844891001681,-0.42394413763565447,-0.1541705539864943,-0.09825704409428006,
-0.058378292557648585,-0.27848874789278794,-0.05413194300264221,0.06355318908815914,-0.33089948917990075,0.04354438203635937,-0.14453365611919836,-0.04240389930740429,-0.19228734703669437,0.11467316179537762,-0.06476022894236566,-0.22387441414219195,
-0.045728283978575104,0.033838291213681905,0.11043316736833755,-0.09466729269602417,0.1279528283695934,-0.08466405916742004,-0.2853711278455412,-0.19884901195527946,-0.31893410045694986,-0.12929294508007122,-0.31755697726865834,-0.17626083142320095,
0.33353301581396855,0.32862993348360864,0.35981577797535125,0.2701117157328591,0.2846733639523022,0.4626957768073688,0.31185275915523003,0.08796111336079579,0.40063861190378935,0.4185699268655275,0.23359842490693802,0.4920217700811951,
0.7894676185745159,0.710910808829694,0.7008483206904256,0.776280891202798,0.5086198535420141,0.6382305096841911,0.6644529413043836,0.7152110683578938,0.6280543600499727,0.8749170238970291,0.7643691979279899,0.6690580460673605,
-0.2725670134879951,-0.28167174745970464,-0.12580940315173952,-0.049665179178711945,-0.3212876963075103,-0.15870207159095534,-0.16055346861317563,-0.08141611299754341,-0.12700992067941322,-0.23625437555733564,-0.09009068060929211,-0.010288689868001891,
-0.22912162896070953,-0.1088063478468412,-0.23430381606913747,0.05990389852132371,0.05119008749304985,-0.0910105086852252,-0.14020614670940973,-0.1255450685384376,0.010402974588933371,-0.1641609778149279,-0.08438910602839791,-0.19936058113205768,
0.08241111492239002,-0.023606049016208008,0.010024227615396227,0.033107627262817255,-0.19626511781253075,0.12305008126508134,-0.2148827313699858,-0.022823093939998918,-0.022908767650522063,-0.008923886125398954,-0.24505061029332137,-0.2655926799509891,
0.4137699285099527,0.31118511120447756,0.4325647626226849,0.3034416087590206,0.7034594759409624,0.5787894977523114,0.590718140509091,0.560431011892108,0.6561887150515366,0.42983516012046474,0.5440982132109532,0.6355936172831439,
