# Pesos da Rede Treinada TxH=  0.5 TxOut=0.07
12,22,12
12,22
-0.6513524658994244,-0.1241499516036745,-0.1181346761051482,-0.2869698356221294,-0.24903826937998383,-0.4825900319691575,-0.44161034234551033,-0.4247462212618138,-0.16049177531122863,-0.24210910256157545,-0.15310872977275733,-0.45893211066685835,-0.32753043811688354,-0.36616437175618427,-0.5480649233887556,-0.4416493165245148,-0.21211214861798353,-0.37590503336322656,-0.15231562644958946,2.7097449684509507,-0.4368218639368724,-0.3665572594024498,
0.8028097684430472,0.9512161800197231,1.0964850783276001,0.9764840938352819,1.0806998942849526,0.8409801542509334,1.0866054962199385,1.066387709581944,0.7316971330862864,1.2478040949246183,0.9267979922167102,1.2437777038343703,1.2532697609394008,0.8472417965545058,1.4866723982140864,1.0009707379445718,-1.6920893224922746,0.9063191542248292,0.8867644933593023,1.4416295153063172,1.3002669520778347,0.8662744268476157,
0.8669510516939579,1.0797555130188803,0.8873239279464133,1.3965993463206445,1.3789781969674084,1.2363254666142591,1.257578212517167,1.0456440457793987,0.48591309599746735,1.33089894301767,1.127006119968223,1.5954833944588562,1.1777097171129156,1.1963446208553896,1.2657327140918075,1.1296267686198072,-1.5577219158836675,1.234058577975208,1.2428686238303583,1.111049722444162,1.1466299689082098,1.1639259302206195,
0.3849793772945452,0.4414179272744673,0.1894375228576168,0.3400119996938648,0.6387072071859534,0.3001810187237431,0.6104124857304094,0.5234149653031303,0.38960081745913167,0.37884290079573657,0.5320395021333919,0.38416128280042694,0.2575075928440641,0.25556706232043214,0.6100305186662204,0.3812519089672397,-0.7802665437174803,0.616758893859963,0.5282615692000491,2.1396804102052065,0.4536458596406317,0.465815368367936,
-0.13692619106324933,0.0563917174256431,-0.04591740063254273,-0.05332491306214123,0.26339176022686833,0.31112456885974565,0.4488517648236778,-0.0023001222945213855,-0.16247053904218237,0.19388771909228802,-0.008337048509338784,0.27591429435057846,-0.03988300816700685,0.15098107742185757,-0.06032064859434423,0.20081850790346586,-0.4846390311033871,-0.01729134486451617,0.4397118753901311,2.763947500217131,0.004148140673405971,0.4607495824009897,
-0.7339152374947511,-0.7128518902518914,-0.5198061694734776,-0.47713196356373705,-0.4489516302819247,-0.30245117400707705,-0.4591601186218102,-0.4327779222983698,-0.4809192511968066,-0.7399145366929778,-0.362028039773468,-0.5112132707663942,-0.6786210511904851,-0.5925005822195573,-0.6554508596306536,-0.46398438055632796,-0.2427314186781701,-0.5679302690101461,-0.35162636038106876,2.6386895848354674,-0.721357526609641,-0.2738689657164483,
-1.1499094516401618,-1.131677517240928,-0.8472166260616553,-1.1602017010392804,-1.0943413921824485,-1.0441729294998177,-1.1124060853176072,-1.0543967648936996,-0.5360081292029352,-1.0656668605122674,-1.1157417245328332,-1.138710470433851,-0.9470979245648566,-1.208110614869928,-1.0830782943978357,-1.0730911296669485,-0.0665768170298137,-0.8896236698370567,-0.786023585596307,2.9582349401293295,-1.1002852413175392,-0.9299015202328665,
0.1948157459053534,-0.06464129332168889,-0.15444385185922438,-0.05398796369951562,-0.2780780059792993,4.0124167611131807E-4,-0.14464961742811694,-0.15591885181030016,-0.456371722822211,0.012131728447656713,-0.04066520406952825,-0.1422063332465915,-0.05693350820395091,-0.05489293073608699,0.16857625158204492,-0.11320131924551238,-1.1712049979196009,0.0016871211035170937,-0.03701091258222394,2.015850675581236,0.13157239376151553,-0.06493503756267452,
-0.5385147263494824,-0.906225049144561,-0.947902663413151,-1.107484682612076,-0.896304985981022,-0.9833394945019226,-1.2954097594452065,-0.7741751695703741,-0.8270924114550036,-0.9295854765133559,-0.8775045507569416,-0.8438162289221591,-0.8522955906795097,-0.8211687802046319,-0.8502131574845249,-0.9356713351448271,-0.3694822235093686,-1.1625967487862068,-0.9725418800862093,2.5157917940613297,-0.6792757745652409,-1.2030197279626793,
-0.5383637859185038,-0.9038524361825231,-0.7230592973597527,-0.7752877650653021,-1.1708585435854386,-0.8380280759411932,-0.7877555023138982,-0.9832996607081474,-0.8174241020775518,-1.1118532152555212,-1.1177902003591222,-1.0391376981515361,-0.8893862456493689,-0.7045162061191019,-0.797125260947308,-0.9057438428330672,-0.5448712485957081,-0.9902762215914647,-1.2886875455131728,2.8814176400200915,-0.8130628175595919,-1.0236962834185173,
-0.8173852667333324,-0.8756472260483603,-0.7459671376464083,-0.6982820244504399,-1.130856931867616,-0.830784050738415,-0.8959038435573603,-1.065906507375398,-0.68144146395516,-0.8798638932286602,-0.7887580128544575,-0.9976982783358256,-0.808552091841792,-0.8710693274256149,-1.1118351129267665,-0.9663786974852215,-0.15666795813023915,-0.7823107767542478,-1.2502675550628362,2.6792404792388584,-0.9646042471897124,-1.1117923003419476,
-0.43261321600636193,-0.4533501394615383,-0.7813386595425792,-0.743097077199897,-0.5710768587587893,-0.857443244255146,-0.869523299959742,-0.48632615746415225,-0.3660018862477856,-0.6669186784218142,-0.8911377456214967,-0.7266379254250548,-0.5862951557981297,-0.505377255383967,-0.8166159165106411,-0.6383676395966144,-0.5883599367829807,-0.6199088733867689,-0.9055047535895812,2.4004077452673607,-0.8434236441353051,-0.5945238646096329,
22,12
0.003245865035452644,-0.25584553691020406,-0.23911297876790139,-0.10724126815892181,-0.20481176992250766,-0.22209751777811362,-0.1052228645333499,-0.23518683320332698,0.09996928322724914,-0.17797833293016066,0.08009836194111415,-0.24673290853343158,
-0.12830764118414864,-0.21154996885599905,0.040097693916807606,0.029963989888792515,-0.23896258783997307,-0.0512382424260031,-0.179992802370817,-0.1171258047135646,-0.10927144826878861,-0.3635076245358293,-0.09025604891675976,-2.5011779650713965E-4,
-0.22429302078713095,-0.17423221724480356,-0.14951226151258185,-0.3742834664273514,0.00833959879670436,0.03819048732438195,-0.23444001927895136,-0.35481962516937593,-0.05826065773772031,-0.03009519543188852,0.00875135578461033,-0.05622088165144188,
-0.04528266705810251,-0.13946614625777318,0.021610420851461035,-0.2587915681969427,-0.2779974981703293,-0.16281469750463437,-0.14341045621233206,-0.18594040314581256,-0.19214352729437237,-0.13929504824354913,-0.02128609120839211,-0.06406969554826515,
-0.022639491410718075,-0.059846686686746,-0.12355520318571424,-0.11133378670663517,0.16771599607468934,0.16919655261584116,-0.3236255852579192,0.0037268096241711416,-0.30371011218624516,0.007189593054865106,-0.29556458112212425,-0.41553476472255707,
-0.042645661480079027,-0.07440793516614684,0.10937661742687303,-0.006171300565189212,-0.20753217019377368,-0.013455999303462177,-0.20956482082178882,-0.15262804226877816,-0.13498329443836465,-0.19814142046154312,-0.2776450122820222,-0.10086679106634304,
-0.09478523820498275,-0.034010251836088586,-0.08613802850189684,0.05673522347384319,-0.06003223584083897,-0.20864187560052988,-0.2148764264516702,-0.3556056995331171,-0.11991768385318823,-0.12713203163406137,-0.16110548585326134,-0.016619151786653512,
-0.08947142250714246,0.03129909568350169,-0.1164034460633545,0.05229442880563244,-0.32291251760679723,0.01926571430124696,-0.006261524791517491,-0.11336326376685665,-0.2565157118830354,-0.2945944101263866,-0.23497808416164015,-0.03742478341791068,
-0.1387746524922022,-0.25995656180517074,-0.10310331163619532,-0.234416781073545,-0.44663686152290694,-0.17135718150963697,-0.148003290805988,-0.02924881457464264,-0.0064433685360727345,-0.0025682649029609493,0.04063720964884675,-0.09123868411518644,
-0.17668660064777528,-0.014503446030136315,-0.04994716795920291,-0.14524654457473013,-0.27688334426146727,-0.08873010090480443,-0.132840111279084,0.0947690498955472,-0.023941593864484485,-0.1522387499028364,-0.15781774931854914,-0.4418114288947255,
-0.1760762392028308,-0.1625037480400026,-0.3868506093787635,-0.14151592763374668,-0.22755559479872162,-0.009648881987607716,-0.1662850141917962,-0.0037636232283293786,-0.12924608707707824,-0.06450045269407373,-0.24607666921022556,0.004696545664062873,
-0.3283579697347315,0.08058422807844295,0.18763447352501342,-0.17791556604087738,-0.23434555364822646,-0.26915021251445115,-0.16562870910478164,-0.10317625684235746,-0.12441923930620276,-0.02759559074475213,-0.18425329881036193,-0.17748221601666286,
-0.3041161341902282,-0.07674638633594782,0.02991872386520412,-0.08708857608077808,-0.13709846084852098,-0.014338292434915427,-0.2144911213644782,-0.16320691060626413,-0.26532433714683695,0.0705051638408927,-0.25907759260788193,-0.05202221634424846,
-0.10855391952057401,-0.027102211834289,-0.29814272704136136,-0.04770443309690694,-0.01234111180487115,-0.25251759225042075,0.0018444304859228833,0.010905888544064303,-0.108994188345253,-0.07398170892080314,-0.17526778145309724,-0.3587968622911244,
-0.27500110283143564,-0.2312866743007754,-0.058081597224372665,-0.07708474480276513,-0.026987909607150883,-0.23560705014019837,-0.0034219845792612027,-0.14849703642142026,-0.03524840369811155,-0.32971391937655664,-0.2230901668055815,-0.0024033835396750735,
3.66969486592329E-5,-0.21459462106017543,-0.2222970560507658,-0.22087928292798256,-0.07712125038660636,-0.09576985462539123,-0.013694727884497658,-0.36504771594425456,-0.1255879457136435,-0.16582641814665194,-0.04382964914549024,-0.06842930905794745,
0.584830076019212,0.3371288434093589,0.3838965385951942,0.2879952821433278,0.4531817821028663,0.6675083698813825,0.7766727767669418,0.7964204772212667,0.9127325810658375,0.9540706057789261,0.8929708014217242,0.748777786773686,
-0.20890484580966528,0.17524624226241817,-0.2447933933083576,-0.24197852468785286,0.06061973155244131,-0.14691917893357462,-0.12129577822248948,-0.068924892308219,-0.34415225527811943,-0.009937038290142686,-0.20948021452939874,-0.06933813616173416,
-0.19592128327849223,-0.036520701599568044,-0.23110074885238382,-0.03758292096626126,0.02677819983712669,-0.327986733061414,-0.003080071222401932,-0.054092583682944465,0.01891336168687269,-0.31435424930813094,-0.1908879013941531,-0.11055663632657564,
0.992167376420899,0.8318533147370435,0.9092087877124135,0.8983375528340743,0.9688873225418819,0.9811705428705242,1.018956291147325,1.0320565772749357,1.042868011942285,1.0857524617694714,1.0700130269963863,1.0510366385296637,
0.054385437472705085,-0.2955996051262752,-0.227757621276239,-0.027161964558216904,0.08758979148952059,-0.21527457339123157,-0.09919381855729971,-0.02432978386450522,-0.33377195955850514,-0.1481815532129564,-0.19715206472568947,-0.10284405327436515,
-0.005387456703204349,-0.01779120670125518,-0.034772573205712615,0.03581116217966044,0.042234750125413605,-0.20545650493476458,-0.13844761023542715,-0.27659436898315803,-0.1667972576008521,-0.3042571742474879,0.06014197247678348,-0.2239850960979642,
