# Pesos da Rede Treinada TxH=  0.30000000000000004 TxOut=0.05
12,12,12
12,12
-0.48695269199776375,0.9687065969076809,-0.5904206900915646,-0.6144361081520642,-0.7442492334994263,-0.3567198813755321,0.6946674791044218,-0.5158784911652619,-0.7199703810587288,-0.33495576595851667,-0.08663835597759595,0.8678611294609696,
1.1572097303582445,-2.1567892209451287,1.4415664985837322,1.212172189988468,1.6324222045421821,1.2915534940335431,-2.077443773178985,1.5483554846378835,1.35988226565957,1.6098721022699942,-0.3769031139382837,-1.7830351448246753,
1.4277574203046313,-2.190155081871526,1.901972959964653,1.687686530948225,1.7334359616858233,1.5329854434928674,-1.8753692747300827,2.121895618539622,1.728571005396721,2.0154926594402562,-0.5059979600185261,-1.8422108052234534,
0.40433572718698935,-0.9132261491275104,0.3726414324535951,0.27259987776571837,0.48611284275976674,0.4410736510864582,-0.7158549166641415,0.6980383971544428,0.47818898769910373,0.5717166356047806,-0.2644062332799411,-0.5800669638604926,
0.030469622455344486,0.013603099012186943,-0.22029998329643072,-0.20600743338047436,0.1222559848819924,0.18727663628413704,0.24086664653068332,-0.03269646675154358,-0.09764926962050463,-0.15277344308249904,-0.6072733289380323,0.01861428098424711,
-0.7152480333421941,0.7384957185983634,-0.3613065652958623,-0.403955777955415,-0.8299465610210633,-0.5927296588937526,0.8518458256070724,-0.44939593610323003,-0.4972850993986828,-0.4178189332916699,-0.27862171133333663,0.6819591902315673,
-1.3861987716414745,1.6948822843421556,-1.2237507317201692,-1.321748124855451,-1.5510303306004385,-1.3767033036907876,1.3545731808665682,-1.5493104334830292,-1.2826656860777224,-1.2468341411007313,-0.2673549848050496,1.3379781728364204,
0.13687500123171403,-0.48306921924815566,0.20999737208361643,0.13449507878228364,0.40353812220329094,0.3073275375739874,-0.6784988813912798,0.3582876558299109,0.16565055209962545,0.30127403786994417,-0.4635661207326179,-0.6606598403691197,
-0.7778033357398972,0.9276755000058118,-0.9580158817712316,-0.7934601044652452,-0.8529347491592555,-1.0722445783740409,1.0728140468053207,-1.1481104031360263,-0.6929238464131188,-1.1628303030778795,-0.4203439219897626,0.6679311647924436,
-1.0000619130652881,1.0139650938236413,-0.7206169353190112,-0.7118172721662903,-0.9572606640408866,-1.14270802223432,0.7909232563906909,-1.283920079216292,-1.0231716449173245,-1.021845914898959,-0.01532512586363789,0.9918427450841201,
-0.7272869906020908,1.1648816335505068,-0.9846161020998577,-1.0648316424624242,-0.8062659864489664,-0.968947247700996,1.0769151234188135,-0.954836845837454,-0.955453955839433,-1.1908672858201887,-0.3048161525339195,1.020695063214882,
-0.5932271345996298,0.8801211410195503,-1.0024934724235144,-0.6116735212040383,-1.0459497290194937,-0.5948832360654344,0.6374378173842643,-1.096990298355562,-0.885443447326673,-1.0484523654250943,-0.19617268043207342,0.7483139605196445,
12,12
-0.21858211993829532,0.015456152698216862,-0.2670407985659201,-0.16582065261569956,0.04854756562808161,-0.20044330024030857,-0.42367544993753886,-0.37141607276642735,0.03490056302785866,-0.044293806717813446,-0.12711507428048588,0.04044076528503099,
0.4108263776498026,0.39842902311899037,0.2972038303734913,0.426211682320078,0.47574646290476724,0.3492859756973069,0.21160209809311137,0.2561429089485096,0.5224932579781697,0.4001413178708609,0.49971722502641586,0.476756295353704,
-0.06927544087307898,-0.1765261025709587,0.18826277357209573,0.10573301117268111,-0.22554374854411496,-0.15132493881825568,-0.3209481396788762,1.3539652106031285E-4,-0.12948246306869138,-0.15120258683731963,-0.3219670078253743,-0.2960540675066876,
-5.937928190826995E-6,-0.1515883301187642,-0.1379118782204267,-0.02665635578178762,-0.08363258221759302,-0.3367714306967244,0.003541113722767018,-0.0387909789531707,-0.3188000574626681,-0.29564664102398497,-0.061050837907015064,-0.13273425690948498,
-0.23450981704766982,-0.260776784502526,-0.1778830018812084,-0.07052586428233863,-0.19295703389448318,-0.008781570553046663,0.042646116172761754,-0.326504677656113,-0.19957574525335833,-0.11099659186929835,-0.2651823468665781,-0.2218522675925858,
0.04729638797162324,0.012264141055825043,-0.24220501626299862,-0.07736775306179254,0.03091537443033606,0.08135353190933388,-0.24619946487670932,-0.2638680925656998,-0.27298505222209696,-0.24503421463027594,-0.13383447847863272,-0.23733493513275083,
0.21760047309180605,0.242271444654929,0.3976491952564358,0.20954120176906185,0.27399435173048015,0.3785292500577261,0.4397526881897436,0.4645182669227392,0.44572451029949484,0.48547236836783497,0.1325794217744031,0.4212262235918284,
-0.22457989149470114,-0.09031835334553005,-0.1686715433424702,0.062404308730251,-0.20985890005067367,-0.20224302368165928,-0.24122903694775336,-0.2903526840306423,-0.22785560968985433,-0.16353430250388867,-0.006301158501713766,-0.24069144413683694,
-0.2938874745773589,0.020497556378018943,-0.18266820274590911,-0.23739363773464095,-0.34718058490297776,-0.1009247506336671,0.022338423831744024,0.06130229127348538,-0.1745697535057513,-0.27633373318774807,-0.22493940403785365,-0.09965019268864951,
-0.04082723123415444,-0.0719153228507606,0.1534209053510002,-0.24603830175059876,-0.03263925463243738,-0.2749208211325956,-0.17102662394895388,-0.22185141568029604,-0.21250809685212402,-0.21676070918712798,-0.28445359909437234,-0.10133501840041467,
-0.19417119940025995,-0.3569300657011188,-0.3209818767290464,-0.47580435213246836,-0.21669347236208164,-0.004092597920995756,0.059360323152005075,0.13824400995945893,0.2096440726574378,0.14852865619550917,0.11448624402447215,0.01419794458294932,
0.41245077437689553,0.27119041233190105,0.3075730850132545,0.331893911073364,0.3221224993035343,0.3461780328196215,0.4746700033876942,0.4444064766350378,0.17914964168634923,0.31129957447573314,0.5253653550666305,0.2503151502528369,
