# Pesos da Rede Treinada TxH=  0.6 TxOut=0.01
12,27,12
12,27
-0.07778860301621073,-0.2866217479147567,-0.45032371431438883,0.07558928773825255,0.43572073637660663,0.39600603122816036,0.2438522118245918,-0.2547052907212536,-0.36877630427714486,-0.3259749914300861,0.05030907545290223,0.34864408451949386,0.40527405101226,-0.11632642259067541,-0.23743536854204603,-0.20483650337141748,-0.003367613704339001,0.3556509390403127,0.3520434142666336,0.254994406529596,0.2542791762100141,-0.2790087579387551,-0.3993514879115736,0.2993870084281345,-0.25703109008495967,0.10247591948702146,-0.3160162179351329,
0.7128245761693203,0.6679181513750666,1.0046375965646626,1.5490370712719617,-1.0364442598759993,-1.1543176839701355,-0.9237320593951622,0.701645123697651,1.0605593841732566,0.907583610092074,-1.1527417383212406,-1.0552186621426254,-1.261314464565834,-0.8882959230779985,1.4141512042703415,1.0516270044451934,0.8458858760476357,-1.2239462638429195,-1.0013259727578727,-1.2160682605046564,-0.8777380975941983,1.2876857136586704,0.51492322391584,-1.0451911129043874,1.1960280105534453,1.3534925212745739,0.17752641374552025,
0.555789870423547,0.7193759406738935,0.9271797224499388,1.4670597185174246,-1.0362102727648759,-0.8426537387977038,-0.9563580850596365,0.6524686518460102,0.9636043233572196,0.8808153844575636,-0.8706550328104503,-1.1352270996586022,-1.0512835443302135,-0.7876596827348437,1.1983766335669501,1.0266981430929976,1.1335404452389195,-0.8940350588682141,-0.7765514810564761,-0.7420428045332514,-0.8130925181395569,1.0720218813712008,0.6630234838225619,-0.9312465851085061,1.0752647173669256,1.370816461019497,0.5767589376430644,
0.2613818112850859,0.34741345305214566,0.9463515915040026,0.9337673620586867,-0.576788057227278,-0.9669075806613525,-0.6474957403986241,0.6326335837267121,1.041807750376537,1.021459494395531,-0.9018546372714181,-0.8606648248539286,-0.965110649591291,-0.9291354804161633,0.8992343068065298,1.0652834395608555,0.5278506279504004,-1.068376371943818,-0.6873807112606396,-0.7564482000911223,-0.9428546124469285,0.7737631577305738,0.36427197023499164,-0.8141388558221482,0.9380498860192112,0.8712365265829819,0.10571123936601198,
0.034644452341212086,0.20113615657863193,0.49537243902484684,0.5902255903055922,-0.461676675336279,-0.7542221278730047,-0.4678848629413352,0.47932029945033927,0.6828478311365566,0.6038110220856563,-0.667783383040824,-0.7211187873754052,-0.4777185318537568,-0.5262792483615608,0.630872847595496,0.5332332438803754,0.6317745309832508,-0.6135323423590124,-0.6898381522932826,-0.5017218996690208,-0.32785249740631905,0.49584336564935905,0.13027282903034987,-0.732717133978323,0.4628835734458097,0.48117852360390073,0.27146679054478967,
-0.5276077285664045,-0.14590116839938116,-0.6041591307891027,-0.4758083533798226,0.1626663680583958,0.21856575343709123,0.07681001431939029,-0.4499542694724182,-0.29293495918847223,-0.5691682924887403,0.12950293566476007,0.22718334280769426,0.40451093556427364,-0.013168247513734684,-0.5450808028944496,-0.7080750596534975,-0.34717906365087,0.37825077373327887,0.21717670897649027,0.18564148576951153,0.27991376920526584,-0.6637046151240676,-0.29724084917738486,0.481868359614286,-0.7082675664946039,-0.6510238309768144,-0.5313152051171253,
-0.6104275722551034,-0.680939674631025,-0.899587683482993,-1.0547236363800583,0.7370279898619038,0.8081974216920264,0.38053456195218854,-0.7219010870777308,-0.9238320361776861,-0.8117663016837324,0.7129952845953592,0.7624445132499582,0.5019992521917042,0.21197805377380732,-0.5730640896970137,-0.9042021564660975,-0.7999556760715889,0.5892224565067171,0.6072433395642571,0.5416003894443066,0.2963092900293024,-0.9099959725513902,-0.720309584460308,0.5607850431189338,-0.6491943568578922,-0.6072048238970555,-0.5383437615156168,
-0.3014992019764047,-0.31992032752590543,-0.32211627842090534,-0.4072919487918911,0.2758145872864052,0.10611484190935343,0.16256270910742068,-0.261072390276414,-0.09753931863591092,-0.27281903032248755,0.1214458933092319,0.0364926046227646,0.27472212079891467,0.29660037021587615,-0.4523589651484693,-0.2898920920083036,-0.47791162376238094,0.3331304610306814,0.23713909233877223,0.2805608836334782,0.2506750257315139,-0.08477809665104233,0.026131038599458905,0.15948986072188423,-0.13527482687163392,-0.3138239964880905,-0.40080272905813424,
-0.6089210479736834,-0.8544691929205925,-0.9929131401345443,-1.2552110971530857,0.8371362412733514,0.6444858639829156,0.5731364725299596,-0.6513169512756354,-1.0777682708336669,-1.1194447445564435,1.0086239838313753,0.7492251127567535,1.0439072884032514,0.7987123331273068,-1.2236254924742132,-0.8835727285690895,-0.8747827873962338,0.7322147873345495,0.6846277502400916,0.9246588194262308,0.7298091390035116,-0.8572118563884963,-1.0290172318921829,0.6744324796704686,-1.0524247280839782,-0.993980760576473,-0.477892723552479,
-0.7458815137119302,-0.9848398230379894,-0.9761390955583232,-1.3631637371393739,0.9286307167366973,1.0572702662582212,0.7150447675988496,-0.9276408985311265,-1.0090574147806375,-0.9979221176449428,0.824106907805547,1.1398538406295464,0.8308041019520287,0.8698243069842888,-1.2097462433562018,-1.2925409170432387,-1.1292868396326932,0.7871415572635803,0.6996930826143067,0.7823737528236495,0.7139530114088283,-1.2738367977930285,-0.8932315260671619,0.9858559488478312,-1.313051893645929,-1.2011659934852748,-0.37214977236488095,
-0.5092024856954124,-0.49704681248702315,-0.9005062667079997,-1.312724900743195,0.5684478321469332,1.0263233625511108,0.751970249550052,-0.8152907498219635,-1.1357897877699008,-0.8885658748261255,0.7526407335440618,0.7336957893257272,0.6593647398581026,0.7712845026107901,-1.1046498173322135,-0.846992793637301,-1.0917858587898068,0.7048969833990338,0.741283773931132,0.8306774339537529,0.7284181712636859,-1.0722282521984086,-0.7324043394791773,0.9321068445962708,-0.9589146815745379,-1.3116489793365036,-0.7144489837598338,
-0.6071511285417686,-0.6007140168561734,-0.7931465959037871,-0.772657026889039,0.3650093520111217,0.2138393450763237,0.4086093610381307,-0.4987376606597006,-0.8863868794882298,-0.3622997507637318,0.44232635502630957,0.3972741000213142,0.5288954419764474,0.4234537414477732,-0.8979950587226813,-0.9098263574134484,-0.5655307533805388,0.31868184786469905,0.6404213125844987,0.307246619408685,0.38593591368596936,-0.916022914455569,-0.3769921773364413,0.34627614928656897,-0.9880242929895163,-0.6161200311551316,-0.2728692530319596,
27,12
0.044617842966676445,-0.17735113181929818,-0.23897866137154639,0.02562662728300786,-0.22190142095783497,0.08299591717694504,-0.14970876687899434,0.032416291183003716,0.09792101416604579,-0.15380958004913708,-0.09334989855362792,-0.07301054136308961,
-0.25817699477846284,0.013450255675569943,0.044849325608861755,-0.0027092113442370607,-0.2676168194559447,-0.1040994604127541,-0.02981853330619222,-0.005714944725100997,0.0361066415459841,-0.031187076876553047,0.05541078021204089,-0.3421187286597671,
-0.057490230270354416,-0.24000858563116623,-0.24344659311898922,-0.24062966627194024,-0.03759747665527821,-0.200097179201455,0.010269729308340463,0.13188722323784938,-0.3521832143182904,-0.07860836200239965,-0.10528822129283062,-0.016246903807435247,
-0.1481926468203155,-0.11732532701553058,0.20818140914389943,0.006403184865697261,-0.17282263485955482,-0.20406318068897575,-0.2706496079731869,-0.26152262569862017,-0.11860805531517521,0.01312065626140624,-0.13961759828863232,-0.23743288361623796,
0.32934676736996216,0.21924311487567416,-0.06029698654376332,0.20766696428364834,0.27087855184446497,-0.0840997408842532,0.27231947329359446,0.1389716563395414,-0.05306831259856006,0.05930424686487141,0.14776102119998935,0.054830242035944755,
0.28486016238277073,0.20856880637161526,0.05498779721625386,0.0027761420482276455,0.09891195570486445,0.014903162314588306,0.31538057592549423,0.22408184958396857,-0.11322532310390017,0.13099359668585803,0.025598154737678756,0.19055666212695868,
-0.06589949142320906,-0.0807252365277398,-0.06435190582892918,0.13106224280668125,0.09747557770573274,0.1741838038591929,-0.07681301594489326,0.14116535788274093,0.09556768620746565,0.22916161986104394,0.2860961629750757,0.17729544578952133,
-0.21810767478960144,0.07009755288129274,-0.15019754078356737,0.06280160619262458,-0.20435971568774863,0.03450002943221927,0.02127830078446085,-0.0436866516260791,-0.04261687390846157,-0.2105539433197462,-0.18109758024506598,0.051748903069175976,
-0.18933002248241218,-0.2971049717386073,0.09288885829358635,-0.22967125588463877,0.13770703866320094,-0.025242193732224017,0.03532862941147576,-0.23516254144295437,-0.24985765463959245,-0.31011338605187627,-0.010165781552381478,-0.07625958285630766,
0.1843286726490015,-0.08367074435920961,-0.05029189288328904,0.06216704717199997,-0.25672528752373364,-0.03916164374925446,-0.16734818486743766,-0.11829226055315539,-0.1919679259926569,-0.16174798496003723,-0.1868674443302927,-0.07001671195931553,
0.24281258675852438,0.19146520087677132,0.20367212831228504,-0.1259679858778777,-0.06262782289673027,0.3161153975186985,-0.07300499040908692,0.008213722338733047,0.15503943255120936,0.25988740408624056,0.10053462585899904,0.07896226190828035,
0.2764490757566948,-0.07708401518700536,0.18184964099742953,0.020557884523125132,0.11198347514504826,0.1953774788831883,-0.08160729254459027,0.060614093918214554,0.31010221863873283,0.24944950216323525,-0.03439980133583382,0.10964567939977873,
-0.09794727654151368,0.13806132648243433,0.33868004904125776,0.062499768406719926,0.09398953730408822,0.11532060782103108,0.11689225203408704,0.03000874794698597,0.028219262833117365,0.24226455057372676,0.07163967716439631,0.30552066149306045,
0.1213032987946166,-0.1744531412754714,-0.035935610790285344,0.13533627231779477,0.1399130653979141,-0.08848723331726031,0.05696398099329302,0.01330430010063278,0.22587340580870252,0.10661481081787252,0.37929634667986833,0.048527812922665864,
-0.0013533534457901607,0.014541259788131648,-0.044643275457376785,-0.23936140320295324,-0.08668548187209227,0.0637892744774588,-0.0056469401381793235,-0.23219993845063208,-0.1333381987895732,-0.3324123336574623,-0.12783307688379392,-0.1604196788164355,
-0.051999971949128566,0.15220411307105935,-0.07526918350322202,-0.23645762402937756,-0.2147747025905807,-0.1852471814710411,-0.2724510042614112,-0.12330162242946344,-0.10153152404757981,-0.030593646610679235,-0.19891071201397958,0.0023049225961802723,
-0.1614802364357253,0.05030325033290499,-0.27920220533012,0.06269193844102909,0.015944340887789,-0.14146552773029272,-0.27642143711301803,0.07681924311526876,0.06648423662236415,-0.16959774711552134,-0.21405186599566386,-0.14201069097092067,
0.05604841677106054,0.08238988959099607,-0.0392669010878483,-0.004910271450936707,0.026689732737558976,0.25402306938749225,0.3324824216132484,0.1464218183074787,-0.12124702981924071,0.2527617461748916,0.04142269070552186,0.27877227085969974,
-0.0883631209406141,0.05583451170294236,0.05796268035051101,0.3129889937516417,0.2697971038104463,0.2056384978968104,0.20859629356413126,0.2295634326981104,0.14777875321068865,0.0022381227508038786,0.08336751296899776,-0.023647615350181315,
0.1532871961954945,0.2833447520529938,0.26344116618365065,0.23697524786181987,-0.0704208356354854,0.111084129000126,0.20744131811193078,0.16240279317556114,0.32614924347322677,-0.11293044523412867,-0.04411797850653417,0.06274494522820172,
0.046483412648952185,0.08056518385706873,0.27286812426292945,0.2413084791498378,0.09509098694886112,-0.06461374382422284,0.03886625222384555,0.04817444468679262,0.2998109349684338,0.1664515659663068,0.19955315611449229,-0.09896265927565412,
0.14736474989377388,-0.33554781104510395,-0.16618885903637115,-0.17978953839063222,0.005572134518677068,-0.30266251479973916,-0.01949585129084603,-0.2409766474775466,-0.11911784296987002,0.02621124631950641,-0.23397502325979988,-0.023718437900307043,
-0.2575061903467644,-0.27586655653418307,-0.07240836665482364,-0.09020882360931946,-0.2589426619333032,0.021159616152368936,0.06013007484968536,-0.14159366372998833,0.07290937789525007,-0.12372223312542308,0.014397221939832493,-0.08321519255195087,
0.06058051100532572,0.12988272218695215,0.0483188049708319,-0.038425524821579765,0.2300204469708314,0.1668491652201044,0.004165522144855093,0.20223900938785203,0.14253296452965156,-0.04759189007863939,0.24380601922888065,0.26431631063299915,
-0.15069214785847793,0.02899122967686707,-0.1893817978696607,-0.27048838774423645,0.1119162713219552,-0.17258602447207586,-0.3258534322139376,-0.06287525055101,-0.0735334717668373,0.11503590615848222,-0.22993598085248568,-0.1756274108696629,
-0.18053908729001433,-0.02094895208052675,0.1171519394249648,0.11744242498998264,0.04747051899024141,-0.09448414096421064,-0.19179762684589174,-0.19915619019933845,-0.257670881036692,0.0046916713261007555,-0.18260907990299372,-0.2829135767278665,
-0.146386580859093,0.05960366337367903,-0.2747722955936572,-0.14707098274351252,-0.0039209339369078,-0.1452094120232492,0.1460139393728608,-0.09598980188579281,-0.19010770094125345,-0.21211232641364675,0.20879250779961173,0.09118459039734986,
