# Pesos da Rede Treinada TxH=  0.9999999999999999 TxOut=0.060000000000000005
12,13,12
12,13
0.9779990891228219,-0.5576326879360526,-0.6849752721318699,-0.5979542563422999,-0.5872434925990015,-0.6304653065168705,-0.5721835101945627,-0.4591695576979049,0.8532673600034981,-0.722807993821496,-0.5411297235739595,-0.5205163960337101,-0.6839378448607094,
-1.054333557915673,0.1469388742196712,0.3364249230309319,0.3670120414156897,0.07494922958971492,0.4709833620841874,0.08198984448343154,0.35715866074197933,-0.9212778452549153,0.23983660430452455,0.20697938892113815,0.49154866356148613,0.5189682303868849,
-1.453762464034772,0.505428736483921,0.14761832538774533,0.5485190579759932,0.38899717406273704,0.5182463408563666,0.6113527568908993,0.7338358945825104,-1.129600702524654,0.4560761347485705,0.5098336556545213,0.23491288915514028,0.6051292276789463,
0.3269818223688344,-0.4603390652304575,-0.21909627010850782,-0.3847766229743353,-0.3588937321756174,-0.4514076699606516,-0.23075267983860867,-0.34997350083038287,0.5592604154743761,-0.3997662938149141,-0.38704680378930106,-0.2711704205045155,-0.3274630742407708,
0.49320962183115424,-0.8437995065820408,-0.4030078172734267,-0.7175681935078139,-0.4491190503091932,-0.43935447210322925,-0.2128918598171194,-0.7602337966086685,0.6627349123953962,-0.2539037249658951,-0.3686150503617322,-0.48417204573826567,-0.6160794878330874,
0.4533544681879113,-0.4024234549232039,-0.3726158405078205,-0.4131695258545867,-0.5232844906040174,-0.4115574036351127,-0.6471305855046735,-0.6443749502798287,0.7392280660689724,-0.4548369354534165,-0.6032705431671012,-0.539258313887406,-0.7620571121180413,
1.2307041780891181,-1.0277983737202285,-1.015259766046394,-1.2480907107410224,-1.2329321973845146,-1.1643968675138507,-0.9620743077328797,-1.1586727936752677,1.7311040368269284,-1.1026142019556275,-0.926726349091972,-1.1977555732403584,-1.215990912818873,
-0.20253869917503262,-0.35079177716267584,-0.3337802729449866,-0.1385707127468075,-0.20532903970902108,-0.22823099162622568,-0.5123259682521568,-0.27473808429096647,0.06692106926330782,-0.32324655337759456,-0.2294240389499809,-0.424087811339279,-0.05983632983124633,
0.5525162367313574,-0.500062207073815,-0.9200591230055343,-0.7368233512416363,-0.800356167051572,-0.9055711004461205,-0.8483780635639412,-0.6691696098768039,0.8563920932981093,-0.8438267582291423,-0.9373245286196649,-0.7893738826641432,-0.622629098789913,
0.9827428634843783,-0.6929613595940008,-0.5556363401676552,-0.6329357123104841,-0.7067016222971657,-0.6666299039384105,-0.6879196225045082,-0.6512092948992316,0.8264736642807755,-0.7004672063016044,-0.5367170640330946,-0.7183976151311942,-0.9119026459118957,
0.808045009249552,-0.5898596822755415,-0.6994386153754275,-0.8935007062352629,-0.4721851221958674,-0.861568847659245,-0.7228764847157446,-0.8647064375521507,0.8534911225684376,-0.825435941353356,-0.7486823390644687,-0.5051746969155657,-0.5681765376957849,
0.3607740685017985,-0.6411946589647985,-0.5558039267668387,-0.573510307384404,-0.562613069727556,-0.600659101081896,-0.6271896286764382,-0.5830634695036179,0.3964083202676525,-0.3822653049154544,-0.7360451752575528,-0.472517585699268,-0.6712632623251954,
13,12
0.1686535891335688,0.1796289063534127,0.17153002282938679,0.18911381013049838,0.16395859919185046,0.25402265872977164,0.16071965176698494,0.2817317166976966,0.2729044649647288,0.31977225128976594,0.2526812504218532,0.21015062754512506,
-0.4160105335372917,-0.2501900603923847,-0.1949516034031011,-0.30133682326131833,-0.22720272811053704,-0.188989827448473,-0.23305305194764397,-0.153185761133831,-0.39544604581320447,-0.2830024554836858,-0.2428873877117608,-0.1158128709450883,
-0.1420664936309362,-0.2121367288358825,-0.3199978720651083,-0.33856170174987604,-0.20328984474996267,-0.2857788441717152,-0.20779969695000874,-0.20169910799141583,-0.22257496364931753,-0.16824113849492925,-0.17685509418636847,-0.17910913017967414,
-0.28541636018614497,-0.174194367540522,-0.19591894344228017,-0.3993166147932687,-0.2787997621689455,-0.3506334422024174,-0.35789995939097174,-0.18254532788954214,-0.1370936682049392,-0.10385199408475146,-0.2084229322807962,-0.39618979720602265,
-0.14708213782280988,-0.30045014077548754,-0.3324062574058857,-0.12968621485667856,-0.2692816627148525,-0.29225095645537646,-0.29148066093442354,-0.1040825126407328,-0.2680986087899558,-0.27898048479651755,-0.35355917065778025,-0.2305300683158561,
-0.18881055695035573,-0.3853406747174853,-0.3042030081243734,-0.168386058919739,-0.23102308914971964,-0.32816963442770136,-0.2791549153520027,-0.10148338016654973,-0.5053665710809874,-0.24639486746320574,-0.13946082624096848,-0.1848233847785098,
-0.22459784209217365,-0.25171563035132766,-0.19238020550939755,-0.1872751645545028,-0.3133046232271825,-0.14485420690773212,-0.2217190213666457,-0.1836845381393699,-0.16964798860379213,-0.0641608083570816,-0.3616293653188716,-0.429182569651091,
-0.38294665883128237,-0.08369682433329421,-0.13946240486430747,-0.3912328942638707,-0.35561233343157844,-0.08947977514488446,-0.10924086598149142,-0.2002742609044549,-0.18112736296969123,-0.4751126747234178,-0.12485140723356751,-0.32295204982616554,
0.6077566097140303,0.5204007105866995,0.6012869947331642,0.5695665367140466,0.6351667993900455,0.5310195579801279,0.6302221645694966,0.5570277320284457,0.5467228328807457,0.5430944702788204,0.577897811474599,0.6197730837923563,
-0.12135974763219036,-0.14406885790610255,-0.28457604067014575,-0.23674299763643947,-0.16061437913020038,-0.13922309773746747,-0.3567713471358692,-0.5098434639044948,-0.26333518731980543,-0.18448122401416636,-0.26402169438760686,-0.10517586315907669,
-0.26787393067189547,-0.187724056480434,-0.03544443050157039,0.04541551930220723,-0.24615419559827545,-0.2213335162434215,-0.3243134435282493,-0.3200046273353805,-0.18768009087913523,-0.3150274555088427,-0.24939843824462482,-0.4207742284671957,
-0.3095640651817974,-0.11551599341018069,-0.15918026572928848,-0.1441139758945463,-0.129636386635057,-0.32947337659408577,-0.015182643114237199,-0.399199614894299,-0.17873754153579058,-0.32790257185973576,-0.2634321192519712,-0.22778103285180487,
-0.10023592117081666,-0.18504296293321684,-0.33990892263646616,-0.21835093511646247,-0.17820961265641658,-0.19185389567276306,-0.2158750193427443,-0.4171138244090865,-0.23207871262514757,-0.4522496075242019,-0.3789699132031599,-0.07247358943708034,
