# Pesos da Rede Treinada TxH=  0.2 TxOut=0.03
12,12,12
12,12
-0.7714543994003888,0.2202472287656876,-0.5169191767335628,-0.4349092090018274,-0.36154063682882237,0.4580373890811747,-0.43851496497940395,0.2989603054043744,-0.24215134207448571,-0.12540837548269093,0.3086328564654345,0.37038164208367397,
-0.33407316244422547,-0.1010864438156984,-0.16319020407883691,-0.09838103870836117,-0.22448964252684994,-0.19838352395341693,-0.2443921924829449,-0.21939889481109967,-0.011030366732445868,-0.25813753333975936,0.2054633026417962,0.03755227982559035,
-0.5449050811287093,-0.10556233969429593,-0.3323520552800134,0.08416245721191214,0.015470943248227946,-0.08002808579285942,-0.4449658959797121,-0.11850895884502381,-0.3335479758577872,-0.5055116970940472,-0.11431780602945228,-0.15088323768622153,
-0.7533751044128236,-0.14010610173416402,-0.03294747431979173,-0.31026599780479885,-0.34893100768183744,0.04519244296402375,-0.21967010905320813,-0.08307195414569653,-0.41419860823952537,-0.2998607546627624,-0.11293570194845735,-0.10651215685768171,
-0.7707839935830743,-0.05289314938063339,-0.15320421020765138,0.024577288998959616,-0.19270609279243742,-0.08141051210587169,-0.09605297196274173,-0.12356249494355079,-0.13654581598032067,-0.2988264130276184,0.08919517790260936,-0.2825561565217728,
-0.642992588921633,0.30582523917414556,-0.009265643407056627,-0.24680114739746947,-0.14336224627930252,0.21289631330426118,-0.1604855526503564,-0.11240790408858935,-0.18820675366955433,-0.6034013756630865,0.24953838466639355,0.05684571214174362,
-0.2755179401954769,0.33645560345947123,-0.4457654662986438,-0.3692519390855459,-0.16020917943722945,0.3106603605419461,-0.4580247404606723,0.32963247566860643,-0.3732811244564145,-0.11657914536083679,0.10400261704514904,0.2735823836513431,
-0.5831344846473506,0.2937556204525501,-0.2884898021567466,-0.07526633181954384,-0.01388337138390276,0.16224753801603822,-0.3201008496653049,0.2721842675247409,-0.26719288344060177,-0.22395843345972366,0.2524627974437359,0.37759167486957756,
-0.2277062415901241,0.2840385297447127,-0.3124398120357354,-0.15513934788200984,-0.37430991275347214,0.48764495482573056,-0.07162177115036596,0.4234097646035151,-0.051401072113753485,-0.15431439071137004,0.37268510736018945,0.39109346470034523,
-0.6116863342714417,0.5133102683922216,-0.12395496442957546,-0.44536967364395036,-0.4747914195188346,0.6355281449708983,-0.35141957990829154,0.43411017862787077,-0.37220259845269416,-0.04814972586815993,0.29618050050828704,0.38476992856310155,
-0.23797262929777183,0.6145609942612804,-0.09143941714209773,-0.3276081360084449,-0.13183072679163696,0.16202853328622582,-0.43636523690058404,0.34945892239190957,-0.20804950006902648,-0.2867951991696689,0.5101073172970402,0.6053738176683883,
-0.579531030793863,0.05375557945753548,-0.35671352874749107,-0.29938941641527855,-0.3842688666469209,0.11604380216234732,-0.0041167870202591175,0.29923192158559747,-0.1943811649943249,-0.2508741804988635,0.15683828247661258,0.2050840015132077,
12,12
-0.2554604176778752,-0.23834296846784125,-0.25882896941075184,-0.2696264449876719,-0.314141824171945,-0.31166614425986827,-0.15764090882023585,-0.21286155572261203,-0.2398213642526717,-0.2288446535873573,-0.10620041602946624,-0.12577789233200537,
0.04698585813261622,0.20362741407659302,0.11322280901708759,0.34820300371633706,0.2988220632411974,0.2119338438982745,0.1868170462458123,0.19851664099563054,0.1568472515816287,0.29467558627624374,0.37932997538252294,0.33402436837861765,
-0.2703804817077617,-0.01245250683393534,-0.02804544663349263,-0.27887465487617236,-0.22476163362293194,-0.059882818933444465,-0.19930684214120553,-0.08232742164048246,-0.40277334370871043,-0.43059877279103415,-0.34867871669716244,-0.38061100720597396,
-0.4592215974492956,-0.07372919172998378,-0.3651250951183659,-0.14647062234273,-0.10509980737409681,-0.44075736797192633,-0.1584698055797533,-0.21042352095583114,-0.1596780055842454,-0.026410850038956706,-0.10977429078606646,-0.32443823998997473,
-0.2536501467045911,-0.31689750965291036,-0.06031124550372337,-0.17657897377761994,-0.12340778015970667,-0.33040092229467444,-0.2792315390984364,-0.36634506547059226,-0.07906129868766182,-0.3008537609729382,-0.3669390620461823,0.04207985002295391,
0.19950559355117248,0.2986252084954915,0.4568741089468524,0.35468982622108874,0.27666141124325794,0.21883512894101334,0.01808467111362265,0.23722147126618484,0.35396392986676634,0.14088297301634845,0.13693151147694388,0.13311595305233073,
-0.07480075768461245,-0.2655566336600926,-0.3956979967309081,-0.23509727128358276,-0.34858735925309836,-0.03025388031740427,-0.34506147566543993,-0.02985508808547548,-0.48341617409941634,-0.19186955193039748,-0.2740409449355,-0.26174363154712543,
0.2922458878218027,0.06888772256689135,0.2502658341793081,-0.011171218418185282,0.20601443250509463,0.17693735415615094,0.33732578098248345,0.05415840784467451,0.05777809911306339,0.05602806923191706,0.0065179833376354,0.21483074286335285,
-0.15342204206295956,-0.24227770609933189,-0.34240544754818886,0.07571190427383664,-0.22763406012861379,-0.26795018694162265,-0.369027314923233,-0.3399690274909127,-0.1673574785340877,-0.18360593148815518,-0.10308945238326458,-0.35665147971085254,
0.05729087946879154,-0.039554395961839475,0.10495330071898955,-0.2300559912825918,-0.029091796129027753,0.08643756743615394,0.10881387646286321,-0.17871957057833912,0.12877348783473908,-0.09586963337024804,-0.0927638823214878,-0.00454888385306318,
0.18702637871740627,0.32049077909846174,0.021508584287452687,0.18797200155533547,0.19324768074520382,0.23215238407644975,0.2678229044227527,0.1840055679562951,0.41705739818583326,0.36212322608899644,0.3036221429184079,4.451196764882811E-4,
0.3271120987882918,-0.0016831782017184991,0.17725048470765262,0.06383150576447483,0.04853017908697254,0.18468697729824207,0.27200241472650344,0.41340434996053127,0.06717522702642366,0.24886924484739995,0.26749277293705487,0.44293188515063014,
