# Pesos da Rede Treinada TxH=  0.8999999999999999 TxOut=0.02
12,28,12
12,28
0.6945584745827511,-0.7213004465372809,-0.494412794957829,-0.5472160593581651,-0.32006984609180866,-0.7108394447522114,1.303367292408127,1.4115157782303818,-0.7740485680152223,-0.9548512212434097,-0.4542876583369798,-0.31941674303202106,-0.38052628549226225,1.638415290685907,-0.7022070271245883,-0.27059604790897357,-0.9321221271503572,-0.7743380423780766,1.1554946669672472,-0.6237167497274752,-0.8887599382167966,-0.5003096000089626,-0.15614670022009428,-0.5760879058584307,-0.5585029142315124,-0.719008588384562,0.04566515435874507,-0.4599109753973579,
-1.523134003578489,2.005051375663866,2.019923092141192,1.8757505992595824,2.067915957865576,1.6295180578274537,-3.6415844942522217,-3.0783897037184422,2.501010664164458,1.7769262478576013,2.118118406595586,0.48294447644489735,2.2607454790098065,-2.3417936675954123,1.9410954118410424,0.4105271865223255,2.328424141509919,2.0098354671221283,-3.5888853632121482,1.845774977345414,1.6369283485896033,1.408218267713803,-0.4664737741836725,2.087264798646821,1.2321466975315394,1.9911924766970688,-1.291660588913175,1.7625970213531155,
-1.426451973218855,2.1891663148437104,2.277179111652473,1.993684566028296,2.219756125708439,1.324754875207721,-3.812594423539571,-3.272041671693384,2.780744252236972,1.94936471947685,1.9988971926980579,0.17947481104388072,2.3257266951260624,-2.143579161385216,2.0006115718798907,0.4099633130837244,2.4424066476643316,2.5650528908258257,-3.4036422642728033,2.146958410024599,1.840149148105378,1.7419123788703932,-0.4208437246174174,2.255557284135966,1.7912868517845466,2.1118124719230993,-1.3606821355663368,2.0607999021103556,
-1.0001310412775164,0.6490835258177874,0.6178568854802444,0.8093386012338064,0.6968109432819629,0.3297540282374786,-1.0499815867992714,-0.8478349078462766,0.7141322396485419,0.568972828889479,0.6671555910045497,-0.00588874138883012,0.6850172286785717,-0.6606658781275901,0.5744636257235176,-0.14550196068450919,0.9313403026372113,0.9206281821144221,-0.7036159846664432,0.9077286842826408,0.8089793949066659,0.3574725262098313,-0.2488029051077671,0.66109972869483,0.46774898169444085,0.5732686581022066,-1.0964180993796713,0.6785666131006189,
-0.12676863133949018,0.0529402019467541,-0.11244092695475073,0.11014651294175254,0.22185604823922445,-0.23722324786505966,0.47716310182702937,0.41524546542506185,-0.09924226278350286,-0.1002169312914332,-0.041492578051884506,0.07398797952056063,-0.07360915662083777,0.4189578111351058,-0.14082025834575065,-0.5102829472335416,-0.11347464125533814,-0.22879160754616754,0.25751693000283055,-0.3374456911336627,0.08140356352107231,-0.31586692585139536,-0.561005297232177,0.03805441354999978,-0.12750860643774128,-0.45459272241154236,-0.9232484364666097,0.13408266822321252,
0.19274293127617742,-0.7730052119543274,-0.9807063064950142,-0.8199424532759216,-0.8163939122586835,-0.5825103778181479,1.2749771066236892,0.918463694716491,-0.5407031127793684,-0.6838230426264025,-0.694730869994116,-0.3861068734191243,-0.6946507797882103,1.0430008603811414,-0.7748239644103931,-0.5225274088020639,-0.7632829419028845,-0.667260966426403,1.2210829188204069,-0.5947805690845819,-0.6231237194597841,-0.6866742446677417,-0.3815528560436541,-0.6026202280918798,-0.5370489077071846,-0.8005459836957259,-0.4834560602460224,-0.6781379172998973,
0.6910380360725036,-1.5312198799080836,-1.777769851540849,-1.5776278661123775,-1.9005822158941452,-1.4114949554436567,2.626321842840399,2.4730889848882294,-2.127849065240138,-1.698394932002275,-1.4525373827445636,-0.37989141902011353,-1.6925302907446547,1.6888211765114371,-1.4197415036155383,-0.4528683246593418,-1.6958592943096022,-2.059669865114448,2.9698474598549436,-1.5440323987690099,-1.5280871588011302,-1.3002937615169372,-0.020011384031369404,-1.554180582007014,-1.2750327744017254,-1.3323728469354308,-0.06402573103385469,-1.5954158033482455,
-0.5923299348171609,0.30166513531681177,0.22718415048010024,0.26693219434567844,0.13688168888156219,0.4146707563999841,-0.7716625815154929,-0.9185588269517349,0.4911794101552949,0.4157244923565209,0.22897402179140683,-0.3180639847057628,0.4289838160103696,-0.6507353220459109,0.3199271781796199,0.07863490886695379,0.47975574276242894,0.27788757264521535,-0.7424600884970373,0.1413756835929279,0.49682500570918187,0.33810785479270017,-0.5083479400395037,0.2441532129105662,-0.06996371667481495,0.07952497290333395,-0.6685893636930759,-0.027919695426947267,
0.48920980980243367,-1.3393158717271783,-1.1867521622958193,-1.3064263429248206,-1.1231030693402526,-1.0589489140942903,1.94439889561817,1.5910976939156982,-1.3179299340477308,-1.0530244398304789,-1.3973595103402938,-0.4794694963661586,-1.3449716728896743,0.7242120336510492,-1.0053344415889827,-0.6728806118688141,-1.3521343236092263,-1.3729197722515873,1.5488385185422877,-1.0966493079214206,-1.3151853063664538,-1.2644118685410806,-0.08202269603766549,-1.245075899709824,-0.9636704810054516,-0.9305605680832548,-0.07819751113798255,-1.1740183468924046,
0.7117391010223532,-1.359854571273696,-0.9926867298899347,-1.286912115643283,-1.1056708110146718,-0.9726903103247999,1.811496350858784,1.5469371461017614,-1.5763056884616875,-0.9672934950854113,-1.1744918327483125,-0.33563001085805916,-1.4294398305470188,1.0140493393262453,-1.3080624510886454,-0.5075188178805078,-1.26512927240777,-1.3118802767813555,1.4787556796848644,-1.3553067489052817,-1.1178873093684993,-0.84846340765569,-0.05520693805900553,-1.481525664929222,-0.9115577500106476,-1.1838638861627,0.06515962584255668,-1.197471484307247,
0.5663000758346797,-1.113641231892027,-1.4058401817573523,-0.9864061891876363,-1.397907128951242,-0.7606262648671996,1.3640389490635365,1.2768836396431693,-1.4431484218595354,-1.0692765701541367,-1.4387534708338383,-0.7686039725120037,-1.4502949502730036,0.9772920808708957,-1.1234929565082115,-0.3752803509156347,-1.3691404438743804,-1.0314462649231915,1.5434680579676596,-1.21505626540644,-1.031119588940956,-0.8850918147626825,-0.25069458376585435,-1.3764286084418285,-1.0600580755101765,-1.09110843869924,0.08274475510119608,-1.1626434275040822,
0.24045024314814237,-0.8642456574288878,-0.8813726288647429,-0.9835758114189174,-1.0969064582141856,-0.614007949185288,1.4887062268262055,0.993525077314757,-1.0311004433444564,-0.9727788395482176,-1.0286978940216964,-0.6842555103676732,-0.866656521486942,0.9315736199663373,-0.9969733517419969,-0.6569938273129082,-1.1111037893853746,-1.0137496198105065,1.3954945685615607,-0.9647436022270981,-1.0564987787041318,-0.8609458215233813,-0.25340602446259924,-0.8279582341533811,-0.6038179517705298,-0.99699967079854,-0.4118521924223339,-0.8154100808544392,
28,12
-0.04962454357600383,-0.14313813182073268,-0.015465941693448997,0.1057282574065845,-0.05986335333868144,-0.07294677787273592,0.2224720213082228,0.1192814120139193,-0.036822287506683996,-0.03430170281754379,0.2177412497546216,-0.06221272562364362,
-0.053665564218416346,0.09210060388082367,-0.0754150954076857,0.09489867568290261,-0.1456757808394402,0.16322095725420874,-0.12887506506744084,0.0832003669557059,-0.18519592608740382,-0.1538806754583918,-0.18544884758304314,-0.15088736190441662,
-0.23980924108320367,0.08270391698100053,0.004872579874480821,-0.048528274702226024,-0.10555695628148211,-0.12214018393972555,-0.022570712461670264,0.10905753709713827,-0.24387377986522069,-0.11547966823399389,0.0959029665678476,-0.1478033955790275,
-0.05043224423291656,-0.06837882979908179,-0.12808961551020795,0.18090659231971773,-0.03677735673054303,0.0026614014417736245,-0.22438759776182263,-0.10265044510211473,-0.20842428037818816,0.035564350915924865,0.005244382660148361,-0.04089558928081945,
0.05020549484266146,0.03196957108742612,-0.20010347608382537,-0.0792855484418026,0.09637171112992365,-0.19470330268115624,-0.019983274434245864,-0.11300477360401667,0.07350217504201252,-0.13115915517955037,-0.2868592989117444,0.07120550268917288,
-0.07478269835777661,0.08525072071949011,0.1058543878129592,-0.11325914754590981,-0.22241920738773344,-0.08384466702887163,0.09574837787084246,0.09469377720224938,-0.006583564398741434,-0.184236210258821,-0.12792547564867057,-0.22474255266483972,
0.3215238131037693,0.21592256218347816,0.29794123488736485,0.21135695379611819,0.29998034838298204,0.2959377752002282,0.2473047093918814,0.15240486744281612,0.36903472582697655,0.3911883480516055,0.21844846247265093,0.27753915389358946,
0.12651971134355705,0.04353771884460231,0.23826786659411536,0.12140194376667007,0.12223105826031266,0.2936440831774875,0.1635498041125125,0.18698109286079753,0.26803225626800564,0.21642955099262706,0.34992147478970864,0.1832514382401128,
0.08923926217368452,0.01830834066523769,-0.06379803347860885,-0.1223785865622813,0.02708558458428944,-0.21568429889603025,-0.07402784814553506,-0.04654304111571849,-0.037311498001789796,-0.23291929086830296,-0.06460398951912683,-0.10069627049337988,
-0.02717232560835802,-0.17934497691302906,0.05766334543262249,-0.2326659864915207,0.06992086797985268,-0.1573202592863021,-0.03986862271677751,-0.10577702157302793,-0.2296063688142115,0.03593788177760521,0.02465302216805371,-0.08146819618114651,
-0.07744237347412034,-0.06767408442610856,0.014793097816920816,2.0501162790513463E-5,-0.05302922814385175,-0.07415477387004919,0.09397871165350272,-0.06030842957465691,-0.19032463830251936,-0.18636345361487652,-0.04690980681612583,-0.04588888904354425,
-0.09411221232853764,-0.13724679663868294,-0.06103719305107269,0.08828052842534923,0.06249329744072399,0.041756899652072826,0.11292613904613365,-0.10258018046010287,0.0946065185680968,-0.049671353067579915,-0.16476145104148712,-0.20147294715212477,
0.07445754261907583,0.015972417884281026,-0.06492890022943872,0.14862568038953772,-0.16819876940012515,-0.16268108731577874,-0.1566459930323081,-0.13406228576324655,-0.05676994211996197,-0.08479754948003586,0.08790575332754207,-0.17414463556655146,
0.26865466724967846,0.24480098787753524,0.10990032033296758,0.02340327686279095,0.32353766829779645,0.11488842324446133,0.26426440636551446,0.359367732965872,-0.014807939992811575,0.13131075629766747,0.11867874937161765,0.23502518787706453,
-0.198642924580337,0.0070970569681935245,-0.0817329546345751,-0.2327521228101916,-0.02397652805578371,-0.12088676207264289,-0.01524171350985969,0.11739193917072233,-0.04851018467731501,-0.006929371210294808,-0.29572202533930236,0.05834741287936779,
-0.028957942036293687,-0.1558208209916731,-0.17657972691063917,-0.13858348064917828,-0.03197858553576815,-0.049810697135930324,0.018959422023552087,-0.10722526352219161,-0.019301024670118083,-0.0962834637660858,0.09522865980111306,0.0033903515594717526,
-0.10233462583809358,-0.03643615197398972,-0.09095804581943318,0.002946180814649359,-0.12486028808308963,-0.15906799943293298,-0.024563787105449774,-0.07230656918012657,-0.15597729310664799,-0.03862562529533307,-0.11446732904758329,0.07182012070209524,
-0.026305555216166863,-0.12380471481237193,-0.066684149493994,-0.18412435224623264,-0.08535466271746447,-0.13537079499065457,-0.026520525441792602,-0.10786557668584575,-0.09205215632835301,-0.12391876765522472,-0.05694814197185709,0.06792025964712733,
0.23382577661904463,0.35296177460078865,0.2208202909556813,0.44675809739054784,0.17651740892848036,0.22434395027834061,0.21184209730870746,0.2513025773252781,0.38037102452877997,0.3154153233613126,0.23322155374804449,0.32543242778469117,
0.04550652349723431,0.04856647753023807,-0.12345546075830498,-0.12708694024248368,-0.17892414245802782,0.06641485366526942,0.08284642359767168,-0.14255357309351405,-0.03855381267854206,-0.22860172381251073,-0.08038350547030418,-0.11580817333382061,
-0.03329088312395104,-0.1517990508890823,-0.12838317478921005,-0.047097942132721185,-0.07508827326612265,0.05578974077959919,-0.21190610948416305,-0.11581322116541173,-0.030392380552757454,-0.01271883282918569,-0.09655412318006625,0.021737611219913702,
-0.1627036601161112,-0.07863898316238112,-0.0121066123034246,-0.09037350343513789,-0.05179345824964281,-0.01590290928736988,-0.2947285637699473,-0.2126861840365872,-0.08503449526857017,0.002354585060695392,0.14361239026550465,0.05508854412475614,
-0.004492624628213711,-0.11037302809953134,-0.1129438415180441,-0.20308162421812073,0.12434465193038591,-0.008387485224228115,-0.2621626198875157,-0.08333364577777938,-0.04705928151555393,0.19471101930269943,0.031028172044866416,0.022308068420105142,
-0.06115520814994056,0.11430972988840427,0.2151476909592687,-0.10904131738334542,0.08396313935327764,0.0034024784606905157,-0.15850688993951384,-0.06814918223458108,-0.08849861807042607,-0.12431670829128705,-0.14018905809789003,-0.21156553780323134,
-0.21249947668837715,-0.1450499550930132,0.05092472446282975,0.08867678414462128,-0.10448926542178041,0.08213830421387712,-0.035757056731438405,-0.280802150106836,0.055387887475954904,-0.020367490003215957,-0.12857687375712995,0.0037614720198850577,
-0.15749117568361223,-0.26415995928101493,-0.1419270291127875,-0.051651570891422686,-0.18338533705955148,-0.015487731037688997,-0.03953698718592281,-0.03668182449847277,0.10154705004643429,-0.13227389224031286,-0.01502554856139495,-0.06168306631598933,
0.12816312858912074,0.10399215928124823,-0.19901884184454713,-0.08643643743611855,-0.28764444764147146,-0.09588428916321622,0.06830439654225248,0.05991250589240579,0.21051595579401086,0.18734922141926422,-0.02595325975590204,0.09761031097777145,
-0.03603577058629105,-0.08758177740384779,0.038972876701307786,-0.02875227257903817,0.13052486571772093,-0.02180601921106378,-0.20370194488317128,7.268503998115801E-4,-0.09108583017505686,0.06739579345652853,-0.18345944972634373,-0.19764677607149672,
