# Pesos da Rede Treinada TxH=  0.1 TxOut=0.09
12,28,12
12,28
-0.601983572306027,-0.26133230168399085,-0.14188071577520084,-0.0807931767855712,-0.34004919649144943,-0.34869057503254863,-0.5121097893416973,-0.09224672502421799,-0.46753862064193685,-0.43763423213334296,-0.7257733398238223,-0.22070212932137873,-0.45828444836211274,-0.10868757441864088,-0.6481918668201628,-0.2520793198278999,0.3007479452170702,0.4027893470904249,-0.5050468153567672,-0.25979342472409195,-0.3120815373964143,-0.3556193549176821,-0.5022675214095423,-0.4172835084796557,-0.44045088938699173,-0.5091639171085031,-0.32122235208776106,-0.4516442782745706,
-0.5844048858127926,0.22904373574859174,0.166527871554419,-0.03329916954713104,-0.37827343044237943,-0.4957114545383676,-0.03826697319847787,-0.04477118783041329,-0.2427959875105318,-0.6996198251621906,-0.21972244702716,-0.15389423826658405,-0.14173633273418673,0.04982323345851818,-0.4618704370847245,-0.21605891710628103,-1.1073818876912551,-0.9476938172331307,0.02365279538680411,-0.08581558331204055,-0.08230377488940466,-0.440144452037225,0.189150819269948,-0.1484244091800575,-0.49180955826957357,-0.018710151470693406,0.12269629092766472,-0.22945622693940715,
-0.6534055587679046,0.007675519659181785,0.02444783738880421,0.1561015928430272,-0.4951417365677368,-0.614695324229048,0.04904956604473082,0.2687881745193718,-0.33671886917526644,-0.6840679734885806,-0.18127007266000714,-0.12546111984329558,-0.17206438809473085,0.18274914842926201,-0.12068376610313325,-0.38877541700722584,-1.0372858366650053,-1.038346551745994,-0.01334263210604521,-0.1753036484774759,0.16500829818997254,-0.2883093290108431,-0.09696723590884583,-0.0711448510264145,-0.5730203179150375,-0.2087619810754004,-0.04379023264612923,0.02669730421383111,
-0.6146744104991423,-0.2727702862146564,-0.08955354042025158,-0.14365127661393068,-0.28027672500357115,-0.5264858366499245,0.020475168117411638,-0.10548272637705786,-0.4597252301095491,-0.5971341778848357,-0.48216169466565045,-0.2831919269178957,-0.11175585101932385,-0.1943283739411652,-0.4744918074097699,-0.4504795454352651,-0.875280333543855,-0.48081547846734185,-0.3631079398490906,-0.010971459727661394,-0.30309770611205344,-0.42957155321765333,-0.09003266879265102,-0.11292783650727031,-0.7339493429734056,-0.4089512644259164,-0.12635402929892459,-0.03994507851286941,
-0.6114328802537466,-0.3794778313195697,-0.20238534626478644,-0.21768401757107214,-0.5671031086198588,-0.34669077903904866,-0.4471017287412399,-0.33600111626982593,-0.3162761280844495,-0.7383824270450804,-0.719518956247962,-0.09728938449175152,-0.16036701605370526,-0.32287433766330587,-0.5948024401299373,-0.18327592678278334,-0.36022666094967404,-0.21148425616405792,-0.29091804262996424,-0.35380918580876497,-0.3707802516934994,-0.5643616067062696,-0.34730912814814036,-0.3711652451845113,-0.4556171898489319,0.0016334271399786053,-0.4198840852802023,-0.4158607936971694,
-0.49759065404921593,-0.5957255322454292,-0.5623121218517025,-0.5469446716998703,-0.22518621017291024,-0.7863448753997762,-0.5506287786230576,-0.4849385897490738,-0.49346416805351795,-0.5936778545163972,-0.6772347187978851,-0.6182005140497798,-0.5776534198618597,-0.5848931527850867,-0.3843136577548294,-0.23246789714583402,0.4165587965885876,0.11452664927007648,-0.5792428288717638,-0.37349987986296335,-0.5327091258517772,-0.5710953052372331,-0.5887521365179954,-0.10769066890047509,-0.6677632488017912,-0.5175958485860895,-0.6114224765243693,-0.2734115403529816,
-0.55356898480252,-0.36072747779091485,-0.40799536842535367,-0.34966327966242927,-0.4227421176630371,-0.6771581200925051,-0.5295308748891561,-0.41081993316298476,-0.33220430447603444,-0.8089427715608294,-0.4054036241458595,-0.64029004042875,-0.5330468697321965,-0.23237451181207378,-0.3484588406029319,-0.5420424734591558,0.7279258686152685,0.5994889164490923,-0.6616255131614951,-0.36165610493120315,-0.26986956767418874,-0.49863225656626076,-0.5883507783317755,-0.5920291119841752,-0.7522107710882653,-0.4375467965430112,-0.6107301808969844,-0.6079191121634897,
-0.5939721521036897,-0.21467301599774563,-0.26001456099774006,-0.1894759268828799,-0.3859196804677887,-0.3701729474066943,-0.2921279769301785,-0.4059587953480998,-0.5844529160623437,-0.6139393142659575,-0.4671387118896881,-0.12569130786836122,-0.41553293632701477,-0.521433727733968,-0.2537980894486502,-0.2294263907803671,-0.1735897876494992,0.18871950336387006,-0.3000746107080508,-0.5310020426690643,-0.1130473271774394,-0.316625984169395,-0.4096279321700786,-0.279577450184952,-0.9558095198641422,-0.2021531807555247,-0.11904070684437065,-0.44534744404525195,
-0.9090655310871238,-0.5344119579771913,-0.6193556846589207,-0.5833648748866624,-0.45303950822131833,-0.7848376624240146,-0.42699291333638995,-0.751516568115794,-0.5241805731207256,-0.7913232370790334,-0.700239391203962,-0.3904424317219258,-0.47212870026640985,-0.6464048020394235,-0.7330689805123016,-0.499455578809519,0.9473804132199768,0.6704327527544528,-0.3265339722212562,-0.7172960189323891,-0.565369134562546,-0.3910594287646645,-0.3012921722162122,-0.5184513425484197,-0.6162017003113112,-0.6814382509333737,-0.3658899050919645,-0.4244029439001207,
-0.5077625301219847,-0.4560090788382505,-0.746193176187198,-0.6906558684575874,-0.4249046226702427,-0.6510653587054583,-0.3266306812970659,-0.48948689988425736,-0.39947081452604044,-0.5124413595942242,-0.6283407822514427,-0.7099761465867869,-0.2702075436653222,-0.4457735364278966,-0.6013089760211449,-0.7049107731200992,0.8814442991128234,0.44021305917608416,-0.5084219243995506,-0.33898766224696514,-0.5950386919673207,-0.3684086013342287,-0.30059372105629567,-0.43474616864782023,-0.5851593940294163,-0.26380283392428133,-0.3613510155079506,-0.4026173884109997,
-0.7569390545532758,-0.6640304569992755,-0.557385128457737,-0.4331465109834204,-0.6432980992769272,-0.5778777464473488,-0.5601781429856609,-0.5200837794774993,-0.23942457921443855,-0.8007787665905993,-0.6278469572845098,-0.35703042855835004,-0.48482849474118683,-0.5911795717577091,-0.2899784372813933,-0.6088997269712971,0.8083747164004464,0.5294571053344742,-0.26425076040078166,-0.5108161738231356,-0.708726967686322,-0.7383493483136524,-0.5003905877027817,-0.6098504824727691,-0.49564552364123393,-0.6096380051132614,-0.343065758714044,-0.34980641801518303,
-0.5124573034384003,-0.27618457767028354,-0.30669898469674234,-0.6482695561068644,-0.40698184228586964,-0.3736752101492242,-0.31713865482730874,-0.396331015715616,-0.6159242422291448,-0.5165138090412902,-0.3330113325193915,-0.2777069979357675,-0.3258005487863656,-0.488658991752143,-0.6683646967532381,-0.2438793576953913,0.5402260710978393,0.0789364503749992,-0.27159458862867264,-0.2682669785708176,-0.2544728791296148,-0.6215979886751049,-0.38057604279351637,-0.44483707054575944,-0.9624939015387098,-0.2914558171337544,-0.6524118371582399,-0.6001086488227223,
28,12
0.22922824801657699,0.3617412648486684,0.415004963829331,0.10616185664175559,0.2736916730035601,0.20074401593247163,0.5497785367938511,0.38957581792410245,0.529699986876137,0.13936550488061883,0.47795812433897533,0.27824867168739503,
-0.3304191687134205,-0.23541584538295626,-0.13720654469516608,-0.12321219256084245,-0.12455640621976367,-0.06660600936302015,-0.22507063079384473,0.039191004549830794,-0.3018944660938835,-0.13992531454647159,-0.37751515214314746,-0.023033807175023846,
-0.21989576700120222,-0.026079179808873865,0.01959036618843647,-0.20398375489930562,-0.16122394336676288,-0.1277021298890684,-0.1367650108333048,-0.12233350468782365,-0.37221553099460297,-0.31161889184346575,-0.3029117047811377,-0.2827910910854203,
-0.2525397559918882,-0.16959291908712912,1.4067279502098508E-5,-0.15467422197663008,-0.13071524070723833,-0.17462528843532626,-0.04392404272405732,-0.3353609526602254,-0.27313352538103447,-0.3356671522939971,-0.2894266841958775,-0.15676826897235624,
-0.04708218802314576,-0.09244596621454927,0.14314541883149184,0.07266003394522731,0.14795619573795107,-0.06920492870896335,-0.06435877575702305,-0.09230787282467695,-0.08594914369313082,0.1242075404307745,0.10469524962561454,-0.08181615256480747,
0.31254486366215284,-0.08988650261798728,0.13454824979422758,0.3249720768263885,0.23687412375910302,0.33383917825538745,0.06768901485575256,0.006147774877674661,0.15467429725176615,0.06666597557077446,0.09467050307361848,0.22692882380987114,
-0.18129632302340834,-0.32586372177279704,-0.012688856938745325,-0.32989311885761907,-0.19502591450018106,-0.2643852973789015,0.010255596863565712,-0.17788081890326526,0.03508696256713342,-0.0014429603309714409,-0.18720430864653698,-0.24590158001056986,
-0.28829075795380066,0.0863712958610601,0.032771952287427006,-0.20065326132824468,-0.14364385154143053,-0.013894905954580065,-0.04723367667039792,-0.35091147598084776,-0.22641875343525872,-0.4141207463851657,-0.328773907910533,-0.23043241732374362,
0.1686637717576814,0.03135859698257537,0.0555578044375602,-0.3150605447756305,-0.2594869366243729,0.08094360460939735,0.2000294241102274,0.024680529317579036,-0.1567042164239766,0.01340717976978943,-0.04811529459112817,0.17054466572955787,
0.7406691139291444,0.3909017142436686,0.254818577092623,0.4379397328865393,0.2702659470234292,0.3442058203910752,0.6155792473356392,0.30848688644708705,0.589818640277494,0.6731669056115887,0.6279145810045762,0.42373653075832485,
0.21080484489740556,0.15814099429886402,-0.017716088378857603,0.05702397868040187,0.1652976412832218,0.04837273689432205,-0.05416289846433157,0.19741001612316655,0.07791463633595222,0.24695202255222912,0.22085949417981868,0.10421914985868064,
-0.1298463232558629,-0.17638429506003164,-0.34316542320930077,-0.18520401740166678,-0.08144540826537584,-0.18852423462777046,-0.2200135283707307,0.08388141779609107,-0.044006671985461286,-0.10596960991002667,-0.182566647217969,-0.31113390151730064,
-0.15196875807400576,0.1387617504799459,-0.2674886458959182,-0.31441162943940687,-0.3134796863142933,-0.028609491938601538,-0.1228956639541642,-0.1920619066697713,-0.013572949753411535,-0.027202122210841086,-0.2110167048964997,0.14294213664385202,
-0.1599144933989936,-0.0540341343123523,-0.14233320801742425,-0.01906290967998593,-0.2067450765765679,-0.06331558056161957,-0.4207950908056287,-0.27758789540472817,-0.0014461202971550009,-0.2229246033774954,0.04205794297184698,-0.2879746824197385,
0.04698315132411679,-0.01031811648022427,-0.12122770199280986,0.1546081937392008,-0.11703904834839393,0.14422305213360567,0.001735119004245055,0.23908410474328162,0.11962242714020577,0.09485185111070932,0.023575525756628742,0.12710640872909162,
-0.10944211167176802,-0.1986342210758703,-0.19603161149314674,0.09374926829949733,-0.03172683816930798,-0.04138452980767475,-0.18344862424291128,-0.006460166673394607,-0.009629509741262005,-0.051602457694233085,-0.005283269965236162,0.13699028014315154,
0.6718131130744424,0.7982923110208138,0.6358555942487059,0.778780672877873,0.8627913451678406,0.8405912418625352,0.791722736443133,0.7290525860806096,0.7831061313111939,0.8679437948081878,0.7812267688539557,0.8174592168899861,
0.5819225287451947,0.21579621871774984,0.5337667365755788,0.33992802547874507,0.33733648526157195,0.3491865952743742,0.47947077838283936,0.5902975915926778,0.5207365824191673,0.4859917735803938,0.5612233425104234,0.4878175876583585,
-0.05973654146169631,0.026296382440936253,-0.19636695529284434,-0.04462700226264238,-0.26206431573209604,-0.32437277861691227,-0.24226859860940037,-0.14385905801165488,-0.13001927061597557,-0.16878259331845322,0.03163286679920732,-0.23433235109329517,
-0.16378352805300145,-0.1548956274793784,-0.07540278103534612,0.10005092496115987,1.7391679770267047E-4,-0.1924121585931315,-0.28209675852333677,-0.3719038865005497,-0.0776516037990267,-0.17256636644045314,-0.1000641841225244,-0.2788419201644978,
-0.14842347482113555,-0.23667832572233122,-0.1482934377456787,-9.381996447654054E-4,0.1327977477585969,-0.36405457732249846,-0.16175895895255238,-0.09156815791985509,-0.20561996569143223,-0.14699902972836917,-0.21112977925672227,-0.25235742608229633,
-0.12441726286495496,0.17862307719418696,-0.07403314251939165,-0.16434744312238925,0.2125696183496387,0.30188968119353304,-0.12026319273509226,0.2078437353402828,0.11666497420542316,0.21049226471025398,-0.0509873530304777,0.10056646649659287,
-0.1635305362085976,-0.3426714935274112,-0.27733186100598683,-0.055818031702640485,0.019841965313848253,-0.27793792209674784,-0.05175004249448161,-0.1925193579911917,-0.12297727446176154,-0.3050867828110918,-0.12402591574509929,-0.03642790504806577,
0.05215235664088552,-0.03420264431798589,-0.3832919884306436,0.02731742125850744,-0.30043493387164444,-0.24371947198268495,-0.01682985920878969,-0.23114387563271216,-0.11002947015805185,-0.1749933848246711,-0.0896595565504057,-0.23247544595712935,
0.2564040476380579,0.2097622676352205,0.4764815405596168,0.2599813834530413,0.4180429249483065,0.45610107580824316,0.5479464028927005,0.5926273792796563,0.4141703003675672,0.5222422827065141,0.4564753429544417,0.5298407539094495,
-0.05025834975587265,0.035594998814710205,0.1032875059650725,0.051450702393502495,-0.10021257690409799,-0.13151502704077794,-0.2750284861912966,-0.16853515865472168,-0.14579926213202954,0.03113423312220815,-0.3491318785489212,-0.32597539876127624,
-0.10234387591081487,-0.12566405820658827,-0.14879418683866485,-0.32974573279238,-0.3230304323552502,-0.20889119650764168,-0.2763592082115748,0.09814254977477564,-0.21495980491955036,-0.32044433156618124,-0.16956162494455398,0.11696017624963927,
-0.13333063699541498,-0.19376355415235677,0.022878541267508566,-0.17617579950138862,-0.08356442410621823,0.05297094679935197,0.1482840073155418,-0.2987106905741548,-0.2944645196227795,-0.15217398290539644,0.11119825520160535,-0.21135221210388713,
