# Pesos da Rede Treinada TxH=  0.30000000000000004 TxOut=0.04
12,14,12
12,14
-0.23931878910131207,0.664857980584637,0.30014164673427524,0.5120559314607172,-0.13773640529208098,0.49933473389563965,-0.27445888447739664,-0.23065139940013168,-0.5310964521713575,-0.20583092757549126,-0.3852651309649494,-0.6232730450251822,-0.3655843559111399,-0.5712387561222806,
0.4704913282330745,-1.8452903653441297,-1.7220746497239015,-1.2427613884273816,0.9448526557917855,-1.6906899480141162,1.6068761090754478,1.2844189111707307,1.1528758291177703,1.0832434064302685,1.2359122565352085,0.9992789157997946,0.9728233459761984,1.437769073435753,
0.2926201837920076,-2.004244299514368,-1.652824561629519,-1.011968169669644,0.8577483135571157,-1.707981154949693,1.4053525183285738,1.1791123201907798,1.0228879551742265,1.1398605263243993,1.1259468977716878,1.385995755112089,1.2061249141309622,1.0767013160210726,
0.07283425402671956,-0.6636295394292167,-0.8718582770212271,-0.5584402929529844,0.5123615365437997,-0.9096013901079416,0.6183234322522154,0.7196494128032375,0.6080395715072087,0.5886819692251232,0.6131044110802037,0.7001411600626648,0.6732610286062543,0.3484115335042472,
0.018091848948539987,-0.06375324033144732,-0.4945923126775904,-0.18226045388466824,0.2765650913852936,-0.5033771494657866,0.2657544755132625,0.32427771907692765,-0.2282328378095177,0.21593356011286963,0.09750897518461807,0.01551897305187191,0.20247451688193574,-0.06990945929178713,
-0.2972271494195448,0.6846514804682207,0.6673533529596448,0.31679234829857217,-0.30086135293847593,0.8373832263774347,-0.6021406299269009,-0.7337500600507898,-0.44261871506261496,-0.2721160984493592,-0.4295168138671722,-0.6822875009525491,-0.7602840999233506,-0.5963693570055791,
-0.6387617746500152,1.1628199266597365,1.0485305176958033,0.705680571329855,-1.1789959902200153,1.3406571550258504,-1.2264748488737558,-1.2259940056074772,-0.7703916435796966,-0.9627968172255018,-1.25288197350453,-1.0593957207457367,-0.9287314139084327,-0.9029089397430586,
-0.2870364111084851,-0.026894821872394108,-0.22979755909443558,-0.16798850867710438,-0.29328008429315755,0.035493584705890154,-0.16168401854987619,0.1525778164106344,-0.10557719367128784,-0.08329390951493199,0.01732181290788443,0.18086726839114636,0.1495866303610411,0.20835219839483507,
-0.6980220169621691,1.05074487421064,1.0815268831037126,0.413768799873392,-0.8557767051461023,0.8669813011310058,-1.086253938843903,-1.0616042388221063,-0.9747861162341809,-1.0306948091640282,-0.7977198887971491,-0.7533479647001684,-0.7546778766363325,-0.9160103670792921,
-0.44560613010839767,0.9251409606009213,0.8657153591282909,0.8626657850744252,-0.8066260892284244,1.2608668262995293,-1.0682608497098645,-0.943847558610104,-0.7098643875995168,-1.0175962065907858,-1.0527144472250378,-0.9314565680260583,-1.1438326922592672,-0.9323663343054261,
-0.6640378752559404,1.070893139205126,1.160656194540251,0.9356138704771405,-0.7408209607316556,1.0788549016621412,-0.8864400830242146,-0.7854829463924794,-0.8828807048747697,-0.9983535599671252,-0.9994567777690496,-1.0910466511703865,-1.131685691133753,-1.0448328945696455,
-0.5405949257315786,0.8074202879042292,0.39524673783761594,0.14251857674341237,-0.8990082352534435,0.588409059052356,-0.8696340756245948,-0.7637864805002471,-0.9143636522432317,-0.5789984435770182,-0.6706493334947538,-0.574806231291941,-0.6710193723677962,-0.6031660156193911,
14,12
-0.05113579196794871,-0.17253282480529306,-0.09838054383686878,-0.08919808372591075,-0.06075532443804037,-0.1925595612294326,-0.1784865501468364,-0.13919423923679777,-0.16992771282297625,0.13237879266979122,0.09497663095833904,-0.04407850622790402,
0.34528906785251806,0.14691453085717546,0.2956833048951212,0.5130975843213351,0.28851475580805336,0.39194166909129796,0.26744195498141393,0.40537414272159855,0.10531425423549814,0.4060015991438865,0.3422756627601772,0.45573889342737606,
0.17778229245889135,0.09312327939688023,0.20438217800049222,0.22505077404028273,0.22643092423657016,0.28526908130678047,0.28022448232029135,0.2589643882028551,0.38561644067407386,0.3293286627872804,0.22756304259393945,0.442277283112432,
0.26807045682250813,0.2930391930432605,0.20183246104418257,0.07823011303576899,0.26668783188883016,-0.001986129027698546,0.41236396720815255,0.25262115239930694,0.35466113801479443,0.08263335032532086,0.13553386262112804,0.2781260095577889,
-0.38050861420314713,-0.10782676036801539,-0.27444258890129536,-0.005100469841624725,-0.09868532591695069,-0.30565620163240614,-0.052136185563559825,-0.1253309241590651,-0.1964546421282942,0.018964911773613674,-0.026061037411905984,0.0527962572002212,
0.3276891765076702,0.44273328490027325,0.3727654138485891,0.2217010374852239,0.36870432993442376,0.38145131662075166,0.24815791989655744,0.25200986302565676,0.3783377428496189,0.4225880487924268,0.4656032886403455,0.05570467411383929,
-0.16092713239649747,-0.11678993433097277,0.007274762022796271,-0.23788082525370224,-0.19400298870907712,-0.34047301768975574,-0.19734387205344614,0.10599610920218729,-0.3625261585319353,-0.11900046256893951,-0.20576990514278543,-0.024299099535326912,
-0.0500553237019628,0.11700004252253014,0.1077865774643962,-0.19977376947723544,-0.19346080595419296,-0.029371556125051997,-0.35850625009554987,-0.11004586446198641,-0.07746059681882655,-0.28527934247691555,-0.25115675069115995,-0.12250736333444971,
0.041996807042629966,-0.10593200573818645,-0.06694538383476305,-0.3848347755604777,-0.20107605533530526,-0.11698949210078219,0.09576826989968623,-0.30241931145185724,-0.2748514578550253,0.010894815118106985,-0.004958266719046713,-0.3034303738166506,
-0.2203392399886637,-0.20452340129989677,-0.06984942144817567,0.07741304591749473,0.006375837847106921,-7.406882138569268E-4,-0.07443068638865248,-0.02034553565480681,-0.28081990208854274,-0.4004363690472897,0.016665966549665106,-0.13055831361358197,
-0.13772845220995159,-0.09625444716515323,-0.3763743204739326,0.11513297849229163,-0.03334258173759044,0.007655248654644511,-0.4460406564186222,-0.1740045699264352,0.12733025421405986,-0.23121433755818804,0.008850378418349718,-0.3810213156883684,
-0.08658727169580348,0.046166050312420354,-0.15928891025302933,-0.18459356230586663,-0.1848475094706066,-0.04502338444077995,0.030117977139439193,-0.2146012733705859,0.07073377537963889,-0.34339797558115076,-0.407626242497806,-0.08957016526468972,
-0.001094326049302232,-0.1018708326524431,-0.10801501743784506,-0.19478560585771593,-0.18423654349449334,0.03603352868913905,-0.13498979641139142,-0.21808303045234437,-0.13115050438315323,-0.24297543886203649,-0.20298485612286812,-0.08369302670649743,
-0.22684167984470913,-0.35186655882050527,-0.15850129931133636,-0.06292567798556291,-0.13564257541050131,-0.1907634001017521,-0.02472728091522554,-0.11578503219402242,-0.06788095705882138,0.07918273038475739,-0.3342265381256466,-0.21712928097609674,
