# Pesos da Rede Treinada TxH=  0.5 TxOut=0.05
12,28,12
12,28
-0.41001624428131017,-0.318828061966982,-0.6056816625009727,-0.5676416734705649,-0.5834356196846541,-0.21626143794099859,-0.17183062276277936,-0.4741029594434249,-0.1386782774565244,-0.37793116809627086,-0.44394358922939753,-0.5040286859079767,-0.4576890915107538,-0.6464644671507613,-0.6264226061732945,1.116317872415727,-0.39103831312963633,-0.6256963353377645,-0.1064364040558265,0.7766942263264096,-0.22192225003307864,-0.5899946950934307,-0.3491165792112372,-0.5737648634261217,-0.2867322018553533,-0.6241898274628735,-0.19593266405067974,-0.41128202975436334,
0.14091597407340786,0.2531089851249229,0.3693746521286977,0.5439585261514432,0.490640528087429,-0.05344272425190041,0.40344901304243663,0.15217449865884028,-0.5150928301231786,0.09371649741281048,-1.123609539511894,0.37725748370709616,-0.0304496307546087,0.39446828078308893,0.25262774023169543,-0.7984021663468067,0.06837845886634024,0.12122230980476187,-0.07064821538707283,-1.2835512925086419,0.014091801627654768,0.2292744833800665,0.39869657067326914,0.5064034235498038,0.4498128572556145,0.27144222361010556,0.2757301268864326,0.18032137076338298,
0.12158043556842121,0.2214258530039415,0.7283075028129987,0.34130861909842486,0.6674993586770994,0.011273419438305586,0.4704111900361422,0.08537841630899821,-0.7134268997883133,0.17807877588793414,-1.3068030106597261,0.2830576925299111,0.07133828213689179,0.20887714166991272,0.5004409820558506,-1.0105794716936072,0.2761246150947492,0.19675673893287157,-0.312733581290341,-1.083265583983403,0.12009013149879572,0.3651285243094502,0.38370424983598905,0.34869321218470245,0.4012657929424464,0.17072979999997098,0.4366714862956496,0.33401337231295203,
0.06264239054739175,-0.05809059458281774,-0.05577463317073094,0.18019982644768862,0.2753773229173887,0.20344206570174625,-0.1449049177748564,0.1786160575556037,-0.5954435432864139,-0.013033085058631114,-1.1190696624539074,-0.1752157921427969,-0.0981966975738866,-0.20362189206318,-0.17427626016741996,-0.25639125799004425,0.2462824475051934,0.22580181522798579,-0.0853922080735607,-0.576709970524434,0.10524677842569526,-0.21375824873702132,-0.0922730095792425,-0.15643320312663644,-0.1430984605384288,0.2176183231757261,0.029821343777787935,-0.18383663613062662,
-0.15003642874820305,-0.3182085756036164,-0.2426133851004499,-0.3224486505164116,0.055772268602223736,-0.054593900581024625,0.0745407236297588,-0.21920685052559682,-0.2611882144059634,-0.10265537240668661,-0.8802676642116801,-0.02142589800837936,-0.2611408721575255,0.024452488273544657,-0.08518914015422926,0.4660177780136255,-0.08555392588319734,-0.17876851703242042,-0.41813320411454186,-0.2388916336112608,-0.10496847197430206,-0.08288256279373062,-0.31662204976095265,-0.3451194867754241,-0.26291753427902415,-0.1681682454711148,-0.2664098034975675,-0.3147904832254231,
-0.39688939081444763,-0.6181973825568098,-0.690996861430535,-0.37390620710835787,-0.5810110442640181,-0.48623762660878034,-0.6600262062930349,-0.39512805181042693,-0.33713279510278443,-0.6538940011661362,-0.4475245669305886,-0.6208430127153679,-0.35790983828358497,-0.6506177206798024,-0.563621028837544,1.2274504346150068,-0.7019607089693676,-0.50366554036884,-0.660921557029465,0.944659598903154,-0.6829632705720385,-0.6294605074538716,-0.5753747470172125,-0.5961128950364613,-0.4326977411852734,-0.37703914498190605,-0.6481670395843891,-0.44790959123885016,
-0.5511519430139028,-0.6987533901466422,-0.872542787319173,-0.5834111793280397,-1.0175644441319467,-0.788808255905878,-0.8783794743273099,-0.7118149307689376,-0.3304394375529429,-0.7327388506976936,-0.31399585915267225,-0.5954791258737526,-0.46086281609677865,-0.6724684357732822,-0.5453432203688477,2.0359166979207077,-0.7705924508908059,-0.7483494782104134,-0.5926466907108595,1.0339618252041212,-0.530896574468459,-0.6599686510254165,-0.6429653986553873,-0.5110922973100588,-0.8309407635106693,-0.9105185041603354,-0.8630892157053454,-0.5495832867384628,
-0.279535923929756,-0.3453605517374292,-0.45849335045139117,-0.374444944691969,-0.44577546278745916,-0.2926415007335682,-0.5655155148256521,-0.5394608241476919,-0.5606444008403524,-0.35135603457468073,-0.9953184688760214,-0.3947146269233734,-0.39229173025437425,-0.26047350768997,-0.47320679461634096,0.760403790615343,-0.4279321149327373,-0.4268041418654001,-0.25286771991258805,0.34205768839129325,-0.29190497642223506,-0.20569671790986796,-0.21975539966021268,-0.4068808569604128,-0.22052486007191657,-0.22260321499950816,-0.4471506252026535,-0.3592829872269194,
-0.7390723964684222,-0.7628357043985576,-0.6578693370922735,-0.9553221415322722,-0.9062746714138283,-0.4835118816055012,-0.9104709208281244,-0.5849647863520943,-0.2882761009116251,-0.6355724705521045,-0.7714793502874295,-0.918208920395729,-0.7231375045132338,-0.7344222289965306,-0.5742376013522746,1.8589739780998304,-0.7601498998244758,-0.5158835332070426,-0.4654359291935965,1.2194756863501548,-0.6253965472549335,-0.8625059684694629,-0.6808496750231222,-0.8269477073445524,-0.7102638888551862,-0.6269972413234408,-0.8460276762169666,-0.6801160873388332,
-0.8701169107402603,-0.660314649095449,-0.6789102616173538,-0.5780173321070946,-0.797323464092442,-0.8835544062264526,-0.6047695251143356,-0.7416746782895658,-0.6036106721071036,-0.8751241512283677,-0.3272482085824318,-0.48717418603252094,-0.570912517208458,-0.5672245144043575,-0.6802857120317245,1.9792092747391052,-0.5888583579795893,-0.6221287637585527,-0.6515105758667135,1.0971071384187288,-0.8076945296763668,-0.4664937254812111,-0.5802648166133133,-0.6989495967013825,-0.94395549530124,-0.8058808693682544,-0.5925153226436569,-0.8084383356663882,
-0.820105394102756,-0.4600282069102176,-0.6680952246398538,-0.9809402595405797,-0.9936662720453084,-0.5995704035518551,-0.816532008742953,-0.591957350773108,-0.19013559518736292,-0.5561312622738076,-0.6019154913653129,-0.8863897022581101,-0.5258642553550515,-0.7902802668279213,-0.6385204174919131,2.118137944574432,-0.743440023400646,-0.6089891119872214,-0.2903364420675046,1.2207856511895003,-0.8095149316150377,-0.5641859139539859,-0.8708897790196398,-0.6652663411910398,-0.7407957137549419,-0.6835906811080238,-0.7186336677570142,-0.767358414888487,
-0.43982099706307864,-0.6388156737169884,-0.5440272300656683,-0.6637393086427168,-0.5579635036399645,-0.7713803913769541,-0.49998508717341794,-0.521640504804186,-0.5288676227070123,-0.397559355916599,-0.4427703769173483,-0.38927770466984474,-0.5600046264030418,-0.4664118615624684,-0.737798001751104,1.8304150444249596,-0.46428428860415777,-0.67136549844165,-0.5525751904858967,0.665104857978008,-0.556780661117811,-0.7554372115248098,-0.7929192059190098,-0.5568555882976357,-0.5805355079925312,-0.6263938753800339,-0.6107317494137793,-0.3566455119288879,
28,12
0.045953621578019896,-0.25450169950270835,-0.21382327749171764,0.09256822013682894,-0.18676159697341438,-0.22498799137606634,0.07310981490565147,-0.10621091124405369,-0.041886659024541126,-0.0975339502623328,-0.03938503918901868,-0.018888172042885773,
-0.06783241013917746,-0.05845411281325327,-0.1809683097012766,-0.002447748721016256,-0.25218583845235953,0.12999580941336195,-0.26490234878096974,-0.07036044524196397,-0.049979695119945614,0.04606487906606913,0.10505640693802432,-0.3175454965494109,
0.09357013613642692,0.29722053168895324,-0.11622792089771726,-0.19264130835315538,-0.16049201542885583,-0.07293374254615867,-0.1159549245697504,-0.17009701355213735,-0.31095972184023135,0.13132146783946405,-0.2861804286351515,-0.04286271592550912,
-0.1986152643713433,-0.10456500105946007,-0.06521006317846893,0.027355885562179005,-0.19720236727606216,-0.07747055823999782,0.19514599232059585,-0.1312276067036102,0.004899462393009774,-0.27098854504738273,-0.19454091124094425,-0.05303677959820248,
-0.11762201416742768,-0.08623406714980601,-0.17314436219026472,-0.14580396842021512,-0.07315989271920775,-0.20963014504266933,-0.11732821306108757,-0.10680543587536151,0.04822806950805128,-0.11498870806818275,-0.08282198880523302,-0.13144135780244526,
0.10200585555655899,-0.16306124498562372,-0.10628267261567441,-0.16296472458262087,0.1392650803505628,-0.2412516485755469,-0.1606368262115818,4.950488220422319E-4,-0.02581791217804276,0.009306743205849656,-0.13217210483038208,-0.18498478175483885,
0.1121753482084288,0.006639291813553087,0.0321359365360801,-0.054210773156466774,0.15351017148079915,-0.07866392576917956,-0.10204164777356314,0.017415357509468595,-0.30353040881838883,-0.1792938453390514,-0.10270395769264994,-0.29226771680082275,
0.0395065172993546,-0.10704640832388079,0.05992875280970303,0.024815595180538247,0.04425005065592357,0.03716546105454594,-0.2213536253762761,-0.22790870050526116,-0.056177613295983815,-0.04204158302819867,-0.1574870925007822,-0.14740548760848537,
-0.17019627016385114,0.06634591924854115,-0.11974026448872349,-0.07351772073968889,-0.3271360398682654,-0.06571851942729467,-0.07481082070619753,0.10759884176541575,0.23075707192560577,-0.11845744060466377,0.10309606956341248,0.2366301629765367,
0.16417636025579405,-0.13762990524667787,0.11342734798826326,-0.2370847435692698,0.11745272038994961,-0.20492952545957047,0.09950075178613767,-0.195800800708737,-0.14127614717414158,-0.1279264273641271,-0.09340469060179854,-0.20740729246666378,
0.07236381994041288,-0.019781954722026276,-0.03794341657449551,0.03394619970803205,0.1409522097711415,0.23878951098665813,0.26365864477871437,0.2581023919325662,0.29955371521540225,0.39244863129424945,0.2665796153214487,0.12895467203668118,
-0.11532405453416987,-0.01555231024699359,-0.21121287833950644,0.15929992041908367,0.14164165551281577,-0.14589442075400805,-0.16401735458604036,-0.03133859193032811,-0.27255130907789427,-0.15746049975206475,0.11137799571486447,-0.1259487275125964,
0.1274630628480559,-0.24264212871358826,-0.0033798736349828573,0.03906495042672954,-0.26677186496918437,0.10571082127074292,0.039381472366783576,-0.10957933108415366,-0.2132383755641627,-0.2662215597236627,0.057017213163762,0.02094058950392609,
-0.06598198008551916,-0.13571873395223133,-0.14899453926784859,0.08015533623990595,-0.15730644772446617,0.05919246057948623,-0.2350188132268405,0.12351126812000895,0.06034068793319857,-0.21788428961862621,-0.1999132376476869,-0.08450847566567776,
-0.14947494252789437,0.10156107352926547,-0.11102194936560164,-0.044898495639552054,-0.15321143663683784,-0.08513705258653455,0.04216819197249219,0.10689300115579867,-0.25707526409852477,-0.1898898082844174,0.0018428397809220655,-0.166579580675191,
0.47429937274802714,0.46278889759064523,0.5152220614975299,0.5530467207819821,0.5866520778052913,0.5817837754955283,0.5388714417974281,0.6202449687338194,0.5592023326868645,0.5995714231984256,0.5259033304171034,0.619832595637357,
-0.2500516013265213,0.04157032031521823,0.04141459521558806,-0.11686633768521756,0.07958230110127566,0.0633054176466455,-0.14328921325907903,0.11164923191575758,-0.21940506288742212,-0.29353179145733505,-0.1483484230580329,0.02573338949809493,
0.06930355725453209,-0.12669726949143478,-0.20089072663520355,0.017350650084285255,0.020276640964716288,0.15936340280327801,-0.22997530174807693,0.04460264084257252,-0.1583889759053527,-0.27875558450592636,-0.23603062919329493,0.10111834421183952,
-0.20659830344722682,-0.05240849793303378,-0.01971851646138998,-0.3951039857970246,-0.19527173369858436,-0.18146126778845106,-0.03771044325300136,0.09759107921315095,-0.15372730998048614,0.08760975750361771,0.061206938663747504,0.09438756109777142,
0.30995283144712854,0.2352816573574832,0.23083678023693752,0.1742894647104602,0.16408284906907458,0.19306944876361398,0.27182355471028596,0.23033335057162374,0.29443837159467834,0.26295257808054173,0.35502466776215874,0.24628148091546875,
-0.0626594737740695,0.08972490294537795,-0.15374478772238018,-0.13683004707486865,-0.07662702641945231,-0.24946636827506757,0.15062324056105775,-0.23585128755714352,-0.10962753834346028,0.11865404529597305,-0.08077018470393078,-0.17313288385173248,
-0.3086720493980006,0.05448923458008633,-0.03148807678826135,-0.27099256749051165,-0.21716912833329807,-0.15546660340349672,-0.19543887862264628,-0.17225298973399022,0.09941134571493396,0.012129441031615808,0.09487500204383786,-0.02158708582500514,
-0.2207211637084701,-0.19298259049414052,-0.09510734622681247,0.09276120462890416,-0.0029915358889765053,0.03014850673494081,-0.270361520149115,-0.1524383940274908,-0.18922801861950495,-0.04149458184414986,0.05353719110198858,0.04734194344398799,
-0.24901705724097425,-0.18911335486647263,0.13975876692645142,-0.08564147263770683,-0.027003941377184155,0.019048627448433456,0.0665121715520264,-0.2537247667071386,0.11694044307122636,0.059825335222924415,-0.34483680567280267,-0.2599918370625385,
-0.14158300104520097,-0.1481709687922013,-0.024933890981906685,0.03133805472469501,0.16286614437439087,-0.11581149374953538,-0.004760717371657357,-0.24479766342334033,-0.29448453500928484,-0.16106563497079585,-0.06108823363124809,0.15106660878475825,
-0.12345035546144613,-0.18349492400929177,-0.004363139331293578,-0.15689744593867083,-0.21165552076751382,-0.14114775928354825,0.13044473976155355,-0.23975488464380698,0.10622219336455119,-0.18655206533559096,0.017338883083529207,-0.11416870410227094,
-0.1968613381966879,-0.10471403045761965,0.1539684221192146,-0.09709444321180961,-0.2794226220662887,-0.017584682481029217,-0.2339647177879537,0.07147695440650813,0.07926375737645724,0.08103592965307167,-0.22660467687931865,-0.3171316847496587,
0.0539624540857615,0.114051675994545,-0.23269747103007973,-0.10677452046985032,0.006995613881386482,-0.21707277748851111,-0.1846723134010608,-0.25764930774407646,0.06557800527252175,0.044639120857386964,-0.21842711317806868,0.07014593848366861,
