# Pesos da Rede Treinada TxH=  0.7 TxOut=0.03
12,25,12
12,25
-0.23642649406977032,-0.5453971153628311,0.9119532005519078,-0.4906594260859765,-0.6373098052279602,0.38739679318812364,-0.24627859472643346,-0.5006073271493834,-0.3865194688967284,-0.46940674630106916,-0.2669842687051649,-0.6464190330914771,-0.6859660089307451,-0.7005599282381316,-0.5077159553458969,0.0963670352824616,-0.28445299836716464,0.6514367018965534,-0.38297830644210085,-0.2948222256089748,-0.2841329634657975,-0.6468770329235236,-0.37773727580937616,-0.2945938750396321,-0.05895848387481111,
1.2360822143383912,0.865320003702932,-1.1543558573249597,0.9597414743215639,1.2297207709777223,-1.7500664925136007,0.9943248640752627,1.2263935889260937,0.7811426434388219,1.045985171097951,1.2760010122352592,1.2608682333075936,1.2054446179168237,1.2055073182212808,1.0136604112994896,-0.922740156693883,0.4692811236775884,-2.0321421863985503,0.8628855534602493,0.918343408360845,1.2453876116907212,0.941877225501771,0.6526226069485068,0.5355219964152541,-2.25152762530525,
1.383883797790739,1.3580007178899434,-1.723501928496505,1.2295706427405502,1.6151241473454363,-2.1565242637357613,1.315839012462131,1.3675202815227585,0.9000898850037342,1.2660662255507982,1.5889113108568755,1.556209591848217,1.6254468125988322,1.351646482523417,1.2150216419460904,-1.2837893775181877,0.752590418536453,-2.142719181732803,0.6520479870506036,1.1143501793901056,1.4568605944083495,1.2920376523365613,1.1649757956804465,0.648132049227261,-2.229776778097831,
0.25424259967081353,0.6423985262249383,0.13095158566610718,0.30332154669375583,0.3727028680876132,-1.0494558082942145,0.5085723328133267,0.5604932069316378,0.4433496719921108,0.12627073127277846,0.5315528833205531,0.20314504720184076,0.2978788826831361,0.31668486256495126,0.5473116506018232,-0.8167029822409012,0.06983089983113731,-0.8334862769277168,0.3068290018015556,0.3663212013744299,0.6175038977922945,0.4549545797762598,0.13010949964824484,0.5427246146177852,-1.1608318418831383,
0.010224454768459935,0.10748690589214546,0.8531469658960398,0.013673347427318044,0.20444288368933017,0.052282393745038146,-0.11823932178821164,0.20195437698646582,0.26318827510491954,0.13147550787216047,-0.06012061719724737,0.16823689293939215,-0.3006181133710834,0.0729137156481777,0.08877034144267942,-0.44159174517149286,0.037262599943726105,-0.1698382862353212,0.09735061990274,0.24049555781013987,0.12358152383517139,0.09261576268892822,-0.36156445438447243,0.07684067033951501,-0.8576225307016737,
-0.7820646012232785,-0.4982657432946788,1.7176874065542174,-0.595538247723742,-0.4295898541862123,0.742141019471635,-0.7288275851286562,-0.7236435847391621,-0.6163782241852614,-0.715629646748503,-0.7990613709999044,-0.7446093465279661,-0.7601695467163093,-0.5771204016678751,-0.5649256700379853,-0.44803197925368543,-0.3855205060098848,0.4555053140081417,-0.5263790525662639,-0.4781349220890694,-0.4562317444352603,-0.41311402049989726,-0.4848188418377198,-0.36535048728981007,-0.048609582963557836,
-1.3568194330649144,-0.8635204515681347,2.554391180060507,-1.1589345993096707,-1.441518074376989,1.5819702581857096,-1.1584613249975095,-1.4224605973056665,-1.0971195472128865,-1.0212161417738421,-1.150326589635153,-1.293921695207973,-1.3410857882955036,-1.4817198794631528,-1.4455236021275506,-0.01222403621594932,-0.9404881438548617,1.687526509093943,-0.9374588256910341,-1.1426920898918742,-1.358528073621055,-1.3240286165938433,-1.2370733002224592,-0.9184006358131975,0.47925348922570515,
-0.00884148572824962,-0.34135272501469305,0.536058997506617,-0.055714633495734266,-0.34108645462513215,0.20991926122620058,-0.3896878141943342,-0.32936995323077606,-0.18636820786819788,-0.2932325547116113,-0.3644610580125185,-0.38963694139821514,-0.2532345553469757,-0.164322569867307,-0.010919370916396238,-0.6471104414940101,-0.1563325066466044,0.11223590449382659,-0.14328905505013825,-0.11013117178292403,-0.03566853809147485,-0.2554151654559322,-0.02351873030405745,-0.6305268825266457,-0.8921839951768434,
-1.222576998599139,-1.1793676809208764,2.2435718479326914,-0.9797235547657778,-1.0106288093513869,1.4397875911794826,-1.1125025714743066,-1.0507385262656754,-1.198743608139771,-1.0040190776661988,-1.3188729869112015,-1.1893232484279437,-0.8977274047783961,-0.9887180981549896,-1.1686888867637675,-0.07917237075744234,-0.7789617724737099,1.3976676615250572,-0.9887850113648639,-1.0233803412127442,-1.3901626874894972,-1.0847257854795356,-0.9918519450826054,-1.0613437395856151,0.08519468345395687,
-0.9919103128158441,-0.8110819934802888,2.1700090661812226,-1.0920332355943538,-1.2789850130061928,1.1875369809752865,-0.9713691167616544,-1.27450140734687,-0.9209914775890875,-0.8372161994121854,-1.1814020902283915,-0.9431151777406893,-1.231339895822957,-0.9305471343449468,-0.9648458605576661,-0.23026800136962652,-1.0109582479061412,1.4475613114233186,-0.804950223708279,-1.2235156055298215,-1.2062278807883549,-0.7935678302995334,-0.7159405769301005,-0.7369436918914682,0.15778062208337895,
-0.7899454513878637,-1.0414359311076842,2.4088699437990044,-1.1862311044648592,-1.0763313701174715,1.2756906652915525,-0.9965363645882206,-0.8408302826148386,-0.8096126167040113,-0.8842488165908297,-0.977816372641564,-0.9018803044744707,-0.8116291716059496,-0.9403825874856241,-1.1913832034936964,0.024537879009175048,-0.844946690381379,1.4271537505416898,-1.1119613030721305,-0.9954774332347721,-1.3577064123718288,-0.8978833088092464,-0.7428492819360037,-0.9212402859746686,0.10758072745504182,
-0.9903391585586729,-1.0247916150411145,1.9331259409230792,-0.7454862692256277,-0.6743628043453456,1.0149365892598472,-0.8227617440671865,-0.8046625844766369,-0.6298309123647886,-0.84664217340847,-0.7953260597315054,-0.7124860263636124,-0.7737116080471453,-1.0581605810564145,-0.7236238060153458,-0.5623305682285448,-0.7345724432798473,1.1976655716213782,-0.625653277263175,-0.8155092704371139,-0.7356046921528416,-0.90361598999413,-0.924438967309939,-0.5316004178805679,-0.23615978171322338,
25,12
-0.012341653552308568,-0.21066496003795634,0.12238554423926362,-0.122435067803054,-0.15097512531791527,-0.20206124874818482,0.016790996731525662,-0.18810162652144546,-0.1910526006580668,0.029180795556273575,-0.09077115562961292,-0.05935426414546419,
-0.05336468293284708,0.10024519708833517,0.21380346103938616,-0.12619279064461045,0.11282456723837564,-0.21800855453858548,-0.25110724346442165,0.04216456065127231,-0.14585561019021126,-0.2491540799761246,-0.16863180838355987,-0.09260125191486401,
0.4309724290236219,0.31915655624064443,0.4262009997766173,0.25017610004024776,0.3366171364837603,0.3618252491452457,0.47062367623882695,0.39872558990512935,0.32117569951936037,0.27805579056032215,0.3890481984000163,0.5847035261787651,
-0.0653578878025667,-0.23962791251623689,-0.11353945292944784,-0.054572491690805386,-0.16088258892426335,-0.09288426709077166,0.06781751155738952,0.02601186973932708,-0.008131728229056364,-0.19272928010222196,-0.12910582872165438,-0.1395430621322638,
0.027336129232323716,0.01670357556162172,-0.09291177332189417,0.042314489142628114,-0.10689001351568807,-0.04772161392754941,-0.18721906213354345,-0.19505727794455086,-0.16881527093233,-0.1661599455074229,-0.10779463022048648,-0.06355653516094902,
0.26528981743692764,0.13958065089881724,0.2995680386323128,0.21561662439505494,0.08958167981961146,0.2114502534750276,0.051066493706387855,0.26300276315682775,0.3064110335756939,0.28840986925087236,0.18803804260454987,0.11059314944195421,
-0.18951701040303706,-0.25110092024316627,-0.22403916434913113,-0.11039434621226424,0.06963375018031455,-0.045039101212144904,-0.014117641919819788,0.043470055166100356,0.09520436695673788,-0.34547563758351607,-0.029020286490400688,-0.12001559457407468,
-0.023818160621628996,-0.03921151315908128,-0.169342167993985,-0.15976314424206509,0.04463769391171691,-0.15158871006614782,-0.26167439052589436,-0.11910930344798301,-0.07775195190745841,-0.09495476387993827,0.012718531951428882,-0.1445719169582848,
-0.016531631294352565,-0.05749449693298446,0.1153376047910555,0.15895174499976886,0.10908344283142697,-0.21651380770304635,-0.02430994407017813,-0.32403868563988786,-0.15215036492824274,-0.10384383408888562,-0.12191058066294477,-0.12033852141856109,
0.024175134674415663,-0.0933310704852596,-0.11505370945088106,0.09199567315069884,-0.10738737022799949,-0.22812161102516626,-0.1331299658153903,-0.08125763233156504,-0.1530860497581649,-0.01742510791247035,-0.2990213066856378,0.19106364063728323,
-0.11300016072756992,0.08950916190655726,-0.2376370118470284,-0.19781016846094793,-0.26730153932607376,-0.33316699732090516,0.11686636956791531,0.007265326018933893,-0.23072878071389968,0.10039355906239932,0.10615813839386151,-0.3037678225844522,
-0.10172931913973621,0.13434220990671283,-0.1920226431758661,0.09129215503442462,-0.037163242493486716,0.07324799127720981,-0.22332406201148106,-0.2127288338105027,-0.2000730214989933,-0.28167902884972296,0.09950280646557143,-0.15262443550016008,
-0.21973182307312328,-0.21963800526874055,-0.1626020344424846,0.08539347342334434,-0.3096714666240031,0.07042284129078095,-0.17001838244917852,-0.16452368543176868,-0.13409214925138063,0.03690601858220638,-0.07018519520723666,0.026775616862539715,
0.03365389753258943,0.027463588195652217,-0.22712456605502676,-0.2882040934948332,-0.16124208636814397,-0.0013169717602929043,0.0077508582758064925,-0.15558843087910176,0.1623992582726541,-0.1861082187260976,-0.21924714992098454,-0.13423340180198623,
-0.127245287100311,-0.2800095523897054,-0.08796034535477192,-0.19362295888835535,-0.021697170816161317,0.08023880246805458,-0.011278253905926738,-0.20281834261789414,-0.08781573368058364,0.040414860680331094,-0.16674664950267817,-0.10834133891886778,
0.02815438955272534,0.05241330400525752,-0.13204630067147258,0.021088838688632896,-0.19848023450313987,0.15951412091592979,0.031177468145457486,-0.07946236684679153,-0.05852772862676507,0.010802190020510841,0.033604352385432565,0.1484209049336059,
-0.2675506792889303,0.04216664309902297,-0.004800427555623738,-0.3173485357749619,-0.11304062582577325,0.10324957248603833,-0.28385728106829905,-3.148283382070629E-4,0.20139505330451693,0.06604871865084318,-0.22159143088830785,-0.03458500019686877,
0.11378680418888336,0.2627748356828295,0.04565638793937094,0.31447964487494023,0.40064281388510287,0.26705671512718765,0.3192638798982728,0.2065930126502761,0.2637391264380167,0.373441449175866,0.3125126491332578,0.18917965570276052,
-0.0880258366853568,-0.15631650705704056,-0.19083489504879464,0.08181790156382553,-0.05573086198822736,-0.2154484269419521,-0.20584264429233215,0.08600354279686044,0.013244284763259291,-0.14355335694132143,-0.14129181458717666,0.12739679385366276,
-0.26031726478717687,0.03206708891971366,-0.014945820318758867,0.039352193598831284,-0.054248508175744094,-0.04279491496698043,-0.1832910268477902,0.025667177709182,-0.2092222794730933,-0.12396034000274307,0.008164921612902658,-0.1384843247348531,
-0.07923059774241342,-0.2683298351399725,0.06714220621354433,-0.04200586527946507,-0.11352159441901384,0.1350502174424226,-0.10551314029557468,-0.0289734501163142,-0.11914515903927478,0.010489260146994219,-0.26768623869402974,-0.293645422846374,
-0.2679957731254645,0.003744072919383548,0.02553140034761767,-0.11927142337774492,-0.20845774506886777,-0.13716466869322877,0.09236394572316534,0.0852846755749847,-0.1657465243857845,-0.10793677377512764,0.01653006444685785,-0.21304397344822534,
0.027720286112428147,-0.06746946284885452,-0.213930655329525,-0.1746535480971744,0.10928172219519253,-0.2226649151714726,-0.16828648139446925,-0.3026529155699353,0.015377370640037049,0.06270103022790682,0.10784702038825629,-0.14903431199253364,
0.09021287523123746,0.028529716202341314,5.945927433292377E-4,-0.043609332910627005,-0.033456353700255466,-0.019027316247398698,0.07444939230544945,-0.08939843282942245,-0.1150092215938842,-0.21758349342928757,-0.18138004762950888,-0.19137032299544465,
0.01194674920250903,-0.07451043260612508,0.07132832816378262,-0.17181587665781925,0.039886631286543336,-0.03547965569898254,0.15293602388953578,0.15350422480508322,0.06487372539351158,0.17618574994592265,0.14673407775154376,0.2126596446397805,
