# Pesos da Rede Treinada TxH=  0.2 TxOut=0.02
12,26,12
12,26
-0.2300274942083192,-0.14408437360917667,-0.08873400166367094,-0.37001064350310714,-0.2249692967544168,-0.09635007904989237,-0.15398577774819674,-0.011664547423899947,0.18269494796570904,-0.16389837725362183,0.16090784025629426,-0.3185468795766378,-0.2807671451614019,0.013430175134059905,-0.12497469905436427,-0.12464623863992619,-0.3606075395775747,-0.08646452755949707,-0.4441679125382138,-0.18408540018853048,-0.2706117998999419,-0.3708214797562324,0.07032125690504491,0.10474154599971938,-0.23118138250141404,0.0646352477119753,
0.3746409862496623,-1.0105053730492246,-1.0928153305679165,0.03807437531588971,-0.2969324245304322,-0.6854490775297797,0.23644783049200566,-0.7106113175036605,0.5620132192087419,0.02199456306375075,0.2722461558448571,0.023664638791720836,0.3224706005999989,-0.6385756967546885,0.7017722017457632,-0.9176009640202034,0.06673323738036337,0.06597128401855197,-0.04575929473179591,-0.3316370583393517,0.14496066867325424,-0.018043592062063157,-0.46188091776283974,-0.018403665356913956,0.19018160645723295,0.2191779532778788,
0.47263477721512015,-0.5723044091531189,-0.7940485370442828,-0.00572837683992796,0.010340143064037391,-0.7721497402370009,-0.24551756195458063,-0.5788805324171775,0.5733906343392683,0.02027324023762709,0.16626173616162682,-0.030499621136853238,0.4151510078565407,-0.8671410350029659,0.5238209508939481,-0.6275521423923531,0.05901230693958555,0.22967747505297734,0.009455714718445665,-0.2297519201517813,-0.01403398852365438,-0.13706783229739325,-0.38206266348918355,-0.14175397775675455,0.39891148270714893,0.37336110174855647,
0.22965006929052956,-0.7537429054037124,-1.1304339104562409,0.08004970069958443,-0.40130793168890616,-0.5069870118540463,-0.007893507530461558,-0.5396547209291358,0.23597278480414013,0.014166194366470377,0.19105480927894467,0.10237051023607005,0.2834978822009567,-0.9665867913654785,0.2814315290868742,-0.6244822510038637,0.04019014455939344,0.08949051697592454,-0.09677525896959674,-0.13866486138589426,0.07022952466275113,0.1058414221928397,-0.7119175038114174,0.2405040330032143,0.3955459567972717,0.5183348455995145,
0.039280786234006,-0.6720490136978877,-0.5705579005185945,0.040533408258311567,-0.012006222450089286,-0.7755711278160361,-0.10684487765241774,-0.7419062448411166,0.12173428259759594,-0.09152261986125564,0.3414237433770067,0.1491038682753224,0.4371787831753985,-0.6808092339966746,0.16444345790622344,-0.34217030372486085,-0.4139484778411175,-0.0647454607526705,-0.0804443532286303,-0.10765910265877487,-0.03800860359412756,0.0941633872914851,-0.28524813943646254,-0.054232360790916055,0.3463676947411216,0.07638514663145485,
-0.21882619721562965,0.1953912446722932,0.00776259071017305,-0.1137136600597357,-0.20551097817004427,0.09993610933414895,-0.05499400406333875,-0.02980762543910444,-0.2968600416864389,-0.28159631260750817,-0.3785177699692376,-0.43996807337324506,-0.35769952725685006,-0.004775217912914223,-0.1871211656446104,0.3817043845584741,-0.11241260536452327,-0.3131381583331409,-0.4342749945401769,-0.15364775702306127,-0.26366348705582787,-0.007815009114299047,0.15463623452247735,-0.3795034665783389,0.014062661600807679,-0.3509478697149832,
-0.4067560938110547,0.6392006127097751,0.528123639850546,-0.49625972738896296,-0.09060654351400721,0.4812087198453837,-0.4580363062479153,0.3177823968320511,-0.40232533277733984,-0.19337377663226324,-0.09285075332484391,-0.09697560970745445,-0.6259570447650669,0.4173824305072614,-0.4570601907683419,0.13542157004537206,-0.3560837744633869,-0.47844985248510724,0.013753969656827422,-0.2607267444110445,-0.13707418437213345,-0.35376378303578554,0.47236687799463495,-0.08775769156412279,-0.14138153410518053,-0.32709814550430794,
-0.2538055308638539,0.312775835259692,0.4814420040148113,-0.3598911865431894,-0.06117810488361414,0.12594679991535315,-0.05254429677977763,0.15402315565733238,-0.11896976728252641,-0.07027044920602488,-0.37251167126865625,-0.3492822537786383,-0.060687874347897894,0.3584709892320352,-0.4558058298395604,0.24813882130802095,-0.3858028263712795,-0.06029788060077566,-0.3963411003941213,-0.2022969478286861,-0.30056028300766524,-0.17150508612046886,0.026377581441378816,-0.1202110288682874,-0.12721179789994744,-0.3523822767891037,
-0.6728987771515882,0.6190384170402805,0.7794373549064126,-0.4930140082193836,0.39308324403477524,0.7800768818416759,-0.5571714564205758,0.51945392035393,-0.5955811166902993,-0.4603906101107515,-0.6128861758101057,-0.1506866283576688,-0.4685710756655729,1.0380777346587595,-0.43679349151440794,0.6038628236657099,-0.14433925693619032,-0.39161875662156664,-0.1967371679970829,-0.3608890373003449,-0.4061264334556484,-0.5868148429971869,0.6946303069220556,-0.517567729913287,-0.4823165501789103,-0.5335823499248179,
-0.609843783297079,0.7793614541715898,0.820253232234023,-0.2525904163752859,0.1832191507813812,0.8923869262030651,-0.20486463260760357,0.9403062905737927,-0.5841785862714638,-0.296875317076169,-0.385270632998149,-0.2958700722640606,-0.5070809954276769,0.9166942699491711,-0.6444823293272698,0.7826089549486057,-0.33920196385983414,-0.4594843069755317,-0.005260330156452523,-0.232636843315457,-0.21963593357737016,-0.4463997082940087,0.45144910303904223,-0.34814639742944825,-0.7656796422136266,-0.3424847303871119,
-0.24688542811094671,0.8191699104696075,0.8109507249868849,-0.1702302132858192,0.36688702792557154,0.4986588472105857,-0.5286551034152129,0.6847280173346205,-0.5731270077701193,-0.018933081766577563,-0.32738856181590026,-0.37005481767937065,-0.7385928350101505,0.5827170024792949,-0.4447891085723037,0.5211424009641504,-0.09588984768972657,-0.4138888324677016,-0.3880356799515702,-0.01882929051523722,-0.17845357197013165,-0.19996648179376914,0.4462015914799409,-0.19675158470081988,-0.45205856093700897,-0.6052323594968523,
-0.3459296228018887,0.22695590197968324,0.6910815221353763,-0.1662599855358464,-0.12330606163243231,0.623236212068373,-0.06291358948774474,0.5680244540136845,-0.4549692140219385,-0.19727422987011728,-0.5076249879797199,-0.2163671225070347,-0.2776444099483869,0.3763123800167963,-0.36429147934867423,0.538743972904834,-0.3272277820573125,-0.17191971861495936,-0.45618393445463995,-0.23848211124271823,-0.43848742396194074,-0.05532803009908987,0.35120962850956794,-0.2886428278490191,-0.4843821856494484,-0.4879858146123885,
26,12
-0.1571194828570833,-0.28888755953633305,-0.2693292026408141,-0.12968329776221085,-0.12656714807879813,0.1194973912849936,-0.32465542852407464,0.13171453306607298,-0.36287690371343506,-0.008523044336301508,0.04231601753547608,-0.24129701071048348,
0.022958969004027146,-0.05256604021010791,0.2941065298677661,0.2142759598991903,0.11414839569605516,0.4505894874398358,0.30080173731572246,0.3798199350355671,0.21011889939653206,0.2737352132170906,0.21379522518450814,0.2599886786904996,
0.37154988365887476,0.3306942290319344,0.07502448029907911,0.08431799107862949,0.1031168482168696,0.5042922374394224,0.19764548131920268,0.2648896884387941,0.21454216560722553,0.3705402745403716,0.27331536128716993,0.2990830235526511,
-0.14453829482412012,-0.23818757254231387,0.15535527033746463,-0.19960557710588403,0.16410352586454766,-0.25669132037867076,-0.24584212713740675,-0.24601287908417957,0.08418606771701294,0.14819209548521384,0.15463422375262525,-0.12903560286839366,
0.30948240226897017,0.1414247147968035,0.09375883685883879,-0.07971762248906887,-0.06329052979055579,-0.0715222357850731,0.1454240787570891,0.023113368714436026,0.27322493466661363,-0.17585284728628758,-0.07269829867190697,0.25448463575729685,
0.2875285168019136,0.1738431088448964,0.14655107087822153,0.25428266331662386,0.4540622405993731,0.06356715539139554,0.21821001909238205,0.18901253370199173,0.004032778816497408,0.30022057706626293,0.3222218246891824,0.4051896517071792,
-0.11817645609957997,-0.08782801649656764,-0.06462470566103402,-0.0660166907532742,-0.20367638239953814,-0.06668029601196926,0.15708550567386764,-0.1279045469597364,0.056348705090469305,-0.052596072536822636,-0.021337062584252376,-0.20730519921708404,
0.16867736920475696,0.10699439040626536,0.2739901710453778,0.16127698281227892,0.2771131671881853,0.08208479310998613,0.037830888858830264,0.4538560982663421,0.3206661914496139,0.3298725944697322,0.19533046293075018,0.15891470764823556,
-0.022105197136888112,0.025935437863691048,0.1628814436335314,-0.0543824964175885,-0.27256799472556725,-0.2585320183563976,-0.18975962430653479,-0.2306861799952303,-0.04768118645211798,-0.19863044850529693,-0.251129085166457,-0.2681092484670634,
-0.15318220868774193,0.14362279750415474,-0.06337004480529795,0.18422116635619418,-0.1596610710942853,0.05216848005138813,0.023470314948724407,0.09776974888097373,-0.23676324600115478,-0.1318011788757532,-0.07777406173560411,-0.26716142323686387,
-0.10337721609678217,0.023958216367212768,-0.127810301388787,-0.11385249317689076,0.06272781501541015,0.05597932250236767,-0.08359684329232178,-0.25387558811843863,-0.36618004057672554,-0.19188243027188737,-0.04504405561890647,-0.21247286212160232,
-0.10658102776309755,0.1208631454666287,-0.008092795812873834,-0.23260171745994637,0.1744761779733644,-0.16507124279005234,-0.027294410318111816,0.14382750812219047,-0.2249261971814957,-0.11760192766861856,0.05162877032062017,-0.13725819153660412,
-0.16937873856535682,-0.25790572147866464,-0.21106171115143343,-0.07119608904933294,-0.1741009908053896,-0.2430865440899573,-0.19799572441071903,-0.1594422717787443,-0.2083996040075627,-0.29538535669456106,0.03000858335945002,-0.15675057032310583,
0.13774243783273035,0.21140192123178822,0.18865160926058355,0.373819069608267,0.010009292851325846,0.35090208898984376,0.19310541425126734,0.24067311907238856,0.4238926461873594,0.3949363484375867,0.3301422700788399,0.03897375090950236,
0.06717778773967546,-0.2806491271043732,-0.22028673477138763,-0.03158614896292545,0.053335376171632455,-0.24815704057212523,0.020907622845026095,-0.05552871707456746,-0.29373358775766994,-0.22936935427104166,-0.3438410398666768,-0.28013323609862084,
0.423505789652675,0.3173178314702089,0.17065578007601614,0.12945940774425985,0.20014023108703194,0.06592943988508207,0.31276164860346883,0.10106471376164623,0.44851787926020725,0.010375218357950912,0.24456303735373622,0.09763158702124411,
-0.02238508069772674,-0.1939478859159737,-0.04609607215490184,0.19838044791896892,-0.2435851869420158,-0.16502453441351303,0.07211516484399663,-0.20010011779187314,0.017527884459686168,0.07137984929433977,-0.1251361913774122,0.1589181429138346,
0.1770680729785616,-0.15804826141524272,-0.2298233324495581,-0.17827549804570533,-0.22748279394432427,-0.15967423411602297,-0.2581106145318125,-0.18190343538520362,0.08869436073686354,-0.11140508630345702,-0.31144853736590544,0.12242273781297722,
-0.1168718226149013,-0.015332361267085988,-0.20754359601040065,-0.20829974283500058,-0.16027387937375792,-6.210553010227202E-4,0.03236564071729823,0.04785888215201379,-0.03729109989093371,0.12952584021381397,-0.20233796722022407,0.15856428074837253,
-0.17095168726379453,0.1817711665653741,-0.09589034782077994,-0.20188219494377083,-0.11870603223822546,0.08973461304914976,0.20102350518798745,0.21059761763109602,0.20071361166762566,-0.2335009850275931,-0.10463675197249572,-0.16462854994193377,
-0.13806317771342727,-0.07594659621606509,-0.2647080660527219,0.10530961135252945,-0.06283666630938098,-0.2847474072633076,-0.10211204114280906,-0.23272070052549707,0.003549767022837776,0.10278154909511678,-0.037939660906948176,-0.10864135125264648,
-0.17110795936638884,-0.19480296038350536,0.058034165632742774,-0.2556160657202568,-0.08260017588058945,0.16290403159988812,-0.26595873128667097,-0.08904438001712706,-0.18615577223197982,0.11966884845826029,0.07041734263249773,-0.14301490066380246,
-0.03765243419782899,0.16660543800645514,0.2676326245796028,0.236890776617976,0.41206292807166534,0.11159177828980388,0.30348790324205605,0.0656990796735679,-0.026655697908937848,0.23605000634468637,0.15052473336228653,0.29392799242986706,
-0.0862806089626537,0.12126162912554854,-0.17674830089078575,-0.016670858620041633,0.05528559951893636,0.07120591224475388,-0.08502372131006503,-0.07778327302287262,-0.13405175805675223,-0.14031226151394935,-0.050601854375583434,-0.15073115678876856,
-0.25710890934865505,0.02563166115629586,0.17897327706504154,0.13301768963667063,-0.13652167578448188,-0.28310566449143276,-0.27047880722220385,-0.2406697777006817,-0.08302503656625673,-0.3026053820880978,-0.18207140670479158,0.11000929267996894,
-0.029968989685195298,-0.258140112180827,-0.08524036357486836,-0.24867986650787646,-0.05738906451293809,0.04330088142854582,-0.16846103111557328,-0.2520297355076861,-0.13197592377910025,-0.28960457112169585,-0.25646094609109954,0.13287613910890664,
