# Pesos da Rede Treinada TxH=  0.1 TxOut=0.09
12,23,12
12,23
-0.22869923936244918,-0.26888922210994265,-0.4133684762625647,-0.36759472993644704,-0.6011356550546707,-0.15904244495533346,0.030774087201780362,-0.3047845714312058,-0.49688000797786475,-0.39258440001912126,-0.12598888323003754,-0.7540788078578772,-0.24489603527719658,-0.1899965881832422,-0.6611151831870468,-0.6868884589030535,-0.48781535001231413,-0.3398662336290801,-0.26910142151580363,-0.2907427727815988,-0.2078783473266426,-0.358161306291393,-0.1183169416870981,
-0.1734006001787887,-0.06570172925458846,-0.43716204422910077,-0.049327479820856085,-0.1867654176586702,-0.22165986185430664,-1.1528705158119672,-0.11425296183245805,-0.134645238718282,-0.8149021092646554,-0.39711362288463736,-0.6193551336551189,-0.1447728659187215,0.030372591736057813,-0.6620167405562748,-0.25816486556790536,-0.11865410824982127,-0.17158122769192738,-0.23226401619947631,-0.24253899084270855,-0.3021310131101662,0.0023715736335162886,-0.1857652715761357,
-0.25679427089087703,-0.379363708748404,-0.7774718766549267,-0.4097566292619827,-0.23303740845952384,-0.1989124824716629,-0.9339797742226261,4.08893343401933E-5,-0.18490892406188647,-0.7378849477431403,-0.42615062875925874,-0.6176729232641623,-0.08369790167593838,-0.05399039602980448,-0.9803790440844743,-0.6264798480159067,0.09218251313085407,-0.17187377395205655,-0.2981349739496903,-0.13851837450844465,-0.07896907773999995,-0.018112086573964438,-0.10937006156842533,
0.011022685985721294,-0.1706248806442931,-0.6259346593672159,-0.10734975845681233,-0.5380040551021505,-0.1583832558507372,-0.9733877062336703,-0.27338316470544877,0.16768348078674078,-0.5115806814805447,-0.41872857959727716,-0.35515957620455635,-0.11644493311992524,-0.15072181689883446,-0.512982600812256,-0.6392744764574025,-0.28718949017662576,0.0645240407096395,-0.4705911802044414,-0.06790341178578858,-0.44646237052386584,-0.17850706653688544,-0.12387740042850909,
-0.30204781546217374,-0.13723905506610848,-0.6142190492355738,-0.2113271376634959,-0.24824571277377483,-0.12921362095977393,-0.8268349298000025,-0.40388829791013664,-0.2853458234470491,-0.68568382877094,-0.25955062401632756,-0.7956117702327512,-0.23174030456819247,0.04107223671162901,-0.5372837408422343,-0.40692265163944275,-0.08944249615703952,-0.07747472242224225,-0.1321957539097481,-0.19300931913778632,-0.5334113228009968,-0.11730356433545626,0.017193916815834286,
-0.4244299945281707,-0.44564509350684317,-0.7396090372633571,-0.3494924423213297,-0.6857958300869722,-0.2708124700552049,0.43122336000789013,-0.11242594093186575,-0.19770129991502403,-0.7920707250191876,-0.2397725670595799,-0.6591742101746906,-0.1490054048936923,-0.43698774199695756,-0.4573292357583377,-0.5281926995273786,-0.1894966993569381,-0.34134084693537553,-0.24243261149334994,-0.3474879945294449,-0.6126846729355127,-0.2062677908252853,-0.1776266004342225,
-0.5171896649057531,-0.3263839703482326,-0.4538667608912354,-0.6175555446088712,-0.5854412840000502,-0.0988845751872886,0.7195911366799039,-0.5610346716391477,-0.09890027036934348,-0.6223164255250404,-0.31003011542425957,-0.8173878202217323,-0.6091875306728404,-0.508462658988295,-0.5751183648579697,-0.7059516750794231,-0.551748938434425,-0.3280646737475684,-0.6534802504203466,-0.10150591922027713,-0.6412617614309093,-0.28054843170215177,-0.3484827381533045,
-0.4435965350453868,-0.46461137895247184,-0.4303397287957801,-0.4977422319871467,-0.31912720499359654,-0.3782148199814508,0.4956345286204938,-0.4775774676454673,-0.040523445006411196,-0.6907947215115422,-0.5981098811077972,-0.3885585479240139,-0.4077074500668093,-0.41758218400540287,-0.5919383988190734,-0.4140488219082401,-0.19804163401790198,-0.35080871269741426,-0.1886472613066079,-0.40640586424587116,-0.22641723839670308,0.006036814065690245,-0.23935367505293154,
-0.05147276881890921,-0.27430499689199606,-0.8008491269827097,-0.1604410514406778,-0.7501594877535428,-0.47131556109342354,1.085112116957127,-0.40517250836596197,-0.4046049897695462,-0.6013140025984736,-0.5485916672981845,-0.4451802097428747,-0.13172443273030282,-0.13775524329812086,-0.400126055804129,-0.6709065626472784,-0.155638581027294,-0.3674861479781091,-0.36766091179487675,-0.4402848965626138,-0.18505804596655354,-0.1972693234489531,-0.52547970664103,
-0.4663339896960305,-0.38252361381405303,-0.6917363289315412,-0.44776099665678215,-0.7095297938535267,-0.31886186292504437,1.1037237152519532,-0.21855886112792233,-0.36279122086796406,-0.65118437888979,-0.5347075907129778,-0.48019604189049964,-0.40352946805786216,-0.37711957285261766,-0.631950302959055,-0.36079921250426733,-0.3451360519373726,-0.10486661272720829,-0.5419602967426267,-0.5871587499065725,-0.5869765213034843,-0.45479962989597483,-0.2861567246849697,
-0.1812093649106854,-0.5477923046166315,-0.6539560321534337,-0.35742184002328264,-0.6062474861402447,-0.4674675793013959,1.0601132131296485,-0.2840915293708413,-0.552642372878383,-0.4868068739831558,-0.5921703342532654,-0.7457528227497672,-0.5758520678937136,-0.3621606766547328,-0.5551121767064932,-0.5269947120796735,-0.12907198707079057,-0.40740139659395197,-0.39874678775631617,-0.24640206141913756,-0.2688759880644994,-0.5624106437396407,-0.18617865990678445,
-0.28613318761278406,-0.18637735654168752,-0.6321937360679344,-0.28851459943487073,-0.7101441124096698,-0.37656499989487635,0.45717051472341297,-0.4370516318925815,-0.2120151254322602,-0.6762869960855035,-0.5575080780685057,-0.4017030372104532,-0.4746751988178989,-0.24334696010452178,-0.43451273991646827,-0.4337312052636655,-0.42668315558634673,-0.23916451429369737,-0.28721567002822795,-0.19656014811756267,-0.5407984871365897,-0.4133369750475448,-0.4544179905920515,
23,12
-0.22585231441281442,-0.3186391798534394,-0.05608316790595171,0.06021185330000701,-0.38510447195184266,-0.12409784323115593,0.053208195998689714,-0.03828848536093376,-0.05208585939658394,-0.006095659688353523,-0.34252084918674086,-0.06536658915004977,
-0.1210646630483933,-0.31668871202300913,-0.3311104476577298,-0.2824168117749085,0.06486389220620797,-0.023500921084096644,-0.08010602742853226,-0.24385247514098485,0.14722909569480042,-0.10146845755528477,6.451291214699718E-4,-0.006097580508073312,
0.35752532374673063,0.17760176690756643,0.07122674052325773,0.3664572871382279,0.07872226158241316,0.32969588283674856,0.26607029766031753,0.1784871946100897,0.37651753905901814,0.2839016958656973,0.3024810400438356,0.20844379471280006,
-0.15268649944100987,0.15705780192195185,-0.13815723965048088,-0.17468039872237417,0.08552544560108305,-0.2662405224552079,0.03985219297407317,0.05913906515319584,-0.23288404163014853,-0.0573015633511953,-0.05779495743295812,-0.07644755532163529,
0.22668804561800265,0.2133956350153454,0.18262806222274625,0.09871486733595698,-0.057908820982519656,0.11391887210729648,0.21746508919173277,0.02669011666225311,0.21187601895207556,0.041531110346722404,0.1431383912349958,0.0687616638186673,
-0.2579680388626781,0.04191535230106557,0.015394006599439205,-0.2406040823195555,-0.12230287169043465,-0.0910910610458417,0.009281521631871698,-0.25470110412767943,-0.2634282630410283,-0.20978168788626242,-0.1773932821726895,-0.012876474428299887,
1.122104548652443,1.0087567074175618,1.0752082636944889,1.0396799498937488,1.122049800126976,1.1200809747475748,1.181911942325557,1.2428854465000834,1.2439210840519532,1.2843800084774588,1.2473115182216643,1.1996128312971774,
0.03238904738181309,-0.2971550611535711,-0.09368212631051487,-0.35084150083330407,-0.1421292397849672,0.05315180488822084,-0.18797968792418326,-0.0765271792130314,-0.12064468857738722,0.0017618171504576337,0.1310882692161927,-0.258067291048072,
-0.05836142415892726,-0.11715616948457472,-0.10346788290356848,0.13338635126515078,-0.2803267413475418,-0.30899547797544624,-0.15912627442846244,-0.4021496462181462,-0.13927174941914494,-0.19367130505619815,-0.36324363472990684,-0.2813307873634584,
0.5218898247829615,0.03166863098511435,0.04666748728697769,0.3260315948225826,0.28808374738449155,0.4674275352316544,0.2193972186706407,0.49230567939973463,0.15882259210686414,0.43889377963575404,0.34140000102653345,0.4074030960016529,
0.17219653003040797,-0.06581265004009826,0.15765441336646224,-0.011483629877828761,0.07743775588168353,0.08464934841028161,0.15997181253027784,-0.08957199340994591,-0.09377235380837608,0.14476221757703553,-0.10196532421632022,-0.12736428001012134,
0.20260594726801756,0.2672105999236556,0.2422169726885937,0.031223678673236714,0.02831256579472504,0.29680015155632783,-0.0014811863791694383,0.31512449901129524,0.31636618723807847,0.2959237493628584,0.2881986138665191,0.4239674705315844,
-0.21277965791397213,0.026581403655724235,-0.011903071471325126,0.05166511024102839,0.030579778687409704,0.09442912593038873,-0.20765168038889487,-0.12704440246201276,-0.12570072847409144,-0.23102826479882366,-0.15521440928144167,-0.1787076060408856,
-0.14580446511817435,-0.21509299926096673,-0.3663934335899524,-0.10129117086390288,-0.06738970349465272,-0.16957857340368204,-0.40186803865040854,-0.2765275429292041,-0.2659548093655917,-0.18976353969190868,-0.1895968691002844,-0.07989663169051607,
-0.009530805018519337,0.13529531708319342,0.24589870860381072,-0.0577945668065155,0.15567058157401006,0.19441053332341288,0.40149177707470485,0.2809696455142147,0.38583657693046663,0.4632150020983527,0.3738447890962416,0.175084313469326,
0.07998627284385819,0.29446768136232315,0.2700479418328476,0.1810559256055486,0.12925781028983033,-0.13012201668772413,0.28461958333689946,0.19340895764387273,0.26775668016692933,-0.04489636130913722,0.029963463055528015,0.1532325598525909,
0.10720622507294507,-0.3398169740567874,-0.29763797398228076,-0.2715217636474596,-0.11411527238341435,0.11135056208799697,-0.3047883378173695,-0.2933793046652479,-0.22604961088784126,-0.2939475961255756,-0.28310713015314287,-0.2211115846553989,
-0.26299178098745857,-0.11035348419387778,-0.15356979480458477,-0.10227605206484211,-0.19413946547934383,-0.1157566987506548,-0.2738404734347733,-0.2634748914580499,-0.2967405356709765,-0.1471968319337031,-0.2225587185798419,-0.2548969812261652,
-0.22628386970245068,-0.03734930707426958,-0.2674071411620045,0.046491378500755035,-0.1127558276070532,-0.1280236688553872,-0.027202232554511666,0.17190812494441343,0.0624583947361636,-0.11741107578739626,0.17164068445194264,-0.18715718186527933,
-0.06303457604336696,-0.004425209010690214,-0.0383734408209414,-0.32102730034580185,0.0056421847115904755,-0.002228554547698626,-0.15052823816902688,-0.27734444891422455,-0.29104409764727796,-0.2905308407622129,0.0025495618076954397,-0.16012129722668692,
-0.19290455703962986,0.029293779792716558,-0.081894789848724,0.15321143689823685,0.21674541731063673,-0.27472846965074355,-0.25950256026918667,0.09178944436950871,0.03855113861024647,0.1533564629194871,-0.041576613802992664,0.13502976092451105,
-0.08496198110709312,0.030043841589359584,-0.06793270348473328,-0.33628840649572245,-0.40449639945425225,-0.37784481217110716,-0.07420665432643313,-0.05574844393786868,-0.3028960320188788,-0.2808311099336588,-0.1615994376726218,-0.30750663250542853,
-0.38000789974453447,-0.26931334146853736,-0.003384351266010307,0.0565029491410699,-0.1798960646069692,-0.39387886866638694,-0.26437496328295895,-0.10715135034436596,-0.21613154389178243,-0.36509557075991356,-0.40927876644927613,-0.046509613610130084,
