# Pesos da Rede Treinada TxH=  0.1 TxOut=0.07
12,14,12
12,14
-0.12895910861478133,0.02359268202106488,-0.41737274965334303,-0.07036789456027379,-0.20665898527706109,-0.2928010226253187,-0.36522851073416135,-0.07270629816049987,-0.18686862101245894,-0.33506392416383163,0.15400784534060946,-0.29353514336208253,-0.14750537050652754,-0.2313786094879681,
-0.4680717855409942,0.25892470264497547,-0.12045427589720287,0.09324156919890113,-0.41392135600316354,-0.08243732825141836,0.011856942802383965,-0.15975082283052366,-0.315744399434955,-0.19487202208231427,0.19935115077984983,-0.3428731874779628,-0.3078142422622886,-0.15296910467214167,
-0.20124852487894476,-0.10021686394819862,-0.5130675887352814,-0.31682632362081437,-0.2094810992180251,-0.2975707441820379,-0.39104419107982735,-0.49654646225298754,-0.19078297055742555,-0.3676379997443977,0.09890659331740043,-0.05107970269927116,-0.18549511194675564,-0.3100315453478712,
-0.19184025830469537,0.21201759735739997,-0.06859329912064041,-0.38020479643033644,-0.1014988577680514,-0.07990992800992638,-0.2261918570887433,-0.35114772202291916,0.03148946480811996,-0.1930079152171214,0.06219655147741751,-0.3518561684576551,-0.0880123268186227,0.086797768335103,
-0.5269485756792655,0.09711872856849045,-0.05395697719384168,-0.3577480638609535,-0.21313043164177287,-0.3799569865662901,-0.32060978088981157,-0.07795201908649071,-0.4328062727058626,-0.14697904760228317,-0.11091152334501261,-0.37733445183573744,-0.061887073962277786,-0.38142365734449674,
-0.1832542315713229,0.1769433684475534,-0.32049704819853936,-0.03672361905520169,-0.32304107277647737,-0.28931056537536143,-0.12647749017845078,-0.14749329473806144,-0.43065114839550556,-0.49566767991624733,0.06163406271259882,-0.370406477944002,-0.2098276167755288,-0.11001668224356163,
-0.13496579712034823,0.0763470038300009,-0.1856512464622989,0.0894033409326037,-0.49807772489671037,-0.2135445299261059,-0.31476502510411425,-0.34282445941816186,-0.32499738551457885,-0.4685546420087726,0.14163506933350054,-0.11739430441740124,-0.49112328274450573,-0.4278882274874892,
-0.16523190157153334,0.11144698764128566,-0.27789351305108123,-0.37447216846266473,-0.2598718347867518,-0.36174389335450097,-0.31781469991605826,-0.23101655276287927,-0.31440169305505394,-0.3295140388398435,0.30881018786160275,-0.23870928670655012,-0.1617759341420784,-0.38764229264028854,
-0.1525972245037015,0.4636588826205944,-0.5144290434665435,-0.3540536305004076,-0.3817004235913128,-0.21958444659397533,-0.3133592007244414,-0.4005970536950052,-0.43059764819339247,-0.07981309726824885,0.2938002004583323,-0.23705838756753975,-0.30573490744752907,-0.41246401647604136,
-0.12696710011980797,0.0806145780436883,-0.21992537929857991,-0.2949451940426447,-0.15582558213936984,-0.42476205963774727,-0.3220186810126958,-0.4051255757459127,-0.38288819451073164,-0.10914350015161747,0.5118741851428176,-0.24920987094075542,-0.4206185414503827,-0.2880113164764383,
-0.27976084292517794,0.44560166966389636,-0.31607908641905014,-0.2618538409206874,-0.21854119764527669,-0.42370059961121304,-0.39420193744530574,-0.23044812379227905,-0.07923441011257432,-0.31456834065511546,0.260751096597072,-0.4258044122380498,-0.4587481882314424,-0.36561989713024845,
-0.5795839202095965,0.3912631802757648,-0.09662389537419057,-0.18968971870470627,-0.1807255319567987,-0.15741331686518797,-0.06656440111641865,-0.20181915704715409,-0.13007516129226432,-0.19136953684820507,0.39680876558356176,-0.27445960636610833,-0.33986366537422424,-0.10235503212298806,
14,12
-0.18519257572445894,-0.24192002483489394,-0.015677079249531843,-0.1681850251075559,-0.2544444344291385,0.14153533099752214,0.1203204546797154,0.062487324608563946,-0.2301714506555712,-0.14233271563097186,-0.14913971852135274,-0.009754195459302393,
0.3968911206297687,0.4408086233673033,0.4934314556462655,0.4644379954542229,0.5737021416114446,0.25859427786397027,0.3317398541716974,0.27757398381956594,0.5090739307775629,0.47851844014973305,0.749567807086459,0.5118546521378713,
0.1311786174039194,-0.2642629325145148,0.01504067236429952,-0.08885805579994968,-0.04653126915020556,-0.13292825353171822,-0.03136141660154329,-0.3168727072030458,0.1138793584243262,-0.3619648863944414,-0.18458275591132944,-0.2076659599627675,
-0.24024272714267977,0.01669450854207883,0.13049880287706594,-0.08209722349655268,0.14321990278579472,-0.12513785744137948,-0.0876228140118203,0.08750307441120338,0.03503244973252491,0.055631024244967346,0.16715906681772005,-0.16523033510783824,
-0.2767480880551647,-0.11714928554366963,-0.025323825930244286,-0.14920525734864315,-0.032351886661238095,0.050954958318908915,-0.3392230940449268,-0.13130941670456073,-0.010910304437213334,-0.004564786285927116,-0.14652236907570865,0.10984786917960652,
-0.008163843805296861,0.10257661241143261,-0.21215516240299193,-0.1838578987501045,0.03879085806867777,-0.246606474421812,-0.14579973906612437,-0.28991869167026196,-0.21441814967692435,-0.10352710545596866,0.05827973230445834,0.0033514273593340245,
-0.034419440901905476,-0.16800104725482223,-0.20920998297370547,0.00272986396541919,-0.10437114609686404,-0.06420615856162452,-0.25348928346584043,-0.04357150116955739,-0.16379910753221827,-0.3958050010171615,0.07572664283168323,-0.13357318622921682,
-0.02082161772929375,-0.03935041381446812,-0.06059829232782549,0.10312460178907813,-0.04074018720403827,-0.2590865058894685,-0.10152208812834826,-0.2316648513762154,0.12927716111879167,0.015720198521265907,-0.19677381641350955,-0.08108617409980327,
-0.39909570435360225,0.08654932919087757,-0.27935789000339334,-0.27556473450938734,-0.06749846797738103,-0.0665511350635317,-0.12544522578310338,0.007052419219475491,-0.3221662265413688,-0.3034146486023537,-0.18725581655475645,-0.2649890820670812,
-0.07664501999851012,-0.09754952191599467,-0.14377750760970343,0.13177482890829326,-0.1561728277085506,-0.3016786537815588,-0.027253756228097736,-0.22686091890286567,-0.19769254419350532,-0.0010229539303943385,-0.09472204891548935,-0.1653380610674617,
0.6015451337692947,0.42051356109335897,0.5050723792612641,0.5173143901879472,0.44377168277049656,0.7222346273299972,0.6997872479415317,0.7717913472776088,0.526207429843532,0.5937447953512982,0.321934181132891,0.5700043081178409,
-0.12830651606315607,0.027290158823431474,-0.18900866529393764,-0.34997939106942555,-0.21530866536524984,0.042753432079364516,-0.4007337895654592,-0.35853546749801174,-0.004117040481853127,-0.01625431349583822,-0.27245860850625947,-0.27478591840127725,
0.0204120341026791,-0.19717648597685403,-0.21924761799788764,-0.2004123779340345,-0.227498257459511,-0.1526493262352129,0.006186591711187338,0.005191076565336083,-0.057647986776113345,-0.13293453463162933,-0.09592694473063912,-0.00849958476445841,
-0.1477685128473779,-0.2301317787008354,-0.15666111112224862,-0.01571628482469136,-0.30683882532674145,-0.3238554402719811,-0.0487565149251105,-0.05632655862073138,-0.36473791136496986,-0.02288561032598748,-0.2606844911687111,-0.1914100791454508,
