# Pesos da Rede Treinada TxH=  0.4 TxOut=0.03
12,18,12
12,18
-0.43046824009917595,-0.5504936731470036,-0.09296620585510645,0.5331664815302423,-0.3356591992966937,-0.33339091379026126,-0.6397020779646347,0.5908614972403377,-0.14104509680578983,-0.48480593939166117,-0.17286532610869915,0.38328276111144055,0.6291667928017176,-0.1968544274472411,-0.18469403630386308,-0.508450942856528,0.6930126675939041,-0.30276131703995524,
0.31120722027535536,1.3830649099464283,1.3713550940524426,-1.8470040987037224,0.7920250956242598,1.3350227285872647,1.2912210979795022,-1.936966381717224,1.4691549291577732,0.9949025769632108,0.2615187126090099,-1.6570375764318281,-1.6307945800968295,1.3226424624414768,1.0871676156555852,1.274396910055843,-1.6932614402906379,1.1106128046009256,
0.32396655110606526,1.2469762242004132,1.5273197984882452,-1.622950639196457,0.9370525632263778,1.4285512772696851,1.2880571657623368,-1.898608263285191,1.665448132702458,1.401607180339485,0.228844750445551,-2.009089457214852,-1.4647743507575668,1.48623103729362,1.2357559465602166,1.769806978499685,-1.6076549422931052,1.2994430903192458,
-0.0033010915633344268,0.705292673566936,0.5845103159936018,-0.760104970366906,0.3946430987373853,0.38128432993069206,0.5103648219071321,-0.902160163674774,0.6053283166056777,0.4429561085645795,-3.782638948591471E-4,-0.7294208514427195,-0.6165044486293292,0.6281944703263393,0.2951305307210493,0.7835439723004997,-0.9443433455150286,0.7234915601936139,
-0.1987723110140444,0.37132676799272996,0.3711895312678637,-0.2650002471417409,0.20259408830275902,0.025256946570538872,0.11141713646678564,-0.49229188473111524,0.34308667833842643,0.19980445337995256,-0.04121697357612063,-0.44772177255398143,-0.035473486208741176,0.010373856099315513,0.10066778963599288,0.061830886846486105,-0.09530860377092414,0.08090412340621764,
-0.6885275977111829,-0.38239034083803825,-0.4125494996956486,0.7018133963152546,-0.3739957863950433,-0.4106450396420875,-0.5476270538491853,0.8085634522034981,-0.6208484677340163,-0.7304408903789916,-0.3246956309189413,0.7064834157581646,0.7004043847859859,-0.5310742273176241,-0.437441480252578,-0.43727866297162216,0.5111906230005638,-0.5191624847077078,
-0.5552291145394112,-1.182631691925786,-1.294077144447822,1.250618795219493,-0.9300392382545838,-1.2285016870107632,-1.1040284544074856,1.3225641140834243,-1.4277904697699233,-0.9776142232212137,-0.844900374029882,1.1020823918913463,1.0410224459301927,-0.991018410343063,-1.2551279586406552,-1.108045927934359,1.527869398617379,-1.1775801495113216,
-0.07031031422880614,-0.02770543407400228,-0.13711488463112423,-0.37475073653216334,-0.28095685820237853,0.2077207777291659,-0.2512888926866074,-0.2551612334077194,-0.24443907709750737,-0.03617330581100522,-0.08958737236806871,-0.01134428492072962,0.023806737048609947,-0.05002009692611716,0.10124508336327978,-0.18940152717054287,-0.10634345215875127,0.11770753976292411,
-0.5060410762687539,-0.915220821579971,-1.1095883379725777,0.8053509008754721,-0.9077764568137648,-0.9709036556496012,-0.8091355391262879,1.0626624007516836,-1.1943963021278696,-0.9309800585947282,-0.401634412067316,0.8938890278245675,0.7039225070601687,-1.2635486029807401,-0.9628833193095809,-1.0137934773551533,0.9284101736334148,-0.9033244374693695,
-0.4703240907485397,-0.8932002023670228,-1.0494479722526333,1.0049148162389838,-0.6490423749542495,-1.2093638195388825,-1.0855758303230454,1.2645963539133196,-0.9445776640276171,-1.2238013560844714,-0.5277564216037242,0.8394721340837396,0.6496150959891841,-1.1343378121233008,-0.9672860463477482,-1.1279606374506268,1.0508536773642654,-0.9849572397468933,
-0.3711894490057512,-1.1581877006743146,-1.1005214067382356,1.093383168856351,-0.7878206696706933,-1.0987770565340265,-0.9755699128442639,1.3113683689994817,-0.9628883877080846,-0.896371600425372,-0.7010002737908007,0.8178583469110674,0.8417718715082604,-0.9690122074628554,-0.9117450666608165,-0.987293723674488,0.9735316810594535,-0.8376085457204362,
-0.6946540945128157,-0.7219645719628022,-0.8242672498225696,0.34674031673979655,-0.7868973285981683,-0.9381617014341976,-1.0042354377992262,0.9878537740669585,-1.0403921613472493,-0.6975942049146806,-0.5316557127486959,0.8334692384738878,0.3229025826321137,-0.6888946729413212,-0.6760422409154139,-0.8943178799917959,0.5072408224084766,-0.9519342263558397,
18,12
-0.2158386153850257,-0.12643392856515384,-0.12658939407712688,-0.21347266092478104,-0.28477477279232644,0.07523669066738484,-0.0852146771796855,0.18644190502545097,-0.07398432578472257,0.034353935049275384,-0.044324508372862684,0.038127280745250035,
-0.23167505629177737,-0.03866251518392644,0.021116523357537807,0.16821322008530387,-0.22086316588944643,0.058603868513679554,-0.29623317833475166,0.026018985192490064,-0.20974353945385163,-0.07002025044306644,-0.10326564505061481,-0.18873063260284695,
-0.053876960023848536,-0.07735577769255138,0.03818905413982762,-0.2319162461597215,0.21870631987114583,-0.11815434257354557,-0.12492384619535879,-0.03852367177681496,-0.269516528978261,-0.22492330418573395,-0.1385586904084287,-0.07850455031664552,
0.2248190198593088,0.12361684851473029,0.29979414653981357,0.19189568894439904,0.2426041162673513,0.1868123005286377,0.17724056384736997,0.14315792974231953,0.33137594378036644,0.325296810130362,0.2773622492819601,0.012597155777090712,
-0.13723597187535086,-0.19230802061612132,-0.0718561131524926,-0.035261739502527485,-0.1018725148669808,0.030183212618042823,0.02328477379487012,-0.06736206996238772,0.08618322532266534,-0.1983677401000523,-0.2230248493592547,-0.04021617920279523,
-0.03768463936057745,-0.17185590989771649,-0.15488527028785065,-0.11373583838127006,-0.014270010263084231,-0.2961988038278473,-0.14134526023125346,-0.010808203950063919,0.1262374936791764,-0.05262731299354765,-0.259440754904324,-0.2667647097433128,
-0.2264455873420937,-0.0874551522356879,-0.3253894540154558,-0.21476322188237634,-0.19491848013447097,-0.24740972809161194,-0.01781601869694283,-0.27819119483379995,-0.001290913445414007,-0.09208345010069884,0.010979139809103637,0.08468524766140104,
0.28253604493519696,0.1999590766163059,0.16614866462248576,0.2189839513626644,0.2934858203841646,0.35744171819613163,0.28047020702325204,0.31516803813464944,0.07820322770340178,0.24970288779288857,0.3485565952648707,0.22393997268582666,
-0.1181046184353641,-0.24419589781143103,0.028815522618615884,0.10562567053796611,-0.16024159551168693,-0.08818666475159687,-0.31786672072933375,-0.2523982595810529,-0.2900342126994623,0.07583359538812022,-0.10117818281034116,0.05132239675381114,
0.038586782552558443,0.028070381292327688,-0.2537802863928152,-0.2294670653232359,-0.027982597025621343,-0.13711991965593717,-0.10813518849592943,-0.2579001447776654,-0.07154906003427966,-0.09302358509003118,0.02290482036957385,-0.21306082022981612,
0.04510213338865428,0.05431572344859979,-0.15764598580258465,-0.18841759792889823,-0.1442967225413418,0.17741249889922753,-0.16181841298031374,-0.14511687390126984,-0.022206970244036818,0.04543509963258383,-0.020346034156812284,-0.1386940316647259,
-0.023584951201367388,0.18109487932002305,0.07630809285591697,0.14021889989247363,0.1729824056160744,0.23628350404250392,0.3237481804076282,0.19684408603834092,0.2364411328434325,0.2548121850270236,0.20269751865259567,0.41251052397167,
0.22738696566335315,0.3069816721041178,0.07853065735482126,0.21003588722588534,0.08224791735072158,0.11317861283782721,0.3106417581210628,0.08490896782680989,0.39302293051448045,0.007398417486474265,0.07539089711583788,0.41772158325278425,
-0.08249776831161303,-0.2239614486521436,-0.09477192595039012,0.2117291926548484,0.10033783266428434,-0.27522727413149134,0.0032613287788864336,-0.09144546767959999,-0.11685364225928943,-0.07543296484530275,-0.1926360140053237,-0.26289015886247047,
-0.10152841291042748,-0.01566484984762651,0.10908927836078876,-0.2815935800334231,-0.2459666360132208,-0.1938893329047006,0.07455927177445112,0.044643317910907775,-0.2693720818985106,-0.2883711758558878,-0.07687831633189565,0.10738780348740906,
-0.2652024032094463,0.08344394324172967,-0.17714136385919213,-0.042869568940360404,-0.1535742208009035,-0.028406343331660623,-0.020763067005232227,-0.27468870277201035,-0.05810373786429896,-0.2082363905641863,-0.014971405703813041,-0.17490047217547122,
0.3274599246554825,0.16089338038389378,0.3825599225921146,0.22998169758502177,0.27062527134413045,0.17461051459870572,0.05587200825790824,0.36918510089234824,0.17906555726529833,0.3666121083392646,0.2477078981945622,0.1334795011036593,
0.1792594276129212,-0.08240008731947264,0.013469135663296258,-0.07338792604396838,0.015913264886715472,-0.14936566488322897,-0.11756743233752188,-0.10688521828606597,-0.17349125153035655,-0.20616925677077014,-0.15636851535647103,-0.2241956278782048,
