# Pesos da Rede Treinada TxH=  0.1 TxOut=0.09999999999999999
12,11,12
12,11
-0.36278985011719583,-0.10574713255470067,-0.4843404403141341,-0.40009466366410734,-0.3155980137606402,-0.4357295094190856,-0.06217745440892668,0.4409548579903755,-0.543216968766136,-0.06249660051362563,-0.1899414837509041,
-0.3875101376280016,-0.3301676564557731,-0.1329767070568711,-0.5479567269579355,-0.2899546657590199,-0.29668202466834265,-0.44098563349047554,0.10978771626543206,-0.24950687226493995,-0.3755042657512994,-0.14696328396389297,
-0.6019535688983482,-0.42254710869731815,-0.5103013463994758,-0.39894236735788086,-0.5335337136971039,-0.4208007512437734,-0.3572230182069347,0.09881504402413581,-0.44968309461699724,-0.3711685340839679,-0.5001272479602075,
-0.5403207806610215,-0.27288461465708075,-0.15195827689881442,-0.5409222911423247,-0.12256048554915808,-0.28384151267645535,-0.05230584949072153,0.37365665662716985,-0.2291583082689164,-0.12556732645120147,-0.39525494574610626,
-0.15654131003952637,-0.26576330584841024,-0.37854625775019235,-0.16005460151737647,-0.29185620237685667,-0.1366887314023983,-0.021518584764072434,0.3141004546103308,-0.14604762889206158,-0.2708816840900022,-0.6176126512350505,
-0.35799783301556964,-0.5741083005685067,-0.2919141645359547,-0.23183400168562432,-0.16689633948460503,-0.4500096011148516,-0.4956855829237282,-0.006783497592701757,-0.17029077916827073,-0.436522905603587,-0.3278165451415075,
-0.1964720099565832,-0.588620957829351,-0.31317709343038763,-0.32541741897575976,-0.41333133784783255,-0.36779834935975303,-0.4190201582255407,0.3849610492531985,-0.3302120514829345,-0.29346333435930927,-0.3842947136627454,
-0.29884496137239824,-0.3609009302330816,-0.5569682562693743,-0.4608586131397746,-0.6081567760597738,-0.4408569325502492,-0.2580845833765869,0.4517692788020758,-0.2543162876996944,-0.2421051017464803,-0.4892664564356401,
-0.26225753050940925,-0.5647155908456725,-0.28621913209235217,-0.4878349356726359,-0.17112224023837824,-0.4908606407244378,-0.23712701727632587,0.09495625857974666,-0.4585442816471438,-0.47669632500413955,-0.5348704540005385,
-0.6834109120950829,-0.3851995232257724,-0.6052381667355269,-0.6204540597100022,-0.45070790234438957,-0.40215322074424464,-0.2309006321076264,0.39361816602866584,-0.47209620333419866,-0.38023810427165594,-0.4593117479758811,
-0.5730370315699383,-0.4919450640501941,-0.46247161114321556,-0.5500230297076741,-0.28777685727406277,-0.12676468325512466,-0.45399920136902544,0.24602057924398948,-0.23839680495409857,-0.553557341061682,-0.322467325214558,
-0.23753812329839397,-0.20249613846020137,-0.4452322123491134,-0.19038763875880413,-0.3168361100661019,-0.13563827941224546,-0.3396321696025846,0.3148465056439759,-0.09002632308598266,-0.5825965249783305,-0.2849230234622557,
11,12
-0.30520284379459833,-0.22897444237611614,-0.1944737640670321,-0.22668537677180894,-0.1375659739876812,-0.25654537231228597,-0.037438020416480144,-0.1431061860415233,0.07590827859409237,0.1178077181415816,-0.09731786472801544,-0.19793158732985353,
-0.1318036600930723,-9.142007925247368E-4,-0.18297662341940918,-0.2548468110363545,-0.030168734109590055,-0.06939548770724469,0.05013351658360481,-0.16528324485177767,-0.26244635172221253,-0.3384763563450001,-0.05626292067762545,-0.02562041444474359,
-0.19534814039821258,-0.28579586221300957,0.020588904543011148,-0.0957672123617597,-0.018783081172192843,-0.08465089758414021,-0.2620859171334464,0.11699229407861766,-0.02391302268972992,-0.3884031002080771,-0.049329840894366275,-0.3027659506016036,
-0.08467766687969426,-0.338023000408347,-0.2410282566077746,-0.027486275183527507,-0.053713789602166113,-0.10134713589121698,-0.37868361684293284,-0.17365047254035407,-0.23521864537580334,-0.2619144750768274,-0.25824815641892307,-0.055507208396402004,
-0.20652291770774678,-0.13619005728465103,0.09316716883550849,-0.07853439359951761,-0.03381107991035664,0.12249028895384496,-0.11546170069397978,-0.1679877809301562,0.09162798878073451,0.12754799850209625,0.09858506438072238,0.02605546464359005,
4.950996623172186E-4,-0.0783936832135968,0.014145748047780154,0.1542897712897753,-0.20834608898989568,0.05223530337450185,0.132552102255248,-0.18446360369545534,-0.024344195199804287,-0.062498827724980756,-0.20842208011481878,0.12889095614302476,
0.055801934474495926,-0.026401478575726268,-0.056685501767011974,0.12727248279205905,0.041173511578610635,-0.005326922558102456,0.2628192409520354,0.005567734116100771,0.10709487959453479,0.01738190220745315,0.18893772713337878,-0.18063554839687093,
0.7889041350402807,0.7021572571196966,0.7969982266312277,0.7647671459325569,0.8364378125926275,0.803722914073437,0.7953091339694529,0.8530540265343419,0.8275084953997013,0.8687542921249696,0.8532606831191968,0.8621525861010884,
0.14702830447783796,0.27359160637154845,-0.05076042452586862,0.047456884887697004,-0.09488190984153085,-0.19709048429020826,-0.0019916924655015286,0.2069519962514363,0.0035534572441379537,0.052166339114665644,-0.25841886573324635,0.05873101105695785,
0.12309718046464349,0.15637388937860874,0.013047762506076628,-0.17755553022007117,-0.09754046015329945,0.011191962756109767,-0.08811732834460917,-0.09934662139231017,-0.1840187768543622,-0.16663079631417949,-0.08525480536378213,-0.06432393020327568,
-0.17009736523206898,-0.008637024278032857,-0.14788404465945293,-0.19023862454773544,-0.1268940967176922,-0.18798920228320234,-0.3253754111514208,-0.18269282692270747,-0.3184815758869185,0.08880349359046841,-0.055788074737809445,-0.15093621203052093,
