# Pesos da Rede Treinada TxH=  0.2 TxOut=0.09999999999999999
12,22,12
12,22
-0.5871891379608981,-0.3905399320171684,-0.5567655569437507,-0.40089623340416697,-0.3835992729513258,-0.46667165751524164,-0.25699824662842297,-0.4308675265570554,-0.2525775054100273,-0.3634529112396763,0.18917739457054542,-0.4001406352321666,-0.24115227942937442,-0.37555974295802697,-0.16785445482460223,-0.44111039822800224,-0.5485075724375382,-0.4431619792538495,-0.445789582017423,-0.4783299334505879,-0.1806744270982741,-0.3888040931133206,
0.0805489016780177,0.22425051267576684,0.42061284409142874,0.2695288659145247,0.08755630524274653,-0.1296641013499822,0.3186553445857542,0.2529817538256483,0.522731085968032,0.5452982967596779,-2.698674577633727,0.32012022177614086,0.4571328220051428,0.32615581680080974,0.5348229075316532,-0.11960259660063507,0.1587513226729092,0.08696362728852007,0.08594975160780485,-0.9633291509396511,0.4549976071212543,0.1113416853640587,
-0.0489958298954253,0.2341035057243657,0.38770049523760874,0.11672218483344855,0.14025413003573348,0.10118547759019274,0.436866326297282,0.25621797463013596,0.1969970570326766,0.2500977678207013,-2.744444685254446,0.07094927790972201,0.06972708351829524,0.42676872501174873,0.4824533266678519,-0.010194442202659228,-0.18504395526085898,-0.20797494307739028,0.2993072382857581,-1.3051689075159074,0.16335832849072596,0.5242584691896888,
0.16319665273940165,-0.09869106074717249,-0.03585987768800759,0.027691953237303835,0.09603254790109281,-0.18010639536576278,0.2677704736946766,-0.10172003424653889,0.16728344333225395,0.0794025119452054,-1.6770493250847631,0.09464141893742163,0.34608536035915816,0.18160613178392396,0.3197906698956236,0.23156758879265138,-0.3695686975058827,0.07092110952989611,-0.0026793250611380466,-1.0614860750672437,-0.07561022520096047,0.07755374196415195,
-0.2898879842158209,-0.2630108494040084,0.09545850656616127,-0.09077173800903596,0.062345030204832334,-0.032128785582108216,-0.21099638628799786,-0.3606594676994369,0.06623327526642109,0.1921338340152743,-1.0330811050844668,-0.3136851539540331,0.03742157912839432,-0.05720967055558299,0.07678419818183414,-0.3152929780077307,-0.3160376970668909,-0.2066682475675658,-0.18292529348653114,-0.532582208320215,-0.1568510185014178,-0.02775061430652166,
-0.46883561255031064,-0.3840992282698536,-0.6218563936826111,-0.6237458893700341,-0.4938394532196002,-0.5259220205936008,-0.5418144948420829,-0.27227793155611196,-0.4244979299245972,-0.606872529021168,1.2412617904320966,-0.593390898285264,-0.6090598225302051,-0.7207871962918735,-0.7393552721623341,-0.6622956839864029,-0.32487299662449337,-0.4007730508186873,-0.5829017149745415,-0.48354728802995073,-0.634669485274244,-0.5423116395848134,
-0.4591800706996327,-0.30965350490984495,-0.636116022627207,-0.5106753155075008,-0.6101170417402795,-0.5459208022048769,-0.5253698564527362,-0.3649380968986908,-0.6909621906717379,-0.6720267403253256,1.53022415210621,-0.3820992734904512,-0.764093800764937,-0.537087839356609,-0.7674525076905832,-0.5242705057047263,-0.6603220019537569,-0.38589360263869693,-0.7199888686056108,-0.30176857663813816,-0.5986402554622192,-0.4686107504863435,
-0.4280791623301304,-0.10909952532427564,-0.4157325852371227,-0.2715412979789563,-0.235577201337826,-0.5195737420223838,-0.1834343810637745,-0.15385440089481778,-0.410186914483641,-0.2573913721057714,0.20025334276030374,-0.24457871504751236,-0.10694719066019258,-0.31395488922878095,-0.42382664135178516,-0.06160439395581332,-0.22752287307058028,-0.6158212281851347,-0.1501838368816837,-0.7904883379980396,-0.38543756394374545,-0.32594735983084244,
-0.48681393543594625,-0.6745964641355068,-0.3773757264821736,-0.5316445135495679,-0.5273942116786783,-0.35630183704234336,-0.6525468279290063,-0.44967924071669246,-0.6540116214135354,-0.7504234538786283,2.283706505588141,-0.5992616223342899,-0.8648937173613949,-0.47732537631805966,-0.6892554938679054,-0.45753626313225654,-0.5950645735863228,-0.6664255931869572,-0.3766199881296106,-0.6754607157707967,-0.5673273767560354,-0.5979775087523521,
-0.37182222938305837,-0.7957341800460415,-0.5735820001511659,-0.4995185076862531,-0.7214828340796828,-0.5905802054710659,-0.7675278547397303,-0.8668343534074816,-0.46307271718201676,-0.5380713896873588,1.8319571685212692,-0.5889306954608307,-0.6064572406950028,-0.5284309047457824,-0.669286833959989,-0.3982127996659713,-0.41059032170918297,-0.4531669575069702,-0.8140616974919603,-0.6088346003487998,-0.7096579460577213,-0.7240062669362428,
-0.37534418304981154,-0.5277512637632072,-0.6686087247261646,-0.4265028264155954,-0.5384793846357162,-0.3663235596556706,-0.6450292078216361,-0.6943342683335277,-0.7341644700221688,-0.466470997600167,2.0016271321928585,-0.3586757167853089,-0.6782170933607494,-0.4828226822113064,-0.5567771051898026,-0.48726681521168924,-0.32876974498330114,-0.37132757923297044,-0.35360222355141074,-0.49277020304446567,-0.44162463770556054,-0.5274696084974998,
-0.4419097413805785,-0.39896122653474886,-0.34526812848979666,-0.5802615883866635,-0.38246024242287846,-0.2915497586531883,-0.4983686537757819,-0.3249328365277804,-0.5745749507766748,-0.6377099437245671,1.326546666283199,-0.5445192833129552,-0.3067994549210728,-0.7134936440362233,-0.5618099570389462,-0.5140498083385336,-0.5300087746009018,-0.3113796933607525,-0.2934139183309635,-0.5950450964460353,-0.2786534042757508,-0.47820046706801744,
22,12
0.1538040918183815,-0.31042333194329236,-0.12263782574114891,-0.1239435711291179,-0.22676299608275363,-0.13729491386951584,-0.12862954033828627,0.010552419288265663,-0.20107385693723817,0.1432004642492667,-0.05365084282380805,-0.11644274444531681,
-0.05661835863007944,0.1308375933311693,-0.015376062126162233,-0.20601065341595268,-0.029825461244172017,-0.026006903391803057,-0.25689620751433884,-0.2912115271184462,-0.2100641825223227,-0.06359542585355928,-0.11659851286860379,0.08718204375150683,
-0.03859064190142128,-0.27261019147046617,0.01759862601413091,-0.1384305074491346,-0.2507495140395486,0.012357650170259183,-0.2813741160844701,-0.21463207607741547,0.09985535370862135,-0.2112894608762156,-0.11131906000945405,-0.06443797546536312,
-0.05710751409162716,-0.21371727246804356,-0.01478085940097584,-0.2125416987973403,-0.06981478426423855,-0.1678420335343201,-0.14391424267958444,0.07382292249482209,-0.02769309874712991,-0.2581618970388712,0.06684919926008139,-0.17583029290893076,
0.017419294602363,-0.21261033945099236,0.10785963071937764,-0.15722881518518567,0.023970284459126013,-0.11768765270712668,-0.02916888519894444,0.0788079260410837,-0.11866465809296387,-0.2738456834844526,-0.19922116749757043,-0.21195062485238572,
-0.0942759939322577,0.05169787408270056,0.08690244186904399,-0.2529226093153901,-0.1847929652830616,-0.23207082368060958,-0.20395980750054932,0.06653154391562348,-0.15065386655706345,0.014584161923415705,0.015046104988941591,0.16117682307223252,
-0.23111750756635988,-0.05747522405177821,-0.07830863032871146,-0.0644608895259841,0.057565232317750986,-0.02243872877394209,-0.09794526712174031,-0.034481376387759076,-0.3117143596685659,-0.06608893843789426,-0.22769012742042316,-0.202226716841785,
0.0936519074375894,-0.3321846460296919,-0.20260273554733493,-0.06998995967807767,-0.23284199191820681,-0.22252741395483583,-0.16926760138533906,0.1701499032139105,-0.10713881260385676,-0.046671055567775566,-0.25818285058299173,0.07946865118502926,
0.015289972130494867,-0.006588028591405346,0.07085430133590423,0.04473342144521943,0.063990566790193,-0.16814877125227595,-0.2724729989723518,-0.3136369486456543,-0.2848360260958953,-0.15420338287570048,-0.1256738042287873,-0.017290864449667622,
-0.36382193517716527,-0.014077618609925983,-0.15114333373549838,0.09154853734165103,0.052081134314370114,-0.10093406341596867,-0.03932277177266792,-0.028124837389745683,-0.1434066008833239,-0.1627414233088005,-0.23174880557406863,-0.2374734954367094,
0.9231456193406069,0.7950572280237436,0.8844947757615871,0.8607265393273683,0.9085964987896517,0.9218975323448316,0.9606704263136563,0.9827951223749531,0.9899358653762889,1.0286467861774473,1.0119924163929734,0.9909143194855304,
-0.10119083050456847,0.0745034149224204,-0.18066221173325456,-0.21156080228526522,-0.03126181026794245,0.10832250937109622,-0.1338721109880165,-0.0915792668910146,-0.09524452110159323,-0.32893632339204654,0.023722693681051777,-0.10462415128875599,
-0.08007812621275856,-0.17429476199690816,-0.18322872841273574,0.1660237399055464,-0.027369481271425567,-0.1505886413918539,0.031432078068723675,-0.19523682092594627,-0.3383094202233714,0.00467175654678413,-0.2054947666242244,-0.2033992721954584,
-0.21701025803810214,-0.016840106022224834,0.1736832885188869,-0.11913809744375417,-0.187278160555935,-0.14650139041852167,0.03352629555687232,-0.0852672845943689,-0.01276245791396173,-0.3174546303999219,-0.25074157692361443,-0.12802102093807832,
-0.03183131850959752,0.016637790526332852,-0.3005484356587915,-0.033264743889378466,0.0185556146129487,-0.3184039391482303,-0.20008737308589375,-0.25935707699586474,-0.08638294807862804,-0.10244935777795984,-0.04879716126970527,-0.21742343074985296,
-0.2100583319235309,0.02647971454419205,-0.22243730286676427,-0.1974927705868617,-0.20861011788540523,0.08271865327472733,-0.009843194049810525,-0.33505186179323326,0.01181579602151424,0.13344423384577875,0.10313269838772186,-0.20388308434940489,
-0.19446548172674288,-0.12590397986970697,-0.10697611029648807,0.07711516488402273,-0.044064963436500945,0.03958952816893188,0.07445302699010069,-0.030471527987442824,0.16618441736290562,-0.12084701002220885,0.13307869079493237,-0.1537702384898114,
-0.055010209719804505,-0.20795059870858462,-0.18744061140166163,0.14778350080907413,-0.22970646540851913,-0.1520230097154424,0.16299597418744136,-0.09606179728498765,0.07167535374468124,-0.00888251870917861,-0.11688304037558277,-0.05151341627839362,
-0.06974457294955237,0.05086960335025214,-0.12476176760972654,-0.20827316835506945,0.06072347725384504,-0.11412797323208872,0.012081981121652485,-0.2536772807815893,-0.24393269528123954,-0.033819532100425514,-0.14321894739811392,-0.05512599394199776,
1.287221052791468,0.9940030640887033,1.0994478827928322,1.0143410248761389,1.1161225913127137,1.3368870985382,1.4420128651594146,1.4552788380517416,1.6240632227756986,1.671926363530733,1.6088163885132143,1.5117830896444728,
-0.22634803370518156,0.08893649319232713,-0.12910450042455346,-0.06910213547877106,-0.20815416864492434,-0.13184939202101648,0.00480679351700584,-0.20348198445054036,-0.14971322892695896,0.07693767900935601,-0.1218773719639105,-0.15650747779140733,
-0.15644819388620235,-0.05009419590072345,-0.13831912088789605,-0.09780010640889887,-0.12354543420423125,0.11087939771851396,-0.3157065187321763,0.04269809775169547,0.07181513891266675,-0.38433074210741697,-0.21898067639953475,-0.03693006326315145,
