# Pesos da Rede Treinada TxH=  0.1 TxOut=0.060000000000000005
12,20,12
12,20
0.1358181483834932,-0.31232004781913447,-0.3696706936432686,-0.4355721640253318,-0.7522447896753112,-0.3021690327004997,-0.46732789471996855,-0.18455799621883934,0.3277433387616535,-0.029990875899193043,-0.17318962291339274,-0.14464842370287576,-0.016080433521569362,-0.11801735819232213,0.2482296808797013,-0.0609242001309079,-0.26273931005764606,-0.16023575663868103,-0.1715456641065142,-0.31125012328039675,
-1.0229048337976452,0.23476768773282053,-0.2216939693463688,0.0776822392639577,-0.8684379349756407,0.07366712348457015,-0.19445324255223873,-0.31599838207319225,-1.0861556500342007,0.20141401336992587,-0.017308248052683776,0.20728473328259384,0.1855190348184451,0.3081786171122847,-0.9544618550136117,0.36028071049512606,0.20797781541968943,0.03464047581515024,-0.020599261969477776,0.17187405691824792,
-0.8320589369812782,0.2800050056085167,-0.06051739224344969,0.3305754304464168,-0.6762638890074641,-0.36246307909265396,0.06412438087674992,-0.3029577754187178,-1.038064951925833,-0.08994138944511189,-0.10448373133020186,-0.1229060262362957,0.045135975837989596,0.09046784529708488,-0.5135113799333443,-0.12537853676288999,0.22693368890247084,-0.23632781832425134,0.3140148155051301,0.06960467337641767,
-0.7948024275793085,-0.12299634840902125,-0.16164052879207505,0.16942749526457349,-0.990708936063916,-0.40309838112387,0.14700242808693478,-0.20529654050255353,-1.0829623266730752,0.02344183555205047,-0.11814535349572206,-0.03172121835645882,0.029225372835917852,0.022591706197788945,-0.372258045161095,0.07327818079242328,0.19935898448784775,-0.01983602560363255,0.08961611716523905,0.19384458410704714,
-0.5668837492331793,-0.24963018154887656,-0.24762117080358093,-0.195761972964498,-0.5328262920643808,-0.1657518258064558,-0.24590191638216222,-0.27925014413100907,-0.48579036518114044,-0.09590262529872187,-0.17279325903632958,0.01316405659568899,-0.051664097098385445,0.07880226154953515,-0.5627492125024854,-0.224596325342057,0.30512945918812795,0.07240902818552898,0.20511940005790935,-0.20519269535267773,
0.2790279624095658,-0.5458971967279312,-0.1978631199157515,-0.14968999009168282,-0.4772443291977555,-0.19667369846091215,-0.11432967579280776,-0.3562907425917197,0.39499685524733186,-0.5205394076989933,-0.2685032246488455,-0.15317181111704964,-0.1679926311360894,-0.3203657043868549,0.22344981466342473,-0.15054525896140747,-0.184275032669304,-0.5587411266005207,-0.4688031520436351,-0.47262079747106917,
0.3276533638193541,-0.6119595567514851,-0.30669748746337955,-0.6033068312353698,-0.5066066906689887,-0.1945220479544244,-0.4938620665741623,-0.5071508798574967,0.6115569377457707,-0.415545217020107,-0.30661898365188534,-0.36942353537133155,-0.6036588859285316,-0.6727384606651126,0.4099762310909876,-0.2572502434651216,-0.5851146874718672,-0.25684139553988244,-0.523621721766581,-0.5538536882540553,
0.2805551578304656,-0.1641065822669686,-0.3248318283052134,-0.25329487294072245,-0.6823995646540916,-0.4768698444456437,-0.44326197969265957,-0.25610493379276394,0.19602049471563845,-0.22567781278362878,-0.02568458495507701,-0.06424824793043409,-0.16362630517681423,-0.48111106157271116,0.09596600569113205,-0.10100757746331498,-0.43178165301749494,-0.18623906778096927,-0.3518961942151625,-0.232118184835481,
0.9289197055886773,-0.27057276446980444,-0.2100241932562573,-0.26726155626568987,-0.39581292937543155,-0.605443108286401,-0.17055421463404172,-0.5976578340044443,0.7451860266384442,-0.2884553634812196,-0.3778973501835901,-0.5154505249733852,-0.30910198399174715,-0.3811617884951683,0.48288747841101043,-0.6147706230666098,-0.6508558266853075,-0.22607553816256673,-0.5142698277119495,-0.4694475420018429,
0.7623248890933316,-0.3168178239545205,-0.4839853260081848,-0.6401698373389002,-0.41095508933214203,-0.506259036256216,-0.1866253435673207,-0.4351089263356828,0.8782887514744464,-0.5453679903059993,-0.5819918385731472,-0.6388915417461785,-0.3441727353669499,-0.4369802503149385,0.5943926843544977,-0.5620326735840298,-0.5357816643708182,-0.35210345471864046,-0.261490792629255,-0.5470803613914594,
0.7997316631979454,-0.3126823159260806,-0.15574202701992587,-0.5114359901697743,-0.5420371109926579,-0.3830595868975583,-0.47085114965735075,-0.33904665049136284,0.6347425329916417,-0.3894332408354098,-0.3816249314640673,-0.48629449544719366,-0.6979614404898862,-0.5462862010183438,0.5137865841960403,-0.6108471360016324,-0.451576978516004,-0.5529793563275424,-0.44404862531709044,-0.20367935570935797,
0.4066998447983524,-0.44085416383812875,-0.5564167363791672,-0.13003568678842095,-0.6264380914008761,-0.38985187571149726,-0.5951342182307907,-0.2778906697854964,0.6431203039309746,-0.469652788590847,-0.553406198594594,-0.32043884113534,-0.5962428569290051,-0.40425082178866956,0.2450864719653794,-0.5495007134087683,-0.432290403098265,-0.5055249433011351,-0.2866027426577484,-0.25322906551658836,
20,12
0.5972967230550786,0.32588884382907735,0.30698239419284734,0.5991661590712907,0.35418852816698554,0.5776127102151557,0.7611654204711188,0.3236941436694875,0.6003037119147283,0.5903778320458613,0.3091244422389995,0.6306553278333986,
-0.17868872343492218,0.06473271674072692,-0.12646769439304256,-0.2838465090203489,-0.1640540757908779,-0.3110801149329868,-0.28661727892507954,0.0722745124335751,-0.20274241616017444,-0.2587123043534865,-0.06915466495928312,5.182035335947634E-4,
-0.30074018623497195,-0.25001935764219546,-0.0517515407555706,-0.22162128322867183,0.09541693583822333,-0.09460400312526969,0.07465743361117688,0.15346861104193116,-0.10368782050277656,-0.11168964626117373,-0.027707516529079473,0.08555928653610179,
-0.4192138013887068,-0.15264858289122743,-0.09883900121599833,-0.09759073825313781,-0.13720054164421772,-0.10550611393320222,-0.10104242839633262,-0.24668456236376418,-0.1713811502132174,-0.21335384857537998,-0.13560412058437618,0.09030957469788954,
0.3564828569645503,0.3715774589074291,0.3778120178842078,0.3598354576593994,0.41008967607626484,0.6125815262812541,0.6299054122773943,0.506231039753316,0.6271634675019577,0.5513025616744054,0.6533132518557336,0.5037725954411666,
0.060245307532833636,0.07959060535259474,0.05397453096347496,-0.06907713366244256,-0.09552185673292156,0.1360106500214225,-0.005495302580026979,-0.0989101191709006,0.09189490245950968,0.13907785334980613,-0.08397870050018011,-0.018202419991707776,
-0.11358044520319413,0.028545308138652952,-0.09685029957961565,-0.15698777920675713,0.026609696241042435,-0.29442870449608,0.016326161682606238,-0.1411454306874281,-0.09632279379858928,-0.09721214089992204,0.08850748812795359,-0.11189242707195467,
0.22058586197076724,-0.252178414212398,-0.1100458056958822,0.004948138245771824,-0.250054638709731,0.0018598966673818835,-0.18871070016605773,0.013680064083955576,0.11730774084269911,-0.010059876316746699,0.115749999644465,0.20926677038201164,
0.5146102955260602,0.5867638571978749,0.5401442502762241,0.29067860197844375,0.5727996577822051,0.4673061916403395,0.42563752337773875,0.7033214467508457,0.6563259778944138,0.4252280441336407,0.6568244626725133,0.667554948325795,
-0.09739701454670681,0.042738407147938896,-0.048142744810556554,0.01787004420436158,-0.18747136825374822,-0.3702209303598853,-0.30430686300638826,-0.2608030488156092,-0.03423769602457521,0.14581681807797106,-0.234246364797933,-0.1888215778474002,
-0.27585699610045694,-0.07708714105056216,-0.2855372445432361,-0.2289954872100475,-0.26001673270183245,0.004510595699882881,0.056260623648009406,-0.30887069849443655,0.06722196040101507,-0.029145501243757234,-0.009387414034430731,-0.24522935863712855,
-0.007755424587005476,-0.007625281303982903,0.09990060015336676,0.07878873960065304,-0.14691379215166844,-0.24717833418126625,-0.049571336215486136,-0.22113227353833215,-0.29796175368427075,-0.18252132133951596,-0.014858671237191052,-0.25124829076022576,
-0.2583374610178298,-0.015084923794535118,0.0034611873987803925,0.10873775484672783,-0.2914264654710069,-0.3319074406999669,0.04706018316943378,-0.22720393826818808,-0.10311913417301644,-0.06715871245547701,-0.22439305257426984,0.004800232935826904,
-0.10367081277354087,-0.3738118523024459,-0.30432925912869074,-0.06448507420212213,-0.10256115630943816,-0.02539062934178869,-0.09134323154277682,-0.05720121125357835,-0.24681073957969185,-0.2905124641583371,0.07217108320779748,-0.32817578260074043,
0.25699014585533086,0.2407288035782809,0.4550285377373022,0.3722245830399475,0.43233154504177435,0.3366597967448509,0.2202498480663829,0.43468025005417765,0.19298013252033214,0.5129477769703127,0.5457807390573775,0.1494832871552745,
0.06976498391028417,0.06217981137176008,-0.3284693930825169,-0.21294725534623585,-0.2798846199568012,0.030521679184426793,-0.31417725874994173,0.14945535693592654,-0.2330218573540768,-0.21453309777378501,-0.36032613892017623,-0.16770017568034534,
0.015298132064812044,0.03544746104856754,-0.29826653835822375,-0.20948807688185805,0.0668981313202499,-0.10619929982854755,-0.09243169387578555,-0.17152115342116336,-0.3237057710937413,-0.4070394821875754,-0.1400088713799055,-0.359976849532779,
0.04686008953903117,-0.20359404684907817,0.03691523275795269,-0.08535978771986932,0.05765221730439197,-0.03538265903946352,-0.08364041719303174,0.062095554940584566,-0.18650695051723515,-0.07170042333054247,-0.26235113824023004,-0.3238627284011335,
-0.297516268533081,-0.08372267582117945,0.10568068722485503,0.008294714206930915,-0.2206079541099185,0.11191166007957241,-0.34186105986953574,-0.26984774603853573,0.013983438695513916,-0.1432197992907749,-0.28165682778137147,-0.20532222513103338,
-0.03340887468172138,-0.3676263858688454,-0.16337434611515797,-0.1600633076602351,0.176917510970642,-0.1531152147532732,-0.20465241834544026,-0.286042314362783,-0.16514174744753907,-0.12067581127591134,-0.40045722739903294,0.026190173995372757,
