# Pesos da Rede Treinada TxH=  0.2 TxOut=0.08
12,26,12
12,26
-0.3171056880092419,-0.24042648755687213,-0.524875319866013,-0.8004468214596118,-0.4450705541903564,-0.17363160977765796,-0.11014304059695977,-0.4693937222208801,-0.3831196802790266,-0.6177092981236096,-0.22953876124806438,-0.3221691590979656,-0.11578640371069109,-0.35117731873223046,-0.4556219472275636,-0.7255961901401438,-0.4047933701727543,-0.7931509407851238,-0.08224050679199654,-0.56556659077995,-0.6203608986457664,-0.2642614667542181,-0.2254867048486678,-0.8350827701508192,-0.1842704857803694,-0.04115864360885339,
0.02717398389283943,-0.34915092751378496,-0.08329100893627867,-0.7911374564426108,0.13364160704421588,-0.17684831773507872,-0.0074463740271067695,0.08173133994193786,-0.03959232540142307,-0.5463410096206457,-0.09624669717351098,-0.7313298988149973,-0.05304528175456102,-0.6932357101644872,0.2394692577555028,-0.6294434107966188,0.16878414486402613,-0.8550412319332741,0.009127991371914257,-0.23215600643618617,-0.46556816821198377,0.026119416526211175,-0.31054266323284097,-0.495397685617373,0.2833218795983947,-1.459908402415006,
0.02558994245033425,-0.1527679225784053,-0.3847261207839481,-0.7174650853443169,0.024439943204915906,0.13504246795549713,-0.30870487483091236,-0.21000096214555175,0.10949793761089356,-0.7011863422891895,-0.13211764140164037,-0.3278605774324315,-0.08925294260852554,-0.7013937329577697,0.10391561277611415,-0.47586583688138484,0.0896296491594147,-0.718968173595189,-0.23147653501611293,-0.5061545962785073,-0.49769530556303776,0.24444030802605216,-0.46413484036525393,-0.7436562066629337,-0.05705018694456804,-1.3222441403415366,
0.06859409271943076,-0.4521594187770102,-0.3156947817281676,-0.8212702027116444,0.17696652603027882,0.06057841809536073,-0.15930789318617777,0.00784010376399972,0.0705334390578978,-0.672840823819727,0.226298511385098,-0.648978055657408,0.12292693446495197,-0.6315211752179375,0.20223725323187725,-0.4980718133660941,0.2490905939923208,-0.6018453847928326,-0.05933718917580412,-0.23236343609873308,-0.7772437602680213,-0.18319388164547157,-0.16416059238933975,-0.5507180886224886,-0.011657921402862733,-1.143737980406279,
-0.2676264893878014,-0.44106885101393273,-0.24280316188505746,-0.4616630531368056,0.10359193001182652,0.0309220597931886,-0.20218190463346378,-0.2570010128300536,-0.020398450439029627,-0.5766411801372208,-0.27092206749772996,-0.39113650334255196,0.09175807898095938,-0.4547314578119195,-0.2338714414845149,-0.607306672395831,-0.06777715011287282,-0.5041715000018674,-0.08197535081869942,-0.7187603726718289,-0.8416667133362569,-0.14097095178928742,-0.3945514654405796,-0.6089200365140396,-0.17278347831909996,-0.9895303218005164,
-0.18024096804779124,-0.17944012452206934,-0.2869361876959608,-0.5733885762668113,-0.5115894332865044,-0.44561309143485645,-0.1586592482889073,-0.3486927677952928,-0.5909314866539332,-0.6582714185775205,-0.11797974874858816,-0.681798649114956,-0.5328909323485922,-0.5408533275366533,-0.25076493072610034,-0.6079945969472332,-0.24480892574177113,-0.7181763708070488,-0.26639437708953323,-0.5103265706485526,-0.8536337831845517,-0.5314361422422805,-0.29542209483851145,-0.6022225206483302,-0.41652712676331577,0.5174202649663773,
-0.4755929558036641,-0.5522109840270305,-0.13483276318662152,-0.8725086883503608,-0.2647551832473699,-0.4698455431591428,-0.34942082429371485,-0.49216351503931965,-0.6197885758802972,-0.5836488396023094,-0.6347147993328183,-0.3758083360516916,-0.30154622957354915,-0.45073130205026724,-0.5374308083988256,-0.6428996388502304,-0.6271503506596284,-0.7048052472466515,-0.4353265830592768,-0.590910905287315,-0.5441479765271844,-0.25830713433351654,-0.2952555970026723,-0.663148060817952,-0.33162417133781746,0.8249529546830613,
-0.5182856780674462,-0.46795709344179204,-0.40143745948575993,-0.6784973667474387,-0.3234027145046156,-0.4818545870771409,-0.24980549110923667,-0.2766209017069367,-0.3292890982063338,-0.380856936463435,-0.29780839124345004,-0.5060007075984679,-0.5170984760855178,-0.7382416816294035,-0.4156803815822697,-0.8776833049958209,-0.5052722894649994,-0.5915724002452519,-0.41283660524632537,-0.642376471198457,-0.639899005836359,-0.4917942862404111,-0.42780477759636065,-0.551358164953356,-0.3417156099713297,0.43913306878385966,
-0.560964943294827,-0.550084509814661,-0.5760140440317859,-0.725521740278475,-0.36056878128361824,-0.6655226402339931,-0.5494797865633564,-0.313831521778812,-0.4442283298692987,-0.6067800902563727,-0.5082015456058313,-0.5790166658063408,-0.5237805652363341,-0.42388156257558746,-0.5911936279222901,-0.8539287028549929,-0.337206651409968,-0.585073742955286,-0.6400843887150791,-0.7202299572994126,-0.5319214317709293,-0.7370742441366339,-0.43637368019006145,-0.8812686555309821,-0.3147601801681488,1.4195919473886403,
-0.6542749792221013,-0.3259524185278229,-0.17975520436872253,-0.6968191501964931,-0.7767177424864905,-0.5326349696295567,-0.6005891600943218,-0.36958359708991784,-0.4581804545562161,-0.6868538905777344,-0.7722194105965352,-0.858639338785226,-0.6558277550270949,-0.5397176334241157,-0.42668064696958136,-0.5619005794484425,-0.3955802990042994,-0.9298161041900753,-0.4836348194829433,-0.4329225048807039,-0.7967753989154097,-0.5645054778421881,-0.41899582379892897,-0.5481031515772736,-0.6722190893090012,1.488192625708863,
-0.4335749958557511,-0.6158531635617885,-0.5554117208741766,-0.600778162723356,-0.6640551038022512,-0.52175947821604,-0.5320954156662098,-0.4166741596575644,-0.4770281969319904,-0.38257566249963193,-0.44142577903428803,-0.5403979665776293,-0.4023947406585887,-0.8179693847660436,-0.7018934343746275,-0.44113117106231753,-0.6561415971983073,-0.5735918095096585,-0.3205974762018158,-0.5272507869028039,-0.6687274766436663,-0.3111610098932548,-0.34343093938662184,-0.8605956086890751,-0.6664855304078375,1.2043634313756364,
-0.1958178867588408,-0.3167728208258105,-0.20360052165455783,-0.4923574585689424,-0.42335329883089734,-0.24430696270369723,-0.604502418209577,-0.5257466213219671,-0.3679547280630875,-0.46736391609419115,-0.17461946518966512,-0.8528078746182715,-0.40793257840845837,-0.45094045166806584,-0.3051324966081137,-0.8322307231465715,-0.5697372492820696,-0.6061768546727866,-0.5041127325906414,-0.5708570811547818,-0.9678955655003643,-0.23097977085847482,-0.2340012317706241,-0.45591221489406125,-0.4754287712387353,0.8164619205777612,
26,12
-0.06307648258531656,0.02221417552040603,-0.33536794409868487,-0.19586564980736137,-0.3982871833002926,-0.05175281215603675,-0.11044420095183745,0.004189253669456857,-0.11962011777206291,-0.24512671595579594,-0.26327622004326506,-0.13644533661923736,
0.08749237698695954,-0.04717284503637932,-0.04896147947637404,0.015552194737396469,0.17682185987949556,-0.07917669869905451,-0.3097327092804803,0.06001311046780658,-0.07278263934939455,-0.017340133572873964,0.08950277025798851,-0.04075227032486261,
-0.12456332133849277,-0.10181754702273227,-0.0523403231122887,-0.08428646248859831,0.043318099429197274,-0.11080974776750312,-0.16984411429044355,-0.1558055686977251,-0.17872805573499168,-0.008209118804311383,-0.030246226407683995,0.01216001695540102,
0.1520451972815647,0.39612406844150577,0.202401978339364,0.3929650228608337,0.2376669198077917,0.3387414274438183,0.5059355598734893,0.30823572980592184,0.3501631933060875,0.36070447007020395,0.36299039109681935,0.21002557093774735,
-0.18000048397402793,0.08180619495043735,-0.04736068462560514,-0.18124408591690006,-0.26743871354810284,-0.10271741470649712,-0.23077589952474317,-0.2549835607211858,-0.24547330237420875,-0.35592587458719965,-0.13083990865504974,-0.16566170293079016,
0.11883842157397462,-0.11177142545500743,-0.0463308878480142,-0.11516185088770924,-0.2788285592532283,-0.18273186422208565,-0.20141387219447168,-0.20711029027118008,-0.19254324307303392,-0.25465544359114745,-0.11722941264299938,-0.29786437753808076,
-0.01193526735859203,0.13565764729723226,-0.0991364798964146,-0.2482213531944029,-0.18827166768366013,-0.07206884005837844,0.07925778238570715,-0.11708962497294172,-0.08171349583516484,-0.12627146652198892,-0.05739590680305236,-0.14273305874756095,
-0.08157977862867105,0.042365704917252035,-0.2295790205771173,-0.3285112092629413,0.015522273837877331,-0.18908217021173462,-0.2812602432494528,-0.18241943641575095,0.020490090492650916,-0.07413741737512451,-0.05525613790998313,-0.28622967239128205,
-0.04268018464840465,-0.08567656779003965,-0.03734156647125577,0.014006109590537715,-0.006427646788255323,-0.12598779024980591,-0.022659378817857425,-0.0684859742733683,-0.2937460638378013,-0.336089968559686,-0.3132452134957868,-0.07209579783701126,
0.23244549057073738,0.009101185615533252,0.12225887212977365,0.028444564236382253,0.2056623261883095,0.14979636749249026,-0.03848898064054269,0.3469906732232476,0.13388843533370276,0.10982402397561625,-0.01560963563077792,0.35646603692396983,
-0.2275231493915975,-0.1094872932782842,-0.22371129108783058,-0.09215013609373038,-0.11413022442156172,-0.07105494247190915,-0.27213842476419176,-0.243500238519766,-0.26778673530129354,-0.32645998494654394,-0.13557250904514156,-0.009034319031237865,
0.2823994483134493,-0.021093544586614013,0.22489565425273594,0.250574842675044,-0.03808713314471746,0.22140232795144024,0.2997849134682986,0.3153842296004711,0.030632133939987767,0.1756202997844394,-0.07769029708879523,-0.05210241293202198,
-0.2408420664102667,-0.3177511840211604,0.04870400016069687,-0.020226398201987652,-0.024869758442791205,0.005333445945596038,-0.13779327301811095,-0.2334248179404114,-0.1949592534934114,-0.016615241513331793,-0.37953422098243034,-0.3076216409601308,
-0.012606466632690784,0.2074557186237951,0.09819156906820947,0.20241124716709774,0.07270289693891506,0.31211882304987254,0.03774209429320338,0.009999346625199867,0.05685420089974517,0.26874753666974205,0.3734489012322331,0.01597891503768082,
-0.06621131319924767,-0.12901337746720223,-0.09688374505146327,-0.17494763454245923,-6.620634188071131E-4,-0.3386244977365818,-0.30948346328494036,-0.34973196599971035,-0.11317053605466941,-0.13157707239642005,-0.17849179879634347,-0.19251963473585185,
0.09625870050833439,0.22830348752624527,-0.017719342135177424,-0.03227807425513514,0.4076201614276289,0.2307482185521472,0.39831205452140395,0.12496890417136165,0.19330787398615287,0.29933987340060947,0.29552290489760785,0.4927011222804875,
-0.33243657551178224,-0.3279048133559748,-0.029415021867476195,-0.22773907309971728,-0.03843062454008637,-0.0017331844026581512,-0.2205982975094242,-0.02315352749750723,-0.27298719578744546,-0.4221656375706085,-0.19227664202826483,-0.13460638364120497,
0.3440841914559829,0.16632473850482293,0.36209825267565815,0.3417626375294869,0.1087336006377563,0.19087614619632332,0.39567385131353394,0.15739479317070795,0.4881565724820182,0.2877766956357319,0.4573377827389056,0.3608500171006884,
-0.19883484674631904,-0.26688089908255824,-0.28154010467403595,0.03770866548183076,-0.14465693824798326,-0.43232040221528745,-0.0028963450606520206,-0.01830329369898942,0.03981064010358585,-0.21599957112696533,-0.21716041388972213,-0.30585976973787016,
-0.04297087884276681,0.09395530678997036,0.24930678225923034,-0.2036250398425434,-0.1742206287569508,0.03928788105663635,-0.02508952846853407,0.054845005750726004,0.2862268160845848,0.21764092158290407,0.3283737575821198,0.28235419837645853,
0.21766108455404887,0.38270063319789893,0.0714388304816997,0.18883621606306414,0.5053940279270307,0.2784510116638876,0.18107261067265282,0.3112065820874492,0.5421876046771115,0.44096036021014046,0.5417901640817824,0.11613350789557317,
-0.2980477732955886,-0.28146379360920554,-0.22904158337884578,-0.2616873164601421,-0.19751943280353854,-0.14519950303877352,0.09745209511009938,-0.2676875490170891,-0.27283373264177885,0.037610023343690624,-0.322511307611955,-0.06349079894366812,
-0.15556130768689316,-0.03528645315180502,-0.15732402664149409,0.04376316132360317,-0.012963662501598474,-0.1435024750920841,-0.20378122054499193,-0.15984554901787928,0.1546977609100007,0.044833156814390616,-0.02275170325745055,-0.14333877154968686,
0.4171602211762387,-0.11053573314377221,0.34554594976505126,0.1622167929760515,0.07441608221610595,0.3631664731216435,0.3668982229832296,0.46381273338571166,0.1469469541078242,0.24520177539126425,0.060482054187572604,0.23977837001132912,
-0.25055999214096514,-0.1609158589716316,-0.2438551068971238,0.057358434238794845,-0.39357990570542656,-0.3492265545894033,-0.07847752009815617,-0.17679688775374375,-0.2748939226634921,-0.17786815956737007,-0.172528860564433,-0.09504954523552607,
1.0182082730571527,0.889089680241725,0.9957857695248994,0.9543889204635025,1.0150812974733643,1.0442342657211832,1.0565465275326955,1.1039643628974865,1.0997132073159666,1.1681183257495416,1.1335644259027309,1.0965028067779223,
