# Pesos da Rede Treinada TxH=  0.2 TxOut=0.01
12,12,12
12,12
-0.1367158759665566,0.16706692765909825,0.03525551437024774,0.22167104384778755,-0.23900658437483518,-0.03609436657346091,-0.41622638553848623,-0.14942912908737127,0.4038607134209055,0.18443951060935374,0.04908213250694756,0.2881406181304249,
0.028640231234390835,-0.22938376320744508,0.1239114697919487,-0.029436415140633075,0.029865193927917557,0.7137665599684468,0.3556957971371992,0.38186463427257406,-0.012541316629682317,0.009091168905267703,-0.16780014352269063,0.12248716296509489,
0.2694913334542199,-0.22306021584067987,-0.05421087990933572,0.02173519673980897,-0.14615428599093624,0.1663198698941219,0.029914614714540447,0.13042974999964793,-0.09549902776012337,0.12846320060930452,0.03765421673733065,0.06768381571718418,
-0.013630403388362994,-0.2654108471164602,-0.2566582604812589,0.004912105614833384,-0.03144787737390647,0.4420628280176847,0.5899391631072753,0.2924468062709665,0.08025583356158915,-0.32832775274902193,-0.10267141452592111,0.09145654999646702,
0.08201927729592311,-0.008328183313151785,-0.08958537714235448,-0.13273603063664882,-0.05294189711546764,0.23181080178286725,0.1260079429987251,0.629914532694402,-0.21474389622042725,-0.01541191645584291,-0.1774454520028657,-0.059427758947490056,
0.0458792976922762,0.007048317841835062,0.04779552164490126,0.2582965480854266,-0.0767183719485195,-0.17463756439418213,-0.26470189149074286,-0.21421897539765095,0.25930575326340266,0.17108540394632632,0.1700571500212546,-0.027372768284147517,
-0.311133725899421,0.14956337260700603,0.2334609548792248,0.32256917810099783,-0.09359418911789844,-0.26734995225481195,-0.18128084015498477,-0.3614382904488817,-0.02653997594865602,0.2011376908956181,0.18916896586736126,0.44272484303388554,
-0.5149311133948461,0.33518248753922214,0.23414428071259738,0.41739211268499543,-0.14814614190597156,-0.370987844387318,-0.5882571150297217,-0.45744218684079346,0.31857615389018534,0.41808877815765205,0.15665649997262426,0.06323521724747083,
-0.656627094090994,0.3911981778464759,0.36915704333798743,0.19983003673417288,-0.24330582206248674,-0.762608321278236,-0.41924261371202454,-0.6952780430684448,0.5051811713706794,0.5065134437525032,0.6212685670455904,0.2436701132742668,
-0.43134893541347963,0.4400534597377928,0.5282233437632305,0.10991775750297282,-0.416125119176372,-0.805557516025289,-0.4748651116716011,-0.7090967767976071,0.4976066983953215,0.36475470838851515,0.7493461707847132,0.23252634294504942,
-0.28909984981001435,0.6697607724270274,0.3793730817446816,0.44296535906999757,-0.3361505725018557,-0.7694210846261047,-0.687656422219609,-0.82476393510014,0.3140049150019851,0.4408731780283822,0.3941218610965249,0.2808572737986778,
-0.19900101915847507,0.4794566069264312,0.46454458025682,0.27466370915789157,-0.17334653905309788,-0.388087539771855,-0.14917459821079257,-0.08986230979721713,0.1086865071482994,-0.009470698641837475,0.1401449898503101,0.43333601540096195,
12,12
-0.010956036627272386,-0.015706594805960858,-0.31028496094253416,-0.030253276249679467,-0.3619502138415078,-0.1957357760505378,-0.19630024127447954,-0.2826691403122072,-0.21663891330220192,-0.4020273796008634,-0.37611315926453387,-0.08970278277877178,
0.014026015317513976,-0.001710508604666496,0.03429942606633022,0.2590046891797974,0.33589180088020415,0.17016658590613665,0.2452564538891479,0.2139040079606027,0.3352940278749337,0.23693208168552868,0.04782506806805829,0.11575589727254537,
0.001577502648603268,0.13487123844893736,0.07602875719567946,0.2628742918964791,0.12878436619973316,0.0961508498727576,0.23877031107783733,0.05038304883523607,0.16428230620428708,0.25046415153545254,0.2685987172636338,0.16182282866031372,
0.348743943185641,0.08895007029056315,0.0787417875793244,0.28579007614350055,-0.12674541704652997,0.23604277265719376,0.16826454810734678,0.38106451115236367,0.20652774388190945,0.026114685532725068,-0.01907807224440794,0.16613311532970207,
0.008118213039834508,0.012267834404738288,-0.10821058005948425,-0.303388873222458,-0.09602349828937833,-0.10596583917008504,-0.07874346034883954,-0.01265262119468488,-0.04634206577721192,-0.3224680789866027,0.12172354811983567,-0.04962218339926598,
-0.3299752898849587,-0.6105357874263097,-0.3255822483846939,-0.4507775499339428,-0.37918757738379105,-0.29605452641229385,-0.2555337138281697,-0.41652931453374903,-0.4506140821105075,-0.2193501961687074,-0.46549313021947347,-0.2683032192586826,
-0.4125487013728605,-0.2540732051542657,-0.1401762138637465,-0.27720937836665904,-0.20838685787995107,-0.39952736870865413,-0.5027313627242415,-0.45436045496778643,-0.20669655010457086,-0.16927748877600376,-0.20143646057629946,-0.26744499303220476,
-0.5302867153302735,-0.2658778639520689,-0.353163188639223,-0.16307885936781258,-0.23684438484585507,-0.22037039345801046,-0.2597898441093766,-0.1825352488772046,-0.41274243777411435,-0.2737815252310026,-0.41538768756151634,-0.6438804578417711,
0.32314760898795863,0.1786957281731973,0.14999346134246952,0.2196574413414969,0.3418608062722082,-0.009084913907409006,0.17021380503300002,-0.034125760488434125,-0.07443209822971694,-0.02841128349361246,0.36469079770778545,0.01759368208665232,
0.2620455191390213,0.20276927282083998,0.26518422766380856,-0.18980675785239556,0.21845092157008406,0.29526671849744535,0.3506632153392939,0.23882340963793308,-0.031222580715150536,0.23916555726061026,0.0012169657278209784,0.13500760983905627,
0.19661009835413648,0.2803427734890855,0.22207466170362664,0.24884331096517714,0.1078885302723849,-0.06361194442690524,0.07505221221528005,0.1704638639873649,0.3604566106509141,0.34402730078277927,0.38427914060709617,0.2926314779434732,
-0.020020518105855426,0.1258387442977054,0.29088099765496594,0.018013636347148806,0.15351501256913477,0.39167604609762835,-0.08670641561073456,0.18488072559868268,0.22827562213222446,0.17724071263864527,0.14486232316206127,0.3138212553314619,
