# Pesos da Rede Treinada TxH=  0.1 TxOut=0.07
12,17,12
12,17
-0.6135046620406363,-0.3822228977004715,-0.12419720868599574,-0.340891620921601,-0.13469743273124546,-0.34946443374305597,-0.10927814090236516,-0.35433226593515754,0.10436878276332738,-0.45674400728698816,0.17631104964495178,-0.12723318738288622,-0.11812208601469115,0.023356080286778578,-0.1345456508054793,-0.4299091129058671,0.23970612967847904,
-0.7216472772801388,-0.5733164827244365,0.2517320608547023,-0.13060249547185507,0.2387470663811526,0.012300654836421577,0.15003787457770312,-0.05239949501880776,0.057189956038714365,-0.43700088794540565,-0.9118621059684181,-0.19425251319960773,-0.20193418284015463,-0.055954845681944906,-0.11431223432794335,0.23347843478582705,-0.9897847244815899,
-0.412658191740853,-0.37030635630372627,0.020038789143282006,0.14633505246425807,0.16747247818512387,0.14492560323255335,-0.09858825722193397,-0.0369683431708202,-0.023363272376855856,-0.7873440623302271,-0.8342987713684101,0.16688677604291963,-0.21582720649654957,0.07988867516244712,0.01038210088218891,-0.09627496607916976,-0.6502498776990817,
-0.8079492534424457,-0.551814873914261,-0.01223458944705311,0.03895077380118301,0.1253394824189337,0.29082955960919105,0.185474356239645,0.13157072042896262,0.11436940924411873,-0.4099413598959154,-0.46674598192681716,0.08826030120379813,-0.282790195560854,-0.012761238802793182,-0.1444194584252192,0.02955343595605188,-0.8009338561825297,
-0.40090209730408627,-0.361823979296445,-0.15342909637988678,-0.09173718241424464,0.010756342377465226,-0.08422116513688073,-0.2922804728851765,0.24364441672956366,0.11948156662274385,-0.41982129581456495,-0.345301316207843,0.12565244833781608,-0.2970684476780017,-0.10298315537216965,-0.19816055607860078,-0.2071049288152009,-0.4520099749563475,
-0.7343742009230736,-0.6253189007184345,-0.08616688502225274,-0.3230242150146792,-0.36395176323180684,-0.4674354956643922,-0.1177985331639902,-0.38894282834081284,-0.23481536000620662,-0.4349910253468207,-0.025024561879113946,-0.43411528202566485,-0.5283318662229183,-0.2734163818171805,-0.40106396607149675,-0.45935938960194916,0.4435322996467164,
-0.6501132731464846,-0.7168588152361461,-0.43737784836276755,-0.5005876731472135,-0.41252143017341825,-0.2330834833959104,-0.16089388726676032,-0.2890662320807478,-0.4321366032966094,-0.6961982503334768,0.4818339406626568,-0.203443652085582,-0.5140352869151437,-0.1850852328303942,-0.5246123301106775,-0.2491658972523339,0.3654130141699552,
-0.4481579422382456,-0.5274524832733202,-0.2242591532163586,-0.3491379674200415,-0.24445370411065365,-0.4284416113513774,-0.4586261954742604,-0.33291925110257864,-0.4108112395699888,-0.4306906463203237,0.13783402263938274,-0.4799864393860807,-0.17918015142985047,-0.5069771891803357,-0.3421816105776818,-0.41186131627835665,0.3034525969307069,
-0.44886944928643907,-0.6948767744380991,-0.41920110666546984,-0.5572884639796962,-0.6092164831741622,-0.4443546258083792,-0.6964847943161993,-0.6262819295958086,-0.48438856151696197,-0.7643968364490452,0.6933236440106557,-0.5346773467936962,-0.4411862907682603,-0.4013701000156092,-0.34338349592325795,-0.1868823508645129,0.6219433976477547,
-0.776302642291507,-0.5776239935835524,-0.660834494579106,-0.38079221955581405,-0.715447091770314,-0.637860238166515,-0.29751777082226216,-0.6241013608648591,-0.5668095396676591,-0.7650265924261377,0.7509409953728409,-0.4966508795953659,-0.2514151510054506,-0.6679343593818274,-0.49590710476823796,-0.5023977236341656,0.9966378149161995,
-0.3573501208534241,-0.36272460546844043,-0.5654862915575647,-0.36023737117175536,-0.33954087008897116,-0.2435066379224992,-0.7277794352100838,-0.3524561484162085,-0.5990095636839105,-0.6918567625481554,0.6121586647854086,-0.42974017389002866,-0.4743957842358918,-0.4645226113735105,-0.22049793036742968,-0.19622058624167382,0.8428448177159139,
-0.7127932569362014,-0.5255095711458522,-0.46305814121075434,-0.10502282710162683,-0.5631673246313382,-0.4264839795926546,-0.2899846647081975,-0.19624628587229545,-0.4394596073568444,-0.5433804872308732,0.43916770192631566,-0.47033892345851075,-0.18359100756753816,-0.3458698853702643,-0.13413746843352828,-0.4938347692984101,0.33318930564793175,
17,12
0.16909407377424673,0.41787134230255457,0.2802694027196283,0.29649378943378873,0.009106902787561546,0.296380506009644,0.440673493999804,0.42057824024901147,0.45061969946202124,0.5206283523458738,0.46038478851579046,0.3664813126567206,
0.08144002330124471,0.12063776765934614,0.08850192913019854,0.14179445568815102,0.3470935904000699,0.33977007549145555,0.10375568243504418,0.23989520765852693,0.25751031169692934,0.3328216393277723,0.2232631316126504,0.2679108474875241,
-0.16814092448858617,-0.338174948344858,0.017803847631240297,-0.21482342368750254,-0.29670886198816315,-0.37281622227185374,-0.03222579709598166,-0.2772517598058078,-0.041098275423954854,0.06513944021780313,-0.3484561790580623,-0.306397285928509,
-0.33368795577421967,-0.2086638163333117,-0.06169064827835842,-0.140402101800645,-0.12164939049162468,-0.1006075431140998,-0.12766405739771386,-0.26988747294857757,0.010324212202918551,-0.27059546819954805,-0.1620965652514427,-0.04136951949594023,
-0.0699232768107794,0.040860812874423336,-0.3651356574348545,-0.29276946884362876,-0.18349633082389188,-0.08767915216110034,-0.12671033887057578,0.1038161928939091,-0.3066528309086781,-0.3291084941345126,-0.4152445123787888,-0.029759651050310424,
-0.2533271134372223,-0.06312590384748204,-0.043640967543339335,-0.23480162752194922,-0.26956436321482147,0.02814024954046125,-0.14852037694191464,-0.005877543745324259,-0.3850666066546449,-0.40126197856006085,-0.10818651456446068,-0.3568933407101874,
-0.268905393015518,-0.10574871957087187,-0.15600139434822244,-0.20259475706513877,-0.15795108349641235,-0.23172123895244637,0.004718866326284782,-0.10269959242811827,-0.14750457657863503,-0.24542642167295856,-0.18218147571721469,-0.17608112676246088,
-0.3229779637656802,0.05898327329516292,-0.12905590793107882,-0.2830529312459806,0.1340067365004709,-0.381917996104951,-0.11688469212248845,-0.27684495192396674,-0.2906747227916911,-0.16258132772113154,-0.24440448051442043,-0.20345157601494746,
0.1464816060976722,-0.11528515684287303,-0.22411443203701842,-0.04165816368715731,0.08016447802780882,-0.37930358442472506,-0.45452394921486156,-0.31745271357033944,-0.1992358999379396,-0.201148567894895,-0.38441209104059926,-0.2973474147049116,
0.4890820054016154,-0.036208222898596834,0.2543748376509778,0.11924721383785351,0.3478089735706212,0.22519239210073574,0.25555165119886686,0.3664588691144133,0.4460094146003729,0.2294834161810799,0.3522919826478414,0.43854369059632686,
0.4985835430774206,0.25045675913330206,0.5774719525369296,0.3470998912957311,0.40037183041693786,0.5041471940796862,0.5761797549625749,0.6108364059686957,0.7028467576256984,0.491874002046084,0.7495843127538642,0.6862929875390681,
-0.003969134683714474,-0.33057857433621657,-0.12413094590915813,-0.14212589618248309,-0.14995518233970018,0.006099272414425235,-0.10474718159425349,-0.2520833057728074,0.016561897844689945,-0.3838766368883671,-0.13148318369982018,-0.3215324712506683,
-0.003909320121651108,-0.08816417172476516,-0.05915468280525253,0.07874367481489883,-0.1267317364794906,-0.051049395164441076,0.07658781074248698,-0.1115287751694584,-0.11099213489653864,-0.09177205643207248,0.14642140866860218,-0.04814207379434974,
-0.0880253355297351,-0.12751529565444442,-0.2300791632982614,0.059067774468224366,-0.030421478940874644,-0.06333439027377315,-0.22976983307101262,-0.34843183210328504,-0.30238644062616593,-0.28132435732416083,-0.0729686777983027,-0.11935504763927691,
-0.25466985879084997,-0.09975342991187643,-0.0869711542532849,-0.06014030185680528,-0.370723618990171,-0.05145674519738429,-0.2945681446667739,-0.09872731473311483,-0.37117191771895747,0.06521493712061832,-0.08624616938556438,0.053770882911657235,
-0.19682206574319802,-0.07149764728157078,-0.2262280748019818,-0.1228467950821256,-0.3024907390866646,-0.19128566873327288,-0.32499249255086826,-0.14165230239001875,-0.06189856301744273,0.061946192055434154,-0.14511923443338867,-0.27981290618769616,
0.7387005348671603,0.7942640041432394,0.6384411252502371,0.8157627180931248,0.83270353584392,0.7509185739920828,0.7132142751768349,0.7478100103698238,0.670165169692279,0.8939524685337741,0.6500384813858211,0.698566603850825,
