# Pesos da Rede Treinada TxH=  0.30000000000000004 TxOut=0.09999999999999999
12,14,12
12,14
-0.3092767834094091,-0.322553510483105,-0.33128945065199766,-0.4516323611849513,-0.35009899808252953,-0.22999173341847184,-0.3622328952556156,-0.4598860872309034,-0.6799572216167806,-0.5961801739783061,1.1635084844102332,-0.3439536503164468,-0.6414811689009504,-0.2965318188149426,
0.43677459639722893,0.38072438647241186,0.3706292818286516,0.5090691628697361,-1.2813762052448108,0.6288272921449193,0.38667790800765134,0.3659259627843271,0.26654129133956833,0.2472887451950047,-0.9244980735125932,0.5495013314304714,0.5625613646508976,0.2601547343312015,
0.587450726346568,0.322059556579045,0.5416431192833056,0.61768843264672,-1.1095632443481775,0.444586382308266,0.3748581142058363,0.3429811949398678,0.3352497947743131,0.5749933123836093,-1.1252289455809505,0.49735696330354157,0.8240198215154705,0.6916923652337144,
0.06446316487064739,-0.13840404716512966,0.37434617778727236,0.259537458020138,-0.5289691395055748,0.3477889994601961,-0.04956016738572735,0.18020267406670626,0.24284592942564828,-0.10808926463986047,0.1489803504336434,0.1705619022596435,0.2818811144696658,0.2735176157365549,
-0.03021503040042492,-0.37973256324831856,0.0946465959457156,0.039821445736470944,-0.35782520651020977,0.11929203397616311,0.10905075042109748,0.005605252829121936,0.08244610573939383,-0.33301386323683185,0.7463334691904867,-0.23991067006307626,-0.18168620310991682,-0.22642466198540898,
-0.4328387100735605,-0.7445844167053449,-0.571182046462049,-0.7740972620932984,-0.6425060616739662,-0.5960259990429663,-0.7236237431104064,-0.362863565696094,-0.5658301322777121,-0.6418952574011673,1.5208896186034488,-0.6630091646115519,-0.655556882407336,-0.38459261005611395,
-0.7136178267187293,-0.7904504092599031,-0.9748811392733062,-0.726682201168687,-0.5405189982039472,-1.004024229386394,-0.892651337642961,-0.6786726088453078,-0.9433567828831427,-0.9537763455514097,1.8011746553318855,-0.7939848722840558,-0.5920422551253482,-0.6561220998239395,
-0.2311888691187785,-0.14691305320560374,-0.3595603719348177,-0.06740151515629206,-1.0208655787939986,-0.4950402430597536,0.033303647446322165,-0.22684065457830563,-0.2984631806032444,-0.07419026467634142,0.6407116272000037,-0.2071389977454118,-0.31742601311622415,-0.5114958184151649,
-0.7451634609634209,-0.5318334380145371,-0.8390342567873642,-0.9796426574467735,-0.7271953621692738,-0.9463500754094698,-0.629780108663872,-0.7140919201630861,-0.45637809082088865,-0.7132742646018658,1.3537003918502557,-0.9191935360244148,-0.7317420133622816,-0.6654488778415489,
-0.9538015270979388,-0.6530364827307769,-0.9119364742163277,-0.9475847014197124,-0.8516694139997348,-0.9647120519720289,-0.8582367381582652,-0.9230688184034406,-0.6341346273868872,-0.47203186455014173,1.7442126606066106,-0.6091193059655317,-0.8127968526079651,-0.8842596977230455,
-0.8993790974732314,-0.5976800830853981,-0.6367422418472812,-0.7837404573724132,-0.45833506996600054,-0.5810286107202784,-0.6703587503676401,-0.6998709183618544,-0.8358677808222145,-0.7441372363818901,1.8457476024805402,-0.9345710217953984,-0.9436806582423927,-0.781294774386567,
-0.6682953378538024,-0.5064970767160633,-0.6216571479418279,-0.5432692481040169,-0.8137848516598811,-0.5340512820857302,-0.7174243014132634,-0.7442817322918635,-0.5008203496881384,-0.3260855886457754,1.3607389728227157,-0.4351614506093371,-0.6309416426764023,-0.7410024505462204,
14,12
-0.0019851912016869704,-0.40248639065139186,-0.2371845120884484,-0.12554453342150368,-0.35706341030520133,0.08995570457419733,-0.25974248096753294,-0.2458127897333279,-0.01114614360211421,-0.047925610056207976,-0.3231111471173176,-0.35042987844966017,
-0.3755552263583173,-0.23044053590794536,-0.41309491298073486,-0.17973690755400032,-0.1288950385352738,-0.1359816332123896,0.11636725611573108,-0.08590340232184426,-0.1410363555350858,0.006335467034158122,-0.0788959230111136,-0.42199573917711924,
-0.21080858416632214,-0.09078365477841424,0.08288346441500732,-0.2848590660970073,-0.2964951901161244,-0.14404358256720978,-0.11911199754325759,0.1027430001725126,-0.4072691582958301,-0.3589583895359423,-0.14135972221655954,-0.32854156300762044,
-0.29747996103227764,-0.20943747187351638,-0.14732906632927423,-0.22155782575592448,-0.0034343705190659126,-0.28759395101112856,-0.2151976168345997,-0.22366527279569487,-0.10103065703564341,-0.183098533285759,-0.3716451277967602,-0.03863363389647654,
0.14416426439217989,-0.010164865185928055,-0.044067050836790904,-0.06412411359574317,-0.04465833416912898,0.1908717561968246,0.2476180030793861,0.3334545597187979,0.46035141135194985,0.4479054703714435,0.4068176026289488,0.28982271901536777,
-0.07389808188516118,0.05552893301233442,-0.33421885234771526,0.04965091621311317,-0.43098785001294676,-0.20676852871440518,-0.21270781649639528,-0.20688326491429665,-0.14366106431893744,-0.18947603735645602,-0.15422486328632085,-0.3784495799705975,
-0.14644138118507222,0.06931914145000966,-0.1423813135568858,-0.060051071464244404,-0.27329574389521877,-0.24006710291051417,-0.12606008457089468,-0.29725524815799703,-0.006062856096903442,-0.3617295883756318,-0.29805173943815355,-0.1003602701767239,
-0.30867173276745014,-0.11859438674770241,0.026878590586354043,-0.13810128868326735,-0.19215711796807966,-0.33796903128988426,-0.2440406616208631,-0.20923548404427092,-0.19564313119659488,-0.34849150328306555,0.053857099761117584,-0.0674342530954461,
-0.2668469056251591,-0.016684412959022493,-0.16296646700634682,-0.316645877954958,-0.11636432312086588,-0.2298121018088527,-0.3144818696708619,-0.008995961154545196,-0.2633470044271844,-0.14521396680844367,-0.15216106694612577,-0.09856558464179022,
-0.06497999962585779,-0.1286570261930116,-0.17859006566707228,-0.23232382697127535,-0.02841957448288491,0.01540756306982966,-0.27871257246179165,-0.3466831274619044,-0.21681387357552,-0.06616644001434242,-0.17433551558251276,-0.20947991734670446,
0.814436364720424,0.7025906338450681,0.7770242323571896,0.7567527840525344,0.8143474196698259,0.8043207163437135,0.8336118217033142,0.8685769557803209,0.8665183321908196,0.9014155342254005,0.885305303635824,0.8721264069293824,
-0.17988237838813204,-0.23427598335829047,0.001430031943813157,-0.03798366019755799,0.0055681501330855695,-0.17432963170709162,-0.30104823764716265,-0.3811358256792172,-0.2594398409178368,-0.35381016242572766,-0.11854774747967355,0.016980139996097654,
-0.3593533874315754,-0.09541860287936724,-0.20164501530377832,-0.2902865055055877,-0.1267259278532761,-0.1881830709895958,-0.10087284225708941,-0.3580843269414697,-0.18624376605857149,-0.04472087999246237,-0.37157229852339,-0.018139924429193193,
0.15046546398994307,-0.3351268934468799,-0.18453599295791356,-0.013613677679429283,-0.04951502592786394,-0.24221731485328588,-0.13417964249273523,-0.011280879331959134,-0.39291489589474066,-0.32581705993068616,-0.22670474045867903,-0.25627541196455633,
