# Pesos da Rede Treinada TxH=  0.30000000000000004 TxOut=0.04
12,26,12
12,26
-0.25014238359969987,-0.13213297457779852,-0.48996782761338126,-0.19634728142419994,-0.18221012160496644,-0.48495373298708133,-0.2885208022578469,0.19972349789638033,-0.5012036542901689,-0.407360398684784,-0.4300890111055104,-0.3787945122679436,-0.12927281527204043,0.016700968221669995,-0.27465260529343855,-0.2884316969482052,-0.352945770242723,-0.08633368141719519,0.17872327645883293,-0.4299684433559592,-0.12980034877988608,0.5588818476176038,-0.15715477848341858,-0.14634624402616858,-0.10860191027554794,-0.13531035332775646,
-0.8307595623673872,0.4659547496218135,0.5732752458404246,0.4182028177139932,0.608637610293772,0.36145350670726833,0.37953580391166064,-1.8032338825539633,0.7737617746878206,-1.3363291453264705,0.592966934198575,0.7552038712029253,0.31462399291866966,-0.291705893997062,0.17073710369344564,0.49271313747906964,0.761688050094351,0.5865575541765389,-1.7261360973928854,0.6846359656138025,0.7541888215737416,-1.1279458287163922,0.7184927520164024,0.4415589711969489,0.38336513122634797,0.410598567783864,
-1.0260465085954187,0.67958152175446,0.9460168940695702,0.5691369270160868,0.5827494529135804,0.5494556222279128,0.28984118311254187,-2.0004438212643643,0.5468027460342441,-1.3472301751267592,0.9044731588191376,0.5948800483454058,0.3139219859615207,-0.2891188436680984,0.37597374895215624,0.48841596385942293,0.39387996277605275,0.4772553592944361,-2.0055769223031064,0.971265759574063,0.6584953995474251,-1.164413241405172,0.5628567485962812,0.693485893942617,0.5010521525791238,0.46339742906856135,
-0.7339168904258512,0.3464819452335593,0.5485939437759835,0.28744016769191727,0.5316650908363773,0.018073820908850728,-0.15021023006816828,-1.13635662506181,0.43605549802714105,-0.88569437779391,0.5410173657279908,0.23241421364935108,0.3219138606634079,-0.02157124176031155,0.08587990289275974,0.27329834061336467,0.5432810017894988,0.1445872053074025,-1.066230887351163,0.333298107615529,0.428592221729007,-1.0749841640878135,0.4324550647091066,0.23840075942828892,0.28735496055861287,0.11332311847987861,
-0.8400149922617857,0.15611862768974943,0.09870679456084863,-0.13188845042080144,0.10193377161237724,-0.15272073027550365,-0.05487414105594066,-0.8772907888663183,0.20165276099454288,-0.6267663019242733,0.29971915375910957,0.342449469428487,0.020156994793254553,-0.40535689518420276,0.10606004313880044,0.25224373144558254,-0.006218263162189101,0.14679173015254474,-0.681500461715493,0.17259239851913863,0.06350566793955624,-0.3397885179196191,0.2334703601850396,0.032807094014951924,0.13080611437473194,0.151529674341898,
-0.4177515746386108,-0.4793893431152211,-0.46761729469528857,-0.3272349135649504,-0.30831007908486735,-0.30650018274445423,-0.4312214329463833,0.9824417007839339,-0.2753771572714937,-0.17567230041136273,-0.4207586307039067,-0.5473784687784616,-0.47986377551209286,-0.3276644217858172,-0.303986277276983,-0.5909049218364051,-0.23740307766056384,-0.5985915233879826,0.5284983808718987,-0.5420564066356455,-0.418600545109815,0.4716792188737059,-0.3323685745734225,-0.36357564504502093,-0.616140886221849,-0.15684728189129107,
-0.5818542053189231,-0.501822421441957,-0.5768055534173666,-0.44985836978855587,-0.7304981824383893,-0.5228271141246831,-0.4575371759690983,1.1994486097952197,-0.8844654981339625,-0.5048190699276969,-0.5539122224964989,-0.8177709050867027,-0.4710293221821298,-0.34172409272256116,-0.3198247917276365,-0.608153446945363,-0.6763969250071689,-0.4192267381098508,1.0121046492507118,-0.5653155038037198,-0.8687996388088313,0.6840767769616145,-0.7765044041565631,-0.5753400299325394,-0.5787507816288109,-0.8355818796995813,
-1.0366087117610738,-0.39586688051695545,0.0685322693941233,-0.4405706365502806,-0.2259069754970144,-0.3293842843094306,-0.334141542686893,0.10799419187683329,-0.34307950262424497,-0.701269125675251,-0.34522762738078505,-0.3485817431158267,-0.4605682077889952,-0.585995997731006,-0.08386523332376161,0.03237397651496104,-0.07780369652230755,-0.061596693518102305,0.34972430857420017,-0.14011001361377418,-0.202911690573202,-0.2018141788411213,-0.38531685599758647,-0.12356233967590485,-0.21428567303628304,-0.16782069662720112,
-0.5769223973306445,-0.7233257300973027,-0.7532948594404553,-0.4387529097843606,-0.8300898264231632,-0.5321318557993591,-0.5916615017752259,1.3046821212352266,-0.5664315060324525,-0.19562561082527258,-0.7701461249233159,-0.38759325930361704,-0.4819031393080714,-0.288041214611609,-0.8591708987148029,-0.7825507524388726,-0.8421443760211875,-0.7243965084059389,1.1382140538773358,-0.775778164897525,-0.9359391422527062,0.8107331601747569,-0.9081608058438516,-0.764032233108926,-0.7117901368490828,-0.7046101935075723,
-0.3615928427228733,-0.6398174375325931,-0.893176053877983,-0.8345626991655858,-0.8485434053466472,-0.3371203256026199,-0.5020765970701928,1.3246095983824655,-0.8595475607212877,-0.5209316984594254,-0.9526016465987057,-0.7910826220188082,-0.8547699877193006,-0.5433770961863006,-0.5358862392293319,-0.8199286497309196,-0.7325367986162344,-0.7435887760697814,1.146189936293821,-0.7866659340605721,-0.5849356456957328,0.6027808933690831,-0.7523917713147745,-0.5776893993981312,-0.6713958352555043,-0.7111052478822694,
-0.26569126724450226,-0.7805578464765847,-0.7909294101481562,-0.4476732502615991,-0.8568742865421625,-0.7641581326991859,-0.45622914052000935,1.7333402618342546,-0.6601493357740171,-0.5082115042760086,-0.9337796984139412,-0.7782524532648858,-0.47997738076157526,-0.41456374281849756,-0.5318515769257681,-0.42517128676104493,-0.9424831480324914,-0.7978739009735706,1.3535377520319483,-0.8122666454120641,-0.5162531443248456,0.8403614066895595,-0.655859887754465,-0.7356512973891013,-0.7984201391702975,-0.8152995019349821,
-0.8390042887004822,-0.5556228756670188,-0.708899446978541,-0.7272364087790262,-0.40172602674846813,-0.3997289113197039,-0.37513282943709314,1.2358433891208753,-0.3658479808012091,-0.5584954430726234,-0.36974126796847234,-0.4268810898260636,-0.42534465021699036,-0.5595873026432725,-0.6701603296683087,-0.6588642610332835,-0.3079680644091184,-0.5219367297537268,1.0916451572520416,-0.5291867410344896,-0.6545759552166611,0.43488006612929875,-0.42938403977729256,-0.6772677497946593,-0.2746076593912704,-0.3116053295031982,
26,12
0.2956508400195949,0.12475550248392284,0.22198674218636452,0.11642836811794414,0.06391549555025157,0.38138043957879003,0.16746998998864507,0.029810995836421564,0.459890548042837,0.5168633951800277,0.4211874664905923,0.3710717055642482,
0.03989028214434974,0.16752034799986987,0.1527858176931466,-0.042766577102646204,-0.03992124970929767,-0.29562955179836176,-0.09850689664610472,-0.2173975170921861,-0.0315107538111797,-0.08218193546006622,-0.2016185896798011,-0.12675574403005943,
0.11654029379252544,-0.08074999680405492,-0.1886312200639703,-0.08350428504964519,-0.21666399858393304,0.15096100621244724,-0.24410463326672543,0.18765492912158163,-0.24280016452405861,-0.25680435143562735,-0.13214569847035226,-0.17616649450513022,
-0.12886187474225408,0.08713365014569091,-0.14223164146130432,-0.02593015784162621,-0.08435942808092581,-0.18995964950507874,0.04858456865328299,0.04471170955327568,-0.17510620016400796,-0.29095218801699213,-0.11399714804180047,0.1706020981729373,
-0.0897121524208868,0.140699360132109,-0.04724458291215879,-0.20608832498433477,-0.018875233708709145,-0.26583405683826195,0.07758599331507988,0.17069406325132433,-0.025097281931865355,-0.23630649583339938,-0.24440666877845288,-0.26950498058335076,
0.06723199849175344,-0.05175191748948982,-0.12001913137385707,-0.2378529182926469,-0.08376211819837034,-0.04925340419280098,0.07175610477187105,0.022059424305148272,0.10162934308173856,-0.281120674975149,-0.06455715985878907,-0.14361448342705946,
-0.15366686326861936,-0.2938273502100725,-0.16265850821852834,0.014656845314992851,0.17337585648701156,0.13927388877388547,-0.08217735167542552,-0.028127553588745764,-0.2121567961496785,0.19554848948490183,-0.19199567497966682,-0.06873844059916336,
0.46800170151076,0.38188981001521366,0.5275268429589566,0.6081983182359564,0.5169811083445118,0.4875248960584976,0.48450751443219026,0.4187203725387493,0.5405639756753085,0.6279565802912639,0.5057318956816659,0.5766202624442284,
-0.0696141959455357,0.021440667375530336,-0.26809262776379406,0.1575294125742007,-0.26839334927569125,-0.29579522746008463,0.093677612728312,-0.1838286941396245,-0.13863733397625094,0.12988246030502895,-0.19280701994212657,-0.061421574516974095,
0.18322852865536168,0.2745343716306888,0.18198954412214643,0.16077444050385206,0.1730871238585528,0.31919656422119,0.3804237346691088,0.4440543326075516,0.44495257890330453,0.27317171336077356,0.3518520089910065,0.311428701306053,
-0.06779921431971511,-0.10500006764152882,0.11256365312053333,-0.11706109108172583,0.09700891381123107,-0.20627821427690804,-0.09797050432847527,-0.027250906830204296,-0.13056989289402038,-0.1005364647965514,-0.256751885825705,-0.20696283872239435,
0.24100804986644714,-0.0336644174706814,-0.005957432180541339,-0.20817918841059246,-0.08784108894895735,-0.15443876538740264,-0.2349565709467698,-0.06170090839740705,-0.2448030714159974,-0.3670157947860023,0.0888498052504699,0.08658691497317474,
-0.09131042041665798,-0.32772033863595385,-0.0520702348304683,0.07890362450440304,0.08061978676983043,-0.030821630591495168,-0.10051879903950814,-0.09368022201219467,-0.0825411013626492,-0.049466747282025735,-0.20868362433678717,0.10465158829791184,
-0.047895657799743925,-0.12049762893701894,-0.22338115367801295,-0.05620871699060975,-0.1190976354591246,0.03598890146443063,0.1853641447908944,-0.00974301278824888,-0.09728805506168846,0.23238483550983188,0.19593440603909595,0.004852831203673025,
-0.08535946347437498,0.12329894956176383,0.10845306443318328,0.09254943234485147,-0.12937550722673907,-0.28266074482207987,-0.04154942060166629,-0.15818126684948233,0.033909506483574166,-0.03790251048945733,0.044848583816290664,-0.2363259960760088,
0.048345906742266846,-0.21296518644794732,0.06886986054380557,-0.2346368624869445,-0.26281974569962946,-0.008607382240666702,-0.26260810395898143,0.036966050249224884,0.04617065650142623,-0.09836450867309376,-0.04817510570525467,-0.10309202098637572,
-0.16160052861696822,0.04393753972250287,-0.20264508116838434,-0.18918340043246132,0.14283336606012764,0.042048792749029396,-0.061099157262892036,-0.1776539978773379,-0.26032398901769543,-0.06244838535376272,0.12005427461190304,-0.24088268492683673,
0.021806298234993512,-0.18404276741232256,-0.047225842332156195,-0.04800296136865058,-0.1820556401270789,0.03382074597233799,-0.2663349214360585,-0.18845775010762733,0.0656220790034509,-0.1124744630176357,-0.12093058868696104,0.061973584809033214,
0.37263537595490326,0.43722987909818745,0.2505976308908692,0.26558135503579927,0.29111714235933006,0.4806025144704512,0.39474602464325936,0.4618799055798124,0.5376435703308562,0.31030075727756123,0.4300915362632801,0.43013588418717064,
-0.2107275707549524,-0.13669195955843316,-0.2561906615172607,-0.01665331561616265,-0.07119190094328695,-0.0938580272492147,-0.14625529607802573,-0.3163106677766956,-0.06915273443358967,0.042942352803244495,0.08257989620237209,-0.051209930822496585,
-0.2299274445221857,-0.06945028322423005,0.0731960085201316,-0.2128567640135531,0.13057131054964452,0.16118637644310096,-0.0012154118445663602,-0.2529368050332998,-0.2606107828275768,-0.10770584774080726,0.006696003161604146,-0.17335787396289334,
0.26000414842226915,0.11184473343164823,0.25683847593686765,0.09733924980258962,0.26162587401340764,0.13466634166686736,0.2977358443949818,0.31182727673677135,0.08566363404279954,0.3278754055724907,0.2987879845099685,0.17069080659805286,
-0.20067027735007378,0.07212266716579122,-0.032367010062138594,0.05512987027142808,0.051584165798844894,-0.15797736418069935,-0.013499102787582278,-0.2826296722949696,0.04185793126377861,-0.11385312560027809,-0.1565664878211959,-0.16379659238102878,
-0.09983949888381517,-0.11049549050823149,-0.004807729161530473,0.07507496322414944,-0.2580259450945125,0.17365624694773937,-0.21742431793033737,0.05386473574860279,-0.15752151283008806,0.034795154652814984,-0.18040212051786295,-0.23975279788871748,
-0.2791308651025284,-0.1956473862156826,-0.00597345179247809,0.004798719882272632,-0.27948726088954995,-0.018514691430656077,-0.3033006494219258,0.15171500903091192,0.011511811234035357,-0.05076683006196131,-0.08231682678646594,0.05490246206501768,
-0.14573133107928116,-0.018752265583706587,-0.15631049198478017,-0.06816524311977644,0.07099141390603307,-0.2756233152390984,0.09812337841586366,-0.25191240720697594,0.03599380219203988,-0.20447136388007736,-0.11545881078220763,0.12281326076633849,
