# Pesos da Rede Treinada TxH=  0.4 TxOut=0.01
12,24,12
12,24
-0.08277173690993353,-0.19714710461792684,-0.22906701311599856,0.0865427748880893,0.021692819599900357,0.4294287594699776,-0.14106312241599556,0.19461758797094728,0.29702446199657984,0.012067911161558718,-0.2699362769137052,0.23870054116783399,-0.15902216671921587,-0.2228973069964976,0.06499619457178972,-0.05557846719213418,-0.10185627429654609,-0.14715405219398464,-0.23501083607548218,-0.07740305532644745,-0.15190818678123014,0.21992231201584053,-0.0405543184905592,-0.12961229827096193,
0.7932449182781869,0.8339039047911934,0.7856634939245603,-0.3166131495455789,-0.7775883166248105,-0.7083703423014428,-0.006578709918969127,-0.4363616277903211,-0.7453476662440175,0.6354230058468837,0.8488167208012849,-0.6790429704700708,-0.16114817514882532,0.5470904841711776,0.8559940795469906,0.8181043787879829,0.18780641133568596,-0.7598921534760055,0.2510203051741444,0.01909208764718888,-0.9093379029277732,-0.6028458426265658,0.4791445502981953,0.49729012180601856,
0.43679153719674857,0.3601365630568937,0.27335135576331826,-0.40494607834271173,-0.6968041317245266,-0.655082017597543,-0.17069569716210645,-0.5920259746934522,-0.5950969469151586,0.08669537018639425,0.3689394544651475,-0.9041075831522752,0.21350417872108837,0.359077639566402,0.4078306011405324,0.5520599265426956,0.20225184894601345,-0.9027885144953495,0.44973481349978706,-0.1291227449253246,-0.9092599234507285,-0.4584305315749135,0.263171867568398,0.2157686997845005,
0.682094196013874,0.6970576389028077,0.35724322686712806,-0.33780285438310287,-0.5735147440161414,-0.640454269236238,0.21405518883533634,-0.3323835785530561,-0.6022968992798237,0.11909698160546374,0.7937184301201452,-0.6405711903114005,0.0725794626143643,0.6152311599084581,0.6471551567562541,0.33514591723638454,0.31824550215134334,-1.0480264876409482,0.47438051664217273,-0.0416320585475613,-0.7396032834248365,-0.31621343759762277,0.6509292612230669,0.10936662109149614,
0.5693694294264718,0.6426836457713723,0.4765368846656491,-0.5406284465493313,-0.7957789855581641,-0.38041737918902135,0.07480953292342633,-0.2345320431707379,-0.6147884552135608,0.060058840334550175,0.5492946857991651,-0.5868958919136498,0.17624660148847363,0.30828634576788805,0.44404151039747075,0.19975334116269092,0.32386806088517167,-0.7078541702210841,0.19791942447942218,-0.06816867402246321,-0.7925120825337392,-0.3945811721765831,0.2792361754602415,0.05376407402192142,
-0.31270369907729,-0.23085433823288137,-0.12855595005523524,0.010200684096870326,0.10502199317792868,0.2835546254239062,-0.06493891413040116,0.1536306556454477,-0.02659457612407222,-0.2558791085544319,-0.08081577813492229,-0.08096758386491924,-0.1436871737907713,-0.45788828230643647,-0.0350596780740141,-0.07719754629769461,-0.31758533582887133,0.3337227933692478,-0.3810848934601301,-0.015657061728563487,0.10367052673240998,0.23531717941753286,-0.1611923014243677,-0.19673656607639217,
-0.6759206006564054,-0.3556832505888166,-0.588752429530929,0.5194065190688328,0.2325129169377049,0.7371194249854436,-0.2636010113824054,0.3525567163581752,0.31813564696646834,-0.3521386746230515,-0.6332535452912885,0.3021588594185198,-0.14663330098202243,-0.3365204582480315,-0.23269386725189234,-0.61479855284039,-0.2306423983948423,0.25415166673949835,-0.2608827194689985,-0.3286630808610705,0.5925821976524492,0.0687274328680288,-0.5240183644288976,-0.0686429405161627,
-0.4467604317978446,-0.3080436971524482,-0.265078016295649,0.09598664053480131,0.5446210001052852,0.20418608422371143,0.008519514121235017,0.24728470052603985,0.24764624681963798,-0.30803998957489237,-0.31262796509798846,0.024575166728958972,-0.46799534970237344,-0.2767636566735216,-0.4502427486595365,-0.2780472387832282,-0.12842018880045242,0.4405943638423232,-0.32262735754967026,-0.1112210303812563,0.2682564266253519,0.08311015042262701,-0.18331281039290193,-0.35195819954466157,
-0.854490341833735,-1.0993260173292159,-1.0521079259308896,0.4264854006194996,0.8528327286341862,0.5879898356842794,-0.4264092769122621,0.42861797527377604,0.6338975738320229,-0.6886171194244787,-0.6357734192427228,0.9041802120587339,-0.5241248580687327,-0.8166833752696172,-0.9960772115125278,-0.5470097298777105,-0.4062276317322498,1.0574734428165993,-0.35133334481335027,-0.27961045619691516,1.0554473757298364,0.4874039997954985,-0.6518730371457694,-0.7137634069956995,
-1.009327759338172,-0.7092402311047759,-0.926539879815991,0.3428925414066047,0.9241691193360375,0.715903775837354,-0.5086967730711254,0.7172735032088986,1.0328970573415466,-0.5321421180463076,-0.7750302316016857,0.9347205248537827,-0.1235550284592023,-0.9352380056928093,-0.9018676393769286,-0.6736983693427866,-0.5795252395355588,0.8250440614667519,-0.7412444188320163,-0.20878451977458606,1.1324201422384588,0.6103678034026907,-0.5167048314901054,-0.4332593492566786,
-0.9007179805333753,-0.9124539361280116,-0.6427497990417768,0.6836965261506219,0.7599222380462723,0.6282301168830888,-0.04767009585413825,0.32652989873155136,0.6468768008502952,-0.611487451203288,-0.8475930823639689,0.5041877955148494,-0.36845589958074937,-0.4440382992014958,-0.7405157982336609,-0.6253100652645662,-0.4796959504864049,0.6877549769677527,-0.6409600323868409,-0.2757473543582225,0.6849688093301974,0.4577928613693945,-0.7619912785169048,-0.5037992634671715,
-0.2949010480018953,-0.4445728593381411,-0.54884021641579,0.5404520255376002,0.308195105699693,0.39659775670916514,-0.4229155283376141,0.14154237936970415,0.34224053738219745,-0.397642344148926,-0.36766233166197515,0.6093041695787772,-0.44638801389054267,-0.4607487632177406,-0.6553659795236676,-0.6840312511804997,-0.3535932933969754,0.5716072060741099,-0.4593649931198552,-0.4125717078013637,0.679770380250511,0.14351674802787365,-0.45692401148722334,-0.11171287004420319,
24,12
0.05918890943669631,-0.06681930120339491,-0.13424451618751132,-0.27236089623471965,-0.3376542903267804,-0.19257100216440354,0.10730102690899629,-0.24346967915834844,0.00921235751121141,-0.1781348479488482,-0.22241983719555364,-0.24422738047310927,
-0.26256539567199433,-0.11451462167598898,-0.1646701334803756,-0.07800973070980331,-0.04383572775362421,-0.11275959238321859,0.10443709464840921,-0.08758529976497459,-0.22706460003188977,-0.28234827836631066,-0.10940885096589834,-0.2132603280801682,
-0.16015722016734413,-0.03228295783400015,-0.2079876580008843,-0.27529858998930196,-0.31789258363244166,0.033603723454672205,-0.2156450475688933,-0.31509269485121416,0.026475486148039906,-0.23930282932522062,-0.012008429374157012,-0.020042006389596898,
0.07808210709996014,0.022486967440040112,-0.01886336948069996,0.23117999182941032,0.294027471921995,0.20024419738766763,0.19444572197976048,0.13926931970959247,0.40409522467095554,-0.10265860374210814,-0.15105946918023289,0.20550371846682605,
0.11009117047717253,0.17187894796445036,-0.0034493234714856264,0.26777761629071756,0.19422069956667964,0.33351413192346996,0.020866223711582938,0.22692492388901886,0.3814276161154705,0.20021549658039203,0.0655294533847438,0.07470384183875944,
0.14933352717890427,0.2820901853343812,0.27726353212493193,0.23320880704580044,0.24956105420340952,-0.14269559979510008,0.16147141767128398,0.1677817903498749,-0.038648451874809864,0.266937725132553,0.3308077121264741,0.18972984539580995,
0.07312123695680724,0.017547717519651562,0.0010454996770058237,-0.08387523490237303,0.09116258968462128,-0.037369615020533896,-0.18251221828840886,-0.019876649384296535,-0.1579307867618804,0.23034807305476582,-0.10745643716687421,-0.15564123848538775,
0.015001865676478597,-0.056301857004686276,0.3385344560571332,0.0792180725716177,0.23556992217492662,0.13266711855453073,0.049780320852714235,0.23048507374395943,-0.009481123265680296,0.10463173370851284,0.2692635684484883,0.09564037812216522,
0.3029741499506204,0.11924330236690646,0.24874461388192307,0.15968803344230567,-0.09617628026466553,0.32694582549021267,0.14382144681444656,0.08010093828540066,0.04721082116577349,0.22927979367835136,0.349730103130777,0.09969763280126182,
-0.2727854269600735,-0.26581452692510127,0.048928121940020365,0.03511072674114868,-0.2286085220683486,-0.23444843668779297,-0.2178747637535067,0.021927346757470604,-0.0961271547602927,-0.0017025483329392763,0.0278105308563015,-0.03169786309280402,
-0.210786499569476,0.006450337098274349,-0.18107669541045798,-0.1008277627374586,0.008548458768630465,0.03543023291513489,-0.28924539865488325,-0.05998781745530707,-0.15247108489807312,-0.27835561754301996,0.013132593996462116,-0.1906157974829482,
0.011917434896690591,0.2585240613507376,-9.483570030495705E-4,-0.011069100835742685,0.2801827610256354,0.21944644762287005,0.22652226863427408,0.3126569680571432,0.15610949489744438,-0.028067920362405657,0.3199720871276793,0.18889542862009634,
0.04694506343138999,-0.18786712534624056,-0.08904771304694362,-0.10394151914307406,0.10110878370275146,-0.09715614844327283,0.014220435238663344,0.15462876980482448,-0.025393900141427207,-0.16306491173759427,0.11171218704163367,-0.2673203002444381,
-0.12923568890731488,-0.053610737748033876,-0.13823069067605703,-0.237122634360972,-0.022745422673360792,-0.2894781501158578,-0.3032945859622537,-0.14059607884827932,-0.09607099615009568,0.12102636201959381,-0.05777125116283506,-0.125502039944782,
-0.30254890896008596,-0.30268282245602796,0.04036281090846945,0.179055771649525,-0.18103812211634432,-0.1152828086873182,0.1636499411021574,-0.22001247140043173,-0.003865202181954472,-0.19863416063682723,-0.4024846540092565,-0.05851739032936743,
-0.3071022424216471,0.09035863259837182,0.01814462242157439,-0.025019146215464014,-0.27003872489524905,-0.2035807657481045,-0.21668341330106736,-0.3003773175053652,-0.1033807886355844,-0.09178025314665678,-0.08142127935050736,0.11493711136374389,
-0.19461172663764267,-0.20640979297665132,0.01640311944742551,0.19776963933506406,0.09118649526183153,-0.009157000274294376,-0.11490430210824563,0.0565888822055511,-0.13959657944878895,-0.037232991785423726,-0.15843809276510237,-0.17053690932238316,
0.06623970200779278,0.17618163178308766,0.3262408473116344,0.24061143289126805,-0.0016854343656180848,0.02703024252950777,0.19827645376162623,0.14074194495870207,0.08412018896799471,0.2951998206752117,0.33429726034162877,0.2959952692024354,
0.08456576463569972,-0.08163920642612467,-0.10993283934976197,-0.31563070390407777,-0.080722750396832,-0.18276658474196683,0.04071233459988941,-0.13556378788443274,-0.1135827034546744,-0.03914462786682466,0.0038004753955699546,-0.2270021096482293,
0.06592369218398933,0.07026962983031072,-0.16580118373842342,-0.1855149359440435,0.02225952448608589,0.17040929785225956,-0.1256830777042829,-0.208917293788686,0.09264261186455831,-0.2021330118891856,-0.10996364200207948,0.08757632151653692,
0.3585507685540518,0.2675062371194256,0.24513288708658768,-0.004866213553234668,0.004128289939668795,0.19312565259565692,0.18222367198363368,-0.07612530844749286,0.40546604633835875,0.2999423797169069,0.1009634287657033,0.29998821619023375,
0.3113745702539894,-0.04885688212763863,-0.10489630185013377,0.030102618175023004,0.19489742916781883,0.08671394938237037,0.27846222840647616,0.25220280648371046,0.08490297544497218,0.2451856843623674,-0.13114987601355022,0.0016797041943062974,
-0.10526254149845966,0.03511115166030879,-0.22440421903347182,-0.04490350434487947,0.055165948246644995,-0.14981167592113995,-0.10325129898624068,-0.18146751648648213,-0.30047439982847596,-0.05601678048442313,-0.0840957220640811,-0.012109960927875316,
0.16484595421779005,-0.12849524558064415,-0.039500098737597716,0.04462420288160815,-0.28028673529290954,0.004684867712777561,-0.14227618295409725,0.1721807326676374,-0.2431260799906614,-0.12719202509428743,-0.3154472667015424,0.06008604232831698,
