# Pesos da Rede Treinada TxH=  0.6 TxOut=0.01
12,22,12
12,22
0.26571949883961915,-0.5134074809836329,-0.5270086878201714,0.0774050128430786,-0.32745824488618924,0.42421672006908673,-0.21011814229196385,0.2579381127365526,-0.33876321987601427,0.5414457080297527,0.18036708315098895,0.3149177671785333,-0.37289261364000675,0.042564202747459215,-0.08918752272751108,-0.27232785376880575,-0.004679647972962062,-0.20806297274577615,-0.30053727593462337,-0.21060771352868138,-0.2149470904457963,0.3678825770379548,
0.07261868613299158,-0.2936798543072164,-0.4662108864648803,-0.061529573976002304,-0.22993220817876328,0.06897687904323697,-0.333578651124655,-0.015722083062697755,-0.29123019478923423,0.3908014861966797,0.2344378356348643,-0.049587172930752335,-0.386486386490664,0.08432212747062488,-0.19454591582845582,-0.2334421851814964,0.1556517000281477,-0.10829855393860958,-0.13922776749682242,-0.19427536541058865,-0.20930833896412948,-0.019920363423469083,
0.2681092863131077,-0.2409651817278948,-0.11101185676027711,0.2510851897382123,-0.33613075659346003,0.12588975274834688,-0.33786405071989023,0.15258854960872326,-0.1790530227736837,0.23508127393230294,0.1030332793250856,0.24799765911728608,-0.13876104412729853,-0.038719110013482806,-0.13047037729840882,-0.22882724857812212,0.344326910967454,-0.36331709839091697,-0.03822786742059824,-0.0019266819025239683,-0.5243570846190468,0.3308591093997438,
0.10082281407654779,-0.39542902814713776,-0.13317217129261058,-0.18020097065816892,-0.24929816197089516,0.2569239884256802,-0.44703928331982823,0.2518146809427219,-0.2586595224383739,0.05852092009744892,-0.0014867279366357865,0.23519065462344033,-0.22073292117779056,0.08264717508031505,-0.24219398540941833,-0.3658828501075614,0.31422941723404096,-0.38616856624949664,-0.3736270516108805,0.025952968119598744,-0.4409369172512825,-0.13062068187437056,
0.2992288757468267,-0.29020859149661404,-0.11341453416984637,0.09139745624173581,-0.3122255590425607,-0.004039583868517325,-0.4752239333950405,0.2745664645376221,-0.10326162849875874,0.17147255238952347,0.040988054230001465,0.1654044152501929,-0.4087621868632255,0.22929500646199413,-0.04542425438928107,-0.2612397112505799,0.2687433987257422,-0.4761929654426057,-0.39002713073231354,0.24208566686653996,-0.5173463413539593,-0.029077881213111313,
0.3184327839552335,-0.3374514313291235,-0.35253156574864203,0.1659700466971054,-0.3061318878973848,0.0829311657727765,-0.25577141589847796,0.13873529892630626,-0.38189519147932416,0.2160195393756349,0.21857948811967667,0.2772231090302556,-0.3972221265539496,0.009796633940792328,-0.2785636815197543,-0.4545423186586882,0.256145208625679,-0.44597414858730267,-0.39069442014691264,0.055743792277971715,-0.10535302947845897,0.07132047965002244,
0.20922949180717523,-0.42596489294697765,-0.12180911902941051,0.20719626609652256,-0.08008625773813244,0.06387890395328644,-0.18240934538641623,0.1260735900517755,-0.36550887020808587,0.37401396219720895,0.13311775559690198,0.2305008776228283,-0.3538403190692383,0.17975808037398697,-0.46158610672217854,-0.3996365980113402,0.24794716188165025,-0.27459909216068074,-0.20024067094825632,-0.2624039561195001,-0.43688279884986486,0.33230185003537555,
-0.07176363966662468,-0.5360188184154342,-0.3086013109521297,0.3890756075548526,-0.30977006730262685,0.17099817521331198,-0.25365926008981315,0.2672206214001014,-0.4333028369286067,0.19852873068811744,0.17785276378734421,0.2211916058532392,-0.40029836102600347,0.19357092395416825,-0.4356894380203209,-0.3747304469464631,0.2615840570416526,-0.3480427598530733,-0.22565238943395347,0.1852001562838536,-0.2104903835873907,0.42823073998487204,
0.10622384329913111,-0.4301268960944577,-0.15595197144884113,-0.009182586678610466,-0.3708572991217482,0.41917049128505174,-0.5316883691338288,0.20973720714735672,-0.47416979362420514,0.1992436197163816,0.38261853831173437,0.07119696800740949,-0.3186597754783133,0.4249532384093858,-0.3346173863668777,-0.3994405048933042,0.3696399311255492,-0.4277964593047608,-0.5848458966881812,0.02111297047096363,-0.19346530073971085,0.14316672821442966,
0.3978443005134738,-0.26009094014006284,-0.4716426867962812,0.41265953646933895,-0.4329397785771095,0.48300096345120475,-0.3050104357720388,0.24952372743141243,-0.07599119184366611,0.21105611461561732,0.2258173602421882,0.2303388870261069,-0.15017903266970412,0.5250590405871292,-0.4703184107921199,-0.2898410394767506,0.11521074021522791,-0.5730134908552997,-0.2623984046371258,-0.23927461836306538,-0.21967399539542953,0.32077891410396064,
0.2594592147967791,-0.3105768089644799,-0.4354009419331289,0.32819770372938945,-0.3663767970353847,0.33009238062084123,-0.4318507615406174,0.17427576753777135,-0.2994737227327274,0.3058368867736534,0.5077989718463302,-0.015612550401356234,-0.16073989574142603,0.35427244281466624,-0.3377176468351314,-0.4146844290498482,0.2265824700693339,-0.22540024710949116,-0.5254684110930824,-0.16779901640750133,-0.37784199485036074,0.25872733114545354,
0.25169490719846976,-0.3870549031331334,-0.34446660592518086,0.27681751280419775,-0.38252295389861646,-0.10280076957684157,-0.1563332841667993,0.29344305567903983,-0.27686209781825244,0.3370597690133235,0.35458731653830083,0.11979568667308359,-0.09888736088793453,0.15829476909922582,-0.31320813520172625,-0.22695393190968777,0.1888210991849028,-0.2728242671600309,-0.0993615825775957,-0.2643905470071334,-0.19554594065682407,0.1454011590721376,
22,12
0.22240163915513148,0.21917962485502213,0.1483025584863968,-0.08120353723786547,0.10463850873792373,0.311816496254326,0.21873745789017304,-0.0020694114303234207,0.16559007775243878,-0.043605559833498765,-5.4971317171617E-4,0.009534134300727599,
-0.2957645591883416,-0.18715708971267928,-0.32540354905732294,-0.029095194845492455,-0.22016482435631127,-0.02667837197186772,0.047348956053591004,-0.12396018521458627,0.10400978557451611,-0.14269411137137344,-0.19861565401813638,-0.2785584816195211,
-0.2816161428696598,-0.18506370307221534,-0.35328768815135003,-0.02964947164533108,0.0906502698259346,0.0798329848428608,0.07613299711242336,-0.24022700200155875,-0.1746894665685544,-0.07382259428947847,0.032421327618820016,0.10763275569471113,
0.008394799223283771,-0.14654987771296846,0.007018031486207317,-0.009776445203726659,0.18086754559902526,0.2500941065377533,0.147697028212096,-0.05811323257360936,0.1557557998596504,-0.027440494911853554,0.16843051050986035,-0.15198254893685567,
-0.04486499046675017,0.015222831405563915,-0.06679718015520095,-0.11046182583409091,-0.08247687787542207,-0.016098464370821377,0.06122670732335036,-0.20456685617434497,0.009619283542710003,-0.095313283785264,-0.2739045036610094,-0.32472352357682494,
0.1222960394454249,0.24842761243696906,0.02276531770594255,0.24793812622091307,0.013212050335822236,0.029370630377305536,0.14571776290780855,-0.04344098612805246,-0.06285079135339022,0.22180041905159004,-0.03460678133346285,0.2298186356326016,
-0.19414967262001445,0.055218055720088276,0.06937612104611134,-0.19588740205401972,-0.19719902510386894,-0.15324677045849408,-0.34002729761071293,-0.11944196027425383,-0.07774926649463748,-0.14960899795491803,0.014611442607943094,-0.046647204141549985,
0.18017324562498357,0.2425019536873988,0.04674163243695485,0.0119799307514136,0.31623001422305025,0.171151229088383,0.05997464989610457,-0.09593069748046382,-0.04974165937560597,0.10196058689268235,0.05691635953898624,0.11912015120297861,
0.15014854506541891,-0.06703172704085648,0.0989448615058498,-0.0039253626105596575,-0.22274470184529918,-0.306415099610083,-0.08542674107972259,-0.233005509746827,-0.05441082421444943,-0.08569951841359463,0.010256543054370987,-0.08687792202287994,
0.13777745368868718,0.10457538653206132,0.26292513458541206,0.1207059709918708,0.38013587146985206,-0.07595128129128524,0.03545149025670078,0.13530755875984982,0.2755357923287802,0.12311242295862843,0.03789487075307595,0.16105301049972479,
0.15444677265074158,0.24108462798334113,0.03580814443048308,0.1488549645008368,0.001135958946879509,0.08059444589620716,0.10197179383968713,0.2629936987039602,-0.041745441351602894,0.1890477181731666,0.011345022066412691,0.19365982998328093,
0.2697968015261062,-0.18707752259462476,-0.07530469055568098,0.11718875142375444,0.06913195662376403,-0.0659851540292624,0.056626233116671545,0.13120653579532904,0.10443954044017537,0.22357535138245166,0.1838983050285371,-0.04525749781984047,
0.0031763258588318123,-0.054391053913256,0.07594725696346726,-0.08799176978458051,0.24110001456783328,-0.2531359563009031,-0.14226111275372583,0.06365741371106909,-0.16545697165092907,-0.13950497113124424,-0.1881212232082734,-0.18332013921105142,
-0.08243598675292031,0.008440326059640707,0.16180036650771998,-0.10995566325561414,-0.06844065030186822,-0.0021728243043507766,0.07408001376023564,0.32927586511115964,0.17784097717588468,0.2537674781321915,0.22216685031904868,0.2610204918029559,
0.17716129270545072,0.11437628117754138,-0.0845810200899176,-0.2309499198559601,-0.24078080622566686,-0.16607539348546033,0.06371978711264574,-0.05661208648986459,-0.06822838700582397,-0.0846676248680511,-0.050240421871577845,-0.20930559315343927,
-0.2393820899214557,-0.14500809886411112,-0.21330923027158757,0.0737762034813877,-0.15687285776827034,0.050379574108959956,-0.37034327596054156,-0.08619727803129025,-0.21321082438397845,-0.1115151439645814,-0.14481506333917507,0.15833402219780063,
0.08465612633750248,0.041136327272711215,0.31385132626160217,0.12082572472677211,-0.08013955338945686,0.04352454889769364,-0.055753699271543326,0.21414001559409884,0.16536787805739295,-0.004749650469486354,0.2931715775722682,0.10238563499655146,
-0.04299174877599224,-0.31476805265849367,0.1069728719962748,-0.26012754901093676,-0.2557507371127747,0.05131148615683291,-0.0834473968242409,-0.0023296870501005582,-0.09888913408140128,-0.2661172754356637,-0.23846412690207583,-0.12262593030165132,
-0.29198330494968705,0.016050154245477673,-0.3026031825235528,-0.11801185204558792,0.11074648423276638,-0.1307840772325668,-0.2921427496551685,-0.06941622689816063,-0.07746897634384174,-0.034264841900137614,0.05486705000060959,0.055727413198100824,
-0.2220194920246613,0.08428617050298175,0.1106281302581779,0.0817009577763318,-0.12414667983807813,0.07888707615827903,0.14810928600653275,0.0886430205588116,-0.1376826991511488,-0.13560983416991457,-0.21064978803110787,0.02653662820000678,
0.12158814502105725,-0.22345898480904908,-0.07935182485495254,-0.06324061482055329,-0.05333670015580934,-0.20823274469062497,-0.10979460498611017,-0.10593026371389128,-0.20108021588785616,0.08516195287713861,-0.017600414115337172,-0.18054377581019446,
-0.09650112080360673,-0.017244420768975467,-0.09779286427292722,0.2866503721487195,0.04523220813391535,0.17258403390163965,0.10802551038115717,0.06889447924890417,0.13438189801021175,0.04304021631959477,0.13302045053098516,0.08381466481562479,
